0 0 0
200 0.00188438 1.40624e-05
400 0.018051 0.000151006
600 1.66707 0.000574877
800 0.206691 0.00141279
1000 0.0990092 0.00272258
1200 0.290558 0.00449486
1400 0.04583 0.00666996
1600 0.0896282 0.00915868
1800 0.121281 0.0118603
2000 0.103374 0.0146746
2200 0.140158 0.0175069
2400 0.133466 0.0202668
2600 0.128761 0.0228651
2800 0.123525 0.0252109
3000 0.117209 0.0272154
3200 0.109727 0.0288005
3400 0.101222 0.0299118
3600 0.0919835 0.0305303
3800 0.0824005 0.0306777
4000 0.0729096 0.0304121
4200 0.0639322 0.0298162
4400 0.0558021 0.0289805
4600 0.048718 0.0279894
4800 0.0427358 0.0269108
5000 0.0377985 0.0257946
5200 0.0337837 0.0246757
5400 0.0305492 0.0235801
5600 0.0279639 0.0225319
5800 0.0259209 0.0215574
6000 0.0243378 0.020688
6200 0.0231508 0.0199596
6400 0.0223088 0.0194118
6600 0.0217718 0.0190856
6800 0.0215097 0.0190173
7000 0.0214927 0.0192229
7200 0.021663 0.0196648
7400 0.021899 0.020217
7600 0.0220271 0.0206836
7800 0.0219153 0.0209023
8000 0.0215679 0.0208491
8200 0.0211216 0.0206425
8400 0.000300171 0
8600 0.0160049 0.0158278
8800 0.00337842 0.00327999
9000 0.0126912 0.0126397
9200 0.0566295 0.0566044
9400 1.12636e-05 0
9600 4.54672e-06 0
9800 0.0942031 0.0942016
10000 3.46226e-07 0
10200 2.72832e-08 0
10400 0.0301343 0.0301343
