0 3.42526e-19 1.26953e-22 0
200 1.02812e-18 3.4027e-22 6.87161e-26
400 1.71534e-18 8.62898e-22 3.43943e-26
600 2.40527e-18 2.07039e-21 2.29698e-26
800 3.09903e-18 4.70001e-21 1.72698e-26
1000 3.79773e-18 1.00949e-20 1.38597e-26
1200 4.50249e-18 2.05146e-20 1.15947e-26
1400 5.2145e-18 3.94438e-20 9.98406e-27
1600 5.93493e-18 7.17548e-20 8.78259e-27
1800 6.66501e-18 1.23503e-19 7.85402e-27
2000 7.40601e-18 2.01124e-19 7.11661e-27
2200 8.15923e-18 3.09887e-19 6.51837e-27
2400 8.92604e-18 4.51751e-19 6.02465e-27
2600 9.70785e-18 6.23091e-19 5.61148e-27
2800 1.05061e-17 8.13129e-19 5.26176e-27
3000 1.13225e-17 1.00398e-18 4.96295e-27
3200 1.21585e-17 1.17286e-18 4.70569e-27
3400 1.30159e-17 1.29635e-18 4.48281e-27
3600 1.38965e-17 1.35569e-18 4.28877e-27
3800 1.48023e-17 1.34141e-18 4.1192e-27
4000 1.57353e-17 1.2559e-18 3.97063e-27
4200 1.66977e-17 1.11276e-18 3.84027e-27
4400 1.76917e-17 9.33544e-19 3.72585e-27
4600 1.872e-17 7.42802e-19 3.62553e-27
4800 1.9785e-17 5.63565e-19 3.53777e-27
5000 2.08898e-17 4.14603e-19 3.46133e-27
5200 2.20374e-17 3.10382e-19 3.39516e-27
5400 2.32311e-17 2.63555e-19 3.33842e-27
5600 2.44744e-17 2.88998e-19 3.29039e-27
5800 2.57712e-17 4.07841e-19 3.25049e-27
6000 2.71258e-17 6.49612e-19 3.21826e-27
6200 2.85426e-17 1.05071e-18 3.19331e-27
6400 3.00266e-17 1.6479e-18 3.17535e-27
6600 3.15831e-17 2.46695e-18 3.16416e-27
6800 3.32182e-17 3.50842e-18 3.15961e-27
7000 3.49381e-17 4.73504e-18 3.1616e-27
7200 3.67499e-17 6.06617e-18 3.17011e-27
7400 3.86614e-17 7.38434e-18 3.1852e-27
7600 4.06811e-17 8.55505e-18 3.20694e-27
7800 4.28182e-17 9.45617e-18 3.23551e-27
8000 4.50832e-17 1.00083e-17 3.27111e-27
8200 4.74875e-17 1.01957e-17 3.31403e-27
8400 5.00438e-17 1.00699e-17 3.36462e-27
8600 4.34047e-17 9.73438e-18 3.4233e-27
8800 8.39527e-18 9.31531e-18 3.49057e-27
9000 3.02426e-17 8.92858e-18 3.567e-27
9200 1.26794e-16 8.65338e-18 3.65327e-27
9400 6.56573e-17 8.51926e-18 3.75015e-27
9600 6.94846e-17 8.50803e-18 3.85851e-27
9800 1.74578e-16 8.5669e-18 3.97936e-27
10000 7.80482e-17 8.62689e-18 4.11381e-27
10200 8.28505e-17 8.62055e-18 4.26313e-27
10400 8.26271e-17 8.49522e-18 4.42871e-27
