0.000000000000000000e+00 3.064285535382705712e+04
2.000000000000000000e+02 2.752445770531765447e+04
4.000000000000000000e+02 2.791314113044258556e+04
6.000000000000000000e+02 3.018552892274423502e+05
8.000000000000000000e+02 3.811160283097834326e+04
1.000000000000000000e+03 2.827016838686395204e+04
1.200000000000000000e+03 7.738159525743208360e+04
1.400000000000000000e+03 1.837529066764435265e+04
1.600000000000000000e+03 4.077776748093590140e+04
1.800000000000000000e+03 4.098534628734493162e+04
2.000000000000000000e+03 2.351613696216780227e+04
2.200000000000000000e+03 3.541068005372176412e+04
2.400000000000000000e+03 2.535506156641070265e+04
2.600000000000000000e+03 3.653050441444735043e+04
2.800000000000000000e+03 2.897983569601539057e+04
3.000000000000000000e+03 3.162624901991605293e+04
3.200000000000000000e+03 2.530934150792355649e+04
3.400000000000000000e+03 2.417775276839837898e+04
3.600000000000000000e+03 1.897389719515619799e+04
3.800000000000000000e+03 1.789606555502314586e+04
4.000000000000000000e+03 2.060277028472383972e+04
4.200000000000000000e+03 1.695075342905207071e+04
4.400000000000000000e+03 1.817221310060610995e+04
4.600000000000000000e+03 1.586593163744464982e+04
4.800000000000000000e+03 1.221661196209420450e+04
5.000000000000000000e+03 1.257779187025676947e+04
5.200000000000000000e+03 1.193660794923384674e+04
5.400000000000000000e+03 9.140000440521864220e+03
5.600000000000000000e+03 1.048446807674353477e+04
5.800000000000000000e+03 1.197508290139061864e+04
6.000000000000000000e+03 1.292080689108686056e+04
6.200000000000000000e+03 1.342918540677079000e+04
6.400000000000000000e+03 8.952032570069422945e+03
6.600000000000000000e+03 4.051863217723090202e+03
6.800000000000000000e+03 8.699449947009561583e+03
7.000000000000000000e+03 6.326176423391327262e+03
7.200000000000000000e+03 9.593566362805664539e+03
7.400000000000000000e+03 4.218336209167959169e+03
7.600000000000000000e+03 4.015417075150879100e+03
7.800000000000000000e+03 2.383254411916946992e+03
8.000000000000000000e+03 1.126275739699695259e+04
8.200000000000000000e+03 2.104990618978627026e+01
8.400000000000000000e+03 5.124169658181490377e+03
8.600000000000000000e+03 4.940455110045149922e+00
8.800000000000000000e+03 2.788225496849045157e+02
9.000000000000000000e+03 1.462016054962668568e+04
9.200000000000000000e+03 0.000000000000000000e+00
9.400000000000000000e+03 0.000000000000000000e+00
9.600000000000000000e+03 9.488925079000182450e+01
9.800000000000000000e+03 2.151799066301528364e+04
1.000000000000000000e+04 3.575042320881038904e+00
1.020000000000000000e+04 5.308915648958645761e+01
1.040000000000000000e+04 2.024927796089323238e+03
1.060000000000000000e+04 9.690717619378119707e-01
1.080000000000000000e+04 0.000000000000000000e+00
