# 2011-08-01 12:54:00
# input parameters for the cascade simulation 
# atomic mass number A = 78
# atomic number Z = 34
# 
# calculation step width dE =  200 keV 
# excitation energy E_ex =  10498.0 keV
# inital spin J_i =  1.0
# inital parity Pi_i =  -1.0
# 
# CT backshift energy E0 = -230.896501623 keV 
# Energy up to which discrete levels are used E_c = 2200 keV 
# Nuclear temperature T = 900.0 keV 
# 
# Quadrupol deformation beta = 0.271
# 
# number of decays n = 1000000
# 
# Triaxility gamma = 0.47298422729
# 
# Neutron separation energy S_n = 10498.0keV 
# 
# spin cut-off at S_n = 4.382
# discrete spin cutoff parameter sigma_d = 2.145
# discrete spin cutoff energy E_d = 2018.0 keV 
# E1 strength model = load_E1
# E1 strength loaded from: /home/schrammg/DA/data/n_gamma/Se77/PS_strength/E1_iter/fE1_in.txt
# M1 strength model = load_M1
# M1 strength loaded from: /home/schrammg/DA/data/n_gamma/Se77/PS_strength/E1_iter/fM1_in.txt
# 
# 
# used discrete levels: 
# 
# 0.0  0.0  0.0  1.0  0.0069  
# 1.0  613.727  2.0  1.0  0.0687  
# 2.0  1308.64  2.0  1.0  0.0468  
# 3.0  1498.6  0.0  1.0  0.0022  
# 4.0  1502.82  4.0  1.0  0.0  
# 5.0  1758.69  0.0  1.0  0.0006  
# 6.0  1853.93  3.0  1.0  0.0  
# 7.0  1995.9  2.0  1.0  0.015  
# 8.0  2190.65  4.0  1.0  0.0  
# 9.0  2327.32  2.0  1.0  0.015  
# 10.0  2335.21  0.0  1.0  0.0181  
# 11.0  2536.95  2.0  1.0  0.005  
# 12.0  2682.11  4.0  1.0  0.001  
# 13.0  2753.2  2.0  1.0  0.005  
# 14.0  2838.48  2.0  1.0  0.0059  
# 15.0  2898.14  2.0  1.0  0.0044  
# 16.0  3005.66  2.0  1.0  0.0092  
# 17.0  3186.4  2.0  1.0  0.0031  
# 
# 
# used branching ratios: 
# 
# 1.0  0.0  0.0  0.0  0.0  0.0  0.0  0.0  0.0  0.0  0.0  0.0  0.0  0.0  0.0  0.0  0.0  
# 1.0  0.0  0.0  0.0  0.0  0.0  0.0  0.0  0.0  0.0  0.0  0.0  0.0  0.0  0.0  0.0  0.0  
# 0.4284  0.5716  0.0  0.0  0.0  0.0  0.0  0.0  0.0  0.0  0.0  0.0  0.0  0.0  0.0  0.0  0.0  
# 0.0  1.0  0.0  0.0  0.0  0.0  0.0  0.0  0.0  0.0  0.0  0.0  0.0  0.0  0.0  0.0  0.0  
# 0.0  1.0  0.0  0.0  0.0  0.0  0.0  0.0  0.0  0.0  0.0  0.0  0.0  0.0  0.0  0.0  0.0  
# 0.0  0.9642  0.0358  0.0  0.0  0.0  0.0  0.0  0.0  0.0  0.0  0.0  0.0  0.0  0.0  0.0  0.0  
# 0.0  0.6501  0.3322  0.0  0.0177  0.0  0.0  0.0  0.0  0.0  0.0  0.0  0.0  0.0  0.0  0.0  0.0  
# 0.4423  0.2566  0.2524  0.0487  0.0  0.0  0.0  0.0  0.0  0.0  0.0  0.0  0.0  0.0  0.0  0.0  0.0  
# 0.0  0.1934  0.0  0.0  0.8066  0.0  0.0  0.0  0.0  0.0  0.0  0.0  0.0  0.0  0.0  0.0  0.0  
# 0.06784  0.848  0.05175  0.0  0.0  0.01869  0.0  0.01372  0.0  0.0  0.0  0.0  0.0  0.0  0.0  0.0  0.0  
# 0.0  0.9025  0.0975  0.0  0.0  0.0  0.0  0.0  0.0  0.0  0.0  0.0  0.0  0.0  0.0  0.0  0.0  
# 0.0  0.7633  0.2138  0.0229  0.0  0.0  0.0  0.0  0.0  0.0  0.0  0.0  0.0  0.0  0.0  0.0  0.0  
# 0.0  0.03546  0.27786  0.0  0.0  0.0  0.51286  0.06356  0.0  0.11026  0.0  0.0  0.0  0.0  0.0  0.0  0.0  
# 0.0  0.1682  0.4807  0.1827  0.0  0.0  0.0  0.1684  0.0  0.0  0.0  0.0  0.0  0.0  0.0  0.0  0.0  
# 0.0092  0.1554  0.4197  0.0  0.0  0.1931  0.0  0.1344  0.0  0.0  0.0703  0.0  0.0179  0.0  0.0  0.0  0.0  
# 0.0  1.0  0.0  0.0  0.0  0.0  0.0  0.0  0.0  0.0  0.0  0.0  0.0  0.0  0.0  0.0  0.0  
# 0.115  0.885  0.0  0.0  0.0  0.0  0.0  0.0  0.0  0.0  0.0  0.0  0.0  0.0  0.0  0.0  0.0  
# 1.0  0.0  0.0  0.0  0.0  0.0  0.0  0.0  0.0  0.0  0.0  0.0  0.0  0.0  0.0  0.0  0.0  
# 
# 
# 1st column gamma transistion energies (keV) [left bin edges] 
# 2nd all gammas 
# 3rd 1st gammas 
# 4th 2nd gammas 
# 5th 3rd gammas 
# 6th 4th gammas 
# 7th gammas to ground state 
# 
# 
  0.0 13603.0   2.0 13601.0   0.0   0.0   0.0
200.0 6233.0  32.0 581.0 5077.0 471.0   0.0
400.0 30340.0 219.0 20543.0 7092.0 2356.0   0.0
600.0 887151.0 668.0 132460.0 152216.0 445784.0 735535.0
800.0 58342.0 1495.0 20744.0 22795.0 12432.0   0.0
1000.0 60470.0 2666.0 26301.0 18180.0 12342.0   0.0
1200.0 131240.0 4336.0 31422.0 30284.0 57631.0 48803.0
1400.0 58894.0 6043.0 33640.0 17890.0 1157.0   0.0
1600.0 231716.0 8221.0 55365.0 138312.0 25448.0   0.0
1800.0 122465.0 10619.0 39655.0 64299.0 6569.0   0.0
2000.0 120176.0 12835.0 51023.0 51582.0 4185.0   0.0
2200.0 123546.0 15538.0 51120.0 51627.0 4660.0 11860.0
2400.0 143440.0 17851.0 49993.0 67508.0 7528.0 39034.0
2600.0 132664.0 20424.0 55886.0 52133.0 3981.0 33835.0
2800.0 119339.0 22302.0 53251.0 41350.0 2323.0 26446.0
3000.0 109017.0 24546.0 50220.0 32834.0 1353.0 20940.0
3200.0 99177.0 25788.0 46190.0 26368.0 790.0 16676.0
3400.0 90320.0 27446.0 41372.0 21021.0 460.0 13225.0
3600.0 82510.0 28966.0 36630.0 16627.0 274.0 10451.0
3800.0 74923.0 29465.0 31878.0 13441.0 136.0 8124.0
4000.0 67975.0 29822.0 27580.0 10492.0  78.0 6208.0
4200.0 62140.0 30414.0 23335.0 8345.0  44.0 4755.0
4400.0 56307.0 30580.0 19332.0 6375.0  20.0 3530.0
4600.0 51842.0 30715.0 16179.0 4940.0   8.0 2556.0
4800.0 47238.0 30556.0 12820.0 3861.0   1.0 1969.0
5000.0 44144.0 30249.0 10890.0 3003.0   2.0 1483.0
5200.0 40843.0 29978.0 8655.0 2210.0   0.0 1138.0
5400.0 38469.0 29806.0 6983.0 1680.0   0.0 880.0
5600.0 36077.0 29275.0 5594.0 1207.0   1.0 708.0
5800.0 34148.0 28889.0 4356.0 903.0   0.0 574.0
6000.0 32533.0 28443.0 3455.0 635.0   0.0 468.0
6200.0 31473.0 28295.0 2706.0 472.0   0.0 456.0
6400.0 29994.0 27574.0 2076.0 344.0   0.0 427.0
6600.0 28843.0 27008.0 1610.0 225.0   0.0 370.0
6800.0 28159.0 26749.0 1253.0 157.0   0.0 349.0
7000.0 27148.0 26002.0 1052.0  94.0   0.0 361.0
7200.0 26434.0 25602.0 785.0  47.0   0.0 306.0
7400.0 25502.0 24807.0 657.0  38.0   0.0 305.0
7600.0 24262.0 23744.0 488.0  30.0   0.0 281.0
7800.0 22841.0 22492.0 337.0  12.0   0.0 203.0
8000.0 34354.0 34100.0 250.0   4.0   0.0 151.0
8200.0 185.0   0.0 179.0   6.0   0.0 114.0
8400.0 15550.0 15439.0 110.0   1.0   0.0  72.0
8600.0 679.0 620.0  59.0   0.0   0.0  41.0
8800.0 2409.0 2368.0  40.0   1.0   0.0  28.0
9000.0 48515.0 48501.0  14.0   0.0   0.0   9.0
9200.0  10.0   0.0  10.0   0.0   0.0   9.0
9400.0   4.0   0.0   4.0   0.0   0.0   4.0
9600.0   2.0   0.0   2.0   0.0   0.0   2.0
9800.0 71196.0 71196.0   0.0   0.0   0.0   0.0
10000.0   0.0   0.0   0.0   0.0   0.0   0.0
10200.0   0.0   0.0   0.0   0.0   0.0   0.0
10400.0 7314.0 7314.0   0.0   0.0   0.0 7314.0
