0 1.71254e-19 1.26953e-22 0
100 5.13831e-19 2.09285e-22 1.37396e-25
200 8.5661e-19 3.4027e-22 6.87161e-26
300 1.19973e-18 5.45628e-22 4.58308e-26
400 1.54332e-18 8.62898e-22 3.43943e-26
500 1.88752e-18 1.34589e-21 2.75372e-26
600 2.23248e-18 2.07039e-21 2.29698e-26
700 2.57831e-18 3.14109e-21 1.97109e-26
800 2.92517e-18 4.70001e-21 1.72698e-26
900 3.2732e-18 6.93596e-21 1.5374e-26
1000 3.62253e-18 1.00949e-20 1.38597e-26
1100 3.9733e-18 1.44907e-20 1.26231e-26
1200 4.32567e-18 2.05146e-20 1.15947e-26
1300 4.67977e-18 2.86435e-20 1.07264e-26
1400 5.03575e-18 3.94438e-20 9.98406e-27
1500 5.39377e-18 5.35699e-20 9.3424e-27
1600 5.75397e-18 7.17548e-20 8.78259e-27
1700 6.1165e-18 9.47917e-20 8.2902e-27
1800 6.48152e-18 1.23503e-19 7.85402e-27
1900 6.84919e-18 1.587e-19 7.46518e-27
2000 7.21966e-18 2.01124e-19 7.11661e-27
2100 7.59311e-18 2.51385e-19 6.80257e-27
2200 7.9697e-18 3.09887e-19 6.51837e-27
2300 8.3496e-18 3.76753e-19 6.26013e-27
2400 8.73298e-18 4.51751e-19 6.02465e-27
2500 9.12003e-18 5.34233e-19 5.80919e-27
2600 9.51091e-18 6.23091e-19 5.61148e-27
2700 9.90582e-18 7.16739e-19 5.42956e-27
2800 1.03049e-17 8.13129e-19 5.26176e-27
2900 1.07085e-17 9.09802e-19 5.10664e-27
3000 1.11166e-17 1.00398e-18 4.96295e-27
3100 1.15296e-17 1.09267e-18 4.82962e-27
3200 1.19476e-17 1.17286e-18 4.70569e-27
3300 1.23708e-17 1.24162e-18 4.59033e-27
3400 1.27995e-17 1.29635e-18 4.48281e-27
3500 1.32338e-17 1.33489e-18 4.38249e-27
3600 1.36741e-17 1.35569e-18 4.28877e-27
3700 1.41206e-17 1.35789e-18 4.20116e-27
3800 1.45734e-17 1.34141e-18 4.1192e-27
3900 1.50329e-17 1.30695e-18 4.04248e-27
4000 1.54994e-17 1.2559e-18 3.97063e-27
4100 1.59731e-17 1.19032e-18 3.90333e-27
4200 1.64542e-17 1.11276e-18 3.84027e-27
4300 1.69431e-17 1.02614e-18 3.78119e-27
4400 1.74401e-17 9.33544e-19 3.72585e-27
4500 1.79455e-17 8.38094e-19 3.67403e-27
4600 1.84595e-17 7.42802e-19 3.62553e-27
4700 1.89827e-17 6.50458e-19 3.58016e-27
4800 1.95152e-17 5.63565e-19 3.53777e-27
4900 2.00574e-17 4.84313e-19 3.4982e-27
5000 2.06098e-17 4.14603e-19 3.46133e-27
5100 2.11726e-17 3.5611e-19 3.42702e-27
5200 2.17463e-17 3.10382e-19 3.39516e-27
5300 2.23314e-17 2.78968e-19 3.36566e-27
5400 2.29281e-17 2.63555e-19 3.33842e-27
5500 2.35371e-17 2.66108e-19 3.31336e-27
5600 2.41587e-17 2.88998e-19 3.29039e-27
5700 2.47934e-17 3.351e-19 3.26946e-27
5800 2.54418e-17 4.07841e-19 3.25049e-27
5900 2.61043e-17 5.11196e-19 3.23344e-27
6000 2.67815e-17 6.49612e-19 3.21826e-27
6100 2.74739e-17 8.27843e-19 3.20489e-27
6200 2.81823e-17 1.05071e-18 3.19331e-27
6300 2.89071e-17 1.32276e-18 3.18347e-27
6400 2.9649e-17 1.6479e-18 3.17535e-27
6500 3.04087e-17 2.0289e-18 3.16892e-27
6600 3.11869e-17 2.46695e-18 3.16416e-27
6700 3.19843e-17 2.96121e-18 3.16106e-27
6800 3.28017e-17 3.50842e-18 3.15961e-27
6900 3.36399e-17 4.10262e-18 3.15979e-27
7000 3.44998e-17 4.73504e-18 3.1616e-27
7100 3.53821e-17 5.39419e-18 3.16504e-27
7200 3.62879e-17 6.06617e-18 3.17011e-27
7300 3.72181e-17 6.7352e-18 3.17683e-27
7400 3.81738e-17 7.38434e-18 3.1852e-27
7500 3.91558e-17 7.99642e-18 3.19523e-27
7600 4.01655e-17 8.55505e-18 3.20694e-27
7700 4.1204e-17 9.04559e-18 3.22036e-27
7800 4.22724e-17 9.45617e-18 3.23551e-27
7900 4.33721e-17 9.77848e-18 3.25241e-27
8000 4.45044e-17 1.00083e-17 3.27111e-27
8100 4.56708e-17 1.01459e-17 3.29163e-27
8200 4.68727e-17 1.01957e-17 3.31403e-27
8300 4.81118e-17 1.01664e-17 3.33834e-27
8400 4.93897e-17 1.00699e-17 3.36462e-27
8500 5.07082e-17 9.92061e-18 3.39292e-27
8600 8.68093e-17 9.73438e-18 3.4233e-27
8700 5.34744e-17 9.52744e-18 3.45583e-27
8800 1.67905e-17 9.31531e-18 3.49057e-27
8900 5.64264e-17 9.11187e-18 3.5276e-27
9000 5.79777e-17 8.92858e-18 3.567e-27
9100 5.98205e-17 8.77398e-18 3.60886e-27
9200 2.53587e-16 8.65338e-18 3.65327e-27
9300 6.29621e-17 8.56881e-18 3.70033e-27
9400 6.47428e-17 8.51926e-18 3.75015e-27
9500 6.65882e-17 8.50097e-18 3.80284e-27
9600 6.85015e-17 8.50803e-18 3.85851e-27
9700 7.0486e-17 8.53286e-18 3.91731e-27
9800 7.25455e-17 8.5669e-18 3.97936e-27
9900 3.4563e-16 8.60119e-18 4.04481e-27
10000 7.69051e-17 8.62689e-18 4.11381e-27
10100 7.92136e-17 8.63576e-18 4.18653e-27
10200 8.16142e-17 8.62055e-18 4.26313e-27
10300 8.41117e-17 8.57524e-18 4.34379e-27
10400 8.67113e-17 8.49522e-18 4.42871e-27
