0	 0	0.259059	0	0	1
100	 0	0	0	0	1
100	 0	0	0	0	1
100	 -1	0	0	0	1
100	 1	0	0	0	1
100	 -2	0	0	0	1
100	 2	0	0	0	1
100	 -3	0	0	0	1
100	 3	0	0	0	1
100	 -4	0	0	0	1
100	 4	0	0	0	1
100	 -5	0	0	0	1
100	 5	0	0	0	1
200	 0	0	0	0	1
200	 0	0	0	0	1
200	 -1	0	0	0	1
200	 1	0	0	0	1
200	 -2	0	0	0	1
200	 2	0	0	0	1
200	 -3	0	0	0	1
200	 3	0	0	0	1
200	 -4	0	0	0	1
200	 4	0	0	0	1
200	 -5	0	0	0	1
200	 5	0	0	0	1
300	 0	0	0	0	1
300	 0	0	0	0	1
300	 -1	0	0	0	1
300	 1	0	0	0	1
300	 -2	0	0	0	1
300	 2	0	0	0	1
300	 -3	0	0	0	1
300	 3	0	0	0	1
300	 -4	0	0	0	1
300	 4	0	0	0	1
300	 -5	0	0	0	1
300	 5	0	0	0	1
400	 0	0	0	0	1
400	 0	0	0	0	1
400	 -1	0	0	0	1
400	 1	0	0	0	1
400	 -2	0	0	0	1
400	 2	0	0	0	1
400	 -3	0	0	0	1
400	 3	0	0	0	1
400	 -4	0	0	0	1
400	 4	0	0	0	1
400	 -5	0	0	0	1
400	 5	0	0	0	1
500	 0	0	0	0	1
500	 0	0	0	0	1
500	 -1	0	0	0	1
500	 1	0	0	0	1
500	 -2	0	0	0	1
500	 2	0	0	0	1
500	 -3	0	0	0	1
500	 3	0	0	0	1
500	 -4	0	0	0	1
500	 4	0	0	0	1
500	 -5	0	0	0	1
500	 5	0	0	0	1
600	 0	0	0	0	1
600	 0	0	0	0	1
600	 -1	0	0	0	1
600	 1	0	0	0	1
600	 -2	0	0	0	1
600	 2	1	0	4.62714e-13	1
600	 -3	0	0	0	1
600	 3	0	0	0	1
600	 -4	0	0	0	1
600	 4	0	0	0	1
600	 -5	0	0	0	1
600	 5	0	0	0	1
700	 0	0	0	0	1
700	 0	0	0	0	1
700	 -1	0	0	0	1
700	 1	0	0	0	1
700	 -2	0	0	0	1
700	 2	0	0	0	1
700	 -3	0	0	0	1
700	 3	0	0	0	1
700	 -4	0	0	0	1
700	 4	0	0	0	1
700	 -5	0	0	0	1
700	 5	0	0	0	1
800	 0	0	0	0	1
800	 0	0	0	0	1
800	 -1	0	0	0	1
800	 1	0	0	0	1
800	 -2	0	0	0	1
800	 2	0	0	0	1
800	 -3	0	0	0	1
800	 3	0	0	0	1
800	 -4	0	0	0	1
800	 4	0	0	0	1
800	 -5	0	0	0	1
800	 5	0	0	0	1
900	 0	0	0	0	1
900	 0	0	0	0	1
900	 -1	0	0	0	1
900	 1	0	0	0	1
900	 -2	0	0	0	1
900	 2	0	0	0	1
900	 -3	0	0	0	1
900	 3	0	0	0	1
900	 -4	0	0	0	1
900	 4	0	0	0	1
900	 -5	0	0	0	1
900	 5	0	0	0	1
1000	 0	0	0	0	1
1000	 0	0	0	0	1
1000	 -1	0	0	0	1
1000	 1	0	0	0	1
1000	 -2	0	0	0	1
1000	 2	0	0	0	1
1000	 -3	0	0	0	1
1000	 3	0	0	0	1
1000	 -4	0	0	0	1
1000	 4	0	0	0	1
1000	 -5	0	0	0	1
1000	 5	0	0	0	1
1100	 0	0	0	0	1
1100	 0	0	0	0	1
1100	 -1	0	0	0	1
1100	 1	0	0	0	1
1100	 -2	0	0	0	1
1100	 2	0	0	0	1
1100	 -3	0	0	0	1
1100	 3	0	0	0	1
1100	 -4	0	0	0	1
1100	 4	0	0	0	1
1100	 -5	0	0	0	1
1100	 5	0	0	0	1
1200	 0	0	0	0	1
1200	 0	0	0	0	1
1200	 -1	0	0	0	1
1200	 1	0	0	0	1
1200	 -2	0	0	0	1
1200	 2	0	0	0	1
1200	 -3	0	0	0	1
1200	 3	0	0	0	1
1200	 -4	0	0	0	1
1200	 4	0	0	0	1
1200	 -5	0	0	0	1
1200	 5	0	0	0	1
1300	 0	0	0	0	1
1300	 0	0	0	0	1
1300	 -1	0	0	0	1
1300	 1	0	0	0	1
1300	 -2	0	0	0	1
1300	 2	1	0	1.03174e-11	1
1300	 -3	0	0	0	1
1300	 3	0	0	0	1
1300	 -4	0	0	0	1
1300	 4	0	0	0	1
1300	 -5	0	0	0	1
1300	 5	0	0	0	1
1400	 0	0	0	0	1
1400	 0	1	0	0	1
1400	 -1	0	0	0	1
1400	 1	0	0	0	1
1400	 -2	0	0	0	1
1400	 2	0	0	0	1
1400	 -3	0	0	0	1
1400	 3	0	0	0	1
1400	 -4	0	0	0	1
1400	 4	0	0	0	1
1400	 -5	0	0	0	1
1400	 5	0	0	0	1
1500	 0	0	0	0	1
1500	 0	0	0	0	1
1500	 -1	0	0	0	1
1500	 1	0	0	0	1
1500	 -2	0	0	0	1
1500	 2	0	0	0	1
1500	 -3	0	0	0	1
1500	 3	0	0	0	1
1500	 -4	0	0	0	1
1500	 4	1	0	0	1
1500	 -5	0	0	0	1
1500	 5	0	0	0	1
1600	 0	0	0	0	1
1600	 0	0	0	0	1
1600	 -1	0	0	0	1
1600	 1	0	0	0	1
1600	 -2	0	0	0	1
1600	 2	0	0	0	1
1600	 -3	0	0	0	1
1600	 3	0	0	0	1
1600	 -4	0	0	0	1
1600	 4	0	0	0	1
1600	 -5	0	0	0	1
1600	 5	0	0	0	1
1700	 0	0	0	0	1
1700	 0	1	0	0	1
1700	 -1	0	0	0	1
1700	 1	0	0	0	1
1700	 -2	0	0	0	1
1700	 2	0	0	0	1
1700	 -3	0	0	0	1
1700	 3	0	0	0	1
1700	 -4	0	0	0	1
1700	 4	0	0	0	1
1700	 -5	0	0	0	1
1700	 5	0	0	0	1
1800	 0	0	0	0	1
1800	 0	0	0	0	1
1800	 -1	0	0	0	1
1800	 1	0	0	0	1
1800	 -2	0	0	0	1
1800	 2	0	0	0	1
1800	 -3	0	0	0	1
1800	 3	1	0	0	1
1800	 -4	0	0	0	1
1800	 4	0	0	0	1
1800	 -5	0	0	0	1
1800	 5	0	0	0	1
1900	 0	0	0	0	1
1900	 0	0	0	0	1
1900	 -1	0	0	0	1
1900	 1	0	0	0	1
1900	 -2	0	0	0	1
1900	 2	1	0	4.78859e-11	1
1900	 -3	0	0	0	1
1900	 3	0	0	0	1
1900	 -4	0	0	0	1
1900	 4	0	0	0	1
1900	 -5	0	0	0	1
1900	 5	0	0	0	1
2000	 0	0	0	0	1
2000	 0	0	0	0	1
2000	 -1	0	0	0	1
2000	 1	0	0	0	1
2000	 -2	0	0	0	1
2000	 2	0	0	0	1
2000	 -3	0	0	0	1
2000	 3	0	0	0	1
2000	 -4	0	0	0	1
2000	 4	0	0	0	1
2000	 -5	0	0	0	1
2000	 5	0	0	0	1
2100	 0	0	0	0	1
2100	 0	0	0	0	1
2100	 -1	0	0	0	1
2100	 1	0	0	0	1
2100	 -2	0	0	0	1
2100	 2	0	0	0	1
2100	 -3	0	0	0	1
2100	 3	0	0	0	1
2100	 -4	0	0	0	1
2100	 4	1	0	0	1
2100	 -5	0	0	0	1
2100	 5	0	0	0	1
2200	 0	0.00735006	0	0	1
2200	 0	0.126421	0	0	1
2200	 -1	0.0131366	0	1.67351e-06	1
2200	 1	0.225949	0	3.7832e-09	1
2200	 -2	0.0189834	0	0	1
2200	 2	0.326514	0	2.66532e-10	1
2200	 -3	0.0146949	0	0	1
2200	 3	0.252753	0	0	1
2200	 -4	0.0122075	0	0	1
2200	 4	0.209969	0	0	1
2200	 -5	0.00614755	0	0	1
2200	 5	0.105738	0	0	1
2300	 0	0.0101596	0	0	1
2300	 0	0.132087	0	0	1
2300	 -1	0.0185637	0	1.4177e-06	1
2300	 1	0.241352	0	4.92026e-09	1
2300	 -2	0.0269325	0	0	1
2300	 2	0.350157	0	2.98098e-10	1
2300	 -3	0.0213648	0	0	1
2300	 3	0.27777	0	0	1
2300	 -4	0.0180226	0	0	1
2300	 4	0.234317	0	0	1
2300	 -5	0.00940727	0	0	1
2300	 5	0.122307	0	0	1
2400	 0	0.0139554	0	0	1
2400	 0	0.13803	0	0	1
2400	 -1	0.0260305	0	1.20147e-06	1
2400	 1	0.257461	0	6.28377e-09	1
2400	 -2	0.0378664	0	0	1
2400	 2	0.374527	0	3.3182e-10	1
2400	 -3	0.0306948	0	0	1
2400	 3	0.303595	0	0	1
2400	 -4	0.026216	0	0	1
2400	 4	0.259296	0	0	1
2400	 -5	0.0141197	0	0	1
2400	 5	0.139654	0	0	1
2500	 0	0.0189863	0	0	1
2500	 0	0.144038	0	0	1
2500	 -1	0.0361052	0	1.02246e-06	1
2500	 1	0.27391	0	7.89481e-09	1
2500	 -2	0.0526138	0	0	1
2500	 2	0.399151	0	3.68194e-10	1
2500	 -3	0.0434832	0	0	1
2500	 3	0.329883	0	0	1
2500	 -4	0.0375188	0	0	1
2500	 4	0.284634	0	0	1
2500	 -5	0.0207772	0	0	1
2500	 5	0.157625	0	0	1
2600	 0	0.0255016	0	0	1
2600	 0	0.149933	0	0	1
2600	 -1	0.0493856	0	8.7688e-07	1
2600	 1	0.290356	0	9.77102e-09	1
2600	 -2	0.0720435	0	0	1
2600	 2	0.42357	0	4.07773e-10	1
2600	 -3	0.060594	0	0	1
2600	 3	0.356254	0	0	1
2600	 -4	0.0527294	0	0	1
2600	 4	0.310015	0	0	1
2600	 -5	0.0299389	0	0	1
2600	 5	0.176022	0	0	1
2700	 0	0.0337171	0	0	1
2700	 0	0.155595	0	0	1
2700	 -1	0.0664277	0	7.60381e-07	1
2700	 1	0.306545	0	1.19222e-08	1
2700	 -2	0.0969598	0	0	1
2700	 2	0.447442	0	4.51071e-10	1
2700	 -3	0.0828656	0	0	1
2700	 3	0.382401	0	0	1
2700	 -4	0.0726316	0	0	1
2700	 4	0.335174	0	0	1
2700	 -5	0.0421829	0	0	1
2700	 5	0.194662	0	0	1
2800	 0	0.0437758	0	0	1
2800	 0	0.161001	0	0	1
2800	 -1	0.08766	0	6.68524e-07	1
2800	 1	0.3224	0	1.43429e-08	1
2800	 -2	0.127977	0	0	1
2800	 2	0.470679	0	4.98419e-10	1
2800	 -3	0.110994	0	0	1
2800	 3	0.408218	0	0	1
2800	 -4	0.0978871	0	0	1
2800	 4	0.360014	0	0	1
2800	 -5	0.0580378	0	0	1
2800	 5	0.213454	0	0	1
2900	 0	0.0557177	0	0	1
2900	 0	0.16625	0	0	1
2900	 -1	0.113309	0	5.97111e-07	1
2900	 1	0.338092	0	1.70022e-08	1
2900	 -2	0.165411	0	0	1
2900	 2	0.493552	0	5.49782e-10	1
2900	 -3	0.145422	0	0	1
2900	 3	0.433909	0	0	1
2900	 -4	0.128935	0	0	1
2900	 4	0.384717	0	0	1
2900	 -5	0.0779119	0	0	1
2900	 5	0.232473	0	0	1
3000	 0	0.0694739	0	0	1
3000	 0	0.171575	0	0	1
3000	 -1	0.143372	0	5.4234e-07	1
3000	 1	0.354076	0	1.98331e-08	1
3000	 -2	0.209239	0	0	1
3000	 2	0.516743	0	6.04603e-10	1
3000	 -3	0.186287	0	0	1
3000	 3	0.460061	0	0	1
3000	 -4	0.165939	0	0	1
3000	 4	0.409809	0	0	1
3000	 -5	0.102046	0	0	1
3000	 5	0.252017	0	0	1
3100	 0	0.0848909	0	0	1
3100	 0	0.177314	0	0	1
3100	 -1	0.177648	0	5.00885e-07	1
3100	 1	0.371058	0	2.27264e-08	1
3100	 -2	0.259152	0	0	1
3100	 2	0.541298	0	6.61735e-10	1
3100	 -3	0.233451	0	0	1
3100	 3	0.487616	0	0	1
3100	 -4	0.208807	0	0	1
3100	 4	0.436141	0	0	1
3100	 -5	0.130516	0	0	1
3100	 5	0.272612	0	0	1
3200	 0	0.101778	0	0	1
3200	 0	0.183867	0	0	1
3200	 -1	0.215832	0	4.69908e-07	1
3200	 1	0.389912	0	2.55345e-08	1
3200	 -2	0.314688	0	0	1
3200	 2	0.5685	0	7.19518e-10	1
3200	 -3	0.286609	0	0	1
3200	 3	0.517775	0	0	1
3200	 -4	0.257291	0	0	1
3200	 4	0.46481	0	0	1
3200	 -5	0.163278	0	0	1
3200	 5	0.294971	0	0	1
3300	 0	0.119962	0	0	1
3300	 0	0.19164	0	0	1
3300	 -1	0.25763	0	4.47036e-07	1
3300	 1	0.411565	0	2.8086e-08	1
3300	 -2	0.375403	0	0	1
3300	 2	0.59971	0	7.76018e-10	1
3300	 -3	0.345445	0	0	1
3300	 3	0.551852	0	0	1
3300	 -4	0.311126	0	0	1
3300	 4	0.497026	0	0	1
3300	 -5	0.20026	0	0	1
3300	 5	0.319917	0	0	1
3400	 0	0.139332	0	0	1
3400	 0	0.201007	0	0	1
3400	 -1	0.302856	0	4.3032e-07	1
3400	 1	0.436913	0	3.02108e-08	1
3400	 -2	0.441017	0	0	1
3400	 2	0.636232	0	8.29333e-10	1
3400	 -3	0.409768	0	0	1
3400	 3	0.59115	0	0	1
3400	 -4	0.370153	0	0	1
3400	 4	0.533999	0	0	1
3400	 -5	0.24144	0	0	1
3400	 5	0.348312	0	0	1
3500	 0	0.159864	0	0	1
3500	 0	0.212286	0	0	1
3500	 -1	0.351497	0	4.18183e-07	1
3500	 1	0.46676	0	3.17655e-08	1
3500	 -2	0.511502	0	0	1
3500	 2	0.679233	0	8.77891e-10	1
3500	 -3	0.479609	0	0	1
3500	 3	0.636882	0	0	1
3500	 -4	0.434411	0	0	1
3500	 4	0.576862	0	0	1
3500	 -5	0.286914	0	0	1
3500	 5	0.380998	0	0	1
3600	 0	0.18162	0	0	1
3600	 0	0.225741	0	0	1
3600	 -1	0.403732	0	4.09367e-07	1
3600	 1	0.50181	0	3.26533e-08	1
3600	 -2	0.587109	0	0	1
3600	 2	0.729734	0	9.20618e-10	1
3600	 -3	0.555255	0	0	1
3600	 3	0.690143	0	0	1
3600	 -4	0.504174	0	0	1
3600	 4	0.626652	0	0	1
3600	 -5	0.33693	0	0	1
3600	 5	0.41878	0	0	1
3700	 0	0.204745	0	0	1
3700	 0	0.241592	0	0	1
3700	 -1	0.459918	0	4.0288e-07	1
3700	 1	0.542687	0	3.28336e-08	1
3700	 -2	0.668354	0	0	1
3700	 2	0.788635	0	9.56977e-10	1
3700	 -3	0.637251	0	0	1
3700	 3	0.751935	0	0	1
3700	 -4	0.579951	0	0	1
3700	 4	0.684322	0	0	1
3700	 -5	0.391898	0	0	1
3700	 5	0.462426	0	0	1
3800	 0	0.229447	0	0	1
3800	 0	0.260037	0	0	1
3800	 -1	0.52057	0	3.97953e-07	1
3800	 1	0.589974	0	3.23206e-08	1
3800	 -2	0.75598	0	0	1
3800	 2	0.856769	0	9.86885e-10	1
3800	 -3	0.726368	0	0	1
3800	 3	0.823209	0	0	1
3800	 -4	0.662462	0	0	1
3800	 4	0.750782	0	0	1
3800	 -5	0.45238	0	0	1
3800	 5	0.512692	0	0	1
3900	 0	0.255986	0	0	1
3900	 0	0.281269	0	0	1
3900	 -1	0.586335	0	3.93995e-07	1
3900	 1	0.644246	0	3.11745e-08	1
3900	 -2	0.850921	0	0	1
3900	 2	0.934964	0	1.01059e-09	1
3900	 -3	0.823576	0	0	1
3900	 3	0.904918	0	0	1
3900	 -4	0.752614	0	0	1
3900	 4	0.826948	0	0	1
3900	 -5	0.519082	0	0	1
3900	 5	0.57035	0	0	1
4000	 0	0.284662	0	0	1
4000	 0	0.30549	0	0	1
4000	 -1	0.657966	0	3.90562e-07	1
4000	 1	0.706109	0	2.94891e-08	1
4000	 -2	0.954266	0	0	1
4000	 2	1.02409	0	1.02854e-09	1.1808
4000	 -3	0.930018	0	0	1
4000	 3	0.998066	0	0	1
4000	 -4	0.851481	0	0	1
4000	 4	0.913782	0	0	1
4000	 -5	0.592841	0	0	1
4000	 5	0.636218	0	0	1
4100	 0	0.315808	0	0	1
4100	 0	0.332927	0	0	1
4100	 -1	0.736316	0	3.87324e-07	1
4100	 1	0.776228	0	2.73795e-08	1
4100	 -2	1.06725	0	0	1
4100	 2	1.1251	0	1.04127e-09	1.23858
4100	 -3	1.04699	0	0	1
4100	 3	1.10375	0	0	1
4100	 -4	0.960284	0	0	1
4100	 4	1.01234	0	0	1
4100	 -5	0.674618	0	0	1
4100	 5	0.711186	0	0	1
4200	 0	0.349791	0	0	1
4200	 0	0.363837	0	0	1
4200	 -1	0.822327	0	3.84042e-07	1
4200	 1	0.855348	0	2.49694e-08	1
4200	 -2	1.19122	0	0	1
4200	 2	1.23906	0	1.04934e-09	1.29747
4200	 -3	1.17596	0	0	1
4200	 3	1.22318	0	0	1
4200	 -4	1.08039	0	0	1
4200	 4	1.12378	0	0	1
4200	 -5	0.765503	0	0	1
4200	 5	0.796242	0	0	1
4300	 0	0.387005	0	0	1
4300	 0	0.398518	0	0	1
4300	 -1	0.917037	0	3.80549e-07	1
4300	 1	0.944317	0	2.23817e-08	1
4300	 -2	1.32769	0	0	1
4300	 2	1.36719	0	1.05328e-09	1.3572
4300	 -3	1.31852	0	0	1
4300	 3	1.35774	0	0	1
4300	 -4	1.21333	0	0	1
4300	 4	1.24942	0	0	1
4300	 -5	0.866711	0	0	1
4300	 5	0.892494	0	0	1
4400	 0	0.427881	0	0	1
4400	 0	0.437311	0	0	1
4400	 -1	1.02158	0	3.76733e-07	1.17929
4400	 1	1.04409	0	1.97311e-08	1.19272
4400	 -2	1.47829	0	0	1
4400	 2	1.51087	0	1.05356e-09	1.41757
4400	 -3	1.47645	0	0	1
4400	 3	1.50898	0	0	1
4400	 -4	1.36077	0	0	1
4400	 4	1.39076	0	0	1
4400	 -5	0.979599	0	0	1
4400	 5	1.00119	0	0	1
4500	 0	0.472887	0	0	1
4500	 0	0.480608	0	0	1
4500	 -1	1.13721	0	3.72523e-07	1.24513
4500	 1	1.15577	0	1.71182e-08	1.25504
4500	 -2	1.64482	0	0	1
4500	 2	1.67168	0	1.05063e-09	1.47844
4500	 -3	1.6517	0	0	1
4500	 3	1.67867	0	0	1
4500	 -4	1.52459	0	0	1
4500	 4	1.54948	0	0	1
4500	 -5	1.10568	0	0	1
4500	 5	1.12373	0	0	1
4600	 0	0.522533	0	0	1
4600	 0	0.528853	0	0	1
4600	 -1	1.26528	0	3.67881e-07	1.3102
4600	 1	1.28058	0	1.46264e-08	1.31751
4600	 -2	1.82926	0	0	1
4600	 2	1.85139	0	1.04487e-09	1.53973
4600	 -3	1.84644	0	0	1
4600	 3	1.86877	0	0	1
4600	 -4	1.70682	0	0	1
4600	 4	1.72747	0	0	1
4600	 -5	1.24662	0	0	1
4600	 5	1.2617	0	0	1
4700	 0	0.577378	0	0	1
4700	 0	0.582551	0	0	1
4700	 -1	1.40731	0	3.62794e-07	1.3747
4700	 1	1.41992	0	1.23211e-08	1.38009
4700	 -2	2.03378	0	0	1
4700	 2	2.052	0	1.0366e-09	1.60135
4700	 -3	2.06306	0	0	1
4700	 3	2.08155	0	0	1
4700	 -4	1.90976	0	0	1
4700	 4	1.92687	0	0	1
4700	 -5	1.40431	0	0	1
4700	 5	1.4169	0	0	1
4800	 0	0.638035	0	0	1
4800	 0	0.642271	0	0	1
4800	 -1	1.56496	0	3.57266e-07	1.43876
4800	 1	1.57535	0	1.02492e-08	1.44275
4800	 -2	2.26078	0	0	1
4800	 2	2.27579	0	1.02613e-09	1.66327
4800	 -3	2.3042	0	0	1
4800	 3	2.3195	0	0	1
4800	 -4	2.13592	0	0	1
4800	 4	2.1501	0	0	1
4800	 -5	1.58082	0	0	1
4800	 5	1.59132	0	0	1
4900	 0	0.705184	0	0	1
4900	 0	0.708652	0	0	1
4900	 -1	1.74008	0	3.51313e-07	1.50253
4900	 1	1.74863	0	8.44141e-09	1.50547
4900	 -2	2.51292	0	0	1
4900	 2	2.52528	0	1.01371e-09	1.72546
4900	 -3	2.57281	0	0	1
4900	 3	2.58546	0	0	1
4900	 -4	2.38813	0	0	1
4900	 4	2.39987	0	0	1
4900	 -5	1.77848	0	0	1
4900	 5	1.78723	0	0	1
5000	 0	0.779572	0	0	1
5000	 0	0.782412	0	0	1
5000	 -1	1.93469	0	3.44961e-07	1.5661
5000	 1	1.94174	0	6.91432e-09	1.56828
5000	 -2	2.79315	0	0	1
5000	 2	2.80333	0	9.99581e-10	1.78789
5000	 -3	2.87214	0	0	1
5000	 3	2.8826	0	0	1
5000	 -4	2.66949	0	0	1
5000	 4	2.67922	0	0	1
5000	 -5	1.99989	0	0	1
5000	 5	2.00717	0	0	1
5100	 0	0.862027	0	0	1
5100	 0	0.864354	0	0	1
5100	 -1	2.15108	0	3.38241e-07	1.62957
5100	 1	2.15689	0	5.67369e-09	1.63118
5100	 -2	3.10474	0	0	1
5100	 2	3.11312	0	9.83944e-10	1.85054
5100	 -3	3.20583	0	0	1
5100	 3	3.21448	0	0	1
5100	 -4	2.9835	0	0	1
5100	 4	2.99155	0	0	1
5100	 -5	2.24793	0	0	1
5100	 5	2.25399	0	0	1
5200	 0	0.95347	0	0	1
5200	 0	0.955376	0	0	1
5200	 -1	2.39175	0	3.31191e-07	1.69299
5200	 1	2.39653	0	4.71761e-09	1.69418
5200	 -2	3.45132	0	0	1
5200	 2	3.45822	0	9.66993e-10	1.91337
5200	 -3	3.57791	0	0	1
5200	 3	3.58507	0	0	1
5200	 -4	3.33402	0	0	1
5200	 4	3.34069	0	0	1
5200	 -5	2.52584	0	0	1
5200	 5	2.53089	0	0	1
5300	 0	1.05492	0	0	1
5300	 0	1.05648	0	0	1
5300	 -1	2.6595	0	3.23848e-07	1.75642
5300	 1	2.66344	0	4.03959e-09	1.7573
5300	 -2	3.83694	0	0	1
5300	 2	3.84263	0	9.48901e-10	1.97632
5300	 -3	3.9929	0	0	1
5300	 3	3.99881	0	0	1
5300	 -4	3.72539	0	0	1
5300	 4	3.73091	0	0	1
5300	 -5	2.83726	0	0	1
5300	 5	2.84146	0	0	1
5400	 0	1.16751	0	0	1
5400	 0	1.16879	0	0	1
5400	 -1	2.95744	0	3.16251e-07	1.81988
5400	 1	2.96069	0	3.63127e-09	1.82054
5400	 -2	4.2661	0	0	1
5400	 2	4.27078	0	9.29827e-10	2.03934
5400	 -3	4.45581	0	0	1
5400	 3	4.46069	0	0	1
5400	 -4	4.16243	0	0	1
5400	 4	4.167	0	0	1
5400	 -5	3.18622	0	0	1
5400	 5	3.18971	0	0	1
5500	 0	1.2925	0	0	1
5500	 0	1.29355	0	0	1
5500	 -1	3.28904	0	3.0844e-07	1.88339
5500	 1	3.29172	0	3.48436e-09	1.88388
5500	 -2	4.74379	0	0	1
5500	 2	4.74765	0	9.09918e-10	2.10233
5500	 -3	4.97222	0	0	1
5500	 3	4.97626	0	0	1
5500	 -4	4.65053	0	0	1
5500	 4	4.65431	0	0	1
5500	 -5	3.57725	0	0	1
5500	 5	3.58015	0	0	1
5600	 0	1.43129	0	0	1
5600	 0	1.43215	0	0	1
5600	 -1	3.65815	0	3.00452e-07	1.94694
5600	 1	3.66035	0	3.59199e-09	1.9473
5600	 -2	5.27561	0	0	1
5600	 2	5.27879	0	8.89309e-10	2.16516
5600	 -3	5.5484	0	0	1
5600	 3	5.55174	0	0	1
5600	 -4	5.19571	0	0	1
5600	 4	5.19884	0	0	1
5600	 -5	4.01541	0	0	1
5600	 5	4.01783	0	0	1
5700	 0	1.58543	0	0	1
5700	 0	1.58614	0	0	1
5700	 -1	4.06907	0	2.92324e-07	2.01049
5700	 1	4.07088	0	3.9492e-09	2.01076
5700	 -2	5.86777	0	0	1
5700	 2	5.87039	0	8.68125e-10	2.22769
5700	 -3	6.19129	0	0	1
5700	 3	6.19405	0	0	1
5700	 -4	5.80467	0	0	1
5700	 4	5.80726	0	0	1
5700	 -5	4.50639	0	0	1
5700	 5	4.5084	0	0	1
5800	 0	1.75668	0	0	1
5800	 0	1.75726	0	0	1
5800	 -1	4.52657	0	2.84093e-07	2.07398
5800	 1	4.52807	0	4.55261e-09	2.07418
5800	 -2	6.5272	0	0	1
5800	 2	6.52936	0	8.46482e-10	2.28973
5800	 -3	6.90866	0	0	1
5800	 3	6.91095	0	0	1
5800	 -4	6.48493	0	0	1
5800	 4	6.48707	0	0	1
5800	 -5	5.05651	0	0	1
5800	 5	5.05818	0	0	1
5900	 0	1.94695	0	0	1
5900	 0	1.94742	0	0	1
5900	 -1	5.03601	0	2.75791e-07	2.13731
5900	 1	5.03724	0	5.39946e-09	2.13745
5900	 -2	7.26163	0	0	1
5900	 2	7.2634	0	8.24488e-10	2.35105
5900	 -3	7.7092	0	0	1
5900	 3	7.71109	0	0	1
5900	 -4	7.24486	0	0	1
5900	 4	7.24663	0	0	1
5900	 -5	5.67288	0	0	1
5900	 5	5.67427	0	0	1
6000	 0	2.15839	0	0	1
6000	 0	2.15879	0	0	1
6000	 -1	5.60331	0	2.6745e-07	2.20034
6000	 1	5.60432	0	6.4861e-09	2.20045
6000	 -2	8.07966	0	0	1
6000	 2	8.08112	0	8.0224e-10	2.41138
6000	 -3	8.60257	0	0	1
6000	 3	8.60413	0	0	1
6000	 -4	8.09383	0	0	1
6000	 4	8.0953	0	0	1
6000	 -5	6.36344	0	0	1
6000	 5	6.36459	0	0	1
6100	 0	2.39341	0	0	1
6100	 0	2.39374	0	0	1
6100	 -1	6.2351	0	2.59099e-07	2.26293
6100	 1	6.23594	0	7.80611e-09	2.263
6100	 -2	8.9909	0	0	1
6100	 2	8.99211	0	7.7983e-10	2.47042
6100	 -3	9.59958	0	0	1
6100	 3	9.60087	0	0	1
6100	 -4	9.04231	0	0	1
6100	 4	9.04352	0	0	1
6100	 -5	7.13708	0	0	1
6100	 5	7.13804	0	0	1
6200	 0	2.65468	0	0	1
6200	 0	2.65494	0	0	1
6200	 -1	6.93877	0	2.50765e-07	2.32485
6200	 1	6.93946	0	9.34826e-09	2.32491
6200	 -2	10.0061	0	0	1
6200	 2	10.0071	0	7.57341e-10	2.52783
6200	 -3	10.7123	0	0	1
6200	 3	10.7134	0	0	1
6200	 -4	10.102	0	0	1
6200	 4	10.103	0	0	1
6200	 -5	8.00377	0	0	1
6200	 5	8.00456	0	0	1
6300	 0	2.94515	0	0	1
6300	 0	2.94537	0	0	1
6300	 -1	7.72255	0	2.42473e-07	2.38586
6300	 1	7.72312	0	1.10946e-08	2.3859
6300	 -2	11.1371	0	0	1
6300	 2	11.1379	0	7.3485e-10	2.58324
6300	 -3	11.9541	0	0	1
6300	 3	11.955	0	0	1
6300	 -4	11.2859	0	0	1
6300	 4	11.2867	0	0	1
6300	 -5	8.97462	0	0	1
6300	 5	8.97528	0	0	1
6400	 0	3.26815	0	0	1
6400	 0	3.26833	0	0	1
6400	 -1	8.59561	0	2.34246e-07	2.44568
6400	 1	8.59608	0	1.30188e-08	2.44571
6400	 -2	12.3973	0	0	1
6400	 2	12.398	0	7.12426e-10	2.63626
6400	 -3	13.3402	0	0	1
6400	 3	13.3409	0	0	1
6400	 -4	12.6087	0	0	1
6400	 4	12.6094	0	0	1
6400	 -5	10.0621	0	0	1
6400	 5	10.0627	0	0	1
6500	 0	3.62737	0	0	1
6500	 0	3.62752	0	0	1
6500	 -1	9.5682	0	2.26103e-07	2.50399
6500	 1	9.56858	0	1.50852e-08	2.50401
6500	 -2	13.8015	0	0	1
6500	 2	13.8021	0	6.90132e-10	2.68648
6500	 -3	14.8872	0	0	1
6500	 3	14.8878	0	0	1
6500	 -4	14.0866	0	0	1
6500	 4	14.0872	0	0	1
6500	 -5	11.2802	0	0	1
6500	 5	11.2807	0	0	1
6600	 0	4.02692	0	0	1
6600	 0	4.02704	0	0	1
6600	 -1	10.6517	0	2.18064e-07	2.56042
6600	 1	10.652	0	1.72488e-08	2.56043
6600	 -2	15.3664	0	0	1
6600	 2	15.3668	0	6.68026e-10	2.73351
6600	 -3	16.6139	0	0	1
6600	 3	16.6144	0	0	1
6600	 -4	15.738	0	0	1
6600	 4	15.7385	0	0	1
6600	 -5	12.6445	0	0	1
6600	 5	12.6449	0	0	1
6700	 0	4.47137	0	0	1
6700	 0	4.47147	0	0	1
6700	 -1	11.8589	0	2.10144e-07	2.61459
6700	 1	11.8591	0	1.94554e-08	2.6146
6700	 -2	17.1103	0	0	1
6700	 2	17.1107	0	6.46158e-10	2.77698
6700	 -3	18.5413	0	0	1
6700	 3	18.5417	0	0	1
6700	 -4	17.5831	0	0	1
6700	 4	17.5835	0	0	1
6700	 -5	14.1725	0	0	1
6700	 5	14.1728	0	0	1
6800	 0	4.96584	0	0	1
6800	 0	4.96592	0	0	1
6800	 -1	13.2039	0	2.02358e-07	2.66611
6800	 1	13.2041	0	2.16436e-08	2.66611
6800	 -2	19.0539	0	0	1
6800	 2	19.0543	0	6.24575e-10	2.81657
6800	 -3	20.6926	0	0	1
6800	 3	20.6929	0	0	1
6800	 -4	19.6448	0	0	1
6800	 4	19.6451	0	0	1
6800	 -5	15.8837	0	0	1
6800	 5	15.884	0	0	1
6900	 0	5.51601	0	0	1
6900	 0	5.51608	0	0	1
6900	 -1	14.7025	0	1.94719e-07	2.71457
6900	 1	14.7027	0	2.37471e-08	2.71458
6900	 -2	21.2203	0	0	1
6900	 2	21.2206	0	6.03316e-10	2.85202
6900	 -3	23.0939	0	0	1
6900	 3	23.0942	0	0	1
6900	 -4	21.9484	0	0	1
6900	 4	21.9487	0	0	1
6900	 -5	17.8001	0	0	1
6900	 5	17.8003	0	0	1
7000	 0	6.12824	0	0	1
7000	 0	6.12829	0	0	1
7000	 -1	16.3725	0	1.87238e-07	2.7596
7000	 1	16.3726	0	2.56979e-08	2.75961
7000	 -2	23.635	0	0	1
7000	 2	23.6353	0	5.82419e-10	2.88317
7000	 -3	25.7744	0	0	1
7000	 3	25.7747	0	0	1
7000	 -4	24.5225	0	0	1
7000	 4	24.5227	0	0	1
7000	 -5	19.946	0	0	1
7000	 5	19.9462	0	0	1
7100	 0	6.80958	0	0	1
7100	 0	6.80962	0	0	1
7100	 -1	18.2334	0	1.79925e-07	2.80086
7100	 1	18.2335	0	2.74302e-08	2.80086
7100	 -2	26.3268	0	0	1
7100	 2	26.327	0	5.61913e-10	2.90995
7100	 -3	28.7666	0	0	1
7100	 3	28.7668	0	0	1
7100	 -4	27.3988	0	0	1
7100	 4	27.399	0	0	1
7100	 -5	22.3491	0	0	1
7100	 5	22.3492	0	0	1
7200	 0	7.56792	0	0	1
7200	 0	7.56795	0	0	1
7200	 -1	20.3072	0	1.72786e-07	2.83806
7200	 1	20.3073	0	2.8884e-08	2.83806
7200	 -2	29.3275	0	0	1
7200	 2	29.3276	0	5.41825e-10	2.93243
7200	 -3	32.1068	0	0	1
7200	 3	32.1069	0	0	1
7200	 -4	30.6128	0	0	1
7200	 4	30.6129	0	0	1
7200	 -5	25.0398	0	0	1
7200	 5	25.04	0	0	1
7300	 0	8.41204	0	0	1
7300	 0	8.41207	0	0	1
7300	 -1	22.6185	0	1.65828e-07	2.87099
7300	 1	22.6186	0	3.00091e-08	2.87099
7300	 -2	32.6728	0	0	1
7300	 2	32.6729	0	5.22179e-10	2.95079
7300	 -3	35.8354	0	0	1
7300	 3	35.8356	0	0	1
7300	 -4	34.2041	0	0	1
7300	 4	34.2043	0	0	1
7300	 -5	28.0527	0	0	1
7300	 5	28.0528	0	0	1
7400	 0	9.35173	0	0	1
7400	 0	9.35176	0	0	1
7400	 -1	25.1944	0	1.59058e-07	2.89956
7400	 1	25.1945	0	3.07681e-08	2.89956
7400	 -2	36.4024	0	0	1
7400	 2	36.4025	0	5.02993e-10	2.96534
7400	 -3	39.9979	0	0	1
7400	 3	39.998	0	0	1
7400	 -4	38.2173	0	0	1
7400	 4	38.2174	0	0	1
7400	 -5	31.426	0	0	1
7400	 5	31.4261	0	0	1
7500	 0	10.3979	0	0	1
7500	 0	10.3979	0	0	1
7500	 -1	28.0655	0	1.52478e-07	2.92378
7500	 1	28.0655	0	3.1139e-08	2.92378
7500	 -2	40.5608	0	0	1
7500	 2	40.5609	0	4.84284e-10	2.97648
7500	 -3	44.6447	0	0	1
7500	 3	44.6447	0	0	1
7500	 -4	42.7018	0	0	1
7500	 4	42.7019	0	0	1
7500	 -5	35.2028	0	0	1
7500	 5	35.2029	0	0	1
7600	 0	11.5628	0	0	1
7600	 0	11.5628	0	0	1
7600	 -1	31.2656	0	1.46092e-07	2.94379
7600	 1	31.2657	0	3.11167e-08	2.94379
7600	 -2	45.1974	0	0	1
7600	 2	45.1975	0	4.66062e-10	2.98468
7600	 -3	49.8322	0	0	1
7600	 3	49.8323	0	0	1
7600	 -4	47.7131	0	0	1
7600	 4	47.7132	0	0	1
7600	 -5	39.4313	0	0	1
7600	 5	39.4313	0	0	1
7700	 0	12.8599	0	0	1
7700	 0	12.8599	0	0	1
7700	 -1	34.8328	0	1.39901e-07	2.95984
7700	 1	34.8328	0	3.07128e-08	2.95984
7700	 -2	50.3675	0	0	1
7700	 2	50.3676	0	4.48338e-10	2.99048
7700	 -3	55.6236	0	0	1
7700	 3	55.6236	0	0	1
7700	 -4	53.3131	0	0	1
7700	 4	53.3131	0	0	1
7700	 -5	44.1652	0	0	1
7700	 5	44.1652	0	0	1
7800	 0	14.3043	0	0	1
7800	 0	14.3043	0	0	1
7800	 -1	38.8092	0	1.33908e-07	2.97231
7800	 1	38.8092	0	2.99546e-08	2.97231
7800	 -2	56.1327	0	0	1
7800	 2	56.1328	0	4.31119e-10	2.99438
7800	 -3	62.0892	0	0	1
7800	 3	62.0892	0	0	1
7800	 -4	59.5709	0	0	1
7800	 4	59.571	0	0	1
7800	 -5	49.4648	0	0	1
7800	 5	49.4649	0	0	1
7900	 0	15.913	0	0	1
7900	 0	15.913	0	0	1
7900	 -1	43.2419	0	1.28111e-07	2.98165
7900	 1	43.242	0	2.88833e-08	2.98165
7900	 -2	62.5619	0	0	1
7900	 2	62.5619	0	4.14409e-10	2.99687
7900	 -3	69.3076	0	0	1
7900	 3	69.3076	0	0	1
7900	 -4	66.5641	0	0	1
7900	 4	66.5641	0	0	1
7900	 -5	55.3976	0	0	1
7900	 5	55.3976	0	0	1
8000	 0	17.7048	0	0	1
8000	 0	17.7048	0	0	1
8000	 -1	48.1836	0	1.2251e-07	2.98837
8000	 1	48.1837	0	2.75505e-08	2.98837
8000	 -2	69.7318	0	0	1
8000	 2	69.7318	0	3.98211e-10	2.99836
8000	 -3	77.3666	0	0	1
8000	 3	77.3666	0	0	1
8000	 -4	74.379	0	0	1
8000	 4	74.379	0	0	1
8000	 -5	62.039	0	0	1
8000	 5	62.039	0	0	1
8100	 0	19.7006	0	0	1
8100	 0	19.7006	0	0	1
8100	 -1	53.693	0	1.17105e-07	2.99298
8100	 1	53.693	0	2.60151e-08	2.99298
8100	 -2	77.728	0	0	1
8100	 2	77.7281	0	3.82523e-10	2.9992
8100	 -3	86.3643	0	0	1
8100	 3	86.3643	0	0	1
8100	 -4	83.1123	0	0	1
8100	 4	83.1123	0	0	1
8100	 -5	69.4734	0	0	1
8100	 5	69.4734	0	0	1
8200	 0	21.9238	0	0	1
8200	 0	21.9238	0	0	1
8200	 -1	59.8354	0	1.11893e-07	2.99599
8200	 1	59.8354	0	2.43388e-08	2.99599
8200	 -2	86.6463	0	0	1
8200	 2	86.6463	0	3.67346e-10	2.99964
8200	 -3	96.4102	0	0	1
8200	 3	96.4102	0	0	1
8200	 -4	92.8719	0	0	1
8200	 4	92.872	0	0	1
8200	 -5	77.7953	0	0	1
8200	 5	77.7953	0	0	1
8300	 0	24.4006	0	0	1
8300	 0	24.4006	0	0	1
8300	 -1	66.6839	0	1.06872e-07	2.99784
8300	 1	66.684	0	2.25829e-08	2.99784
8300	 -2	96.5933	0	0	1
8300	 2	96.5933	0	3.52674e-10	2.99985
8300	 -3	107.627	0	0	1
8300	 3	107.627	0	0	1
8300	 -4	103.779	0	0	1
8300	 4	103.779	0	0	1
8300	 -5	87.1104	0	0	1
8300	 5	87.1104	0	0	1
8400	 0	27.16	0	0	1
8400	 0	27.16	0	0	1
8400	 -1	74.32	0	1.02039e-07	2.99892
8400	 1	74.32	0	2.08044e-08	2.99892
8400	 -2	107.688	0	0	1
8400	 2	107.688	0	3.38504e-10	2.99995
8400	 -3	120.15	0	0	1
8400	 3	120.15	0	0	1
8400	 -4	115.968	0	0	1
8400	 4	115.968	0	0	1
8400	 -5	97.537	0	0	1
8400	 5	97.537	0	0	1
8500	 0	30.2345	0	0	1
8500	 0	30.2345	0	0	1
8500	 -1	82.8345	0	9.73919e-08	2.9995
8500	 1	82.8345	0	1.90538e-08	2.9995
8500	 -2	120.064	0	0	1
8500	 2	120.064	0	3.2483e-10	2.99998
8500	 -3	134.133	0	0	1
8500	 3	134.133	0	0	1
8500	 -4	129.589	0	0	1
8500	 4	129.589	0	0	1
8500	 -5	109.207	0	0	1
8500	 5	109.207	0	0	1
8600	 0	33.6603	0	0	1
8600	 0	33.6603	0	0	1
8600	 -1	92.3289	0	9.29259e-08	2.99978
8600	 1	92.3289	0	1.73726e-08	2.99978
8600	 -2	133.868	0	0	1
8600	 2	133.868	0	3.11644e-10	2.99999
8600	 -3	149.746	0	0	1
8600	 3	149.746	0	0	1
8600	 -4	144.812	0	0	1
8600	 4	144.812	0	0	1
8600	 -5	122.27	0	0	1
8600	 5	122.27	0	0	1
8700	 0	37.4777	0	0	1
8700	 0	37.4777	0	0	1
8700	 -1	102.916	0	8.86377e-08	2.99992
8700	 1	102.916	0	1.57924e-08	2.99992
8700	 -2	149.268	0	0	1
8700	 2	149.268	0	2.98938e-10	3
8700	 -3	167.179	0	0	1
8700	 3	167.179	0	0	1
8700	 -4	161.825	0	0	1
8700	 4	161.825	0	0	1
8700	 -5	136.89	0	0	1
8700	 5	136.89	0	0	1
8800	 0	41.7319	0	0	1
8800	 0	41.7319	0	0	1
8800	 -1	114.723	0	8.45232e-08	2.99997
8800	 1	114.723	0	1.43349e-08	2.99997
8800	 -2	166.447	0	0	1
8800	 2	166.447	0	2.86704e-10	3
8800	 -3	186.645	0	0	1
8800	 3	186.645	0	0	1
8800	 -4	180.839	0	0	1
8800	 4	180.839	0	0	1
8800	 -5	153.253	0	0	1
8800	 5	153.253	0	0	1
8900	 0	46.473	0	0	1
8900	 0	46.473	0	0	1
8900	 -1	127.89	0	8.0578e-08	2.99999
8900	 1	127.89	0	1.30119e-08	2.99999
8900	 -2	185.611	0	0	1
8900	 2	185.611	0	2.74931e-10	3
8900	 -3	208.381	0	0	1
8900	 3	208.381	0	0	1
8900	 -4	202.088	0	0	1
8900	 4	202.088	0	0	1
8900	 -5	171.566	0	0	1
8900	 5	171.566	0	0	1
9000	 0	51.7571	0	0	1
9000	 0	51.7571	0	0	1
9000	 -1	142.574	0	7.67977e-08	3
9000	 1	142.574	0	1.18269e-08	3
9000	 -2	206.992	0	0	1
9000	 2	206.992	0	2.63609e-10	3
9000	 -3	232.652	0	0	1
9000	 3	232.652	0	0	1
9000	 -4	225.836	0	0	1
9000	 4	225.836	0	0	1
9000	 -5	192.062	0	0	1
9000	 5	192.062	0	0	1
9100	 0	57.6467	0	0	1
9100	 0	57.6467	0	0	1
9100	 -1	158.95	0	7.31777e-08	3
9100	 1	158.95	0	1.0776e-08	3
9100	 -2	230.847	0	0	1
9100	 2	230.847	0	2.52728e-10	3
9100	 -3	259.754	0	0	1
9100	 3	259.754	0	0	1
9100	 -4	252.377	0	0	1
9100	 4	252.377	0	0	1
9100	 -5	215	0	0	1
9100	 5	215	0	0	1
9200	 0	64.2115	0	0	1
9200	 0	64.2115	0	0	1
9200	 -1	177.216	0	6.97134e-08	3
9200	 1	177.216	0	9.85023e-09	3
9200	 -2	257.461	0	0	1
9200	 2	257.461	0	2.42275e-10	3
9200	 -3	290.019	0	0	1
9200	 3	290.019	0	0	1
9200	 -4	282.039	0	0	1
9200	 4	282.039	0	0	1
9200	 -5	240.671	0	0	1
9200	 5	240.671	0	0	1
9300	 0	71.5295	0	0	1
9300	 0	71.5295	0	0	1
9300	 -1	197.588	0	6.63999e-08	3
9300	 1	197.588	0	9.03668e-09	3
9300	 -2	287.156	0	0	1
9300	 2	287.156	0	2.3224e-10	3
9300	 -3	323.815	0	0	1
9300	 3	323.815	0	0	1
9300	 -4	315.191	0	0	1
9300	 4	315.191	0	0	1
9300	 -5	269.4	0	0	1
9300	 5	269.4	0	0	1
9400	 0	79.6872	0	0	1
9400	 0	79.6872	0	0	1
9400	 -1	220.31	0	6.32324e-08	3
9400	 1	220.31	0	8.32051e-09	3
9400	 -2	320.289	0	0	1
9400	 2	320.289	0	2.2261e-10	3
9400	 -3	361.555	0	0	1
9400	 3	361.555	0	0	1
9400	 -4	352.242	0	0	1
9400	 4	352.242	0	0	1
9400	 -5	301.55	0	0	1
9400	 5	301.55	0	0	1
9500	 0	88.7817	0	0	1
9500	 0	88.7817	0	0	1
9500	 -1	245.655	0	6.02062e-08	3
9500	 1	245.655	0	7.68621e-09	3
9500	 -2	357.259	0	0	1
9500	 2	357.259	0	2.13374e-10	3
9500	 -3	403.7	0	0	1
9500	 3	403.7	0	0	1
9500	 -4	393.652	0	0	1
9500	 4	393.652	0	0	1
9500	 -5	337.529	0	0	1
9500	 5	337.529	0	0	1
9600	 0	98.9209	0	0	1
9600	 0	98.9209	0	0	1
9600	 -1	273.927	0	5.73163e-08	3
9600	 1	273.927	0	7.1188e-09	3
9600	 -2	398.512	0	0	1
9600	 2	398.512	0	2.04519e-10	3
9600	 -3	450.765	0	0	1
9600	 3	450.765	0	0	1
9600	 -4	439.934	0	0	1
9600	 4	439.934	0	0	1
9600	 -5	377.791	0	0	1
9600	 5	377.791	0	0	1
9700	 0	110.225	0	0	1
9700	 0	110.225	0	0	1
9700	 -1	305.463	0	5.4558e-08	3
9700	 1	305.463	0	6.60465e-09	3
9700	 -2	444.546	0	0	1
9700	 2	444.546	0	1.96033e-10	3
9700	 -3	503.325	0	0	1
9700	 3	503.325	0	0	1
9700	 -4	491.661	0	0	1
9700	 4	491.661	0	0	1
9700	 -5	422.847	0	0	1
9700	 5	422.847	0	0	1
9800	 0	122.83	0	0	1
9800	 0	122.83	0	0	1
9800	 -1	340.643	0	5.19264e-08	3
9800	 1	340.643	0	6.132e-09	3
9800	 -2	495.915	0	0	1
9800	 2	495.915	0	1.87904e-10	3
9800	 -3	562.022	0	0	1
9800	 3	562.022	0	0	1
9800	 -4	549.474	0	0	1
9800	 4	549.474	0	0	1
9800	 -5	473.265	0	0	1
9800	 5	473.265	0	0	1
9900	 0	136.884	0	0	1
9900	 0	136.884	0	0	1
9900	 -1	379.887	0	4.9417e-08	3
9900	 1	379.887	0	5.69126e-09	3
9900	 -2	553.24	0	0	1
9900	 2	553.24	0	1.80119e-10	3
9900	 -3	627.574	0	0	1
9900	 3	627.574	0	0	1
9900	 -4	614.09	0	0	1
9900	 4	614.09	0	0	1
9900	 -5	529.684	0	0	1
9900	 5	529.684	0	0	1
10000	 0	152.555	0	0	1
10000	 0	152.555	0	0	1
10000	 -1	423.668	0	4.70249e-08	3
10000	 1	423.668	0	5.27506e-09	3
10000	 -2	617.213	0	0	1
10000	 2	617.213	0	1.72666e-10	3
10000	 -3	700.782	0	0	1
10000	 3	700.782	0	0	1
10000	 -4	686.309	0	0	1
10000	 4	686.309	0	0	1
10000	 -5	592.817	0	0	1
10000	 5	592.817	0	0	1
10100	 0	170.031	0	0	1
10100	 0	170.031	0	0	1
10100	 -1	472.51	0	4.47457e-08	3
10100	 1	472.51	0	4.87812e-09	3
10100	 -2	688.608	0	0	1
10100	 2	688.608	0	1.65534e-10	3
10100	 -3	782.542	0	0	1
10100	 3	782.542	0	0	1
10100	 -4	767.028	0	0	1
10100	 4	767.028	0	0	1
10100	 -5	663.462	0	0	1
10100	 5	663.462	0	0	1
10200	 0	189.52	0	0	1
10200	 0	189.52	0	0	1
10200	 -1	527.001	0	4.25749e-08	3
10200	 1	527.001	0	4.497e-09	3
10200	 -2	768.286	0	0	1
10200	 2	768.286	0	1.5871e-10	3
10200	 -3	873.854	0	0	1
10200	 3	873.854	0	0	1
10200	 -4	857.246	0	0	1
10200	 4	857.246	0	0	1
10200	 -5	742.511	0	0	1
10200	 5	742.511	0	0	1
10300	 0	211.253	0	0	1
10300	 0	211.253	0	0	1
10300	 -1	587.796	0	4.0508e-08	3
10300	 1	587.796	0	4.12981e-09	3
10300	 -2	857.212	0	0	1
10300	 2	857.212	0	1.52183e-10	3
10300	 -3	975.836	0	0	1
10300	 3	975.836	0	0	1
10300	 -4	958.083	0	0	1
10300	 4	958.083	0	0	1
10300	 -5	830.964	0	0	1
10300	 5	830.964	0	0	1
10400	 0	235.492	0	0	1
10400	 0	235.492	0	0	1
10400	 -1	655.624	0	3.85407e-08	3
10400	 1	655.624	0	3.77589e-09	3
10400	 -2	956.46	0	0	1
10400	 2	956.46	0	1.45941e-10	3
10400	 -3	1089.73	0	0	1
10400	 3	1089.73	0	0	1
10400	 -4	1070.79	0	0	1
10400	 4	1070.79	0	0	1
10400	 -5	929.937	0	0	1
10400	 5	929.937	0	0	1
10500	 0	262.526	0	0	1
10500	 0	262.526	0	0	1
10500	 -1	731.303	0	6.71222e-08	3
10500	 1	731.303	0	3.43542e-09	3
10500	 -2	1067.23	0	0	1
10500	 2	1067.23	0	1.39972e-10	3
10500	 -3	1216.94	0	0	1
10500	 3	1216.94	0	0	1
10500	 -4	1196.76	0	0	1
10500	 4	1196.76	0	0	1
10500	 -5	1040.68	0	0	1
10500	 5	1040.68	0	0	1
