0 0 0
100 0.000566641 5.3729e-07
200 0.000856573 6.42888e-06
300 0.00305102 2.72542e-05
400 0.00874652 7.45282e-05
500 0.0322323 0.000159659
600 2.11676 0.00029266
700 0.00642645 0.000481422
800 0.288198 0.000731382
900 0.0120604 0.00104548
1000 0.0144702 0.00142431
1100 0.111982 0.00186638
1200 0.0764937 0.00236843
1300 0.324127 0.00292586
1400 0.0248071 0.003533
1500 0.0278079 0.00418352
1600 0.0552511 0.00487069
1700 0.0562532 0.00558763
1800 0.0576817 0.00632747
1900 0.0847123 0.0070835
2000 0.0604004 0.00784919
2100 0.0614741 0.0086182
2200 0.0776393 0.00938433
2300 0.0746975 0.0101415
2400 0.0729718 0.0108836
2500 0.0714918 0.0116044
2600 0.0700159 0.0122978
2700 0.0684483 0.0129575
2800 0.0667501 0.0135772
2900 0.0649087 0.0141508
3000 0.0629241 0.0146726
3100 0.0608035 0.0151375
3200 0.0585577 0.015541
3300 0.0562013 0.0158799
3400 0.0537514 0.0161521
3500 0.0512284 0.0163569
3600 0.0486553 0.0164951
3700 0.0460577 0.0165688
3800 0.0434627 0.0165815
3900 0.0408981 0.0165377
4000 0.038391 0.0164428
4100 0.0359665 0.0163029
4200 0.0336465 0.0161241
4300 0.0314488 0.0159128
4400 0.0293865 0.0156748
4500 0.0274678 0.0154158
4600 0.0256964 0.0151407
4700 0.0240718 0.0148538
4800 0.0225901 0.0145589
4900 0.0212447 0.0142591
5000 0.0200273 0.0139567
5100 0.0189286 0.0136541
5200 0.017939 0.013353
5300 0.017049 0.013055
5400 0.0162497 0.0127618
5500 0.0155329 0.012475
5600 0.0148914 0.0121963
5700 0.014319 0.0119275
5800 0.0138101 0.0116707
5900 0.0133601 0.0114281
6000 0.0129648 0.0112021
6100 0.0126206 0.0109951
6200 0.0123244 0.0108099
6300 0.0120735 0.0106492
6400 0.0118655 0.0105156
6500 0.0116984 0.0104121
6600 0.0115706 0.0103412
6700 0.0114807 0.0103053
6800 0.0114274 0.0103061
6900 0.011409 0.0103441
7000 0.0114229 0.0104183
7100 0.0114646 0.010525
7200 0.0115273 0.0106572
7300 0.0116013 0.0108046
7400 0.0116745 0.0109543
7500 0.0117342 0.0110917
7600 0.0117689 0.0112038
7700 0.0117705 0.011281
7800 0.0117365 0.0113188
7900 0.0116693 0.0113186
8000 0.0115766 0.0112868
8100 0.0114691 0.0112337
8200 0.0113605 0.0111724
8300 0.000147855 0
8400 0.000114282 0
8500 0.0196629 0.019576
8600 6.49046e-05 0
8700 0.0221834 0.0221357
8800 3.43926e-05 0
8900 2.43519e-05 0
9000 0.0265861 0.0265692
9100 0.0282362 0.0282248
9200 7.55373e-06 0
9300 4.85702e-06 0
9400 3.0449e-06 0
9500 1.86729e-06 0
9600 1.12408e-06 0
9700 6.61093e-07 0
9800 0.0429222 0.0429218
9900 1.85958e-07 0
10000 8.00988e-08 0
10100 2.69844e-08 0
10200 5.84789e-09 0
10300 4.47009e-10 0
10400 0.0158842 0.0158842
