1.000000000000000000e+01 2.206971420352626670e-19
2.000000000000000000e+01 4.413958327001937788e-19
3.000000000000000000e+01 6.620976206662976972e-19
4.000000000000000000e+01 8.828040546887548549e-19
5.000000000000000000e+01 1.103516683648270095e-18
6.000000000000000000e+01 1.324237056592930927e-18
7.000000000000000000e+01 1.544966722780086298e-18
8.000000000000000000e+01 1.765707231718239903e-18
9.000000000000000000e+01 1.986460133208971512e-18
1.000000000000000000e+02 2.207226977388882959e-18
1.100000000000000000e+02 2.428009314771580330e-18
1.200000000000000000e+02 2.648808696289687743e-18
1.300000000000000000e+02 2.869626673336903491e-18
1.400000000000000000e+02 3.090464797810099717e-18
1.500000000000000000e+02 3.311324622151471776e-18
1.600000000000000000e+02 3.532207699390735747e-18
1.700000000000000000e+02 3.753115583187384486e-18
1.800000000000000000e+02 3.974049827873008788e-18
1.900000000000000000e+02 4.195011988493670153e-18
2.000000000000000000e+02 4.416003620852359065e-18
2.100000000000000000e+02 4.637026281551509517e-18
2.200000000000000000e+02 4.858081528035600575e-18
2.300000000000000000e+02 5.079170918633836529e-18
2.400000000000000000e+02 5.300296012602911783e-18
2.500000000000000000e+02 5.521458370169861254e-18
2.600000000000000000e+02 5.742659552575009379e-18
2.700000000000000000e+02 5.963901122115019277e-18
2.800000000000000000e+02 6.185184642186030490e-18
2.900000000000000000e+02 6.406511677326920770e-18
3.000000000000000000e+02 6.627883793262661838e-18
3.100000000000000000e+02 6.849302556947806114e-18
3.200000000000000000e+02 7.070769536610077447e-18
3.300000000000000000e+02 7.292286301794091260e-18
3.400000000000000000e+02 7.513854423405209521e-18
3.500000000000000000e+02 7.735475473753519737e-18
3.600000000000000000e+02 7.957151026597946451e-18
3.700000000000000000e+02 8.178882657190516819e-18
3.800000000000000000e+02 8.400671942320763307e-18
3.900000000000000000e+02 8.622520460360285092e-18
4.000000000000000000e+02 8.844429791307443498e-18
4.100000000000000000e+02 9.066401516832246955e-18
4.200000000000000000e+02 9.288437220321377694e-18
4.300000000000000000e+02 9.510538486923395637e-18
4.400000000000000000e+02 9.732706903594108688e-18
4.500000000000000000e+02 9.954944059142140227e-18
4.600000000000000000e+02 1.017725154427465224e-17
4.700000000000000000e+02 1.039963095164328257e-17
4.800000000000000000e+02 1.062208387589025636e-17
4.900000000000000000e+02 1.084461191369470230e-17
5.000000000000000000e+02 1.106721666381918465e-17
5.100000000000000000e+02 1.128989972715640014e-17
5.200000000000000000e+02 1.151266270677615673e-17
5.300000000000000000e+02 1.173550720797249580e-17
5.400000000000000000e+02 1.195843483831110079e-17
5.500000000000000000e+02 1.218144720767687229e-17
5.600000000000000000e+02 1.240454592832182364e-17
5.700000000000000000e+02 1.262773261491309974e-17
5.800000000000000000e+02 1.285100888458134714e-17
5.900000000000000000e+02 1.307437635696928142e-17
6.000000000000000000e+02 1.329783665428049945e-17
6.100000000000000000e+02 1.352139140132859220e-17
6.200000000000000000e+02 1.374504222558648546e-17
6.300000000000000000e+02 1.396879075723609191e-17
6.400000000000000000e+02 1.419263862921818341e-17
6.500000000000000000e+02 1.441658747728262395e-17
6.600000000000000000e+02 1.464063894003880889e-17
6.700000000000000000e+02 1.486479465900647877e-17
6.800000000000000000e+02 1.508905627866675797e-17
6.900000000000000000e+02 1.531342544651357855e-17
7.000000000000000000e+02 1.553790381310533223e-17
7.100000000000000000e+02 1.576249303211694743e-17
7.200000000000000000e+02 1.598719476039216372e-17
7.300000000000000000e+02 1.621201065799626528e-17
7.400000000000000000e+02 1.643694238826906092e-17
7.500000000000000000e+02 1.666199161787826164e-17
7.600000000000000000e+02 1.688716001687318169e-17
7.700000000000000000e+02 1.711244925873880637e-17
7.800000000000000000e+02 1.733786102045025117e-17
7.900000000000000000e+02 1.756339698252753522e-17
8.000000000000000000e+02 1.778905882909080154e-17
8.100000000000000000e+02 1.801484824791585779e-17
8.200000000000000000e+02 1.824076693049017612e-17
8.300000000000000000e+02 1.846681657206922900e-17
8.400000000000000000e+02 1.869299887173329329e-17
8.500000000000000000e+02 1.891931553244461496e-17
8.600000000000000000e+02 1.914576826110504219e-17
8.700000000000000000e+02 1.937235876861406203e-17
8.800000000000000000e+02 1.959908876992726556e-17
8.900000000000000000e+02 1.982595998411532441e-17
9.000000000000000000e+02 2.005297413442331255e-17
9.100000000000000000e+02 2.028013294833059497e-17
9.200000000000000000e+02 2.050743815761112006e-17
9.300000000000000000e+02 2.073489149839422975e-17
9.400000000000000000e+02 2.096249471122591941e-17
9.500000000000000000e+02 2.119024954113063716e-17
9.600000000000000000e+02 2.141815773767353606e-17
9.700000000000000000e+02 2.164622105502330871e-17
9.800000000000000000e+02 2.187444125201545949e-17
9.900000000000000000e+02 2.210282009221618067e-17
1.000000000000000000e+03 2.233135934398672474e-17
1.010000000000000000e+03 2.256006078054833748e-17
1.020000000000000000e+03 2.278892618004777967e-17
1.030000000000000000e+03 2.301795732562337569e-17
1.040000000000000000e+03 2.324715600547163220e-17
1.050000000000000000e+03 2.347652401291451320e-17
1.060000000000000000e+03 2.370606314646723276e-17
1.070000000000000000e+03 2.393577520990673798e-17
1.080000000000000000e+03 2.416566201234071280e-17
1.090000000000000000e+03 2.439572536827732126e-17
1.100000000000000000e+03 2.462596709769547164e-17
1.110000000000000000e+03 2.485638902611586936e-17
1.120000000000000000e+03 2.508699298467259382e-17
1.130000000000000000e+03 2.531778081018546712e-17
1.140000000000000000e+03 2.554875434523302063e-17
1.150000000000000000e+03 2.577991543822619184e-17
1.160000000000000000e+03 2.601126594348277310e-17
1.170000000000000000e+03 2.624280772130247977e-17
1.180000000000000000e+03 2.647454263804284419e-17
1.190000000000000000e+03 2.670647256619582759e-17
1.200000000000000000e+03 2.693859938446516241e-17
1.210000000000000000e+03 2.717092497784448954e-17
1.220000000000000000e+03 2.740345123769628142e-17
1.230000000000000000e+03 2.763618006183155704e-17
1.240000000000000000e+03 2.786911335459040740e-17
1.250000000000000000e+03 2.810225302692333133e-17
1.260000000000000000e+03 2.833560099647341576e-17
1.270000000000000000e+03 2.856915918765941875e-17
1.280000000000000000e+03 2.880292953175962604e-17
1.290000000000000000e+03 2.903691396699665360e-17
1.300000000000000000e+03 2.927111443862312529e-17
1.310000000000000000e+03 2.950553289900828737e-17
1.320000000000000000e+03 2.974017130772549190e-17
1.330000000000000000e+03 2.997503163164070326e-17
1.340000000000000000e+03 3.021011584500186745e-17
1.350000000000000000e+03 3.044542592952935994e-17
1.360000000000000000e+03 3.068096387450732711e-17
1.370000000000000000e+03 3.091673167687611857e-17
1.380000000000000000e+03 3.115273134132568092e-17
1.390000000000000000e+03 3.138896488039001763e-17
1.400000000000000000e+03 3.162543431454270906e-17
1.410000000000000000e+03 3.186214167229357254e-17
1.420000000000000000e+03 3.209908899028627156e-17
1.430000000000000000e+03 3.233627831339716381e-17
1.440000000000000000e+03 3.257371169483527689e-17
1.450000000000000000e+03 3.281139119624336268e-17
1.460000000000000000e+03 3.304931888780019656e-17
1.470000000000000000e+03 3.328749684832405378e-17
1.480000000000000000e+03 3.352592716537735676e-17
1.490000000000000000e+03 3.376461193537263517e-17
1.500000000000000000e+03 3.400355326367966310e-17
1.510000000000000000e+03 3.424275326473391508e-17
1.520000000000000000e+03 3.448221406214635335e-17
1.530000000000000000e+03 3.472193778881443538e-17
1.540000000000000000e+03 3.496192658703461283e-17
1.550000000000000000e+03 3.520218260861602612e-17
1.560000000000000000e+03 3.544270801499576443e-17
1.570000000000000000e+03 3.568350497735541985e-17
1.580000000000000000e+03 3.592457567673911459e-17
1.590000000000000000e+03 3.616592230417303185e-17
1.600000000000000000e+03 3.640754706078640120e-17
1.610000000000000000e+03 3.664945215793396311e-17
1.620000000000000000e+03 3.689163981732010974e-17
1.630000000000000000e+03 3.713411227112442476e-17
1.640000000000000000e+03 3.737687176212896114e-17
1.650000000000000000e+03 3.761992054384707199e-17
1.660000000000000000e+03 3.786326088065392389e-17
1.670000000000000000e+03 3.810689504791864959e-17
1.680000000000000000e+03 3.835082533213834960e-17
1.690000000000000000e+03 3.859505403107362834e-17
1.700000000000000000e+03 3.883958345388607164e-17
1.710000000000000000e+03 3.908441592127748073e-17
1.720000000000000000e+03 3.932955376563094884e-17
1.730000000000000000e+03 3.957499933115376219e-17
1.740000000000000000e+03 3.982075497402229772e-17
1.750000000000000000e+03 4.006682306252879427e-17
1.760000000000000000e+03 4.031320597723009612e-17
1.770000000000000000e+03 4.055990611109841162e-17
1.780000000000000000e+03 4.080692586967421049e-17
1.790000000000000000e+03 4.105426767122101311e-17
1.800000000000000000e+03 4.130193394688247862e-17
1.810000000000000000e+03 4.154992714084158225e-17
1.820000000000000000e+03 4.179824971048193740e-17
1.830000000000000000e+03 4.204690412655146575e-17
1.840000000000000000e+03 4.229589287332825528e-17
1.850000000000000000e+03 4.254521844878876641e-17
1.860000000000000000e+03 4.279488336477844773e-17
1.870000000000000000e+03 4.304489014718464456e-17
1.880000000000000000e+03 4.329524133611208960e-17
1.890000000000000000e+03 4.354593948606075413e-17
1.900000000000000000e+03 4.379698716610639237e-17
1.910000000000000000e+03 4.404838696008352642e-17
1.920000000000000000e+03 4.430014146677114284e-17
1.930000000000000000e+03 4.455225330008107638e-17
1.940000000000000000e+03 4.480472508924912381e-17
1.950000000000000000e+03 4.505755947902883258e-17
1.960000000000000000e+03 4.531075912988838323e-17
1.970000000000000000e+03 4.556432671821006025e-17
1.980000000000000000e+03 4.581826493649289688e-17
1.990000000000000000e+03 4.607257649355813646e-17
2.000000000000000000e+03 4.632726411475797850e-17
2.010000000000000000e+03 4.658233054218715987e-17
2.020000000000000000e+03 4.683777853489796249e-17
2.030000000000000000e+03 4.709361086911824096e-17
2.040000000000000000e+03 4.734983033847295072e-17
2.050000000000000000e+03 4.760643975420883779e-17
2.060000000000000000e+03 4.786344194542267230e-17
2.070000000000000000e+03 4.812083975929293937e-17
2.080000000000000000e+03 4.837863606131504910e-17
2.090000000000000000e+03 4.863683373554021351e-17
2.100000000000000000e+03 4.889543568481797812e-17
2.110000000000000000e+03 4.915444483104253144e-17
2.120000000000000000e+03 4.941386411540288482e-17
2.130000000000000000e+03 4.967369649863686101e-17
2.140000000000000000e+03 4.993394496128915644e-17
2.150000000000000000e+03 5.019461250397347108e-17
2.160000000000000000e+03 5.045570214763866887e-17
2.170000000000000000e+03 5.071721693383933233e-17
2.180000000000000000e+03 5.097915992501047728e-17
2.190000000000000000e+03 5.124153420474667394e-17
2.200000000000000000e+03 5.150434287808577805e-17
2.210000000000000000e+03 5.176758907179705616e-17
2.220000000000000000e+03 5.203127593467401938e-17
2.230000000000000000e+03 5.229540663783210133e-17
2.240000000000000000e+03 5.255998437501101371e-17
2.250000000000000000e+03 5.282501236288224180e-17
2.260000000000000000e+03 5.309049384136132863e-17
2.270000000000000000e+03 5.335643207392552708e-17
2.280000000000000000e+03 5.362283034793656723e-17
2.290000000000000000e+03 5.388969197496877938e-17
2.300000000000000000e+03 5.415702029114275755e-17
2.310000000000000000e+03 5.442481865746445257e-17
2.320000000000000000e+03 5.469309046017004603e-17
2.330000000000000000e+03 5.496183911107662980e-17
2.340000000000000000e+03 5.523106804793870336e-17
2.350000000000000000e+03 5.550078073481074781e-17
2.360000000000000000e+03 5.577098066241601833e-17
2.370000000000000000e+03 5.604167134852146888e-17
2.380000000000000000e+03 5.631285633831936359e-17
2.390000000000000000e+03 5.658453920481503893e-17
2.400000000000000000e+03 5.685672354922168539e-17
2.410000000000000000e+03 5.712941300136185309e-17
2.420000000000000000e+03 5.740261122007574891e-17
2.430000000000000000e+03 5.767632189363691685e-17
2.440000000000000000e+03 5.795054874017495658e-17
2.450000000000000000e+03 5.822529550810571149e-17
2.460000000000000000e+03 5.850056597656909874e-17
2.470000000000000000e+03 5.877636395587448299e-17
2.480000000000000000e+03 5.905269328795412338e-17
2.490000000000000000e+03 5.932955784682455867e-17
2.500000000000000000e+03 5.960696153905621359e-17
2.510000000000000000e+03 5.988490830425144858e-17
2.520000000000000000e+03 6.016340211553111440e-17
2.530000000000000000e+03 6.044244698003000610e-17
2.540000000000000000e+03 6.072204693940103138e-17
2.550000000000000000e+03 6.100220607032874675e-17
2.560000000000000000e+03 6.128292848505207648e-17
2.570000000000000000e+03 6.156421833189662114e-17
2.580000000000000000e+03 6.184607979581666665e-17
2.590000000000000000e+03 6.212851709894733768e-17
2.600000000000000000e+03 6.241153450116650072e-17
2.610000000000000000e+03 6.269513630066752646e-17
2.620000000000000000e+03 6.297932683454239357e-17
2.630000000000000000e+03 6.326411047937566397e-17
2.640000000000000000e+03 6.354949165184966242e-17
2.650000000000000000e+03 6.383547480936086039e-17
2.660000000000000000e+03 6.412206445064789559e-17
2.670000000000000000e+03 6.440926511643151076e-17
2.680000000000000000e+03 6.469708139006644858e-17
2.690000000000000000e+03 6.498551789820567258e-17
2.700000000000000000e+03 6.527457931147761651e-17
2.710000000000000000e+03 6.556427034517578440e-17
2.720000000000000000e+03 6.585459575996206932e-17
2.730000000000000000e+03 6.614556036258338425e-17
2.740000000000000000e+03 6.643716900660197469e-17
2.750000000000000000e+03 6.672942659314017731e-17
2.760000000000000000e+03 6.702233807163929183e-17
2.770000000000000000e+03 6.731590844063355214e-17
2.780000000000000000e+03 6.761014274853897494e-17
2.790000000000000000e+03 6.790504609445775129e-17
2.800000000000000000e+03 6.820062362899846475e-17
2.810000000000000000e+03 6.849688055511254280e-17
2.820000000000000000e+03 6.879382212894702779e-17
2.830000000000000000e+03 6.909145366071460425e-17
2.840000000000000000e+03 6.938978051558067296e-17
2.850000000000000000e+03 6.968880811456827302e-17
2.860000000000000000e+03 6.998854193548117238e-17
2.870000000000000000e+03 7.028898751384533636e-17
2.880000000000000000e+03 7.059015044386963694e-17
2.890000000000000000e+03 7.089203637942572896e-17
2.900000000000000000e+03 7.119465103504805457e-17
2.910000000000000000e+03 7.149800018695400064e-17
2.920000000000000000e+03 7.180208967408502256e-17
2.930000000000000000e+03 7.210692539916904267e-17
2.940000000000000000e+03 7.241251332980470263e-17
2.950000000000000000e+03 7.271885949956787637e-17
2.960000000000000000e+03 7.302597000914122034e-17
2.970000000000000000e+03 7.333385102746698278e-17
2.980000000000000000e+03 7.364250879292398417e-17
2.990000000000000000e+03 7.395194961452895384e-17
3.000000000000000000e+03 7.426217987316314695e-17
3.010000000000000000e+03 7.457320602282478454e-17
3.020000000000000000e+03 7.488503459190763675e-17
3.030000000000000000e+03 7.519767218450685882e-17
3.040000000000000000e+03 7.551112548175241251e-17
3.050000000000000000e+03 7.582540124317081265e-17
3.060000000000000000e+03 7.614050630807596278e-17
3.070000000000000000e+03 7.645644759698967186e-17
3.080000000000000000e+03 7.677323211309272686e-17
3.090000000000000000e+03 7.709086694370718710e-17
3.100000000000000000e+03 7.740935926181052878e-17
3.110000000000000000e+03 7.772871632758284773e-17
3.120000000000000000e+03 7.804894548998737922e-17
3.130000000000000000e+03 7.837005418838566602e-17
3.140000000000000000e+03 7.869204995418781842e-17
3.150000000000000000e+03 7.901494041253913584e-17
3.160000000000000000e+03 7.933873328404368158e-17
3.170000000000000000e+03 7.966343638652580931e-17
3.180000000000000000e+03 7.998905763683083661e-17
3.190000000000000000e+03 8.031560505266534655e-17
3.200000000000000000e+03 8.064308675447886750e-17
3.210000000000000000e+03 8.097151096738690645e-17
3.220000000000000000e+03 8.130088602313772714e-17
3.230000000000000000e+03 8.163122036212271282e-17
3.240000000000000000e+03 8.196252253543216239e-17
3.250000000000000000e+03 8.229480120695765401e-17
3.260000000000000000e+03 8.262806515554165410e-17
3.270000000000000000e+03 8.296232327717629457e-17
3.280000000000000000e+03 8.329758458725199613e-17
3.290000000000000000e+03 8.363385822285747860e-17
3.300000000000000000e+03 8.397115344513262480e-17
3.310000000000000000e+03 8.430947964167501167e-17
3.320000000000000000e+03 8.464884632900229031e-17
3.330000000000000000e+03 8.498926315507127769e-17
3.340000000000000000e+03 8.533073990185522685e-17
3.350000000000000000e+03 8.567328648798138332e-17
3.360000000000000000e+03 8.601691297142957970e-17
3.370000000000000000e+03 8.636162955229413627e-17
3.380000000000000000e+03 8.670744657561047292e-17
3.390000000000000000e+03 8.705437453424786201e-17
3.400000000000000000e+03 8.740242407187077531e-17
3.410000000000000000e+03 8.775160598596983545e-17
3.420000000000000000e+03 8.810193123096472637e-17
3.430000000000000000e+03 8.845341092138080060e-17
3.440000000000000000e+03 8.880605633510138019e-17
3.450000000000000000e+03 8.915987891669766186e-17
3.460000000000000000e+03 8.951489028083853127e-17
3.470000000000000000e+03 8.987110221578208607e-17
3.480000000000000000e+03 9.022852668695143144e-17
3.490000000000000000e+03 9.058717584059654772e-17
3.500000000000000000e+03 9.094706200754510221e-17
3.510000000000000000e+03 9.130819770704414011e-17
3.520000000000000000e+03 9.167059565069520621e-17
3.530000000000000000e+03 9.203426874648560903e-17
3.540000000000000000e+03 9.239923010291828019e-17
3.550000000000000000e+03 9.276549303324278062e-17
3.560000000000000000e+03 9.313307105979051024e-17
3.570000000000000000e+03 9.350197791841659892e-17
3.580000000000000000e+03 9.387222756305174475e-17
3.590000000000000000e+03 9.424383417036662538e-17
3.600000000000000000e+03 9.461681214455218553e-17
3.610000000000000000e+03 9.499117612221901788e-17
3.620000000000000000e+03 9.536694097741885719e-17
3.630000000000000000e+03 9.574412182679174974e-17
3.640000000000000000e+03 9.612273403484215234e-17
3.650000000000000000e+03 9.650279321934779407e-17
3.660000000000000000e+03 9.688431525690465355e-17
3.670000000000000000e+03 9.726731628861181109e-17
3.680000000000000000e+03 9.765181272590036657e-17
3.690000000000000000e+03 9.803782125651005922e-17
3.700000000000000000e+03 9.842535885061758284e-17
3.710000000000000000e+03 9.881444276712125575e-17
3.720000000000000000e+03 9.920509056008591577e-17
3.730000000000000000e+03 9.959732008535265021e-17
3.740000000000000000e+03 9.999114950731799523e-17
3.750000000000000000e+03 1.003865973058869929e-16
3.760000000000000000e+03 1.007836822836055169e-16
3.770000000000000000e+03 1.011824235729760081e-16
3.780000000000000000e+03 1.015828406439624509e-16
3.790000000000000000e+03 1.019849533116895570e-16
3.800000000000000000e+03 1.023887817443412228e-16
3.810000000000000000e+03 1.027943464712644978e-16
3.820000000000000000e+03 1.032016683912839685e-16
3.830000000000000000e+03 1.036107687812329690e-16
3.840000000000000000e+03 1.040216693047074099e-16
3.850000000000000000e+03 1.044343920210483901e-16
3.860000000000000000e+03 1.048489593945598015e-16
3.870000000000000000e+03 1.052653943039677457e-16
3.880000000000000000e+03 1.056837200521281448e-16
3.890000000000000000e+03 1.061039603759894389e-16
3.900000000000000000e+03 1.065261394568176405e-16
3.910000000000000000e+03 1.069502819306905881e-16
3.920000000000000000e+03 1.073764128992690779e-16
3.930000000000000000e+03 1.078045579408523425e-16
3.940000000000000000e+03 1.082347431217256671e-16
3.950000000000000000e+03 1.086669950078084139e-16
3.960000000000000000e+03 1.091013406766097388e-16
3.970000000000000000e+03 1.095378077295018254e-16
3.980000000000000000e+03 1.099764243043176115e-16
3.990000000000000000e+03 1.104172190882831524e-16
4.000000000000000000e+03 1.108602213312927207e-16
4.010000000000000000e+03 1.113054608595361687e-16
4.020000000000000000e+03 1.117529680894881933e-16
4.030000000000000000e+03 1.122027740422684763e-16
4.040000000000000000e+03 1.126549103583832513e-16
4.050000000000000000e+03 1.131094093128578379e-16
4.060000000000000000e+03 1.135663038307704962e-16
4.070000000000000000e+03 1.140256275031982881e-16
4.080000000000000000e+03 1.144874146035851773e-16
4.090000000000000000e+03 1.149517001045434107e-16
4.100000000000000000e+03 1.154185196950996200e-16
4.110000000000000000e+03 1.158879097983958744e-16
4.120000000000000000e+03 1.163599075898582813e-16
4.130000000000000000e+03 1.168345510158439570e-16
4.140000000000000000e+03 1.173118788127782008e-16
4.150000000000000000e+03 1.177919305267942469e-16
4.160000000000000000e+03 1.182747465338868369e-16
4.170000000000000000e+03 1.187603680605928487e-16
4.180000000000000000e+03 1.192488372052105460e-16
4.190000000000000000e+03 1.197401969595698217e-16
4.200000000000000000e+03 1.202344912313664035e-16
4.210000000000000000e+03 1.207317648670722726e-16
4.220000000000000000e+03 1.212320636754351149e-16
4.230000000000000000e+03 1.217354344515787372e-16
4.240000000000000000e+03 1.222419250017178569e-16
4.250000000000000000e+03 1.227515841684993469e-16
4.260000000000000000e+03 1.232644618569822597e-16
4.270000000000000000e+03 1.237806090612689091e-16
4.280000000000000000e+03 1.243000778917995809e-16
4.290000000000000000e+03 1.248229216033218424e-16
4.300000000000000000e+03 1.253491946235466793e-16
4.310000000000000000e+03 1.258789525825025027e-16
4.320000000000000000e+03 1.264122523425976772e-16
4.330000000000000000e+03 1.269491520294017746e-16
4.340000000000000000e+03 1.274897110631554642e-16
4.350000000000000000e+03 1.280339901910180615e-16
4.360000000000000000e+03 1.285820515200605763e-16
4.370000000000000000e+03 1.291339585510121215e-16
4.380000000000000000e+03 1.296897762127659220e-16
4.390000000000000000e+03 1.302495708976500748e-16
4.400000000000000000e+03 1.308134104974668808e-16
4.410000000000000000e+03 1.313813644403041519e-16
4.420000000000000000e+03 1.319535037281181962e-16
4.430000000000000000e+03 1.325299009750891226e-16
4.440000000000000000e+03 1.331106304467446682e-16
4.450000000000000000e+03 1.336957680998484084e-16
4.460000000000000000e+03 1.342853916230444585e-16
4.470000000000000000e+03 1.348795804782495234e-16
4.480000000000000000e+03 1.354784159427788094e-16
4.490000000000000000e+03 1.360819811521898243e-16
4.500000000000000000e+03 1.366903611438250094e-16
4.510000000000000000e+03 1.373036429010291434e-16
4.520000000000000000e+03 1.379219153980142291e-16
4.530000000000000000e+03 1.385452696453388032e-16
4.540000000000000000e+03 1.391737987359657284e-16
4.550000000000000000e+03 1.398075978918529843e-16
4.560000000000000000e+03 1.404467645110310860e-16
4.570000000000000000e+03 1.410913982151091266e-16
4.580000000000000000e+03 1.417416008971477377e-16
4.590000000000000000e+03 1.423974767698273309e-16
4.600000000000000000e+03 1.430591324138329549e-16
4.610000000000000000e+03 1.437266768263663083e-16
4.620000000000000000e+03 1.444002214696860270e-16
4.630000000000000000e+03 1.450798803195670643e-16
4.640000000000000000e+03 1.457657699135567181e-16
4.650000000000000000e+03 1.464580093988925319e-16
4.660000000000000000e+03 1.471567205799338140e-16
4.670000000000000000e+03 1.478620279649428146e-16
4.680000000000000000e+03 1.485740588120346906e-16
4.690000000000000000e+03 1.492929431740991896e-16
4.700000000000000000e+03 1.500188139424765011e-16
4.710000000000000000e+03 1.507518068891491613e-16
4.720000000000000000e+03 1.514920607071908469e-16
4.730000000000000000e+03 1.522397170491872784e-16
4.740000000000000000e+03 1.529949205633194575e-16
4.750000000000000000e+03 1.537578189267719759e-16
4.760000000000000000e+03 1.545285628760977994e-16
4.770000000000000000e+03 1.553073062341408835e-16
4.780000000000000000e+03 1.560942059330808458e-16
4.790000000000000000e+03 1.568894220331293397e-16
4.800000000000000000e+03 1.576931177363664525e-16
4.810000000000000000e+03 1.585054593951632996e-16
4.820000000000000000e+03 1.593266165145918465e-16
4.830000000000000000e+03 1.601567617481738605e-16
4.840000000000000000e+03 1.609960708862693222e-16
4.850000000000000000e+03 1.618447228363488879e-16
4.860000000000000000e+03 1.627028995943364211e-16
4.870000000000000000e+03 1.635707862061444809e-16
4.880000000000000000e+03 1.644485707184588668e-16
4.890000000000000000e+03 1.653364441177588829e-16
4.900000000000000000e+03 1.662346002564825940e-16
4.910000000000000000e+03 1.671432357651696862e-16
4.920000000000000000e+03 1.680625499493298349e-16
4.930000000000000000e+03 1.689927446696955421e-16
4.940000000000000000e+03 1.699340242044280059e-16
4.950000000000000000e+03 1.708865950917453356e-16
4.960000000000000000e+03 1.718506659513419947e-16
4.970000000000000000e+03 1.728264472828631897e-16
4.980000000000000000e+03 1.738141512395846450e-16
4.990000000000000000e+03 1.748139913753389991e-16
5.000000000000000000e+03 1.758261823626073615e-16
5.010000000000000000e+03 1.768509396795760970e-16
5.020000000000000000e+03 1.778884792638350476e-16
5.030000000000000000e+03 1.789390171302662029e-16
5.040000000000000000e+03 1.800027689505445750e-16
5.050000000000000000e+03 1.810799495915469878e-16
5.060000000000000000e+03 1.821707726098351439e-16
5.070000000000000000e+03 1.832754496992560470e-16
5.080000000000000000e+03 1.843941900885817428e-16
5.090000000000000000e+03 1.855271998859937634e-16
5.100000000000000000e+03 1.866746813671105226e-16
5.110000000000000000e+03 1.878368322031590514e-16
5.120000000000000000e+03 1.890138446258059118e-16
5.130000000000000000e+03 1.902059045250957866e-16
5.140000000000000000e+03 1.914131904768960545e-16
5.150000000000000000e+03 1.926358726962222369e-16
5.160000000000000000e+03 1.938741119128223374e-16
5.170000000000000000e+03 1.951280581654350941e-16
5.180000000000000000e+03 1.963978495112152642e-16
5.190000000000000000e+03 1.976836106469381777e-16
5.200000000000000000e+03 1.989854514387720339e-16
5.210000000000000000e+03 2.003034653576378696e-16
5.220000000000000000e+03 2.016377278174778342e-16
5.230000000000000000e+03 2.029882944141278780e-16
5.240000000000000000e+03 2.043551990629516063e-16
5.250000000000000000e+03 2.057384520339457586e-16
5.260000000000000000e+03 2.071380378836858296e-16
5.270000000000000000e+03 2.085539132842520764e-16
5.280000000000000000e+03 2.099860047501713661e-16
5.290000000000000000e+03 2.114342062654404466e-16
5.300000000000000000e+03 2.128983768138692847e-16
5.310000000000000000e+03 2.143783378173108911e-16
5.320000000000000000e+03 2.158738704878319424e-16
5.330000000000000000e+03 2.173847131015370172e-16
5.340000000000000000e+03 2.189105582035928211e-16
5.350000000000000000e+03 2.204510497560078573e-16
5.360000000000000000e+03 2.220057802419152436e-16
5.370000000000000000e+03 2.235742877424721462e-16
5.380000000000000000e+03 2.251560530050262026e-16
5.390000000000000000e+03 2.267504965238956085e-16
5.400000000000000000e+03 2.283569756579474455e-16
5.410000000000000000e+03 2.299747818121176732e-16
5.420000000000000000e+03 2.316031377130625383e-16
5.430000000000000000e+03 2.332411948122330607e-16
5.440000000000000000e+03 2.348880308527710793e-16
5.450000000000000000e+03 2.365426476396840053e-16
5.460000000000000000e+03 2.382039690557038455e-16
5.470000000000000000e+03 2.398708393679982062e-16
5.480000000000000000e+03 2.415420218733942807e-16
5.490000000000000000e+03 2.432161979319138000e-16
5.500000000000000000e+03 2.448919664400873873e-16
5.510000000000000000e+03 2.465678437966272261e-16
5.520000000000000000e+03 2.482422644134635791e-16
5.530000000000000000e+03 2.499135818247814088e-16
5.540000000000000000e+03 2.515800704454191921e-16
5.550000000000000000e+03 2.532399280276907160e-16
5.560000000000000000e+03 2.548912788622631926e-16
5.570000000000000000e+03 2.565321777640824803e-16
5.580000000000000000e+03 2.581606148783961802e-16
5.590000000000000000e+03 2.597745213346382209e-16
5.600000000000000000e+03 2.613717757672851364e-16
5.610000000000000000e+03 2.629502117127730469e-16
5.620000000000000000e+03 2.645076258802337433e-16
5.630000000000000000e+03 2.660417872812530161e-16
5.640000000000000000e+03 2.675504471902142211e-16
5.650000000000000000e+03 2.690313498922530475e-16
5.660000000000000000e+03 2.704822441606503198e-16
5.670000000000000000e+03 2.719008953899149903e-16
5.680000000000000000e+03 2.732850982951908184e-16
5.690000000000000000e+03 2.746326900733209198e-16
5.700000000000000000e+03 2.759415639063336120e-16
5.710000000000000000e+03 2.772096826746828740e-16
5.720000000000000000e+03 2.784350927357193204e-16
5.730000000000000000e+03 2.796159376130036714e-16
5.740000000000000000e+03 2.807504714345981755e-16
5.750000000000000000e+03 2.818370719537451753e-16
5.760000000000000000e+03 2.828742529836609974e-16
5.770000000000000000e+03 2.838606760797742377e-16
5.780000000000000000e+03 2.847951613077580256e-16
5.790000000000000000e+03 2.856766969441933494e-16
5.800000000000000000e+03 2.865044479686067567e-16
5.810000000000000000e+03 2.872777632207691086e-16
5.820000000000000000e+03 2.879961811152678261e-16
5.830000000000000000e+03 2.886594338260878965e-16
5.840000000000000000e+03 2.892674498767969664e-16
5.850000000000000000e+03 2.898203550963884775e-16
5.860000000000000000e+03 2.903184719262939361e-16
5.870000000000000000e+03 2.907623170898943805e-16
5.880000000000000000e+03 2.911525976614019111e-16
5.890000000000000000e+03 2.914902055955966315e-16
5.900000000000000000e+03 2.917762108030001741e-16
5.910000000000000000e+03 2.920118528760846519e-16
5.920000000000000000e+03 2.921985315905905117e-16
5.930000000000000000e+03 2.923377963215652008e-16
5.940000000000000000e+03 2.924313345260581930e-16
5.950000000000000000e+03 2.924809594533315179e-16
5.960000000000000000e+03 2.924885972489034064e-16
5.970000000000000000e+03 2.924562736207683665e-16
5.980000000000000000e+03 2.923861002348572689e-16
5.990000000000000000e+03 2.922802610024477967e-16
6.000000000000000000e+03 2.921409984150839433e-16
6.010000000000000000e+03 2.919706000729838133e-16
6.020000000000000000e+03 2.917713855412844074e-16
6.030000000000000000e+03 2.915456936552228594e-16
6.040000000000000000e+03 2.912958703808990469e-16
6.050000000000000000e+03 2.910242573230441676e-16
6.060000000000000000e+03 2.907331809556180269e-16
6.070000000000000000e+03 2.904249426354636299e-16
6.080000000000000000e+03 2.901018094439875528e-16
6.090000000000000000e+03 2.897660058872047948e-16
6.100000000000000000e+03 2.894197064707244951e-16
6.110000000000000000e+03 2.890650291535572668e-16
6.120000000000000000e+03 2.887040296731385917e-16
6.130000000000000000e+03 2.883386967237776378e-16
6.140000000000000000e+03 2.879709479619170104e-16
6.150000000000000000e+03 2.876026268041368218e-16
6.160000000000000000e+03 2.872354999777341357e-16
6.170000000000000000e+03 2.868712557789087703e-16
6.180000000000000000e+03 2.865115029900194609e-16
6.190000000000000000e+03 2.861577704049394670e-16
6.200000000000000000e+03 2.858115069101488106e-16
6.210000000000000000e+03 2.854740820687286454e-16
6.220000000000000000e+03 2.851467871547623666e-16
6.230000000000000000e+03 2.848308365866812816e-16
6.240000000000000000e+03 2.845273697097058339e-16
6.250000000000000000e+03 2.842374528796218818e-16
6.260000000000000000e+03 2.839620818025889323e-16
6.270000000000000000e+03 2.837021840884166014e-16
6.280000000000000000e+03 2.834586219776774715e-16
6.290000000000000000e+03 2.832321952060776038e-16
6.300000000000000000e+03 2.830236439726151635e-16
6.310000000000000000e+03 2.828336519811636048e-16
6.320000000000000000e+03 2.826628495281752634e-16
6.330000000000000000e+03 2.825118166121745690e-16
6.340000000000000000e+03 2.823810860435665563e-16
6.350000000000000000e+03 2.822711465359993914e-16
6.360000000000000000e+03 2.821824457630787965e-16
6.370000000000000000e+03 2.821153933666151561e-16
6.380000000000000000e+03 2.820703639047967454e-16
6.390000000000000000e+03 2.820476997307060970e-16
6.400000000000000000e+03 2.820477137934464505e-16
6.410000000000000000e+03 2.820706923558132262e-16
6.420000000000000000e+03 2.821168976239419831e-16
6.430000000000000000e+03 2.821865702856948835e-16
6.440000000000000000e+03 2.822799319557186007e-16
6.450000000000000000e+03 2.823971875261319810e-16
6.460000000000000000e+03 2.825385274226800654e-16
6.470000000000000000e+03 2.827041297669470047e-16
6.480000000000000000e+03 2.828941624458467575e-16
6.490000000000000000e+03 2.831087850901325858e-16
6.500000000000000000e+03 2.833481509640767208e-16
6.510000000000000000e+03 2.836124087687975178e-16
6.520000000000000000e+03 2.839017043619389554e-16
6.530000000000000000e+03 2.842161823965638764e-16
6.540000000000000000e+03 2.845559878822027791e-16
6.550000000000000000e+03 2.849212676710102745e-16
6.560000000000000000e+03 2.853121718719314287e-16
6.570000000000000000e+03 2.857288551956732690e-16
6.580000000000000000e+03 2.861714782331097424e-16
6.590000000000000000e+03 2.866402086695342859e-16
6.600000000000000000e+03 2.871352224369052679e-16
6.610000000000000000e+03 2.876567048059126820e-16
6.620000000000000000e+03 2.882048514193300715e-16
6.630000000000000000e+03 2.887798692676954464e-16
6.640000000000000000e+03 2.893819776079012028e-16
6.650000000000000000e+03 2.900114088247502366e-16
6.660000000000000000e+03 2.906684092349583931e-16
6.670000000000000000e+03 2.913532398324485564e-16
6.680000000000000000e+03 2.920661769730794994e-16
6.690000000000000000e+03 2.928075129961859889e-16
6.700000000000000000e+03 2.935775567794614265e-16
6.710000000000000000e+03 2.943766342227913369e-16
6.720000000000000000e+03 2.952050886556334662e-16
6.730000000000000000e+03 2.960632811614342150e-16
6.740000000000000000e+03 2.969515908113583141e-16
6.750000000000000000e+03 2.978704147982896675e-16
6.760000000000000000e+03 2.988201684606129456e-16
6.770000000000000000e+03 2.998012851837176444e-16
6.780000000000000000e+03 3.008142161654501654e-16
6.790000000000000000e+03 3.018594300298835227e-16
6.800000000000000000e+03 3.029374122717579085e-16
6.810000000000000000e+03 3.040486645117719388e-16
6.820000000000000000e+03 3.051937035405609883e-16
6.830000000000000000e+03 3.063730601266864543e-16
6.840000000000000000e+03 3.075872775612824936e-16
6.850000000000000000e+03 3.088369099091605166e-16
6.860000000000000000e+03 3.101225199331732639e-16
6.870000000000000000e+03 3.114446766555084602e-16
6.880000000000000000e+03 3.128039525163341075e-16
6.890000000000000000e+03 3.142009200868956809e-16
6.900000000000000000e+03 3.156361482908191447e-16
6.910000000000000000e+03 3.171101980840620174e-16
6.920000000000000000e+03 3.186236175407627385e-16
6.930000000000000000e+03 3.201769362892713374e-16
6.940000000000000000e+03 3.217706592400309084e-16
6.950000000000000000e+03 3.234052595448715610e-16
6.960000000000000000e+03 3.250811707258813915e-16
6.970000000000000000e+03 3.267987779115442757e-16
6.980000000000000000e+03 3.285584081185691555e-16
6.990000000000000000e+03 3.303603195200785212e-16
7.000000000000000000e+03 3.322046896449533274e-16
7.010000000000000000e+03 3.340916024595458607e-16
7.020000000000000000e+03 3.360210342921395753e-16
7.030000000000000000e+03 3.379928385729591788e-16
7.040000000000000000e+03 3.400067293787606223e-16
7.050000000000000000e+03 3.420622637916302286e-16
7.060000000000000000e+03 3.441588231071853220e-16
7.070000000000000000e+03 3.462955929584527583e-16
7.080000000000000000e+03 3.484715424588485667e-16
7.090000000000000000e+03 3.506854025113119443e-16
7.100000000000000000e+03 3.529356434810613601e-16
7.110000000000000000e+03 3.552204524867276115e-16
7.120000000000000000e+03 3.575377106285825189e-16
7.130000000000000000e+03 3.598849705426579935e-16
7.140000000000000000e+03 3.622594347447178533e-16
7.150000000000000000e+03 3.646579353067168806e-16
7.160000000000000000e+03 3.670769154883252671e-16
7.170000000000000000e+03 3.695124140243392208e-16
7.180000000000000000e+03 3.719600528415880368e-16
7.190000000000000000e+03 3.744150290417116274e-16
7.200000000000000000e+03 3.768721120335964054e-16
7.210000000000000000e+03 3.793256467253260557e-16
7.220000000000000000e+03 3.817695636837860910e-16
7.230000000000000000e+03 3.841973971339669488e-16
7.240000000000000000e+03 3.866023115932133514e-16
7.250000000000000000e+03 3.889771378126426206e-16
7.260000000000000000e+03 3.913144185245932866e-16
7.270000000000000000e+03 3.936064642692520082e-16
7.280000000000000000e+03 3.958454192963376989e-16
7.290000000000000000e+03 3.980233372131035630e-16
7.300000000000000000e+03 4.001322656860989949e-16
7.310000000000000000e+03 4.021643391134493397e-16
7.320000000000000000e+03 4.041118777832984207e-16
7.330000000000000000e+03 4.059674916426253672e-16
7.340000000000000000e+03 4.077241864417224691e-16
7.350000000000000000e+03 4.093754697173950528e-16
7.360000000000000000e+03 4.109154538562667224e-16
7.370000000000000000e+03 4.123389533598698273e-16
7.380000000000000000e+03 4.136415734324636803e-16
7.390000000000000000e+03 4.148197871413163282e-16
7.400000000000000000e+03 4.158709986601077307e-16
7.410000000000000000e+03 4.167935904928538260e-16
7.420000000000000000e+03 4.175869530729380435e-16
7.430000000000000000e+03 4.182514957157325816e-16
7.440000000000000000e+03 4.187886385433758282e-16
7.450000000000000000e+03 4.192007856615384047e-16
7.460000000000000000e+03 4.194912805137264410e-16
7.470000000000000000e+03 4.196643449333689683e-16
7.480000000000000000e+03 4.197250039262465450e-16
7.490000000000000000e+03 4.196789986208285929e-16
7.500000000000000000e+03 4.195326901050669484e-16
7.510000000000000000e+03 4.192929570174253019e-16
7.520000000000000000e+03 4.189670897786655620e-16
7.530000000000000000e+03 4.185626842486074744e-16
7.540000000000000000e+03 4.180875373848169453e-16
7.550000000000000000e+03 4.175495471888729960e-16
7.560000000000000000e+03 4.169566188740924967e-16
7.570000000000000000e+03 4.163165788006337798e-16
7.580000000000000000e+03 4.156370973228948253e-16
7.590000000000000000e+03 4.149256213006523831e-16
7.600000000000000000e+03 4.141893166565178292e-16
7.610000000000000000e+03 4.134350210309877857e-16
7.620000000000000000e+03 4.126692063014193868e-16
7.630000000000000000e+03 4.118979504974708447e-16
7.640000000000000000e+03 4.111269184641735068e-16
7.650000000000000000e+03 4.103613504932402900e-16
7.660000000000000000e+03 4.096060580596182552e-16
7.670000000000000000e+03 4.088654257583242090e-16
7.680000000000000000e+03 4.081434185300090651e-16
7.690000000000000000e+03 4.074435932859155098e-16
7.700000000000000000e+03 4.067691140874189454e-16
7.710000000000000000e+03 4.061227700961127662e-16
7.720000000000000000e+03 4.055069955819631065e-16
7.730000000000000000e+03 4.049238913547320039e-16
7.740000000000000000e+03 4.043752470637712528e-16
7.750000000000000000e+03 4.038625638903265231e-16
7.760000000000000000e+03 4.033870772323284183e-16
7.770000000000000000e+03 4.029497790525996088e-16
7.780000000000000000e+03 4.025514396263687927e-16
7.790000000000000000e+03 4.021926284823341243e-16
7.800000000000000000e+03 4.018737343830041560e-16
7.810000000000000000e+03 4.015949842347231501e-16
7.820000000000000000e+03 4.013564608559184448e-16
7.830000000000000000e+03 4.011581195641145498e-16
7.840000000000000000e+03 4.009998035686509791e-16
7.850000000000000000e+03 4.008812581773878961e-16
7.860000000000000000e+03 4.008021438425641826e-16
7.870000000000000000e+03 4.007620480839705595e-16
7.880000000000000000e+03 4.007604963372556951e-16
7.890000000000000000e+03 4.007969617820188183e-16
7.900000000000000000e+03 4.008708742088185954e-16
7.910000000000000000e+03 4.009816279867689019e-16
7.920000000000000000e+03 4.011285891943639968e-16
7.930000000000000000e+03 4.013111019759063104e-16
7.940000000000000000e+03 4.015284941846676971e-16
7.950000000000000000e+03 4.017800823719468498e-16
7.960000000000000000e+03 4.020651761786740313e-16
7.970000000000000000e+03 4.023830821833379008e-16
7.980000000000000000e+03 4.027331072568885712e-16
7.990000000000000000e+03 4.031145614720218193e-16
8.000000000000000000e+03 4.035267606109551827e-16
8.010000000000000000e+03 4.039690283125322667e-16
8.020000000000000000e+03 4.044406978962907280e-16
8.030000000000000000e+03 4.049411138980386981e-16
8.040000000000000000e+03 4.054696333485297788e-16
8.050000000000000000e+03 4.060256268240317574e-16
8.060000000000000000e+03 4.066084792949487541e-16
8.070000000000000000e+03 4.072175907962026646e-16
8.080000000000000000e+03 4.078523769407921600e-16
8.090000000000000000e+03 4.085122692958351866e-16
8.100000000000000000e+03 4.091967156384555736e-16
8.110000000000000000e+03 4.099051801070884288e-16
8.120000000000000000e+03 4.106371432621464014e-16
8.130000000000000000e+03 4.113921020685026314e-16
8.140000000000000000e+03 4.121695698108897067e-16
8.150000000000000000e+03 4.129690759520922031e-16
8.160000000000000000e+03 4.137901659426968031e-16
8.170000000000000000e+03 4.146324009901655928e-16
8.180000000000000000e+03 4.154953577940938482e-16
8.190000000000000000e+03 4.163786282537039622e-16
8.200000000000000000e+03 4.172818191528991862e-16
8.210000000000000000e+03 4.182045518275470981e-16
8.220000000000000000e+03 4.191464618190824458e-16
8.230000000000000000e+03 4.201071985179952666e-16
8.240000000000000000e+03 4.210864248003069200e-16
8.250000000000000000e+03 4.220838166597244940e-16
8.260000000000000000e+03 4.230990628377935266e-16
8.270000000000000000e+03 4.241318644540472753e-16
8.280000000000000000e+03 4.251819346378561305e-16
8.290000000000000000e+03 4.262489981634317818e-16
8.300000000000000000e+03 4.273327910892084778e-16
8.310000000000000000e+03 4.284330604026306946e-16
8.320000000000000000e+03 4.295495636711959787e-16
8.330000000000000000e+03 4.306820687004528805e-16
8.340000000000000000e+03 4.318303531995150059e-16
8.350000000000000000e+03 4.329942044545367958e-16
8.360000000000000000e+03 4.341734190104941361e-16
8.370000000000000000e+03 4.353678023615210035e-16
8.380000000000000000e+03 4.365771686499779132e-16
8.390000000000000000e+03 4.378013403743621169e-16
8.400000000000000000e+03 4.390401481061071302e-16
8.410000000000000000e+03 4.402934302152752355e-16
8.420000000000000000e+03 4.415610326051011038e-16
8.430000000000000000e+03 4.428428084553086342e-16
8.440000000000000000e+03 4.441386179740964380e-16
8.450000000000000000e+03 4.454483281586580085e-16
8.460000000000000000e+03 4.467718125640838348e-16
8.470000000000000000e+03 4.481089510804774299e-16
8.480000000000000000e+03 4.494596297180992520e-16
8.490000000000000000e+03 4.508237404003473177e-16
8.500000000000000000e+03 4.522011807643684665e-16
8.510000000000000000e+03 4.535918539690962578e-16
8.520000000000000000e+03 4.549956685104995500e-16
8.530000000000000000e+03 4.564125380438287684e-16
8.540000000000000000e+03 4.578423812126434187e-16
8.550000000000000000e+03 4.592851214844058817e-16
8.560000000000000000e+03 4.607406869924248478e-16
8.570000000000000000e+03 4.622090103839386533e-16
8.580000000000000000e+03 4.636900286741278924e-16
8.590000000000000000e+03 4.651836831058493416e-16
8.600000000000000000e+03 4.666899190148920090e-16
8.610000000000000000e+03 4.682086857005541487e-16
8.620000000000000000e+03 4.697399363013496467e-16
8.630000000000000000e+03 4.712836276756547464e-16
8.640000000000000000e+03 4.728397202871118024e-16
8.650000000000000000e+03 4.744081780946106959e-16
8.660000000000000000e+03 4.759889684466765311e-16
8.670000000000000000e+03 4.775820619800940076e-16
8.680000000000000000e+03 4.791874325226086266e-16
8.690000000000000000e+03 4.808050569995448861e-16
8.700000000000000000e+03 4.824349153441921757e-16
8.710000000000000000e+03 4.840769904118102600e-16
8.720000000000000000e+03 4.857312678971143298e-16
8.730000000000000000e+03 4.873977362551025546e-16
8.740000000000000000e+03 4.890763866250952857e-16
8.750000000000000000e+03 4.907672127578593958e-16
8.760000000000000000e+03 4.924702109456974528e-16
8.770000000000000000e+03 4.941853799553815275e-16
8.780000000000000000e+03 4.959127209638233607e-16
8.790000000000000000e+03 4.976522374963694670e-16
8.800000000000000000e+03 4.994039353676191127e-16
8.810000000000000000e+03 5.011678226246654778e-16
8.820000000000000000e+03 5.029439094926610988e-16
8.830000000000000000e+03 5.047322083226220973e-16
8.840000000000000000e+03 5.065327335413745612e-16
8.850000000000000000e+03 5.083455016035661644e-16
8.860000000000000000e+03 5.101705309456565437e-16
8.870000000000000000e+03 5.120078419418101145e-16
8.880000000000000000e+03 5.138574568616175626e-16
8.890000000000000000e+03 5.157193998295721590e-16
8.900000000000000000e+03 5.175936967862340383e-16
8.910000000000000000e+03 5.194803754510143054e-16
8.920000000000000000e+03 5.213794652865201000e-16
8.930000000000000000e+03 5.232909974643915948e-16
8.940000000000000000e+03 5.252150048325843839e-16
8.950000000000000000e+03 5.271515218840295178e-16
8.960000000000000000e+03 5.291005847266261225e-16
8.970000000000000000e+03 5.310622310545134518e-16
8.980000000000000000e+03 5.330365001205692236e-16
8.990000000000000000e+03 5.350234327100932206e-16
9.000000000000000000e+03 5.370230711156258640e-16
9.010000000000000000e+03 5.390354591128619233e-16
9.020000000000000000e+03 5.410606419376158766e-16
9.030000000000000000e+03 5.430986662637989849e-16
9.040000000000000000e+03 5.451495801823719900e-16
9.050000000000000000e+03 5.472134331812336977e-16
9.060000000000000000e+03 5.492902761260132990e-16
9.070000000000000000e+03 5.513801612417302416e-16
9.080000000000000000e+03 5.534831420952909846e-16
9.090000000000000000e+03 5.555992735787903901e-16
9.100000000000000000e+03 5.577286118935899472e-16
9.110000000000000000e+03 5.598712145351400873e-16
9.120000000000000000e+03 5.620271402785253935e-16
9.130000000000000000e+03 5.641964491646993715e-16
9.140000000000000000e+03 5.663792024873902466e-16
9.150000000000000000e+03 5.685754627806468221e-16
9.160000000000000000e+03 5.707852938070080305e-16
9.170000000000000000e+03 5.730087605462659060e-16
9.180000000000000000e+03 5.752459291848092573e-16
9.190000000000000000e+03 5.774968671055189503e-16
9.200000000000000000e+03 5.797616428782010968e-16
9.210000000000000000e+03 5.820403262505348751e-16
9.220000000000000000e+03 5.843329881395200948e-16
9.230000000000000000e+03 5.866397006234031067e-16
9.240000000000000000e+03 5.889605369340672534e-16
9.250000000000000000e+03 5.912955714498695190e-16
9.260000000000000000e+03 5.936448796889077001e-16
9.270000000000000000e+03 5.960085383027047855e-16
9.280000000000000000e+03 5.983866250702929922e-16
9.290000000000000000e+03 6.007792188926850336e-16
9.300000000000000000e+03 6.031863997877196043e-16
9.310000000000000000e+03 6.056082488852659927e-16
9.320000000000000000e+03 6.080448484227762864e-16
9.330000000000000000e+03 6.104962817411747164e-16
9.340000000000000000e+03 6.129626332810674764e-16
9.350000000000000000e+03 6.154439885792669028e-16
9.360000000000000000e+03 6.179404342656163098e-16
9.370000000000000000e+03 6.204520580601046322e-16
9.380000000000000000e+03 6.229789487702606202e-16
9.390000000000000000e+03 6.255211962888198820e-16
9.400000000000000000e+03 6.280788915916483063e-16
9.410000000000000000e+03 6.306521267359197933e-16
9.420000000000000000e+03 6.332409948585342931e-16
9.430000000000000000e+03 6.358455901747697406e-16
9.440000000000000000e+03 6.384660079771582249e-16
9.450000000000000000e+03 6.411023446345780104e-16
9.460000000000000000e+03 6.437546975915548028e-16
9.470000000000000000e+03 6.464231653677624993e-16
9.480000000000000000e+03 6.491078475577168144e-16
9.490000000000000000e+03 6.518088448306536970e-16
9.500000000000000000e+03 6.545262589305873114e-16
9.510000000000000000e+03 6.572601926765362432e-16
9.520000000000000000e+03 6.600107499629165494e-16
9.530000000000000000e+03 6.627780357600885375e-16
9.540000000000000000e+03 6.655621561150579643e-16
9.550000000000000000e+03 6.683632181523177504e-16
9.560000000000000000e+03 6.711813300748296193e-16
9.570000000000000000e+03 6.740166011651357003e-16
9.580000000000000000e+03 6.768691417865967451e-16
9.590000000000000000e+03 6.797390633847487710e-16
9.600000000000000000e+03 6.826264784887722156e-16
9.610000000000000000e+03 6.855315007130709408e-16
9.620000000000000000e+03 6.884542447589502381e-16
9.630000000000000000e+03 6.913948264163924567e-16
9.640000000000000000e+03 6.943533625659229543e-16
9.650000000000000000e+03 6.973299711805602609e-16
9.660000000000000000e+03 7.003247713278458170e-16
9.670000000000000000e+03 7.033378831719478663e-16
9.680000000000000000e+03 7.063694279758328937e-16
9.690000000000000000e+03 7.094195281035013557e-16
9.700000000000000000e+03 7.124883070222803075e-16
9.710000000000000000e+03 7.155758893051677000e-16
9.720000000000000000e+03 7.186824006332260805e-16
9.730000000000000000e+03 7.218079677980145511e-16
9.740000000000000000e+03 7.249527187040602709e-16
9.750000000000000000e+03 7.281167823713593419e-16
9.760000000000000000e+03 7.313002889379036288e-16
9.770000000000000000e+03 7.345033696622282872e-16
9.780000000000000000e+03 7.377261569259751668e-16
9.790000000000000000e+03 7.409687842364640050e-16
9.800000000000000000e+03 7.442313862292706217e-16
9.810000000000000000e+03 7.475140986708005776e-16
9.820000000000000000e+03 7.508170584608604667e-16
9.830000000000000000e+03 7.541404036352139241e-16
9.840000000000000000e+03 7.574842733681213638e-16
9.850000000000000000e+03 7.608488079748567404e-16
9.860000000000000000e+03 7.642341489141947297e-16
9.870000000000000000e+03 7.676404387908646768e-16
9.880000000000000000e+03 7.710678213579624406e-16
9.890000000000000000e+03 7.745164415193173703e-16
9.900000000000000000e+03 7.779864453318075140e-16
9.910000000000000000e+03 7.814779800076151688e-16
9.920000000000000000e+03 7.849911939164196188e-16
9.930000000000000000e+03 7.885262365875192691e-16
9.940000000000000000e+03 7.920832587118759790e-16
9.950000000000000000e+03 7.956624121440777481e-16
9.960000000000000000e+03 7.992638499042116691e-16
9.970000000000000000e+03 8.028877261796395551e-16
9.980000000000000000e+03 8.065341963266720996e-16
9.990000000000000000e+03 8.102034168721329908e-16
1.000000000000000000e+04 8.138955455148049918e-16
1.001000000000000000e+04 8.176107411267542412e-16
1.002000000000000000e+04 8.213491637545229119e-16
1.003000000000000000e+04 8.251109746201832280e-16
1.004000000000000000e+04 8.288963361222452467e-16
1.005000000000000000e+04 8.327054118364120935e-16
1.006000000000000000e+04 8.365383665161730877e-16
1.007000000000000000e+04 8.403953660932285431e-16
1.008000000000000000e+04 8.442765776777362879e-16
1.009000000000000000e+04 8.481821695583711246e-16
1.010000000000000000e+04 8.521123112021941750e-16
1.011000000000000000e+04 8.560671732543146561e-16
1.012000000000000000e+04 8.600469275373423122e-16
1.013000000000000000e+04 8.640517470506190640e-16
1.014000000000000000e+04 8.680818059692195223e-16
1.015000000000000000e+04 8.721372796427129689e-16
1.016000000000000000e+04 8.762183445936755654e-16
1.017000000000000000e+04 8.803251785159438148e-16
1.018000000000000000e+04 8.844579602725983320e-16
1.019000000000000000e+04 8.886168698936690470e-16
1.020000000000000000e+04 8.928020885735490234e-16
1.021000000000000000e+04 8.970137986681095939e-16
1.022000000000000000e+04 9.012521836915010363e-16
1.023000000000000000e+04 9.055174283126316899e-16
1.024000000000000000e+04 9.098097183513129900e-16
1.025000000000000000e+04 9.141292407740554302e-16
1.026000000000000000e+04 9.184761836895087497e-16
1.027000000000000000e+04 9.228507363435301721e-16
1.028000000000000000e+04 9.272530891138676797e-16
1.029000000000000000e+04 9.316834335044498441e-16
1.030000000000000000e+04 9.361419621392632799e-16
1.031000000000000000e+04 9.406288687558076620e-16
1.032000000000000000e+04 9.451443481981145050e-16
1.033000000000000000e+04 9.496885964093145146e-16
1.034000000000000000e+04 9.542618104237381327e-16
1.035000000000000000e+04 9.588641883585382283e-16
1.036000000000000000e+04 9.634959294048140321e-16
1.037000000000000000e+04 9.681572338182288195e-16
1.038000000000000000e+04 9.728483029090941258e-16
1.039000000000000000e+04 9.775693390319191146e-16
1.040000000000000000e+04 9.823205455743937405e-16
1.041000000000000000e+04 9.871021269457991992e-16
1.042000000000000000e+04 9.919142885648255486e-16
1.043000000000000000e+04 9.967572368467750044e-16
1.044000000000000000e+04 1.001631179190139669e-15
1.045000000000000000e+04 1.006536323962527858e-15
1.046000000000000000e+04 1.011472880485928575e-15
1.047000000000000000e+04 1.016441059021287108e-15
1.048000000000000000e+04 1.021441070752376180e-15
1.049000000000000000e+04 1.026473127768942919e-15
1.050000000000000000e+04 1.031537443049108387e-15
1.051000000000000000e+04 1.036634230441001716e-15
1.052000000000000000e+04 1.041763704643604983e-15
1.053000000000000000e+04 1.046926081186790893e-15
1.054000000000000000e+04 1.052121576410523864e-15
1.055000000000000000e+04 1.057350407443211717e-15
1.056000000000000000e+04 1.062612792179172848e-15
1.057000000000000000e+04 1.067908949255208241e-15
1.058000000000000000e+04 1.073239098026242628e-15
1.059000000000000000e+04 1.078603458540017240e-15
1.060000000000000000e+04 1.084002251510806933e-15
1.061000000000000000e+04 1.089435698292134475e-15
1.062000000000000000e+04 1.094904020848458921e-15
1.063000000000000000e+04 1.100407441725809082e-15
1.064000000000000000e+04 1.105946184021334478e-15
1.065000000000000000e+04 1.111520471351750315e-15
1.066000000000000000e+04 1.117130527820639787e-15
1.067000000000000000e+04 1.122776577984597154e-15
1.068000000000000000e+04 1.128458846818169189e-15
1.069000000000000000e+04 1.134177559677574274e-15
1.070000000000000000e+04 1.139932942263166039e-15
1.071000000000000000e+04 1.145725220580608780e-15
1.072000000000000000e+04 1.151554620900736668e-15
1.073000000000000000e+04 1.157421369718060058e-15
1.074000000000000000e+04 1.163325693707892083e-15
1.075000000000000000e+04 1.169267819682057071e-15
1.076000000000000000e+04 1.175247974543149436e-15
1.077000000000000000e+04 1.181266385237310486e-15
1.078000000000000000e+04 1.187323278705482148e-15
1.079000000000000000e+04 1.193418881833111958e-15
1.080000000000000000e+04 1.199553421398262377e-15
1.081000000000000000e+04 1.205727124018095065e-15
1.082000000000000000e+04 1.211940216093694398e-15
1.083000000000000000e+04 1.218192923753183297e-15
1.084000000000000000e+04 1.224485472793102582e-15
1.085000000000000000e+04 1.230818088618012033e-15
1.086000000000000000e+04 1.237190996178270960e-15
1.087000000000000000e+04 1.243604419905962580e-15
1.088000000000000000e+04 1.250058583648918225e-15
1.089000000000000000e+04 1.256553710602804313e-15
1.090000000000000000e+04 1.263090023241226108e-15
1.091000000000000000e+04 1.269667743243808855e-15
1.092000000000000000e+04 1.276287091422216627e-15
1.093000000000000000e+04 1.282948287644055452e-15
1.094000000000000000e+04 1.289651550754632703e-15
1.095000000000000000e+04 1.296397098496515969e-15
1.096000000000000000e+04 1.303185147426850375e-15
1.097000000000000000e+04 1.310015912832395103e-15
1.098000000000000000e+04 1.316889608642223908e-15
1.099000000000000000e+04 1.323806447338055492e-15
1.100000000000000000e+04 1.330766639862156359e-15
1.101000000000000000e+04 1.337770395522776910e-15
1.102000000000000000e+04 1.344817921897073421e-15
1.103000000000000000e+04 1.351909424731465454e-15
1.104000000000000000e+04 1.359045107839383698e-15
1.105000000000000000e+04 1.366225172996362323e-15
1.106000000000000000e+04 1.373449819832423358e-15
1.107000000000000000e+04 1.380719245721707758e-15
1.108000000000000000e+04 1.388033645669308768e-15
1.109000000000000000e+04 1.395393212195249813e-15
1.110000000000000000e+04 1.402798135215568841e-15
1.111000000000000000e+04 1.410248601920452138e-15
1.112000000000000000e+04 1.417744796649377166e-15
1.113000000000000000e+04 1.425286900763207641e-15
1.114000000000000000e+04 1.432875092513200227e-15
1.115000000000000000e+04 1.440509546906869384e-15
1.116000000000000000e+04 1.448190435570664238e-15
1.117000000000000000e+04 1.455917926609412107e-15
1.118000000000000000e+04 1.463692184462476812e-15
1.119000000000000000e+04 1.471513369756587213e-15
1.120000000000000000e+04 1.479381639155291777e-15
1.121000000000000000e+04 1.487297145204989303e-15
1.122000000000000000e+04 1.495260036177490033e-15
1.123000000000000000e+04 1.503270455909067714e-15
1.124000000000000000e+04 1.511328543635955082e-15
1.125000000000000000e+04 1.519434433826235430e-15
1.126000000000000000e+04 1.527588256008096747e-15
1.127000000000000000e+04 1.535790134594402659e-15
1.128000000000000000e+04 1.544040188703538563e-15
1.129000000000000000e+04 1.552338531976494513e-15
1.130000000000000000e+04 1.560685272390152093e-15
1.131000000000000000e+04 1.569080512066733289e-15
1.132000000000000000e+04 1.577524347079378231e-15
1.133000000000000000e+04 1.586016867253820627e-15
1.134000000000000000e+04 1.594558155966129150e-15
1.135000000000000000e+04 1.603148289936480269e-15
1.136000000000000000e+04 1.611787339018945355e-15
1.137000000000000000e+04 1.620475365987257354e-15
1.138000000000000000e+04 1.629212426316536728e-15
1.139000000000000000e+04 1.637998567960960273e-15
1.140000000000000000e+04 1.646833831127348774e-15
1.141000000000000000e+04 1.655718248044662832e-15
1.142000000000000000e+04 1.664651842729391487e-15
1.143000000000000000e+04 1.673634630746824772e-15
1.144000000000000000e+04 1.682666618968208396e-15
1.145000000000000000e+04 1.691747805323769547e-15
1.146000000000000000e+04 1.700878178551623445e-15
1.147000000000000000e+04 1.710057717942558502e-15
1.148000000000000000e+04 1.719286393080712103e-15
1.149000000000000000e+04 1.728564163580149834e-15
1.150000000000000000e+04 1.737890978817362357e-15
1.151000000000000000e+04 1.747266777659703785e-15
1.152000000000000000e+04 1.756691488189799187e-15
1.153000000000000000e+04 1.766165027425946048e-15
1.154000000000000000e+04 1.775687301038555656e-15
1.155000000000000000e+04 1.785258203062664972e-15
1.156000000000000000e+04 1.794877615606579728e-15
1.157000000000000000e+04 1.804545408556684059e-15
1.158000000000000000e+04 1.814261439278498505e-15
1.159000000000000000e+04 1.824025552314028992e-15
1.160000000000000000e+04 1.833837579075495919e-15
1.161000000000000000e+04 1.843697337535514565e-15
1.162000000000000000e+04 1.853604631913813179e-15
1.163000000000000000e+04 1.863559252360584997e-15
1.164000000000000000e+04 1.873560974636570440e-15
1.165000000000000000e+04 1.883609559789985440e-15
1.166000000000000000e+04 1.893704753830405947e-15
1.167000000000000000e+04 1.903846287399734439e-15
1.168000000000000000e+04 1.914033875440386487e-15
1.169000000000000000e+04 1.924267216860837793e-15
1.170000000000000000e+04 1.934545994198681581e-15
1.171000000000000000e+04 1.944869873281360820e-15
1.172000000000000000e+04 1.955238502884744887e-15
1.173000000000000000e+04 1.965651514389727762e-15
1.174000000000000000e+04 1.976108521437048533e-15
1.175000000000000000e+04 1.986609119580524310e-15
1.176000000000000000e+04 1.997152885938918809e-15
1.177000000000000000e+04 2.007739378846655650e-15
1.178000000000000000e+04 2.018368137503631559e-15
1.179000000000000000e+04 2.029038681624349577e-15
1.180000000000000000e+04 2.039750511086660600e-15
1.181000000000000000e+04 2.050503105580349904e-15
1.182000000000000000e+04 2.061295924255875527e-15
1.183000000000000000e+04 2.072128405373545655e-15
1.184000000000000000e+04 2.082999965953433592e-15
1.185000000000000000e+04 2.093910001426362022e-15
1.186000000000000000e+04 2.104857885286283180e-15
1.187000000000000000e+04 2.115842968744396859e-15
1.188000000000000000e+04 2.126864580385375489e-15
1.189000000000000000e+04 2.137922025826058723e-15
1.190000000000000000e+04 2.149014587377008449e-15
1.191000000000000000e+04 2.160141523707323369e-15
1.192000000000000000e+04 2.171302069513126510e-15
1.193000000000000000e+04 2.182495435190151271e-15
1.194000000000000000e+04 2.193720806510866964e-15
1.195000000000000000e+04 2.204977344306602577e-15
1.196000000000000000e+04 2.216264184155134587e-15
1.197000000000000000e+04 2.227580436074214496e-15
1.198000000000000000e+04 2.238925184221548860e-15
1.199000000000000000e+04 2.250297486601727599e-15
1.200000000000000000e+04 2.261696374780621245e-15
1.201000000000000000e+04 2.273120853607804854e-15
1.202000000000000000e+04 2.284569900947529216e-15
1.203000000000000000e+04 2.296042467418829843e-15
1.204000000000000000e+04 2.307537476145327114e-15
1.205000000000000000e+04 2.319053822515320652e-15
1.206000000000000000e+04 2.330590373952769599e-15
1.207000000000000000e+04 2.342145969699772104e-15
1.208000000000000000e+04 2.353719420611168429e-15
1.209000000000000000e+04 2.365309508961897566e-15
1.210000000000000000e+04 2.376914988267759756e-15
1.211000000000000000e+04 2.388534583120217181e-15
1.212000000000000000e+04 2.400166989035926638e-15
1.213000000000000000e+04 2.411810872321643163e-15
1.214000000000000000e+04 2.423464869955193145e-15
1.215000000000000000e+04 2.435127589483193782e-15
1.216000000000000000e+04 2.446797608936207932e-15
1.217000000000000000e+04 2.458473476762038427e-15
1.218000000000000000e+04 2.470153711777852507e-15
1.219000000000000000e+04 2.481836803141845530e-15
1.220000000000000000e+04 2.493521210345142539e-15
1.221000000000000000e+04 2.505205363224655500e-15
1.222000000000000000e+04 2.516887661997589663e-15
1.223000000000000000e+04 2.528566477318307021e-15
1.224000000000000000e+04 2.540240150358256061e-15
1.225000000000000000e+04 2.551906992909656884e-15
1.226000000000000000e+04 2.563565287513632722e-15
1.227000000000000000e+04 2.575213287613477730e-15
1.228000000000000000e+04 2.586849217733746548e-15
1.229000000000000000e+04 2.598471273685803057e-15
1.230000000000000000e+04 2.610077622800521332e-15
1.231000000000000000e+04 2.621666404188752126e-15
1.232000000000000000e+04 2.633235729030187566e-15
1.233000000000000000e+04 2.644783680891248427e-15
1.234000000000000000e+04 2.656308316072563168e-15
1.235000000000000000e+04 2.667807663986626799e-15
1.236000000000000000e+04 2.679279727566176825e-15
1.237000000000000000e+04 2.690722483703817139e-15
1.238000000000000000e+04 2.702133883723387265e-15
1.239000000000000000e+04 2.713511853883536847e-15
1.240000000000000000e+04 2.724854295913961335e-15
1.241000000000000000e+04 2.736159087584690962e-15
1.242000000000000000e+04 2.747424083308810445e-15
1.243000000000000000e+04 2.758647114778954564e-15
1.244000000000000000e+04 2.769825991637860047e-15
1.245000000000000000e+04 2.780958502183251446e-15
1.246000000000000000e+04 2.792042414107254263e-15
1.247000000000000000e+04 2.803075475270530588e-15
1.248000000000000000e+04 2.814055414511238205e-15
1.249000000000000000e+04 2.824979942488905869e-15
1.250000000000000000e+04 2.835846752563237372e-15
1.251000000000000000e+04 2.846653521707835322e-15
1.252000000000000000e+04 2.857397911458734990e-15
1.253000000000000000e+04 2.868077568897644487e-15
1.254000000000000000e+04 2.878690127669673548e-15
1.255000000000000000e+04 2.889233209035305575e-15
1.256000000000000000e+04 2.899704422956299784e-15
1.257000000000000000e+04 2.910101369215144777e-15
1.258000000000000000e+04 2.920421638567624563e-15
1.259000000000000000e+04 2.930662813927992919e-15
1.260000000000000000e+04 2.940822471586184196e-15
1.261000000000000000e+04 2.950898182456422751e-15
1.262000000000000000e+04 2.960887513356530904e-15
1.263000000000000000e+04 2.970788028317153265e-15
1.264000000000000000e+04 2.980597289920066747e-15
1.265000000000000000e+04 2.990312860664643858e-15
1.266000000000000000e+04 2.999932304361517871e-15
1.267000000000000000e+04 3.009453187552364824e-15
1.268000000000000000e+04 3.018873080954710157e-15
1.269000000000000000e+04 3.028189560930545537e-15
1.270000000000000000e+04 3.037400210977516571e-15
1.271000000000000000e+04 3.046502623241335609e-15
1.272000000000000000e+04 3.055494400048041504e-15
1.273000000000000000e+04 3.064373155454625233e-15
1.274000000000000000e+04 3.073136516816513866e-15
1.275000000000000000e+04 3.081782126370311906e-15
1.276000000000000000e+04 3.090307642830146127e-15
1.277000000000000000e+04 3.098710742995910783e-15
1.278000000000000000e+04 3.106989123371628375e-15
1.279000000000000000e+04 3.115140501792125013e-15
1.280000000000000000e+04 3.123162619056112122e-15
1.281000000000000000e+04 3.131053240563765830e-15
1.282000000000000000e+04 3.138810157956821254e-15
1.283000000000000000e+04 3.146431190759164546e-15
1.284000000000000000e+04 3.153914188015862220e-15
1.285000000000000000e+04 3.161257029928519893e-15
1.286000000000000000e+04 3.168457629484850014e-15
1.287000000000000000e+04 3.175513934080295750e-15
1.288000000000000000e+04 3.182423927129494351e-15
1.289000000000000000e+04 3.189185629665411015e-15
1.290000000000000000e+04 3.195797101923888680e-15
1.291000000000000000e+04 3.202256444911400214e-15
1.292000000000000000e+04 3.208561801953737379e-15
1.293000000000000000e+04 3.214711360223415940e-15
1.294000000000000000e+04 3.220703352243528936e-15
1.295000000000000000e+04 3.226536057365831016e-15
1.296000000000000000e+04 3.232207803220813091e-15
1.297000000000000000e+04 3.237716967137576233e-15
1.298000000000000000e+04 3.243061977531307843e-15
1.299000000000000000e+04 3.248241315256206899e-15
1.300000000000000000e+04 3.253253514921742551e-15
1.301000000000000000e+04 3.258097166170144939e-15
1.302000000000000000e+04 3.262770914913102827e-15
1.303000000000000000e+04 3.267273464525663959e-15
1.304000000000000000e+04 3.271603576995391612e-15
1.305000000000000000e+04 3.275760074024915256e-15
1.306000000000000000e+04 3.279741838086032526e-15
1.307000000000000000e+04 3.283547813423628993e-15
1.308000000000000000e+04 3.287177007007725598e-15
1.309000000000000000e+04 3.290628489432055907e-15
1.310000000000000000e+04 3.293901395757653060e-15
1.311000000000000000e+04 3.296994926300012260e-15
1.312000000000000000e+04 3.299908347358471564e-15
1.313000000000000000e+04 3.302640991886572470e-15
1.314000000000000000e+04 3.305192260102233177e-15
1.315000000000000000e+04 3.307561620036675477e-15
1.316000000000000000e+04 3.309748608021158240e-15
1.317000000000000000e+04 3.311752829110650154e-15
1.318000000000000000e+04 3.313573957443717535e-15
1.319000000000000000e+04 3.315211736537978769e-15
1.320000000000000000e+04 3.316665979520605527e-15
1.321000000000000000e+04 3.317936569293461718e-15
1.322000000000000000e+04 3.319023458632583981e-15
1.323000000000000000e+04 3.319926670221816345e-15
1.324000000000000000e+04 3.320646296620535961e-15
1.325000000000000000e+04 3.321182500165519983e-15
1.326000000000000000e+04 3.321535512807109812e-15
1.327000000000000000e+04 3.321705635879955889e-15
1.328000000000000000e+04 3.321693239808731949e-15
1.329000000000000000e+04 3.321498763749330316e-15
1.330000000000000000e+04 3.321122715166136592e-15
1.331000000000000000e+04 3.320565669346138664e-15
1.332000000000000000e+04 3.319828268850669957e-15
1.333000000000000000e+04 3.318911222905750510e-15
1.334000000000000000e+04 3.317815306732059290e-15
1.335000000000000000e+04 3.316541360815673696e-15
1.336000000000000000e+04 3.315090290120823851e-15
1.337000000000000000e+04 3.313463063245986164e-15
1.338000000000000000e+04 3.311660711524744403e-15
1.339000000000000000e+04 3.309684328072913172e-15
1.340000000000000000e+04 3.307535066783531086e-15
1.341000000000000000e+04 3.305214141271372770e-15
1.342000000000000000e+04 3.302722823768730947e-15
1.343000000000000000e+04 3.300062443974274712e-15
1.344000000000000000e+04 3.297234387856852014e-15
1.345000000000000000e+04 3.294240096416175368e-15
1.346000000000000000e+04 3.291081064402378335e-15
1.347000000000000000e+04 3.287758838996459488e-15
1.348000000000000000e+04 3.284275018453723272e-15
1.349000000000000000e+04 3.280631250712316149e-15
1.350000000000000000e+04 3.276829231969005281e-15
1.351000000000000000e+04 3.272870705224401880e-15
1.352000000000000000e+04 3.268757458799819084e-15
1.353000000000000000e+04 3.264491324827987774e-15
1.354000000000000000e+04 3.260074177719866359e-15
1.355000000000000000e+04 3.255507932609802238e-15
1.356000000000000000e+04 3.250794543781267967e-15
1.357000000000000000e+04 3.245936003075436535e-15
1.358000000000000000e+04 3.240934338284831400e-15
1.359000000000000000e+04 3.235791611534272707e-15
1.360000000000000000e+04 3.230509917651332437e-15
1.361000000000000000e+04 3.225091382528503772e-15
1.362000000000000000e+04 3.219538161479226005e-15
1.363000000000000000e+04 3.213852437589929261e-15
1.364000000000000000e+04 3.208036420070189505e-15
1.365000000000000000e+04 3.202092342603059061e-15
1.366000000000000000e+04 3.196022461697625676e-15
1.367000000000000000e+04 3.189829055045750559e-15
1.368000000000000000e+04 3.183514419884957582e-15
1.369000000000000000e+04 3.177080871369334921e-15
1.370000000000000000e+04 3.170530740950316409e-15
1.371000000000000000e+04 3.163866374769086348e-15
1.372000000000000000e+04 3.157090132062372872e-15
1.373000000000000000e+04 3.150204383583258856e-15
1.374000000000000000e+04 3.143211510038638974e-15
1.375000000000000000e+04 3.136113900544851713e-15
1.376000000000000000e+04 3.128913951102957188e-15
1.377000000000000000e+04 3.121614063095088576e-15
1.378000000000000000e+04 3.114216641803187881e-15
1.379000000000000000e+04 3.106724094951439473e-15
1.380000000000000000e+04 3.099138831273568126e-15
1.381000000000000000e+04 3.091463259106162369e-15
1.382000000000000000e+04 3.083699785009080218e-15
1.383000000000000000e+04 3.075850812413935204e-15
1.384000000000000000e+04 3.067918740301587237e-15
1.385000000000000000e+04 3.059905961909500136e-15
1.386000000000000000e+04 3.051814863469746411e-15
1.387000000000000000e+04 3.043647822978388981e-15
1.388000000000000000e+04 3.035407208996882760e-15
1.389000000000000000e+04 3.027095379486085782e-15
1.390000000000000000e+04 3.018714680673396167e-15
1.391000000000000000e+04 3.010267445953472481e-15
1.392000000000000000e+04 3.001755994822922046e-15
1.393000000000000000e+04 2.993182631849288534e-15
1.394000000000000000e+04 2.984549645674610197e-15
1.395000000000000000e+04 2.975859308053743209e-15
1.396000000000000000e+04 2.967113872927614184e-15
1.397000000000000000e+04 2.958315575531487862e-15
1.398000000000000000e+04 2.949466631538290595e-15
1.399000000000000000e+04 2.940569236236973061e-15
1.400000000000000000e+04 2.931625563745861716e-15
1.401000000000000000e+04 2.922637766260863705e-15
1.402000000000000000e+04 2.913607973338385590e-15
1.403000000000000000e+04 2.904538291212758834e-15
1.404000000000000000e+04 2.895430802147910521e-15
1.405000000000000000e+04 2.886287563823013074e-15
1.406000000000000000e+04 2.877110608751764301e-15
1.407000000000000000e+04 2.867901943734962501e-15
1.408000000000000000e+04 2.858663549345943929e-15
1.409000000000000000e+04 2.849397379448485838e-15
1.410000000000000000e+04 2.840105360746694281e-15
1.411000000000000000e+04 2.830789392366392704e-15
1.412000000000000000e+04 2.821451345467494235e-15
1.413000000000000000e+04 2.812093062886827950e-15
1.414000000000000000e+04 2.802716358810834171e-15
1.415000000000000000e+04 2.793323018477565947e-15
1.416000000000000000e+04 2.783914797907383779e-15
1.417000000000000000e+04 2.774493423661726683e-15
1.418000000000000000e+04 2.765060592629321815e-15
1.419000000000000000e+04 2.755617971839184993e-15
1.420000000000000000e+04 2.746167198299754999e-15
1.421000000000000000e+04 2.736709878863486786e-15
1.422000000000000000e+04 2.727247590116218471e-15
1.423000000000000000e+04 2.717781878290643154e-15
1.424000000000000000e+04 2.708314259203168884e-15
1.425000000000000000e+04 2.698846218213490723e-15
1.426000000000000000e+04 2.689379210206166898e-15
1.427000000000000000e+04 2.679914659593486313e-15
1.428000000000000000e+04 2.670453960338946229e-15
1.429000000000000000e+04 2.660998476000628573e-15
1.430000000000000000e+04 2.651549539793768831e-15
1.431000000000000000e+04 2.642108454671832024e-15
1.432000000000000000e+04 2.632676493425399964e-15
1.433000000000000000e+04 2.623254898798180354e-15
1.434000000000000000e+04 2.613844883619451801e-15
1.435000000000000000e+04 2.604447630952286045e-15
1.436000000000000000e+04 2.595064294256852818e-15
1.437000000000000000e+04 2.585695997568181366e-15
1.438000000000000000e+04 2.576343835687691536e-15
1.439000000000000000e+04 2.567008874387887010e-15
1.440000000000000000e+04 2.557692150629551590e-15
1.441000000000000000e+04 2.548394672790849394e-15
1.442000000000000000e+04 2.539117420907704182e-15
1.443000000000000000e+04 2.529861346924870906e-15
1.444000000000000000e+04 2.520627374957101920e-15
1.445000000000000000e+04 2.511416401559848935e-15
1.446000000000000000e+04 2.502229296008922494e-15
1.447000000000000000e+04 2.493066900588575695e-15
1.448000000000000000e+04 2.483930030887462315e-15
1.449000000000000000e+04 2.474819476101962901e-15
1.450000000000000000e+04 2.465735999346358175e-15
1.451000000000000000e+04 2.456680337969355923e-15
1.452000000000000000e+04 2.447653203876497652e-15
1.453000000000000000e+04 2.438655283857967774e-15
1.454000000000000000e+04 2.429687239921352489e-15
1.455000000000000000e+04 2.420749709628922388e-15
1.456000000000000000e+04 2.411843306438985589e-15
1.457000000000000000e+04 2.402968620050924845e-15
1.458000000000000000e+04 2.394126216753502114e-15
1.459000000000000000e+04 2.385316639776052337e-15
1.460000000000000000e+04 2.376540409642194864e-15
1.461000000000000000e+04 2.367798024525695704e-15
1.462000000000000000e+04 2.359089960608149288e-15
1.463000000000000000e+04 2.350416672438127911e-15
1.464000000000000000e+04 2.341778593291498283e-15
1.465000000000000000e+04 2.333176135532585720e-15
1.466000000000000000e+04 2.324609690975892901e-15
1.467000000000000000e+04 2.316079631248095123e-15
1.468000000000000000e+04 2.307586308150040286e-15
1.469000000000000000e+04 2.299130054018490524e-15
1.470000000000000000e+04 2.290711182087364498e-15
1.471000000000000000e+04 2.282329986848246428e-15
1.472000000000000000e+04 2.273986744409919710e-15
1.473000000000000000e+04 2.265681712856746819e-15
1.474000000000000000e+04 2.257415132605648588e-15
1.475000000000000000e+04 2.249187226761531802e-15
1.476000000000000000e+04 2.240998201470947374e-15
1.477000000000000000e+04 2.232848246273835141e-15
1.478000000000000000e+04 2.224737534453172652e-15
1.479000000000000000e+04 2.216666223382381624e-15
1.480000000000000000e+04 2.208634454870344542e-15
1.481000000000000000e+04 2.200642355503902820e-15
1.482000000000000000e+04 2.192690036987696503e-15
1.483000000000000000e+04 2.184777596481234274e-15
1.484000000000000000e+04 2.176905116933076234e-15
1.485000000000000000e+04 2.169072667412041491e-15
1.486000000000000000e+04 2.161280303435311583e-15
1.487000000000000000e+04 2.153528067293381219e-15
1.488000000000000000e+04 2.145815988371734452e-15
1.489000000000000000e+04 2.138144083469202520e-15
1.490000000000000000e+04 2.130512357112909456e-15
1.491000000000000000e+04 2.122920801869760134e-15
1.492000000000000000e+04 2.115369398654398545e-15
1.493000000000000000e+04 2.107858117033594118e-15
1.494000000000000000e+04 2.100386915527006378e-15
1.495000000000000000e+04 2.092955741904284164e-15
1.496000000000000000e+04 2.085564533478468637e-15
1.497000000000000000e+04 2.078213217395660240e-15
1.498000000000000000e+04 2.070901710920931479e-15
1.499000000000000000e+04 2.063629921720453158e-15
1.500000000000000000e+04 2.056397748139823444e-15
1.501000000000000000e+04 2.049205079478581599e-15
1.502000000000000000e+04 2.042051796260891795e-15
1.503000000000000000e+04 2.034937770502396221e-15
1.504000000000000000e+04 2.027862865973226827e-15
1.505000000000000000e+04 2.020826938457178088e-15
1.506000000000000000e+04 2.013829836007039575e-15
1.507000000000000000e+04 2.006871399196099021e-15
1.508000000000000000e+04 1.999951461365812689e-15
1.509000000000000000e+04 1.993069848869664371e-15
1.510000000000000000e+04 1.986226381313217334e-15
1.511000000000000000e+04 1.979420871790374224e-15
1.512000000000000000e+04 1.972653127115866594e-15
1.513000000000000000e+04 1.965922948053982763e-15
1.514000000000000000e+04 1.959230129543564749e-15
1.515000000000000000e+04 1.952574460919288090e-15
1.516000000000000000e+04 1.945955726129251774e-15
1.517000000000000000e+04 1.939373703948899957e-15
1.518000000000000000e+04 1.932828168191303490e-15
1.519000000000000000e+04 1.926318887913827275e-15
1.520000000000000000e+04 1.919845627621214222e-15
1.521000000000000000e+04 1.913408147465111446e-15
1.522000000000000000e+04 1.907006203440067094e-15
1.523000000000000000e+04 1.900639547576040017e-15
1.524000000000000000e+04 1.894307928127436878e-15
1.525000000000000000e+04 1.888011089758721653e-15
1.526000000000000000e+04 1.881748773726628302e-15
1.527000000000000000e+04 1.875520718059005793e-15
1.528000000000000000e+04 1.869326657730330184e-15
1.529000000000000000e+04 1.863166324833923610e-15
1.530000000000000000e+04 1.857039448750905808e-15
1.531000000000000000e+04 1.850945756315920379e-15
1.532000000000000000e+04 1.844884971979664591e-15
1.533000000000000000e+04 1.838856817968261766e-15
1.534000000000000000e+04 1.832861014439510168e-15
1.535000000000000000e+04 1.826897279636044291e-15
1.536000000000000000e+04 1.820965330035437740e-15
1.537000000000000000e+04 1.815064880497290680e-15
1.538000000000000000e+04 1.809195644407336581e-15
1.539000000000000000e+04 1.803357333818589551e-15
1.540000000000000000e+04 1.797549659589588659e-15
1.541000000000000000e+04 1.791772331519751478e-15
1.542000000000000000e+04 1.786025058481890096e-15
1.543000000000000000e+04 1.780307548551907342e-15
1.544000000000000000e+04 1.774619509135719181e-15
1.545000000000000000e+04 1.768960647093429112e-15
1.546000000000000000e+04 1.763330668860791449e-15
1.547000000000000000e+04 1.757729280567992275e-15
1.548000000000000000e+04 1.752156188155786336e-15
1.549000000000000000e+04 1.746611097489017277e-15
1.550000000000000000e+04 1.741093714467553381e-15
1.551000000000000000e+04 1.735603745134668375e-15
1.552000000000000000e+04 1.730140895782909919e-15
1.553000000000000000e+04 1.724704873057463065e-15
1.554000000000000000e+04 1.719295384057066863e-15
1.555000000000000000e+04 1.713912136432488265e-15
1.556000000000000000e+04 1.708554838482602029e-15
1.557000000000000000e+04 1.703223199248094379e-15
1.558000000000000000e+04 1.697916928602820790e-15
1.559000000000000000e+04 1.692635737342852012e-15
1.560000000000000000e+04 1.687379337273228068e-15
1.561000000000000000e+04 1.682147441292451166e-15
1.562000000000000000e+04 1.676939763474748516e-15
1.563000000000000000e+04 1.671756019150122379e-15
1.564000000000000000e+04 1.666595924982222475e-15
1.565000000000000000e+04 1.661459199044063215e-15
1.566000000000000000e+04 1.656345560891608259e-15
1.567000000000000000e+04 1.651254731635254321e-15
1.568000000000000000e+04 1.646186434009233385e-15
1.569000000000000000e+04 1.641140392438959529e-15
1.570000000000000000e+04 1.636116333106344641e-15
1.571000000000000000e+04 1.631113984013110617e-15
1.572000000000000000e+04 1.626133075042111660e-15
1.573000000000000000e+04 1.621173338016704350e-15
1.574000000000000000e+04 1.616234506758171980e-15
1.575000000000000000e+04 1.611316317141243408e-15
1.576000000000000000e+04 1.606418507147713704e-15
1.577000000000000000e+04 1.601540816918197568e-15
1.578000000000000000e+04 1.596682988802036024e-15
1.579000000000000000e+04 1.591844767405375915e-15
1.580000000000000000e+04 1.587025899637448228e-15
1.581000000000000000e+04 1.582226134755059065e-15
1.582000000000000000e+04 1.577445224405324599e-15
1.583000000000000000e+04 1.572682922666662066e-15
1.584000000000000000e+04 1.567938986088062810e-15
1.585000000000000000e+04 1.563213173726667500e-15
1.586000000000000000e+04 1.558505247183661870e-15
1.587000000000000000e+04 1.553814970638516236e-15
1.588000000000000000e+04 1.549142110881587934e-15
1.589000000000000000e+04 1.544486437345105019e-15
1.590000000000000000e+04 1.539847722132558432e-15
1.591000000000000000e+04 1.535225740046510725e-15
1.592000000000000000e+04 1.530620268614855073e-15
1.593000000000000000e+04 1.526031088115535021e-15
1.594000000000000000e+04 1.521457981599745273e-15
1.595000000000000000e+04 1.516900734913641940e-15
1.596000000000000000e+04 1.512359136718570700e-15
1.597000000000000000e+04 1.507832978509841696e-15
1.598000000000000000e+04 1.503322054634064550e-15
1.599000000000000000e+04 1.498826162305068567e-15
1.600000000000000000e+04 1.494345101618426057e-15
1.601000000000000000e+04 1.489878675564592981e-15
1.602000000000000000e+04 1.485426690040699271e-15
1.603000000000000000e+04 1.480988953860995315e-15
1.604000000000000000e+04 1.476565278765983024e-15
1.605000000000000000e+04 1.472155479430249420e-15
1.606000000000000000e+04 1.467759373469017335e-15
1.607000000000000000e+04 1.463376781443444978e-15
1.608000000000000000e+04 1.459007526864681471e-15
1.609000000000000000e+04 1.454651436196705956e-15
1.610000000000000000e+04 1.450308338857967839e-15
1.611000000000000000e+04 1.445978067221849847e-15
1.612000000000000000e+04 1.441660456615972451e-15
1.613000000000000000e+04 1.437355345320361738e-15
1.614000000000000000e+04 1.433062574564496113e-15
1.615000000000000000e+04 1.428781988523260031e-15
1.616000000000000000e+04 1.424513434311819757e-15
1.617000000000000000e+04 1.420256761979439878e-15
1.618000000000000000e+04 1.416011824502267004e-15
1.619000000000000000e+04 1.411778477775099379e-15
1.620000000000000000e+04 1.407556580602153664e-15
1.621000000000000000e+04 1.403345994686869105e-15
1.622000000000000000e+04 1.399146584620747911e-15
1.623000000000000000e+04 1.394958217871267344e-15
1.624000000000000000e+04 1.390780764768880864e-15
1.625000000000000000e+04 1.386614098493122943e-15
1.626000000000000000e+04 1.382458095057847696e-15
1.627000000000000000e+04 1.378312633295615355e-15
1.628000000000000000e+04 1.374177594841251422e-15
1.629000000000000000e+04 1.370052864114594672e-15
1.630000000000000000e+04 1.365938328302460444e-15
1.631000000000000000e+04 1.361833877339837743e-15
1.632000000000000000e+04 1.357739403890337131e-15
1.633000000000000000e+04 1.353654803325918376e-15
1.634000000000000000e+04 1.349579973705911684e-15
1.635000000000000000e+04 1.345514815755355781e-15
1.636000000000000000e+04 1.341459232842673929e-15
1.637000000000000000e+04 1.337413130956710391e-15
1.638000000000000000e+04 1.333376418683143682e-15
1.639000000000000000e+04 1.329349007180299107e-15
1.640000000000000000e+04 1.325330810154385635e-15
1.641000000000000000e+04 1.321321743834170693e-15
1.642000000000000000e+04 1.317321726945117172e-15
1.643000000000000000e+04 1.313330680683003128e-15
1.644000000000000000e+04 1.309348528687044694e-15
1.645000000000000000e+04 1.305375197012539970e-15
1.646000000000000000e+04 1.301410614103056540e-15
1.647000000000000000e+04 1.297454710762182764e-15
1.648000000000000000e+04 1.293507420124860569e-15
1.649000000000000000e+04 1.289568677628322436e-15
1.650000000000000000e+04 1.285638420982651302e-15
1.651000000000000000e+04 1.281716590140977600e-15
1.652000000000000000e+04 1.277803127269347135e-15
1.653000000000000000e+04 1.273897976716260007e-15
1.654000000000000000e+04 1.270001084981914111e-15
1.655000000000000000e+04 1.266112400687169970e-15
1.656000000000000000e+04 1.262231874542247347e-15
1.657000000000000000e+04 1.258359459315181465e-15
1.658000000000000000e+04 1.254495109800054788e-15
1.659000000000000000e+04 1.250638782785019357e-15
1.660000000000000000e+04 1.246790437020130204e-15
1.661000000000000000e+04 1.242950033185010134e-15
1.662000000000000000e+04 1.239117533856356946e-15
1.663000000000000000e+04 1.235292903475318309e-15
1.664000000000000000e+04 1.231476108314743388e-15
1.665000000000000000e+04 1.227667116446335267e-15
1.666000000000000000e+04 1.223865897707717977e-15
1.667000000000000000e+04 1.220072423669429771e-15
1.668000000000000000e+04 1.216286667601871424e-15
1.669000000000000000e+04 1.212508604442207803e-15
1.670000000000000000e+04 1.208738210761257599e-15
1.671000000000000000e+04 1.204975464730370633e-15
1.672000000000000000e+04 1.201220346088314832e-15
1.673000000000000000e+04 1.197472836108190610e-15
1.674000000000000000e+04 1.193732917564380753e-15
1.675000000000000000e+04 1.190000574699553947e-15
1.676000000000000000e+04 1.186275793191735945e-15
1.677000000000000000e+04 1.182558560121459231e-15
1.678000000000000000e+04 1.178848863939008335e-15
1.679000000000000000e+04 1.175146694431772228e-15
1.680000000000000000e+04 1.171452042691715250e-15
1.681000000000000000e+04 1.167764901082981750e-15
1.682000000000000000e+04 1.164085263209642718e-15
1.683000000000000000e+04 1.160413123883603934e-15
1.684000000000000000e+04 1.156748479092676039e-15
1.685000000000000000e+04 1.153091325968828601e-15
1.686000000000000000e+04 1.149441662756630745e-15
1.687000000000000000e+04 1.145799488781896895e-15
1.688000000000000000e+04 1.142164804420538601e-15
1.689000000000000000e+04 1.138537611067643554e-15
1.690000000000000000e+04 1.134917911106779040e-15
1.691000000000000000e+04 1.131305707879541906e-15
1.692000000000000000e+04 1.127701005655353474e-15
1.693000000000000000e+04 1.124103809601514771e-15
1.694000000000000000e+04 1.120514125753527417e-15
1.695000000000000000e+04 1.116931960985691000e-15
1.696000000000000000e+04 1.113357322981980109e-15
1.697000000000000000e+04 1.109790220207215018e-15
1.698000000000000000e+04 1.106230661878524641e-15
1.699000000000000000e+04 1.102678657937120694e-15
1.700000000000000000e+04 1.099134219020375571e-15
1.701000000000000000e+04 1.095597356434222664e-15
1.702000000000000000e+04 1.092068082125874594e-15
1.703000000000000000e+04 1.088546408656876512e-15
1.704000000000000000e+04 1.085032349176487170e-15
1.705000000000000000e+04 1.081525917395402753e-15
1.706000000000000000e+04 1.078027127559825644e-15
1.707000000000000000e+04 1.074535994425876533e-15
1.708000000000000000e+04 1.071052533234366056e-15
1.709000000000000000e+04 1.067576759685917472e-15
1.710000000000000000e+04 1.064108689916453801e-15
1.711000000000000000e+04 1.060648340473044871e-15
1.712000000000000000e+04 1.057195728290124741e-15
1.713000000000000000e+04 1.053750870666076732e-15
1.714000000000000000e+04 1.050313785240191787e-15
1.715000000000000000e+04 1.046884489970000156e-15
1.716000000000000000e+04 1.043463003108981539e-15
1.717000000000000000e+04 1.040049343184653296e-15
1.718000000000000000e+04 1.036643528977038087e-15
1.719000000000000000e+04 1.033245579497513139e-15
1.720000000000000000e+04 1.029855513968043673e-15
1.721000000000000000e+04 1.026473351800797752e-15
1.722000000000000000e+04 1.023099112578147482e-15
1.723000000000000000e+04 1.019732816033052396e-15
1.724000000000000000e+04 1.016374482029829600e-15
1.725000000000000000e+04 1.013024130545309850e-15
1.726000000000000000e+04 1.009681781650373282e-15
1.727000000000000000e+04 1.006347455491876407e-15
1.728000000000000000e+04 1.003021172274956584e-15
1.729000000000000000e+04 9.997029522457244082e-16
1.730000000000000000e+04 9.963928156743331830e-16
1.731000000000000000e+04 9.930907828384345300e-16
1.732000000000000000e+04 9.897968740070095039e-16
1.733000000000000000e+04 9.865111094245777661e-16
1.734000000000000000e+04 9.832335092957867922e-16
1.735000000000000000e+04 9.799640937703702672e-16
1.736000000000000000e+04 9.767028829284845411e-16
1.737000000000000000e+04 9.734498967664113145e-16
1.738000000000000000e+04 9.702051551826301018e-16
1.739000000000000000e+04 9.669686779642567261e-16
1.740000000000000000e+04 9.637404847738440987e-16
1.741000000000000000e+04 9.605205951365444938e-16
1.742000000000000000e+04 9.573090284276297691e-16
1.743000000000000000e+04 9.541058038603646016e-16
1.744000000000000000e+04 9.509109404742329355e-16
1.745000000000000000e+04 9.477244571235136988e-16
1.746000000000000000e+04 9.445463724662004631e-16
1.747000000000000000e+04 9.413767049532640603e-16
1.748000000000000000e+04 9.382154728182534242e-16
1.749000000000000000e+04 9.350626940672316969e-16
1.750000000000000000e+04 9.319183864690448412e-16
1.751000000000000000e+04 9.287825675459150656e-16
1.752000000000000000e+04 9.256552545643616271e-16
1.753000000000000000e+04 9.225364645264411225e-16
1.754000000000000000e+04 9.194262141613017463e-16
1.755000000000000000e+04 9.163245199170515150e-16
1.756000000000000000e+04 9.132313979529361203e-16
1.757000000000000000e+04 9.101468641318179283e-16
1.758000000000000000e+04 9.070709340129573114e-16
1.759000000000000000e+04 9.040036228450884212e-16
1.760000000000000000e+04 9.009449455597872350e-16
1.761000000000000000e+04 8.978949167651265503e-16
1.762000000000000000e+04 8.948535507396143777e-16
1.763000000000000000e+04 8.918208614264100128e-16
1.764000000000000000e+04 8.887968624278152229e-16
1.765000000000000000e+04 8.857815670000357181e-16
1.766000000000000000e+04 8.827749880482059038e-16
1.767000000000000000e+04 8.797771381216771130e-16
1.768000000000000000e+04 8.767880294095609372e-16
1.769000000000000000e+04 8.738076737365243014e-16
1.770000000000000000e+04 8.708360825588338199e-16
1.771000000000000000e+04 8.678732669606409516e-16
1.772000000000000000e+04 8.649192376505080541e-16
1.773000000000000000e+04 8.619740049581651788e-16
1.774000000000000000e+04 8.590375788315018488e-16
1.775000000000000000e+04 8.561099688337779426e-16
1.776000000000000000e+04 8.531911841410587126e-16
1.777000000000000000e+04 8.502812335398664450e-16
1.778000000000000000e+04 8.473801254250405760e-16
1.779000000000000000e+04 8.444878677978088279e-16
1.780000000000000000e+04 8.416044682640593085e-16
1.781000000000000000e+04 8.387299340328098248e-16
1.782000000000000000e+04 8.358642719148745108e-16
1.783000000000000000e+04 8.330074883217171194e-16
1.784000000000000000e+04 8.301595892644912753e-16
1.785000000000000000e+04 8.273205803532612765e-16
1.786000000000000000e+04 8.244904667963999971e-16
1.787000000000000000e+04 8.216692534001589579e-16
1.788000000000000000e+04 8.188569445684062269e-16
1.789000000000000000e+04 8.160535443025304749e-16
1.790000000000000000e+04 8.132590562015017169e-16
1.791000000000000000e+04 8.104734834620915037e-16
1.792000000000000000e+04 8.076968288792415167e-16
1.793000000000000000e+04 8.049290948465830328e-16
1.794000000000000000e+04 8.021702833570973984e-16
1.795000000000000000e+04 7.994203960039182023e-16
1.796000000000000000e+04 7.966794339812677520e-16
1.797000000000000000e+04 7.939473980855278541e-16
1.798000000000000000e+04 7.912242887164360228e-16
1.799000000000000000e+04 7.885101058784072168e-16
1.800000000000000000e+04 7.858048491819778491e-16
1.801000000000000000e+04 7.831085178453640827e-16
1.802000000000000000e+04 7.804211106961339205e-16
1.803000000000000000e+04 7.777426261729918054e-16
1.804000000000000000e+04 7.750730623276658717e-16
1.805000000000000000e+04 7.724124168268992271e-16
1.806000000000000000e+04 7.697606869545414203e-16
1.807000000000000000e+04 7.671178696137339798e-16
1.808000000000000000e+04 7.644839613291901239e-16
1.809000000000000000e+04 7.618589582495622303e-16
1.810000000000000000e+04 7.592428561498967715e-16
1.811000000000000000e+04 7.566356504341698125e-16
1.812000000000000000e+04 7.540373361379048454e-16
1.813000000000000000e+04 7.514479079308645803e-16
1.814000000000000000e+04 7.488673601198186634e-16
1.815000000000000000e+04 7.462956866513793368e-16
1.816000000000000000e+04 7.437328811149062207e-16
1.817000000000000000e+04 7.411789367454767701e-16
1.818000000000000000e+04 7.386338464269156969e-16
1.819000000000000000e+04 7.360976026948856291e-16
1.820000000000000000e+04 7.335701977400345669e-16
1.821000000000000000e+04 7.310516234111939248e-16
1.822000000000000000e+04 7.285418712186321884e-16
1.823000000000000000e+04 7.260409323373524515e-16
1.824000000000000000e+04 7.235487976104397505e-16
1.825000000000000000e+04 7.210654575524490243e-16
1.826000000000000000e+04 7.185909023528360681e-16
1.827000000000000000e+04 7.161251218794258584e-16
1.828000000000000000e+04 7.136681056819184485e-16
1.829000000000000000e+04 7.112198429954281928e-16
1.830000000000000000e+04 7.087803227440547231e-16
1.831000000000000000e+04 7.063495335444848870e-16
1.832000000000000000e+04 7.039274637096207198e-16
1.833000000000000000e+04 7.015141012522338423e-16
1.834000000000000000e+04 6.991094338886436233e-16
1.835000000000000000e+04 6.967134490424160502e-16
1.836000000000000000e+04 6.943261338480834049e-16
1.837000000000000000e+04 6.919474751548796189e-16
1.838000000000000000e+04 6.895774595304947587e-16
1.839000000000000000e+04 6.872160732648401593e-16
1.840000000000000000e+04 6.848633023738287454e-16
1.841000000000000000e+04 6.825191326031633376e-16
1.842000000000000000e+04 6.801835494321373852e-16
1.843000000000000000e+04 6.778565380774397401e-16
1.844000000000000000e+04 6.755380834969670251e-16
1.845000000000000000e+04 6.732281703936404381e-16
1.846000000000000000e+04 6.709267832192247271e-16
1.847000000000000000e+04 6.686339061781482482e-16
1.848000000000000000e+04 6.663495232313248991e-16
1.849000000000000000e+04 6.640736180999714161e-16
1.850000000000000000e+04 6.618061742694259545e-16
1.851000000000000000e+04 6.595471749929586812e-16
1.852000000000000000e+04 6.572966032955809863e-16
1.853000000000000000e+04 6.550544419778448350e-16
1.854000000000000000e+04 6.528206736196363993e-16
1.855000000000000000e+04 6.505952805839615060e-16
1.856000000000000000e+04 6.483782450207190540e-16
1.857000000000000000e+04 6.461695488704661486e-16
1.858000000000000000e+04 6.439691738681689386e-16
1.859000000000000000e+04 6.417771015469424076e-16
1.860000000000000000e+04 6.395933132417752778e-16
1.861000000000000000e+04 6.374177900932407118e-16
1.862000000000000000e+04 6.352505130511901549e-16
1.863000000000000000e+04 6.330914628784327790e-16
1.864000000000000000e+04 6.309406201543959944e-16
1.865000000000000000e+04 6.287979652787672263e-16
1.866000000000000000e+04 6.266634784751183365e-16
1.867000000000000000e+04 6.245371397945110130e-16
1.868000000000000000e+04 6.224189291190779031e-16
1.869000000000000000e+04 6.203088261655876729e-16
1.870000000000000000e+04 6.182068104889847247e-16
1.871000000000000000e+04 6.161128614859082072e-16
1.872000000000000000e+04 6.140269583981883453e-16
1.873000000000000000e+04 6.119490803163177240e-16
1.874000000000000000e+04 6.098792061829005830e-16
1.875000000000000000e+04 6.078173147960751906e-16
1.876000000000000000e+04 6.057633848129144263e-16
1.877000000000000000e+04 6.037173947527967804e-16
1.878000000000000000e+04 6.016793230007551673e-16
1.879000000000000000e+04 5.996491478107965506e-16
1.880000000000000000e+04 5.976268473091966212e-16
1.881000000000000000e+04 5.956123994977663707e-16
1.882000000000000000e+04 5.936057822570910569e-16
1.883000000000000000e+04 5.916069733497413598e-16
1.884000000000000000e+04 5.896159504234577174e-16
1.885000000000000000e+04 5.876326910143035018e-16
1.886000000000000000e+04 5.856571725497912745e-16
1.887000000000000000e+04 5.836893723519804463e-16
1.888000000000000000e+04 5.817292676405435791e-16
1.889000000000000000e+04 5.797768355358051776e-16
1.890000000000000000e+04 5.778320530617495163e-16
1.891000000000000000e+04 5.758948971489995763e-16
1.892000000000000000e+04 5.739653446377647223e-16
1.893000000000000000e+04 5.720433722807591923e-16
1.894000000000000000e+04 5.701289567460894267e-16
1.895000000000000000e+04 5.682220746201118163e-16
1.896000000000000000e+04 5.663227024102583027e-16
1.897000000000000000e+04 5.644308165478330879e-16
1.898000000000000000e+04 5.625463933907770985e-16
1.899000000000000000e+04 5.606694092264029665e-16
1.900000000000000000e+04 5.587998402740964836e-16
1.901000000000000000e+04 5.569376626879910368e-16
1.902000000000000000e+04 5.550828525596071368e-16
1.903000000000000000e+04 5.532353859204637453e-16
1.904000000000000000e+04 5.513952387446562717e-16
1.905000000000000000e+04 5.495623869514059752e-16
1.906000000000000000e+04 5.477368064075761345e-16
1.907000000000000000e+04 5.459184729301590309e-16
1.908000000000000000e+04 5.441073622887299958e-16
1.909000000000000000e+04 5.423034502078725661e-16
1.910000000000000000e+04 5.405067123695716915e-16
1.911000000000000000e+04 5.387171244155757810e-16
1.912000000000000000e+04 5.369346619497293643e-16
1.913000000000000000e+04 5.351593005402738050e-16
1.914000000000000000e+04 5.333910157221180369e-16
1.915000000000000000e+04 5.316297829990788296e-16
1.916000000000000000e+04 5.298755778460905860e-16
1.917000000000000000e+04 5.281283757113849644e-16
1.918000000000000000e+04 5.263881520186405245e-16
1.919000000000000000e+04 5.246548821691017069e-16
1.920000000000000000e+04 5.229285415436690181e-16
1.921000000000000000e+04 5.212091055049591408e-16
1.922000000000000000e+04 5.194965493993336874e-16
1.923000000000000000e+04 5.177908485589024133e-16
1.924000000000000000e+04 5.160919783034932983e-16
1.925000000000000000e+04 5.143999139425948211e-16
1.926000000000000000e+04 5.127146307772710175e-16
1.927000000000000000e+04 5.110361041020448859e-16
1.928000000000000000e+04 5.093643092067549714e-16
1.929000000000000000e+04 5.076992213783839455e-16
1.930000000000000000e+04 5.060408159028568144e-16
1.931000000000000000e+04 5.043890680668135880e-16
1.932000000000000000e+04 5.027439531593526627e-16
1.933000000000000000e+04 5.011054464737462980e-16
1.934000000000000000e+04 4.994735233091299619e-16
1.935000000000000000e+04 4.978481589721637710e-16
1.936000000000000000e+04 4.962293287786655308e-16
1.937000000000000000e+04 4.946170080552203078e-16
1.938000000000000000e+04 4.930111721407595320e-16
1.939000000000000000e+04 4.914117963881159405e-16
1.940000000000000000e+04 4.898188561655529809e-16
1.941000000000000000e+04 4.882323268582651270e-16
1.942000000000000000e+04 4.866521838698563022e-16
1.943000000000000000e+04 4.850784026237905946e-16
1.944000000000000000e+04 4.835109585648171376e-16
1.945000000000000000e+04 4.819498271603720137e-16
1.946000000000000000e+04 4.803949839019533382e-16
1.947000000000000000e+04 4.788464043064729719e-16
1.948000000000000000e+04 4.773040639175837799e-16
1.949000000000000000e+04 4.757679383069813505e-16
1.950000000000000000e+04 4.742380030756844152e-16
1.951000000000000000e+04 4.727142338552884472e-16
1.952000000000000000e+04 4.711966063091989469e-16
1.953000000000000000e+04 4.696850961338390891e-16
1.954000000000000000e+04 4.681796790598355786e-16
1.955000000000000000e+04 4.666803308531814306e-16
1.956000000000000000e+04 4.651870273163770586e-16
1.957000000000000000e+04 4.636997442895473996e-16
1.958000000000000000e+04 4.622184576515391213e-16
1.959000000000000000e+04 4.607431433209939657e-16
1.960000000000000000e+04 4.592737772574022729e-16
1.961000000000000000e+04 4.578103354621347129e-16
1.962000000000000000e+04 4.563527939794519286e-16
1.963000000000000000e+04 4.549011288974948520e-16
1.964000000000000000e+04 4.534553163492534256e-16
1.965000000000000000e+04 4.520153325135157008e-16
1.966000000000000000e+04 4.505811536157960308e-16
1.967000000000000000e+04 4.491527559292438392e-16
1.968000000000000000e+04 4.477301157755331585e-16
1.969000000000000000e+04 4.463132095257316593e-16
1.970000000000000000e+04 4.449020136011511411e-16
1.971000000000000000e+04 4.434965044741798791e-16
1.972000000000000000e+04 4.420966586690944604e-16
1.973000000000000000e+04 4.407024527628548576e-16
1.974000000000000000e+04 4.393138633858798788e-16
1.975000000000000000e+04 4.379308672228059039e-16
1.976000000000000000e+04 4.365534410132265898e-16
1.977000000000000000e+04 4.351815615524157624e-16
1.978000000000000000e+04 4.338152056920330040e-16
1.979000000000000000e+04 4.324543503408114408e-16
1.980000000000000000e+04 4.310989724652296063e-16
1.981000000000000000e+04 4.297490490901656038e-16
1.982000000000000000e+04 4.284045572995357390e-16
1.983000000000000000e+04 4.270654742369161423e-16
1.984000000000000000e+04 4.257317771061488109e-16
1.985000000000000000e+04 4.244034431719324167e-16
1.986000000000000000e+04 4.230804497603955121e-16
1.987000000000000000e+04 4.217627742596572131e-16
1.988000000000000000e+04 4.204503941203704283e-16
1.989000000000000000e+04 4.191432868562508399e-16
1.990000000000000000e+04 4.178414300445919309e-16
1.991000000000000000e+04 4.165448013267640877e-16
1.992000000000000000e+04 4.152533784087009326e-16
1.993000000000000000e+04 4.139671390613695841e-16
1.994000000000000000e+04 4.126860611212292802e-16
1.995000000000000000e+04 4.114101224906743242e-16
1.996000000000000000e+04 4.101393011384646548e-16
1.997000000000000000e+04 4.088735751001426112e-16
1.998000000000000000e+04 4.076129224784369283e-16
1.999000000000000000e+04 4.063573214436532722e-16
