0 0
100 0
200 0
300 0
400 0
500 nan
600 0
700 0
800 0
900 0
1000 nan
1100 nan
1200 nan
1300 nan
1400 0
1500 0
1600 nan
1700 nan
1800 nan
1900 nan
2000 0
2100 nan
2200 nan
2300 nan
2400 nan
2500 0
2600 0.537871
2700 0.572121
2800 0.603402
2900 0.566671
3000 0.539528
3100 0.571315
3200 0.532824
3300 0.463555
3400 0.469351
3500 0.441136
3600 0.40008
3700 0.376415
3800 0.391209
3900 0.370264
4000 0.344228
4100 0.341641
4200 0.302138
4300 0.304371
4400 0.271168
4500 0.328758
4600 0.310467
4700 0.291947
4800 0.276293
4900 0.253661
5000 0.202014
5100 0.22023
5200 0.211746
5300 0.188734
5400 0.222013
5500 0.23712
5600 0.207229
5700 0.247012
5800 0.211832
5900 0.200201
6000 0.233511
6100 0.209957
6200 0.183844
6300 0.201174
6400 0.181353
6500 0.168174
6600 0.16404
6700 0.158277
6800 0.147062
6900 0.138423
7000 0.12651
7100 0.126725
7200 0.108476
7300 0.0991946
7400 0.121844
7500 0.108795
7600 0.105302
7700 0.0989881
7800 0.0898055
7900 0.0794934
8000 0.0803915
8100 0.065665
8200 0.0676353
8300 0.0558655
8400 0.0583196
8500 0.0490677
8600 0.0514662
8700 0.0490832
8800 0.0504477
8900 0.0510939
9000 0.0436775
