0 0
100 0
200 0
300 0
400 0
500 1
600 0
700 0
800 0
900 0
1000 0
1100 0.887354
1200 0
1300 0.8043
1400 0
1500 0
1600 0
1700 0.58232
1800 0
1900 0.463827
2000 0
2100 0.355888
2200 0.305395
2300 0.607902
2400 0.583944
2500 0
2600 0.542247
2700 0.521745
2800 0.502011
2900 0.482926
3000 0.464404
3100 0.446425
3200 0.428975
3300 0.41213
3400 0.395976
3500 0.380601
3600 0.366076
3700 0.353802
3800 0.388964
3900 0.392183
4000 0.394819
4100 0.397001
4200 0.398791
4300 0.4002
4400 0.401204
4500 0.401758
4600 0.401806
4700 0.401295
4800 0.400176
4900 0.398414
5000 0.395985
5100 0.392881
5200 0.389103
5300 0.384665
5400 0.379583
5500 0.373876
5600 0.36756
5700 0.36065
5800 0.353156
5900 0.34509
6000 0.33647
6100 0.327323
6200 0.317697
6300 0.307654
6400 0.297277
6500 0.286658
6600 0.275898
6700 0.265091
6800 0.254325
6900 0.243676
7000 0.233206
7100 0.222969
7200 0.213007
7300 0.203348
7400 0.194012
7500 0.185003
7600 0.176316
7700 0.167937
7800 0.159847
7900 0.152024
8000 0.144451
8100 0.137111
8200 0.129996
8300 0.123102
8400 0.116429
8500 0.109984
8600 0.103771
8700 0.0977997
8800 0.0920748
8900 0.0866016
9000 0.0813827
