0	 0	1	0	0	1
100	 0	0	0	0	1
100	 0	0	0	0	1
100	 -1	0	0	0	1
100	 1	0	0	0	1
100	 -2	0	0	0	1
100	 2	0	0	0	1
100	 -3	0	0	0	1
100	 3	0	0	0	1
100	 -4	0	0	0	1
100	 4	0	0	0	1
100	 -5	0	0	0	1
100	 5	0	0	0	1
200	 0	0	0	0	1
200	 0	0	0	0	1
200	 -1	0	0	0	1
200	 1	0	0	0	1
200	 -2	0	0	0	1
200	 2	0	0	0	1
200	 -3	0	0	0	1
200	 3	0	0	0	1
200	 -4	0	0	0	1
200	 4	0	0	0	1
200	 -5	0	0	0	1
200	 5	0	0	0	1
300	 0	0	0	0	1
300	 0	0	0	0	1
300	 -1	0	0	0	1
300	 1	0	0	0	1
300	 -2	0	0	0	1
300	 2	0	0	0	1
300	 -3	0	0	0	1
300	 3	0	0	0	1
300	 -4	0	0	0	1
300	 4	0	0	0	1
300	 -5	0	0	0	1
300	 5	0	0	0	1
400	 0	0	0	0	1
400	 0	0	0	0	1
400	 -1	0	0	0	1
400	 1	0	0	0	1
400	 -2	0	0	0	1
400	 2	0	0	0	1
400	 -3	0	0	0	1
400	 3	0	0	0	1
400	 -4	0	0	0	1
400	 4	0	0	0	1
400	 -5	0	0	0	1
400	 5	0	0	0	1
500	 0	0	0	0	1
500	 0	0	0	0	1
500	 -1	0	0	0	1
500	 1	0	0	0	1
500	 -2	0	0	0	1
500	 2	1	1.81411e-12	1.81411e-12	1
500	 -3	0	0	0	1
500	 3	0	0	0	1
500	 -4	0	0	0	1
500	 4	0	0	0	1
500	 -5	0	0	0	1
500	 5	0	0	0	1
600	 0	0	0	0	1
600	 0	0	0	0	1
600	 -1	0	0	0	1
600	 1	0	0	0	1
600	 -2	0	0	0	1
600	 2	0	0	0	1
600	 -3	0	0	0	1
600	 3	0	0	0	1
600	 -4	0	0	0	1
600	 4	0	0	0	1
600	 -5	0	0	0	1
600	 5	0	0	0	1
700	 0	0	0	0	1
700	 0	0	0	0	1
700	 -1	0	0	0	1
700	 1	0	0	0	1
700	 -2	0	0	0	1
700	 2	0	0	0	1
700	 -3	0	0	0	1
700	 3	0	0	0	1
700	 -4	0	0	0	1
700	 4	0	0	0	1
700	 -5	0	0	0	1
700	 5	0	0	0	1
800	 0	0	0	0	1
800	 0	0	0	0	1
800	 -1	0	0	0	1
800	 1	0	0	0	1
800	 -2	0	0	0	1
800	 2	0	0	0	1
800	 -3	0	0	0	1
800	 3	0	0	0	1
800	 -4	0	0	0	1
800	 4	0	0	0	1
800	 -5	0	0	0	1
800	 5	0	0	0	1
900	 0	0	0	0	1
900	 0	0	0	0	1
900	 -1	0	0	0	1
900	 1	0	0	0	1
900	 -2	0	0	0	1
900	 2	0	0	0	1
900	 -3	0	0	0	1
900	 3	0	0	0	1
900	 -4	0	0	0	1
900	 4	0	0	0	1
900	 -5	0	0	0	1
900	 5	0	0	0	1
1000	 0	0	0	0	1
1000	 0	1	1.81411e-12	0	1
1000	 -1	0	0	0	1
1000	 1	0	0	0	1
1000	 -2	0	0	0	1
1000	 2	0	0	0	1
1000	 -3	0	0	0	1
1000	 3	0	0	0	1
1000	 -4	0	0	0	1
1000	 4	0	0	0	1
1000	 -5	0	0	0	1
1000	 5	0	0	0	1
1100	 0	0	0	0	1
1100	 0	0	0	0	1
1100	 -1	0	0	0	1
1100	 1	0	0	0	1
1100	 -2	0	0	0	1
1100	 2	1	4.84186e-11	4.29644e-11	1
1100	 -3	0	0	0	1
1100	 3	0	0	0	1
1100	 -4	0	0	0	1
1100	 4	0	0	0	1
1100	 -5	0	0	0	1
1100	 5	0	0	0	1
1200	 0	0	0	0	1
1200	 0	1	6.99103e-12	0	1
1200	 -1	0	0	0	1
1200	 1	0	0	0	1
1200	 -2	0	0	0	1
1200	 2	0	0	0	1
1200	 -3	0	0	0	1
1200	 3	0	0	0	1
1200	 -4	0	0	0	1
1200	 4	1	6.99103e-12	0	1
1200	 -5	0	0	0	1
1200	 5	0	0	0	1
1300	 0	0	0	0	1
1300	 0	0	0	0	1
1300	 -1	0	0	0	1
1300	 1	0	0	0	1
1300	 -2	0	0	0	1
1300	 2	1	1.0478e-10	8.42749e-11	1
1300	 -3	0	0	0	1
1300	 3	0	0	0	1
1300	 -4	0	0	0	1
1300	 4	0	0	0	1
1300	 -5	0	0	0	1
1300	 5	0	0	0	1
1400	 0	0	0	0	1
1400	 0	0	0	0	1
1400	 -1	0	0	0	1
1400	 1	0	0	0	1
1400	 -2	0	0	0	1
1400	 2	0	0	0	1
1400	 -3	0	0	0	1
1400	 3	0	0	0	1
1400	 -4	0	0	0	1
1400	 4	0	0	0	1
1400	 -5	0	0	0	1
1400	 5	0	0	0	1
1500	 0	0	0	0	1
1500	 0	0	0	0	1
1500	 -1	0	0	0	1
1500	 1	0	0	0	1
1500	 -2	0	0	0	1
1500	 2	0	0	0	1
1500	 -3	0	0	0	1
1500	 3	0	0	0	1
1500	 -4	0	0	0	1
1500	 4	0	0	0	1
1500	 -5	0	0	0	1
1500	 5	0	0	0	1
1600	 0	0	0	0	1
1600	 0	0	0	0	1
1600	 -1	0	0	0	1
1600	 1	0	0	0	1
1600	 -2	0	0	0	1
1600	 2	0	0	0	1
1600	 -3	0	0	0	1
1600	 3	0	0	0	1
1600	 -4	0	0	0	1
1600	 4	1	4.59837e-11	0	1
1600	 -5	0	0	0	1
1600	 5	0	0	0	1
1700	 0	0	0	0	1
1700	 0	0	0	0	1
1700	 -1	0	0	0	1
1700	 1	0	0	0	1
1700	 -2	0	0	0	1
1700	 2	2	2.14547e-10	1.24935e-10	1
1700	 -3	0	0	0	1
1700	 3	0	0	0	1
1700	 -4	0	0	0	1
1700	 4	0	0	0	1
1700	 -5	0	0	0	1
1700	 5	0	0	0	1
1800	 0	0	0	0	1
1800	 0	1	9.30829e-11	0	1
1800	 -1	0	0	0	1
1800	 1	0	0	0	1
1800	 -2	0	0	0	1
1800	 2	0	0	0	1
1800	 -3	0	0	0	1
1800	 3	1	2.74613e-10	0	1
1800	 -4	0	0	0	1
1800	 4	1	9.85929e-11	0	1
1800	 -5	0	0	0	1
1800	 5	0	0	0	1
1900	 0	0	0	0	1
1900	 0	0	0	0	1
1900	 -1	0	0	0	1
1900	 1	0	0	0	1
1900	 -2	0	0	0	1
1900	 2	1	8.47598e-10	3.93139e-10	1
1900	 -3	1	3.03199e-08	0	1
1900	 3	0	0	0	1
1900	 -4	0	0	0	1
1900	 4	0	0	0	1
1900	 -5	0	0	0	1
1900	 5	0	0	0	1
2000	 0	0	0	0	1
2000	 0	0	0	0	1
2000	 -1	0	0	0	1
2000	 1	0	0	0	1
2000	 -2	0	0	0	1
2000	 2	0	0	0	1
2000	 -3	0	0	0	1
2000	 3	0	0	0	1
2000	 -4	0	0	0	1
2000	 4	0	0	0	1
2000	 -5	0	0	0	1
2000	 5	0	0	0	1
2100	 0	0	0	0	1
2100	 0	0	0	0	1
2100	 -1	0	0	0	1
2100	 1	0	0	0	1
2100	 -2	0	0	0	1
2100	 2	1	1.6639e-09	5.92161e-10	1
2100	 -3	0	0	0	1
2100	 3	2	5.1334e-10	0	1
2100	 -4	0	0	0	1
2100	 4	0	0	0	1
2100	 -5	0	0	0	1
2100	 5	0	0	0	1
2200	 0	0	0	0	1
2200	 0	0	0	0	1
2200	 -1	0	0	0	1
2200	 1	0	0	0	1
2200	 -2	0	0	0	1
2200	 2	1	2.34729e-09	7.16849e-10	1
2200	 -3	0	0	0	1
2200	 3	0	0	0	1
2200	 -4	0	0	0	1
2200	 4	0	0	0	1
2200	 -5	1	7.61033e-09	0	1
2200	 5	0	0	0	1
2300	 0	0	0	0	1
2300	 0	1	4.13938e-10	0	1
2300	 -1	1	3.04321e-07	1.84998e-07	1
2300	 1	0	0	0	1
2300	 -2	0	0	0	1
2300	 2	0	0	0	1
2300	 -3	2	5.13713e-08	0	1
2300	 3	0	0	0	1
2300	 -4	0	0	0	1
2300	 4	1	7.10058e-10	0	1
2300	 -5	0	0	0	1
2300	 5	0	0	0	1
2400	 0	0	0	0	1
2400	 0	0	0	0	1
2400	 -1	1	3.76718e-07	2.19982e-07	1
2400	 1	0	0	0	1
2400	 -2	0	0	0	1
2400	 2	0	0	0	1
2400	 -3	0	0	0	1
2400	 3	0	0	0	1
2400	 -4	1	1.81179e-08	0	1
2400	 4	0	0	0	1
2400	 -5	0	0	0	1
2400	 5	0	0	0	1
2500	 0	0	0	0	1
2500	 0	0	0	0	1
2500	 -1	0	0	0	1
2500	 1	0	0	0	1
2500	 -2	0	0	0	1
2500	 2	0	0	0	1
2500	 -3	0	0	0	1
2500	 3	0	0	0	1
2500	 -4	0	0	0	1
2500	 4	0	0	0	1
2500	 -5	0	0	0	1
2500	 5	0	0	0	1
2600	 0	0.117471	6.4789e-13	0	1
2600	 0	0.267697	3.53244e-09	0	1
2600	 -1	0.122591	4.61697e-06	2.48805e-06	1
2600	 1	0.279365	8.35449e-08	5.85323e-08	1
2600	 -2	0.267998	7.23784e-07	0	1
2600	 2	0.610723	1.5775e-08	2.34182e-09	1
2600	 -3	0.177554	1.2861e-06	0	1
2600	 3	0.404617	2.01318e-08	0	1
2600	 -4	0.247431	1.53401e-07	0	1
2600	 4	0.563854	5.8257e-09	0	1
2600	 -5	0.118258	2.90791e-07	0	1
2600	 5	0.269489	2.53546e-09	0	1
2700	 0	0.147712	3.74007e-12	0	1
2700	 0	0.287652	4.6559e-09	0	1
2700	 -1	0.154482	4.45022e-06	2.30459e-06	1
2700	 1	0.300835	9.96561e-08	6.68547e-08	1
2700	 -2	0.339168	7.23749e-07	0	1
2700	 2	0.660491	2.08059e-08	2.534e-09	1
2700	 -3	0.226159	1.29363e-06	0	1
2700	 3	0.440418	2.72317e-08	0	1
2700	 -4	0.317885	1.673e-07	0	1
2700	 4	0.619044	8.78609e-09	0	1
2700	 -5	0.153572	3.06756e-07	0	1
2700	 5	0.299063	4.17697e-09	0	1
2800	 0	0.182414	2.5483e-11	0	1
2800	 0	0.310439	6.39101e-09	0	1
2800	 -1	0.191148	4.34381e-06	2.16254e-06	1
2800	 1	0.325303	1.17187e-07	7.46915e-08	1
2800	 -2	0.421316	7.31828e-07	0	1
2800	 2	0.717012	2.72351e-08	2.71737e-09	1
2800	 -3	0.282591	1.31508e-06	0	1
2800	 3	0.480924	3.62702e-08	0	1
2800	 -4	0.400328	1.82634e-07	0	1
2800	 4	0.681293	1.29296e-08	0	1
2800	 -5	0.195303	3.24269e-07	0	1
2800	 5	0.332374	6.67084e-09	0	1
2900	 0	0.221703	1.0299e-10	0	1
2900	 0	0.336973	8.94942e-09	0	1
2900	 -1	0.232735	4.28572e-06	2.05215e-06	1
2900	 1	0.353743	1.3581e-07	8.15276e-08	1
2900	 -2	0.514826	7.46895e-07	0	1
2900	 2	0.782502	3.52097e-08	2.8846e-09	1
2900	 -3	0.347176	1.34853e-06	0	1
2900	 3	0.527685	4.74285e-08	0	1
2900	 -4	0.495366	1.99462e-07	0	1
2900	 4	0.752924	1.84442e-08	0	1
2900	 -5	0.243847	3.43423e-07	0	1
2900	 5	0.370632	1.02212e-08	0	1
3000	 0	0.265822	2.92629e-10	0	1
3000	 0	0.368211	1.25136e-08	0	1
3000	 -1	0.279513	4.26493e-06	1.96533e-06	1
3000	 1	0.387175	1.55148e-07	8.68901e-08	1
3000	 -2	0.620352	7.67743e-07	0	1
3000	 2	0.859297	4.47963e-08	3.02949e-09	1
3000	 -3	0.42042	1.39193e-06	0	1
3000	 3	0.582356	6.07884e-08	0	1
3000	 -4	0.603858	2.17752e-07	0	1
3000	 4	0.836451	2.54515e-08	0	1
3000	 -5	0.299724	3.64137e-07	0	1
3000	 5	0.415171	1.49955e-08	0	1
3100	 0	0.315184	6.65954e-10	0	1
3100	 0	0.40512	1.72152e-08	0	1
3100	 -1	0.331925	4.27169e-06	1.8955e-06	1
3100	 1	0.426639	1.74841e-07	9.04202e-08	1
3100	 -2	0.738937	7.93154e-07	0	1
3100	 2	0.94979	5.59788e-08	3.14781e-09	1
3100	 -3	0.503096	1.44311e-06	0	1
3100	 3	0.646652	7.63329e-08	0	1
3100	 -4	0.727052	2.37399e-07	0	1
3100	 4	0.934514	3.39986e-08	0	1
3100	 -5	0.363648	3.8621e-07	0	1
3100	 5	0.467414	2.11111e-08	0	1
3200	 0	0.370388	1.30519e-09	0	1
3200	 0	0.448684	2.31242e-08	0	1
3200	 -1	0.390619	4.29757e-06	1.83746e-06	1
3200	 1	0.473191	1.94597e-07	9.1919e-08	1
3200	 -2	0.872085	8.21954e-07	0	1
3200	 2	1.05644	6.86693e-08	3.2376e-09	1.19995
3200	 -3	0.596293	1.49999e-06	0	1
3200	 3	0.722344	9.39629e-08	0	1
3200	 -4	0.866668	2.58233e-07	0	1
3200	 4	1.04987	4.40626e-08	0	1
3200	 -5	0.436581	4.09366e-07	0	1
3200	 5	0.52887	2.86306e-08	0	1
3300	 0	0.432236	2.2985e-09	0	1
3300	 0	0.499925	3.02498e-08	0	1
3300	 -1	0.456452	4.33547e-06	1.78721e-06	1
3300	 1	0.527933	2.14225e-07	9.13593e-08	1
3300	 -2	1.02178	8.53048e-07	0	1
3300	 2	1.18179	8.27287e-08	3.29892e-09	1.26863
3300	 -3	0.701445	1.56057e-06	0	1
3300	 3	0.811293	1.13521e-07	0	1
3300	 -4	1.02494	2.80046e-07	0	1
3300	 4	1.18545	5.55646e-08	0	1
3300	 -5	0.519762	4.33288e-07	0	1
3300	 5	0.601157	3.75646e-08	0	1
3400	 0	0.501728	3.73521e-09	0	1
3400	 0	0.559935	3.85481e-08	0	1
3400	 -1	0.530498	4.37953e-06	1.74173e-06	1
3400	 1	0.592043	2.33639e-07	8.88696e-08	1
3400	 -2	1.1905	8.85444e-07	0	1
3400	 2	1.32862	9.7987e-08	3.33337e-09	1.33986
3400	 -3	0.820337	1.62304e-06	0	1
3400	 3	0.915506	1.34817e-07	0	1
3400	 -4	1.20466	3.02603e-07	0	1
3400	 4	1.34442	6.83858e-08	0	1
3400	 -5	0.614723	4.57657e-07	0	1
3400	 5	0.686039	4.78802e-08	0	1
3500	 0	0.580064	5.70115e-09	0	1
3500	 0	0.629918	4.79345e-08	0	1
3500	 -1	0.614046	4.42505e-06	1.6988e-06	1
3500	 1	0.66682	2.52848e-07	8.47006e-08	1
3500	 -2	1.38123	9.18269e-07	0	1
3500	 2	1.49994	1.14262e-07	3.34343e-09	1.41319
3500	 -3	0.955115	1.68577e-06	0	1
3500	 3	1.0372	1.57645e-07	0	1
3500	 -4	1.40918	3.25664e-07	0	1
3500	 4	1.53029	8.23834e-08	0	1
3500	 -5	0.723313	4.82166e-07	0	1
3500	 5	0.785478	5.95096e-08	0	1
3600	 0	0.668654	8.27453e-09	0	1
3600	 0	0.711227	5.82963e-08	0	1
3600	 -1	0.708609	4.46833e-06	1.65686e-06	1
3600	 1	0.753725	2.7193e-07	7.91853e-08	1
3600	 -2	1.59747	9.50771e-07	0	1
3600	 2	1.69918	1.31373e-07	3.33206e-09	1.48825
3600	 -3	1.10831	1.74738e-06	0	1
3600	 3	1.17887	1.81796e-07	0	1
3600	 -4	1.64245	3.4899e-07	0	1
3600	 4	1.74702	9.74014e-08	0	1
3600	 -5	0.847719	5.0654e-07	0	1
3600	 5	0.901692	7.23588e-08	0	1
3700	 0	0.769128	1.15224e-08	0	1
3700	 0	0.805406	6.95037e-08	0	1
3700	 -1	0.815938	4.50656e-06	1.61484e-06	1
3700	 1	0.854424	2.9101e-07	7.27006e-08	1
3700	 -2	1.84327	9.82321e-07	0	1
3700	 2	1.93021	1.49145e-07	3.30225e-09	1.56471
3700	 -3	1.28286	1.80669e-06	0	1
3700	 3	1.34337	2.07067e-07	0	1
3700	 -4	1.90908	3.72356e-07	0	1
3700	 4	1.99913	1.13279e-07	0	1
3700	 -5	0.990495	5.30536e-07	0	1
3700	 5	1.03721	8.63152e-08	0	1
3800	 0	0.883361	1.54979e-08	0	1
3800	 0	0.914228	8.14186e-08	0	1
3800	 -1	0.938051	4.53771e-06	1.57209e-06	1
3800	 1	0.970829	3.10238e-07	6.56335e-08	1
3800	 -2	2.12333	1.01241e-06	0	1
3800	 2	2.19752	1.67421e-07	3.25686e-09	1.64234
3800	 -3	1.48216	1.86275e-06	0	1
3800	 3	1.53395	2.33261e-07	0	1
3800	 -4	2.21442	3.95555e-07	0	1
3800	 4	2.29179	1.29856e-07	0	1
3800	 -5	1.15461	5.53954e-07	0	1
3800	 5	1.19495	1.01254e-07	0	1
3900	 0	1.0135	2.02383e-08	0	1
3900	 0	1.03973	9.39013e-08	0	1
3900	 -1	1.07726	4.56036e-06	1.52822e-06	1.21194
3900	 1	1.10514	3.29774e-07	5.83555e-08	1.22762
3900	 -2	2.44301	1.04062e-06	0	1
3900	 2	2.50625	1.86053e-07	3.19848e-09	1.72094
3900	 -3	1.71012	1.91481e-06	0	1
3900	 3	1.75439	2.60195e-07	0	1
3900	 -4	2.56461	4.18401e-07	0	1
3900	 4	2.631	1.46976e-07	0	1
3900	 -5	1.3435	5.7663e-07	0	1
3900	 5	1.37827	1.17042e-07	0	1
4000	 0	1.162	2.5764e-08	0	1
4000	 0	1.18428	1.06816e-07	0	1
4000	 -1	1.2362	4.57362e-06	1.48307e-06	1.29606
4000	 1	1.25991	3.49776e-07	5.12032e-08	1.30762
4000	 -2	2.80849	1.06666e-06	0	1
4000	 2	2.86234	2.04913e-07	3.12944e-09	1.80035
4000	 -3	1.97123	1.96231e-06	0	1
4000	 3	2.00903	2.87692e-07	0	1
4000	 -4	2.96676	4.4073e-07	0	1
4000	 4	3.02365	1.64488e-07	0	1
4000	 -5	1.56112	5.98435e-07	0	1
4000	 5	1.59106	1.33546e-07	0	1
4100	 0	1.33168	3.20778e-08	0	1
4100	 0	1.3506	1.20032e-07	0	1
4100	 -1	1.41792	4.57705e-06	1.43664e-06	1.37924
4100	 1	1.43807	3.70392e-07	4.44665e-08	1.38776
4100	 -2	3.22681	1.0903e-06	0	1
4100	 2	3.27265	2.23883e-07	3.05175e-09	1.88041
4100	 -3	2.27063	2.00487e-06	0	1
4100	 3	2.30289	3.1559e-07	0	1
4100	 -4	3.42902	4.62401e-07	0	1
4100	 4	3.47774	1.82248e-07	0	1
4100	 -5	1.81206	6.19273e-07	0	1
4100	 5	1.8378	1.50635e-07	0	1
4200	 0	1.52575	3.91648e-08	0	1
4200	 0	1.54181	1.33431e-07	0	1
4200	 -1	1.62588	4.57052e-06	1.38904e-06	1.46175
4200	 1	1.643	3.9176e-07	3.83827e-08	1.46804
4200	 -2	3.70609	1.11139e-06	0	1
4200	 2	3.7451	2.42859e-07	2.96715e-09	1.96097
4200	 -3	2.61426	2.04223e-06	0	1
4200	 3	2.64177	3.43738e-07	0	1
4200	 -4	3.96079	4.83296e-07	0	1
4200	 4	4.00248	2.00123e-07	0	1
4200	 -5	2.10158	6.39074e-07	0	1
4200	 5	2.1237	1.68184e-07	0	1
4300	 0	1.74791	4.69936e-08	0	1
4300	 0	1.76154	1.469e-07	0	1
4300	 -1	1.86407	4.5542e-06	1.34046e-06	1.54382
4300	 1	1.87861	4.14004e-07	3.31351e-08	1.54848
4300	 -2	4.25563	1.12984e-06	0	1
4300	 2	4.28881	2.61752e-07	2.87717e-09	2.04185
4300	 -3	3.00889	2.07428e-06	0	1
4300	 3	3.03235	3.72004e-07	0	1
4300	 -4	4.57288	5.03313e-07	0	1
4300	 4	4.60853	2.17992e-07	0	1
4300	 -5	2.43579	6.57793e-07	0	1
4300	 5	2.45478	1.86081e-07	0	1
4400	 0	2.0024	5.55165e-08	0	1
4400	 0	2.01396	1.60342e-07	0	1
4400	 -1	2.13705	4.52845e-06	1.2911e-06	1.62565
4400	 1	2.1494	4.37239e-07	2.88563e-08	1.6291
4400	 -2	4.8861	1.14561e-06	0	1
4400	 2	4.91432	2.80481e-07	2.78311e-09	2.12281
4400	 -3	3.46237	2.10101e-06	0	1
4400	 3	3.48237	4.00269e-07	0	1
4400	 -4	5.27774	5.22371e-07	0	1
4400	 4	5.30822	2.35745e-07	0	1
4400	 -5	2.82171	6.75401e-07	0	1
4400	 5	2.83801	2.04224e-07	0	1
4500	 0	2.29405	6.46717e-08	0	1
4500	 0	2.30387	1.73667e-07	0	1
4500	 -1	2.45007	4.49378e-06	1.24122e-06	1.70739
4500	 1	2.46056	4.6157e-07	2.56328e-08	1.70994
4500	 -2	5.60976	1.15873e-06	0	1
4500	 2	5.63376	2.9898e-07	2.68609e-09	2.20353
4500	 -3	3.98368	2.12248e-06	0	1
4500	 3	4.00073	4.28435e-07	0	1
4500	 -4	6.08971	5.40406e-07	0	1
4500	 4	6.11577	2.53287e-07	0	1
4500	 -5	3.26745	6.91887e-07	0	1
4500	 5	3.28143	2.2253e-07	0	1
4600	 0	2.62846	7.4385e-08	0	1
4600	 0	2.63679	1.86798e-07	0	1
4600	 -1	2.80915	4.45082e-06	1.19108e-06	1.78913
4600	 1	2.81805	4.87094e-07	2.35117e-08	1.79102
4600	 -2	6.44071	1.16923e-06	0	1
4600	 2	6.46113	3.17192e-07	2.58711e-09	2.28364
4600	 -3	4.58317	2.13884e-06	0	1
4600	 3	4.5977	4.56427e-07	0	1
4600	 -4	7.02533	5.57367e-07	0	1
4600	 4	7.0476	2.70541e-07	0	1
4600	 -5	3.78238	7.0725e-07	0	1
4600	 5	3.79437	2.40929e-07	0	1
4700	 0	3.01203	8.45721e-08	0	1
4700	 0	3.0191	1.99666e-07	0	1
4700	 -1	3.22119	4.40026e-06	1.14092e-06	1.87094
4700	 1	3.22876	5.13896e-07	2.25065e-08	1.87234
4700	 -2	7.39516	1.17719e-06	0	1
4700	 2	7.41253	3.35075e-07	2.48701e-09	2.36263
4700	 -3	5.27274	2.1503e-06	0	1
4700	 3	5.28512	4.84189e-07	0	1
4700	 -4	8.10363	5.73219e-07	0	1
4700	 4	8.12266	2.87441e-07	0	1
4700	 -5	4.3773	7.215e-07	0	1
4700	 5	4.38758	2.59367e-07	0	1
4800	 0	3.4521	9.51416e-08	0	1
4800	 0	3.45811	2.12214e-07	0	1
4800	 -1	3.69417	4.34284e-06	1.09098e-06	1.95279
4800	 1	3.70059	5.42052e-07	2.2603e-08	1.95383
4800	 -2	8.49175	1.18269e-06	0	1
4800	 2	8.50652	3.52597e-07	2.38651e-09	2.43993
4800	 -3	6.06611	2.15708e-06	0	1
4800	 3	6.07667	5.1169e-07	0	1
4800	 -4	9.34659	5.8794e-07	0	1
4800	 4	9.36285	3.0394e-07	0	1
4800	 -5	5.06471	7.34654e-07	0	1
4800	 5	5.07352	2.77804e-07	0	1
4900	 0	3.95714	1.05998e-07	0	1
4900	 0	3.96224	2.24391e-07	0	1
4900	 -1	4.2372	4.27932e-06	1.04149e-06	2.03464
4900	 1	4.24267	5.7162e-07	2.37625e-08	2.0354
4900	 -2	9.75191	1.18586e-06	0	1
4900	 2	9.76448	3.6974e-07	2.28626e-09	2.51483
4900	 -3	6.97907	2.15949e-06	0	1
4900	 3	6.98806	5.38918e-07	0	1
4900	 -4	10.7795	6.01521e-07	0	1
4900	 4	10.7934	3.20006e-07	0	1
4900	 -5	5.85902	7.46736e-07	0	1
4900	 5	5.86657	2.96209e-07	0	1
5000	 0	4.53687	1.17044e-07	0	1
5000	 0	4.5412	2.36153e-07	0	1
5000	 -1	4.86082	4.21045e-06	9.92653e-07	2.11631
5000	 1	4.86546	6.02635e-07	2.59248e-08	2.11688
5000	 -2	11.2003	1.18683e-06	0	1
5000	 2	11.211	3.86496e-07	2.18679e-09	2.58655
5000	 -3	8.02979	2.1578e-06	0	1
5000	 3	8.03746	5.65879e-07	0	1
5000	 -4	12.4316	6.13965e-07	0	1
5000	 4	12.4435	3.35616e-07	0	1
5000	 -5	6.77688	7.57774e-07	0	1
5000	 5	6.78335	3.14561e-07	0	1
5100	 0	5.20245	1.28186e-07	0	1
5100	 0	5.20613	2.47465e-07	0	1
5100	 -1	5.57709	4.13699e-06	9.44649e-07	2.19758
5100	 1	5.58104	6.35107e-07	2.90084e-08	2.198
5100	 -2	12.8654	1.18574e-06	0	1
5100	 2	12.8745	4.02868e-07	2.08859e-09	2.65425
5100	 -3	9.23922	2.15235e-06	0	1
5100	 3	9.24576	5.92598e-07	0	1
5100	 -4	14.3366	6.25287e-07	0	1
5100	 4	14.3467	3.50763e-07	0	1
5100	 -5	7.83754	7.67802e-07	0	1
5100	 5	7.84309	3.32843e-07	0	1
5200	 0	5.96675	1.39333e-07	0	1
5200	 0	5.96987	2.58296e-07	0	1
5200	 -1	6.39993	4.05964e-06	8.9764e-07	2.27811
5200	 1	6.40329	6.69009e-07	3.2911e-08	2.27842
5200	 -2	14.7797	1.18273e-06	0	1
5200	 2	14.7875	4.18867e-07	1.99204e-09	2.71707
5200	 -3	10.6315	2.14345e-06	0	1
5200	 3	10.6371	6.19105e-07	0	1
5200	 -4	16.5332	6.35512e-07	0	1
5200	 4	16.5419	3.65447e-07	0	1
5200	 -5	9.06322	7.76858e-07	0	1
5200	 5	9.06797	3.5104e-07	0	1
5300	 0	6.84453	1.50405e-07	0	1
5300	 0	6.84719	2.6862e-07	0	1
5300	 -1	7.34534	3.9791e-06	8.51764e-07	2.35745
5300	 1	7.34819	7.04273e-07	3.75083e-08	2.35767
5300	 -2	16.981	1.17797e-06	0	1
5300	 2	16.9876	4.34511e-07	1.89747e-09	2.77418
5300	 -3	12.2344	2.13145e-06	0	1
5300	 3	12.2391	6.4544e-07	0	1
5300	 -4	19.0663	6.44678e-07	0	1
5300	 4	19.0737	3.79675e-07	0	1
5300	 -5	10.4796	7.84983e-07	0	1
5300	 5	10.4836	3.69138e-07	0	1
5400	 0	7.8528	1.61327e-07	0	1
5400	 0	7.85505	2.78416e-07	0	1
5400	 -1	8.43171	3.89603e-06	8.07138e-07	2.43504
5400	 1	8.43413	7.40789e-07	4.26545e-08	2.4352
5400	 -2	19.5125	1.17161e-06	0	1
5400	 2	19.5181	4.4982e-07	1.80518e-09	2.82486
5400	 -3	14.0799	2.11667e-06	0	1
5400	 3	14.084	6.71641e-07	0	1
5400	 -4	21.9875	6.52828e-07	0	1
5400	 4	21.9939	3.93459e-07	0	1
5400	 -5	12.1163	7.92222e-07	0	1
5400	 5	12.1198	3.87117e-07	0	1
5500	 0	9.0111	1.72039e-07	0	1
5500	 0	9.01302	2.8767e-07	0	1
5500	 -1	9.68021	3.81104e-06	7.63859e-07	2.51021
5500	 1	9.68228	7.78398e-07	4.8183e-08	2.51032
5500	 -2	22.4241	1.16383e-06	0	1
5500	 2	22.4288	4.64817e-07	1.71538e-09	2.86857
5500	 -3	16.205	2.09944e-06	0	1
5500	 3	16.2085	6.97742e-07	0	1
5500	 -4	25.3565	6.60017e-07	0	1
5500	 4	25.3619	4.06815e-07	0	1
5500	 -5	14.0075	7.98622e-07	0	1
5500	 5	14.0105	4.04959e-07	0	1
5600	 0	10.3419	1.8249e-07	0	1
5600	 0	10.3436	2.96369e-07	0	1
5600	 -1	11.1152	3.7247e-06	7.22005e-07	2.58221
5600	 1	11.117	8.16895e-07	5.39088e-08	2.58229
5600	 -2	25.7731	1.15478e-06	0	1
5600	 2	25.7772	4.79521e-07	1.62826e-09	2.90505
5600	 -3	18.6522	2.08008e-06	0	1
5600	 3	18.6552	7.23766e-07	0	1
5600	 -4	29.242	6.66303e-07	0	1
5600	 4	29.2466	4.19757e-07	0	1
5600	 -5	16.193	8.04235e-07	0	1
5600	 5	16.1955	4.22639e-07	0	1
5700	 0	11.8712	1.92642e-07	0	1
5700	 0	11.8726	3.04507e-07	0	1
5700	 -1	12.7648	3.63754e-06	6.81636e-07	2.6502
5700	 1	12.7663	8.56035e-07	5.96337e-08	2.65026
5700	 -2	29.6257	1.14463e-06	0	1
5700	 2	29.6291	4.93946e-07	1.54397e-09	2.93434
5700	 -3	21.4705	2.0589e-06	0	1
5700	 3	21.473	7.49726e-07	0	1
5700	 -4	33.7234	6.71749e-07	0	1
5700	 4	33.7273	4.32304e-07	0	1
5700	 -5	18.7183	8.09112e-07	0	1
5700	 5	18.7205	4.4013e-07	0	1
5800	 0	13.6287	2.02465e-07	0	1
5800	 0	13.6298	3.12083e-07	0	1
5800	 -1	14.6612	3.55004e-06	6.42793e-07	2.71334
5800	 1	14.6625	8.95535e-07	6.51525e-08	2.71338
5800	 -2	34.0579	1.13354e-06	0	1
5800	 2	34.0609	5.08099e-07	1.46262e-09	2.95682
5800	 -3	24.7163	2.03618e-06	0	1
5800	 3	24.7184	7.75615e-07	0	1
5800	 -4	38.8921	6.76423e-07	0	1
5800	 4	38.8954	4.44469e-07	0	1
5800	 -5	21.6362	8.13306e-07	0	1
5800	 5	21.6381	4.57404e-07	0	1
5900	 0	15.6486	2.11943e-07	0	1
5900	 0	15.6496	3.19098e-07	0	1
5900	 -1	16.8416	3.46266e-06	6.05508e-07	2.77081
5900	 1	16.8427	9.35087e-07	7.02616e-08	2.77084
5900	 -2	39.1575	1.12166e-06	0	1
5900	 2	39.16	5.21981e-07	1.38427e-09	2.9732
5900	 -3	28.4547	2.01221e-06	0	1
5900	 3	28.4565	8.01414e-07	0	1
5900	 -4	44.8537	6.80391e-07	0	1
5900	 4	44.8566	4.56266e-07	0	1
5900	 -5	25.0078	8.16871e-07	0	1
5900	 5	25.0095	4.74429e-07	0	1
6000	 0	17.9704	2.21064e-07	0	1
6000	 0	17.9713	3.2556e-07	0	1
6000	 -1	19.3487	3.37578e-06	5.69794e-07	2.82188
6000	 1	19.3497	9.74366e-07	7.47687e-08	2.8219
6000	 -2	45.0253	1.10914e-06	0	1
6000	 2	45.0274	5.35582e-07	1.30898e-09	2.98444
6000	 -3	32.7608	1.98724e-06	0	1
6000	 3	32.7623	8.27082e-07	0	1
6000	 -4	51.7301	6.83721e-07	0	1
6000	 4	51.7325	4.67708e-07	0	1
6000	 -5	28.9036	8.1986e-07	0	1
6000	 5	28.905	4.91174e-07	0	1
6100	 0	20.6396	2.29825e-07	0	1
6100	 0	20.6403	3.31481e-07	0	1
6100	 -1	22.2319	3.28978e-06	5.35655e-07	2.86602
6100	 1	22.2326	1.01305e-06	7.85024e-08	2.86603
6100	 -2	51.7776	1.09612e-06	0	1
6100	 2	51.7794	5.48883e-07	1.23678e-09	2.99163
6100	 -3	37.7209	1.96153e-06	0	1
6100	 3	37.7223	8.52567e-07	0	1
6100	 -4	59.6617	6.86477e-07	0	1
6100	 4	59.6638	4.78805e-07	0	1
6100	 -5	33.4049	8.22326e-07	0	1
6100	 5	33.406	5.07611e-07	0	1
6200	 0	23.7082	2.38228e-07	0	1
6200	 0	23.7088	3.36877e-07	0	1
6200	 -1	25.5476	3.20496e-06	5.03085e-07	2.90293
6200	 1	25.5483	1.05081e-06	8.13224e-08	2.90293
6200	 -2	59.5482	1.08272e-06	0	1
6200	 2	59.5498	5.61857e-07	1.16765e-09	2.99588
6200	 -3	43.4349	1.93528e-06	0	1
6200	 3	43.436	8.77798e-07	0	1
6200	 -4	68.8107	6.88723e-07	0	1
6200	 4	68.8125	4.89566e-07	0	1
6200	 -5	38.6057	8.24319e-07	0	1
6200	 5	38.6067	5.2371e-07	0	1
6300	 0	27.2366	2.46276e-07	0	1
6300	 0	27.2371	3.41767e-07	0	1
6300	 -1	29.3613	3.12162e-06	4.72068e-07	2.93265
6300	 1	29.3619	1.08735e-06	8.31266e-08	2.93265
6300	 -2	68.4915	1.06906e-06	0	1
6300	 2	68.4929	5.74471e-07	1.10159e-09	2.99817
6300	 -3	50.0174	1.9087e-06	0	1
6300	 3	50.0184	9.02695e-07	0	1
6300	 -4	79.3643	6.90518e-07	0	1
6300	 4	79.3658	4.99997e-07	0	1
6300	 -5	44.6147	8.25888e-07	0	1
6300	 5	44.6156	5.39444e-07	0	1
6400	 0	31.2938	2.53978e-07	0	1
6400	 0	31.2942	3.46175e-07	0	1
6400	 -1	33.748	3.04e-06	4.4258e-07	2.95553
6400	 1	33.7485	1.12241e-06	8.38576e-08	2.95553
6400	 -2	78.7851	1.05526e-06	0	1
6400	 2	78.7862	5.86686e-07	1.03856e-09	2.99928
6400	 -3	57.6009	1.88199e-06	0	1
6400	 3	57.6018	9.27169e-07	0	1
6400	 -4	91.5382	6.91917e-07	0	1
6400	 4	91.5395	5.10104e-07	0	1
6400	 -5	51.5574	8.27079e-07	0	1
6400	 5	51.5581	5.54788e-07	0	1
6500	 0	35.9596	2.61341e-07	0	1
6500	 0	35.96	3.50127e-07	0	1
6500	 -1	38.7943	2.96032e-06	4.14592e-07	2.97227
6500	 1	38.7947	1.15576e-06	8.35048e-08	2.97228
6500	 -2	90.6336	1.0414e-06	0	1
6500	 2	90.6346	5.98463e-07	9.78513e-10	2.99975
6500	 -3	66.3382	1.8553e-06	0	1
6500	 3	66.3389	9.51125e-07	0	1
6500	 -4	105.581	6.92971e-07	0	1
6500	 4	105.583	5.19891e-07	0	1
6500	 -5	59.5787	8.27936e-07	0	1
6500	 5	59.5793	5.69719e-07	0	1
6600	 0	41.3257	2.68376e-07	0	1
6600	 0	41.326	3.53649e-07	0	1
6600	 -1	44.5997	2.88274e-06	3.88068e-07	2.98381
6600	 1	44.6	1.1872e-06	8.21047e-08	2.98382
6600	 -2	104.273	1.02757e-06	0	1
6600	 2	104.274	6.0976e-07	9.21387e-10	2.99993
6600	 -3	76.405	1.82877e-06	0	1
6600	 3	76.4056	9.74467e-07	0	1
6600	 -4	121.782	6.93727e-07	0	1
6600	 4	121.783	5.2936e-07	0	1
6600	 -5	68.846	8.28501e-07	0	1
6600	 5	68.8466	5.84214e-07	0	1
6700	 0	47.4976	2.75091e-07	0	1
6700	 0	47.4979	3.56772e-07	0	1
6700	 -1	51.2789	2.80743e-06	3.62968e-07	2.99124
6700	 1	51.2792	1.21661e-06	7.97366e-08	2.99124
6700	 -2	119.974	1.01385e-06	0	1
6700	 2	119.975	6.20538e-07	8.67114e-10	2.99998
6700	 -3	88.0043	1.80256e-06	0	1
6700	 3	88.0048	9.97098e-07	0	1
6700	 -4	140.47	6.94229e-07	0	1
6700	 4	140.471	5.38511e-07	0	1
6700	 -5	79.5529	8.28812e-07	0	1
6700	 5	79.5533	5.98251e-07	0	1
6800	 0	54.5971	2.81496e-07	0	1
6800	 0	54.5973	3.59525e-07	0	1
6800	 -1	58.9641	2.7345e-06	3.39247e-07	2.99566
6800	 1	58.9643	1.24389e-06	7.65164e-08	2.99566
6800	 -2	138.051	1.00031e-06	0	1
6800	 2	138.051	6.3076e-07	8.15616e-10	3
6800	 -3	101.37	1.77676e-06	0	1
6800	 3	101.37	1.01893e-06	0	1
6800	 -4	162.029	6.94516e-07	0	1
6800	 4	162.03	5.47343e-07	0	1
6800	 -5	91.9227	8.28905e-07	0	1
6800	 5	91.9231	6.11807e-07	0	1
6900	 0	62.7639	2.87603e-07	0	1
6900	 0	62.7641	3.61938e-07	0	1
6900	 -1	67.8073	2.66405e-06	3.1686e-07	2.99805
6900	 1	67.8075	1.26898e-06	7.2588e-08	2.99805
6900	 -2	158.863	9.8701e-07	0	1
6900	 2	158.864	6.40398e-07	7.6681e-10	3
6900	 -3	116.771	1.75147e-06	0	1
6900	 3	116.772	1.03987e-06	0	1
6900	 -4	186.901	6.94624e-07	0	1
6900	 4	186.902	5.55851e-07	0	1
6900	 -5	106.213	8.28814e-07	0	1
6900	 5	106.214	6.24862e-07	0	1
7000	 0	72.1595	2.93419e-07	0	1
7000	 0	72.1597	3.64041e-07	0	1
7000	 -1	77.9837	2.59616e-06	2.95758e-07	2.99922
7000	 1	77.9839	1.29187e-06	6.81132e-08	2.99922
7000	 -2	182.827	9.73993e-07	0	1
7000	 2	182.827	6.49426e-07	7.20605e-10	3
7000	 -3	134.52	1.7268e-06	0	1
7000	 3	134.52	1.05985e-06	0	1
7000	 -4	215.595	6.94585e-07	0	1
7000	 4	215.595	5.64031e-07	0	1
7000	 -5	122.724	8.2857e-07	0	1
7000	 5	122.724	6.37393e-07	0	1
7100	 0	82.9693	2.98957e-07	0	1
7100	 0	82.9694	3.65863e-07	0	1
7100	 -1	89.6951	2.53087e-06	2.7589e-07	2.99973
7100	 1	89.6953	1.31259e-06	6.32607e-08	2.99973
7100	 -2	210.42	9.61304e-07	0	1
7100	 2	210.42	6.57828e-07	6.7691e-10	3
7100	 -3	154.973	1.70279e-06	0	1
7100	 3	154.973	1.07879e-06	0	1
7100	 -4	248.698	6.94428e-07	0	1
7100	 4	248.699	5.71874e-07	0	1
7100	 -5	141.797	8.28202e-07	0	1
7100	 5	141.797	6.49378e-07	0	1
7200	 0	95.4071	3.04225e-07	0	1
7200	 0	95.4072	3.67432e-07	0	1
7200	 -1	103.174	2.46823e-06	2.57205e-07	2.99992
7200	 1	103.174	1.33118e-06	5.81969e-08	2.99992
7200	 -2	242.194	9.48978e-07	0	1
7200	 2	242.194	6.65593e-07	6.35629e-10	3
7200	 -3	178.544	1.67953e-06	0	1
7200	 3	178.545	1.09665e-06	0	1
7200	 -4	286.89	6.94177e-07	0	1
7200	 4	286.89	5.79371e-07	0	1
7200	 -5	163.832	8.27737e-07	0	1
7200	 5	163.833	6.60796e-07	0	1
7300	 0	109.719	3.09234e-07	0	1
7300	 0	109.719	3.68775e-07	0	1
7300	 -1	118.688	2.40823e-06	2.39651e-07	2.99998
7300	 1	118.688	1.34772e-06	5.3076e-08	2.99998
7300	 -2	278.785	9.37044e-07	0	1
7300	 2	278.785	6.7272e-07	5.96665e-10	3
7300	 -3	205.711	1.65704e-06	0	1
7300	 3	205.711	1.11337e-06	0	1
7300	 -4	330.952	6.93857e-07	0	1
7300	 4	330.953	5.86513e-07	0	1
7300	 -5	189.289	8.27198e-07	0	1
7300	 5	189.289	6.71629e-07	0	1
7400	 0	126.189	3.13993e-07	0	1
7400	 0	126.189	3.69918e-07	0	1
7400	 -1	136.545	2.35089e-06	2.23176e-07	3
7400	 1	136.545	1.3623e-06	4.80337e-08	3
7400	 -2	320.925	9.25521e-07	0	1
7400	 2	320.925	6.7921e-07	5.5992e-10	3
7400	 -3	237.021	1.63538e-06	0	1
7400	 3	237.021	1.12893e-06	0	1
7400	 -4	381.789	6.93483e-07	0	1
7400	 4	381.789	5.9329e-07	0	1
7400	 -5	218.697	8.26608e-07	0	1
7400	 5	218.697	6.81861e-07	0	1
7500	 0	145.142	3.18511e-07	0	1
7500	 0	145.142	3.70883e-07	0	1
7500	 -1	157.101	2.29619e-06	2.07729e-07	3
7500	 1	157.101	1.37503e-06	4.31821e-08	3
7500	 -2	369.458	9.14425e-07	0	1
7500	 2	369.458	6.85074e-07	5.25297e-10	3
7500	 -3	273.109	1.61456e-06	0	1
7500	 3	273.109	1.1433e-06	0	1
7500	 -4	440.442	6.93073e-07	0	1
7500	 4	440.443	5.9969e-07	0	1
7500	 -5	252.67	8.25983e-07	0	1
7500	 5	252.67	6.91481e-07	0	1
7600	 0	166.956	3.22795e-07	0	1
7600	 0	166.956	3.71693e-07	0	1
7600	 -1	180.765	2.24409e-06	1.93259e-07	3
7600	 1	180.765	1.38601e-06	3.86074e-08	3
7600	 -2	425.356	9.03763e-07	0	1
7600	 2	425.356	6.90327e-07	4.92698e-10	3
7600	 -3	314.704	1.59461e-06	0	1
7600	 3	314.705	1.15648e-06	0	1
7600	 -4	508.115	6.92636e-07	0	1
7600	 4	508.115	6.05708e-07	0	1
7600	 -5	291.917	8.25341e-07	0	1
7600	 5	291.917	7.00484e-07	0	1
7700	 0	192.063	3.26851e-07	0	1
7700	 0	192.063	3.72369e-07	0	1
7700	 -1	208.007	2.19456e-06	1.79716e-07	3
7700	 1	208.008	1.39538e-06	3.43691e-08	3
7700	 -2	489.74	8.93538e-07	0	1
7700	 2	489.74	6.94987e-07	4.62027e-10	3
7700	 -3	362.65	1.57552e-06	0	1
7700	 3	362.65	1.16847e-06	0	1
7700	 -4	586.196	6.92182e-07	0	1
7700	 4	586.196	6.11336e-07	0	1
7700	 -5	337.255	8.24694e-07	0	1
7700	 5	337.256	7.0887e-07	0	1
7800	 0	220.962	3.30683e-07	0	1
7800	 0	220.962	3.72929e-07	0	1
7800	 -1	239.372	2.14755e-06	1.67051e-07	3
7800	 1	239.373	1.40326e-06	3.05018e-08	3
7800	 -2	563.902	8.83747e-07	0	1
7800	 2	563.902	6.99079e-07	4.33191e-10	3
7800	 -3	417.917	1.5573e-06	0	1
7800	 3	417.917	1.1793e-06	0	1
7800	 -4	676.286	6.91715e-07	0	1
7800	 4	676.286	6.16572e-07	0	1
7800	 -5	389.631	8.24051e-07	0	1
7800	 5	389.631	7.16648e-07	0	1
7900	 0	254.227	3.34294e-07	0	1
7900	 0	254.227	3.73389e-07	0	1
7900	 -1	275.485	2.10298e-06	1.55217e-07	3
7900	 1	275.485	1.40979e-06	2.70184e-08	3
7900	 -2	649.33	8.74382e-07	0	1
7900	 2	649.331	7.02628e-07	4.06096e-10	3
7900	 -3	481.625	1.53993e-06	0	1
7900	 3	481.625	1.189e-06	0	1
7900	 -4	780.235	6.91238e-07	0	1
7900	 4	780.235	6.21418e-07	0	1
7900	 -5	450.136	8.23421e-07	0	1
7900	 5	450.136	7.23832e-07	0	1
8000	 0	292.522	3.37684e-07	0	1
8000	 0	292.522	3.73765e-07	0	1
8000	 -1	317.067	2.0608e-06	1.44167e-07	3
8000	 1	317.067	1.41509e-06	2.39134e-08	3
8000	 -2	747.741	8.65432e-07	0	1
8000	 2	747.741	7.05664e-07	3.80654e-10	3
8000	 -3	555.066	1.5234e-06	0	1
8000	 3	555.066	1.19762e-06	0	1
8000	 -4	900.176	6.9075e-07	0	1
8000	 4	900.176	6.25878e-07	0	1
8000	 -5	520.03	8.22808e-07	0	1
8000	 5	520.031	7.30443e-07	0	1
8100	 0	336.607	3.40852e-07	0	1
8100	 0	336.607	3.74068e-07	0	1
8100	 -1	364.947	2.02092e-06	1.33856e-07	3
8100	 1	364.947	1.4193e-06	2.11676e-08	3
8100	 -2	861.112	8.56881e-07	0	1
8100	 2	861.112	7.0822e-07	3.56776e-10	3
8100	 -3	639.729	1.50769e-06	0	1
8100	 3	639.729	1.2052e-06	0	1
8100	 -4	1038.57	6.90251e-07	0	1
8100	 4	1038.57	6.29962e-07	0	1
8100	 -5	600.772	8.22213e-07	0	1
8100	 5	600.772	7.36509e-07	0	1
8200	 0	387.362	3.43797e-07	0	1
8200	 0	387.362	3.7431e-07	0	1
8200	 -1	420.084	1.98325e-06	1.24242e-07	3
8200	 1	420.084	1.42255e-06	1.87524e-08	3
8200	 -2	991.723	8.48713e-07	0	1
8200	 2	991.723	7.1033e-07	3.34378e-10	3
8200	 -3	737.332	1.49277e-06	0	1
8200	 3	737.332	1.21182e-06	0	1
8200	 -4	1198.26	6.89737e-07	0	1
8200	 4	1198.26	6.33683e-07	0	1
8200	 -5	694.044	8.21637e-07	0	1
8200	 5	694.044	7.42063e-07	0	1
8300	 0	445.799	3.46516e-07	0	1
8300	 0	445.799	3.74498e-07	0	1
8300	 -1	483.58	1.94771e-06	1.15284e-07	3
8300	 1	483.58	1.42496e-06	1.66337e-08	3
8300	 -2	1142.2	8.40909e-07	0	1
8300	 2	1142.2	7.1203e-07	3.13379e-10	3
8300	 -3	849.856	1.47862e-06	0	1
8300	 3	849.856	1.21755e-06	0	1
8300	 -4	1382.53	6.89205e-07	0	1
8300	 4	1382.53	6.3706e-07	0	1
8300	 -5	801.789	8.21078e-07	0	1
8300	 5	801.789	7.4714e-07	0	1
8400	 0	513.083	3.49007e-07	0	1
8400	 0	513.083	3.74639e-07	0	1
8400	 -1	556.705	1.91419e-06	1.06941e-07	3
8400	 1	556.705	1.42667e-06	1.47752e-08	3
8400	 -2	1315.57	8.33451e-07	0	1
8400	 2	1315.57	7.13359e-07	2.93701e-10	3
8400	 -3	979.586	1.46519e-06	0	1
8400	 3	979.586	1.22247e-06	0	1
8400	 -4	1595.16	6.88652e-07	0	1
8400	 4	1595.16	6.40112e-07	0	1
8400	 -5	926.253	8.20534e-07	0	1
8400	 5	926.254	7.51779e-07	0	1
8500	 0	590.558	3.51268e-07	0	1
8500	 0	590.558	3.74737e-07	0	1
8500	 -1	640.924	1.88261e-06	9.91767e-08	3
8500	 1	640.924	1.42777e-06	1.31413e-08	3
8500	 -2	1515.34	8.26319e-07	0	1
8500	 2	1515.34	7.14354e-07	2.75267e-10	3
8500	 -3	1129.16	1.45247e-06	0	1
8500	 3	1129.16	1.22665e-06	0	1
8500	 -4	1840.52	6.88076e-07	0	1
8500	 4	1840.52	6.42862e-07	0	1
8500	 -5	1070.03	8.20001e-07	0	1
8500	 5	1070.03	7.56018e-07	0	1
8600	 0	679.772	3.533e-07	0	1
8600	 0	679.772	3.74794e-07	0	1
8600	 -1	737.923	1.85286e-06	9.19542e-08	3
8600	 1	737.923	1.42838e-06	1.1699e-08	3
8600	 -2	1745.51	8.19496e-07	0	1
8600	 2	1745.51	7.15053e-07	2.58005e-10	3
8600	 -3	1301.61	1.44042e-06	0	1
8600	 3	1301.61	1.23019e-06	0	1
8600	 -4	2123.65	6.87475e-07	0	1
8600	 4	2123.65	6.45335e-07	0	1
8600	 -5	1236.12	8.19474e-07	0	1
8600	 5	1236.12	7.59894e-07	0	1
8700	 0	782.508	3.55106e-07	0	1
8700	 0	782.508	3.74813e-07	0	1
8700	 -1	849.648	1.82485e-06	8.52393e-08	3
8700	 1	849.648	1.42858e-06	1.04189e-08	3
8700	 -2	2010.73	8.12966e-07	0	1
8700	 2	2010.73	7.15496e-07	2.41847e-10	3
8700	 -3	1500.44	1.429e-06	0	1
8700	 3	1500.44	1.23317e-06	0	1
8700	 -4	2450.37	6.86848e-07	0	1
8700	 4	2450.37	6.47557e-07	0	1
8700	 -5	1427.97	8.18951e-07	0	1
8700	 5	1427.97	7.63443e-07	0	1
8800	 0	900.822	3.5669e-07	0	1
8800	 0	900.822	3.74792e-07	0	1
8800	 -1	978.34	1.79848e-06	7.89994e-08	3
8800	 1	978.34	1.42847e-06	9.27598e-09	3
8800	 -2	2316.36	8.06715e-07	0	1
8800	 2	2316.36	7.15718e-07	2.26727e-10	3
8800	 -3	1729.71	1.41818e-06	0	1
8800	 3	1729.71	1.23566e-06	0	1
8800	 -4	2827.4	6.86198e-07	0	1
8800	 4	2827.4	6.49551e-07	0	1
8800	 -5	1649.6	8.18427e-07	0	1
8800	 5	1649.6	7.66697e-07	0	1
8900	 0	1037.08	3.58059e-07	0	1
8900	 0	1037.08	3.7473e-07	0	1
8900	 -1	1126.58	1.77365e-06	7.32038e-08	3
8900	 1	1126.58	1.42811e-06	8.24958e-09	3
8900	 -2	2668.55	8.00729e-07	0	1
8900	 2	2668.55	7.15754e-07	2.12581e-10	3
8900	 -3	1994.06	1.40794e-06	0	1
8900	 3	1994.06	1.23773e-06	0	1
8900	 -4	3262.49	6.85526e-07	0	1
8900	 4	3262.49	6.51342e-07	0	1
8900	 -5	1905.61	8.179e-07	0	1
8900	 5	1905.61	7.69684e-07	0	1
9000	 0	1194.01	3.59225e-07	0	1
9000	 0	1194.01	3.74627e-07	0	1
9000	 -1	1297.34	1.75027e-06	6.78232e-08	3
9000	 1	1297.34	1.42756e-06	7.32322e-09	3
9000	 -2	3074.42	7.94998e-07	0	1
9000	 2	3074.42	7.15635e-07	1.9935e-10	3
9000	 -3	2298.89	1.39825e-06	0	1
9000	 3	2298.89	1.23946e-06	0	1
9000	 -4	3764.58	6.84837e-07	0	1
9000	 4	3764.58	6.52952e-07	0	1
9000	 -5	2201.34	8.17367e-07	0	1
9000	 5	2201.34	7.72431e-07	0	1
