0 0 0
100 3.65921e-08 0
200 2.92188e-08 0
300 2.83752e-08 0
400 2.8536e-08 0
500 4488.44 4470.13
600 242.227 234.599
700 132.04 114.106
800 99.3119 77.4316
900 27.1662 21.0587
1000 40.6488 40.4064
1100 19.889 0
1200 14.3193 14.2188
1300 9.86129 9.94981
1400 6.87925 3.95903
1500 4.46121 3.38721
1600 2.6044 1.26201
1700 1.94825 1.54528
1800 1.2205 0.82756
1900 0.786953 0
2000 0.577548 0.29081
2100 0.655556 0
2200 0.662993 0.539792
2300 0.562123 0.136814
2400 0.735284 0.59466
2500 0.952948 0.582158
2600 0.944917 1.06348
2700 1.02351 1.33482
2800 1.15333 1.75644
2900 0.87205 1.32177
3000 0.950128 1.59165
3100 1.01369 1.86301
3200 1.00987 1.98115
3300 0.837621 1.67317
3400 0.809312 1.73692
3500 0.823578 1.88334
3600 0.749165 1.78841
3700 0.694455 1.74313
3800 0.705998 1.86546
3900 0.63698 1.5494
4000 0.570644 1.35716
4100 0.573907 1.37234
4200 0.484502 1.14366
4300 0.486426 1.15197
4400 0.396069 0.922131
4500 0.602643 1.46382
4600 0.535385 1.29264
4700 0.466181 1.1195
4800 0.445567 1.07486
4900 0.385781 0.926758
5000 0.269599 0.632474
5100 0.318694 0.769922
5200 0.294572 0.71387
5300 0.244696 0.59343
5400 0.337692 0.851674
5500 0.395278 1.0179
5600 0.327776 0.85061
5700 0.499264 1.34008
5800 0.391419 1.05999
5900 0.372131 1.02654
6000 0.546071 1.55614
6100 0.459478 1.33292
6200 0.392381 1.16246
6300 0.512764 1.56907
6400 0.460842 1.44865
6500 0.441546 1.43101
6600 0.462126 1.54915
6700 0.473755 1.64775
6800 0.455383 1.64653
6900 0.441909 1.65819
7000 0.407258 1.59007
7100 0.450429 1.83407
7200 0.368575 1.56232
7300 0.341689 1.51188
7400 0.545549 2.53401
7500 0.477874 2.31412
7600 0.488475 2.47042
7700 0.472045 2.49256
7800 0.429993 2.37474
7900 0.384235 2.22002
8000 0.41602 2.52106
8100 0.334239 2.12286
8200 0.367417 2.44731
8300 0.305925 2.13753
8400 0.340226 2.49822
8500 0.294008 2.27142
8600 0.325224 2.65314
8700 0.325453 2.79943
8800 0.356814 3.23944
8900 0.390586 3.74632
9000 0.330183 3.34871
