0 0
100 0
200 0
300 0
400 0
500 1
600 0
700 0
800 0
900 0
1000 0
1100 0.887354
1200 0
1300 0.8043
1400 0
1500 0
1600 0
1700 0.58232
1800 0
1900 0.463827
2000 0
2100 0.355888
2200 0.305395
2300 0.607902
2400 0.583944
2500 0
2600 0.542247
2700 0.521745
2800 0.502013
2900 0.482934
3000 0.464427
3100 0.446458
3200 0.429065
3300 0.412286
3400 0.396216
3500 0.380944
3600 0.366537
3700 0.353033
3800 0.34043
3900 0.372242
4000 0.37606
4100 0.3793
4200 0.382053
4300 0.384358
4400 0.386214
4500 0.387599
4600 0.388479
4700 0.388817
4800 0.388584
4900 0.387763
5000 0.386347
5100 0.384347
5200 0.381781
5300 0.378679
5400 0.375068
5500 0.370975
5600 0.366416
5700 0.361394
5800 0.355897
5900 0.349902
6000 0.343379
6100 0.336301
6200 0.328649
6300 0.320427
6400 0.311663
6500 0.302418
6600 0.292777
6700 0.282848
6800 0.272747
6900 0.262591
7000 0.252484
7100 0.242515
7200 0.232754
7300 0.223247
7400 0.214024
7500 0.205098
7600 0.196466
7700 0.188114
7800 0.180022
7900 0.172166
8000 0.164524
8100 0.157078
8200 0.149816
8300 0.142732
8400 0.135828
8500 0.129107
8600 0.12258
8700 0.116257
8800 0.110147
8900 0.104259
9000 0.0985998
