0 0 0
100 3.65921e-08 0
200 2.92188e-08 0
300 2.83752e-08 0
400 2.8536e-08 0
500 4488.44 4463.76
600 242.227 232.69
700 132.04 107.729
800 99.3119 69.0202
900 27.1662 18.812
1000 40.6488 40.3193
1100 19.889 0
1200 14.3193 14.1811
1300 9.86129 8.97575
1400 6.87925 3.18006
1500 4.46121 2.98984
1600 2.6044 1.08486
1700 1.94825 0.967643
1800 1.2205 0.772433
1900 0.786953 0
2000 0.577548 0.251372
2100 0.655556 0
2200 0.662993 0.358426
2300 0.562123 0.0553262
2400 0.735284 0.523325
2500 0.952948 0.549817
2600 0.944917 0.989677
2700 1.02351 1.26706
2800 1.15333 1.68767
2900 0.87205 1.24309
3000 0.950128 1.51242
3100 1.01369 1.81643
3200 1.00987 1.94121
3300 0.837621 1.64248
3400 0.809312 1.68518
3500 0.823578 1.82248
3600 0.749165 1.52937
3700 0.694455 1.42176
3800 0.705998 1.46459
3900 0.63698 1.32133
4000 0.570644 1.16748
4100 0.573907 1.19146
4200 0.484502 0.994683
4300 0.486426 1.01119
4400 0.396069 0.809502
4500 0.602643 1.31361
4600 0.535385 1.16588
4700 0.466181 1.01414
4800 0.445567 0.98024
4900 0.385781 0.85018
5000 0.269599 0.579726
5100 0.318694 0.716921
5200 0.294572 0.671742
5300 0.244696 0.562464
5400 0.337692 0.824343
5500 0.395278 1.0022
5600 0.327776 0.848128
5700 0.499264 1.36407
5800 0.391419 1.09567
5900 0.372131 1.07999
6000 0.546071 1.67138
6100 0.459478 1.45721
6200 0.392381 1.29351
6300 0.512764 1.77873
6400 0.460842 1.66978
6500 0.441546 1.67571
6600 0.462126 1.84091
6700 0.473755 1.98543
6800 0.455383 2.01058
6900 0.441909 2.05133
7000 0.407258 1.99242
7100 0.450429 2.32807
7200 0.368575 2.00886
7300 0.341689 1.96993
7400 0.545549 3.34774
7500 0.477874 3.09955
7600 0.488475 3.35598
7700 0.472045 3.43536
7800 0.429993 3.32201
7900 0.384235 3.15317
8000 0.41602 3.63708
8100 0.334239 3.11144
8200 0.367417 3.64481
8300 0.305925 3.23521
8400 0.340226 3.84334
8500 0.294008 3.55229
8600 0.325224 4.21915
8700 0.325453 4.52605
8800 0.356814 5.32486
8900 0.390586 6.26068
9000 0.330183 5.68924
