0 0
100 0
200 0
300 0
400 0
500 1
600 0
700 0
800 0
900 0
1000 0
1100 0.887354
1200 0
1300 0.8043
1400 0
1500 0
1600 0
1700 0.58232
1800 0
1900 0.463827
2000 0
2100 0.355888
2200 0.305395
2300 0.607902
2400 0.583944
2500 0
2600 0.542247
2700 0.521745
2800 0.502027
2900 0.482935
3000 0.464387
3100 0.446338
3200 0.4288
3300 0.41183
3400 0.395516
3500 0.381782
3600 0.41462
3700 0.417386
3800 0.419332
3900 0.420719
4000 0.421709
4100 0.422384
4200 0.422761
4300 0.42281
4400 0.422469
4500 0.421656
4600 0.420281
4700 0.418256
4800 0.415502
4900 0.411951
5000 0.407552
5100 0.402271
5200 0.39609
5300 0.389012
5400 0.381055
5500 0.372258
5600 0.362678
5700 0.352391
5800 0.341492
5900 0.330093
6000 0.318316
6100 0.306289
6200 0.294133
6300 0.281956
6400 0.269845
6500 0.257864
6600 0.246061
6700 0.234473
6800 0.223133
6900 0.212072
7000 0.201323
7100 0.190916
7200 0.180875
7300 0.171217
7400 0.16195
7500 0.153071
7600 0.144571
7700 0.136435
7800 0.128643
7900 0.121177
8000 0.11402
8100 0.107158
8200 0.100583
8300 0.0942888
8400 0.0882742
8500 0.0825387
8600 0.0770828
8700 0.0719066
8800 0.067009
8900 0.0623872
9000 0.0580364
