0 0
100 0
200 0
300 0
400 0
500 1
600 0
700 0
800 0
900 0
1000 0
1100 0.32792
1200 0
1300 0.23039
1400 0
1500 0
1600 0
1700 0.137864
1800 0
1900 0.111956
2000 0
2100 0.0925269
2200 0.0841986
2300 0.607902
2400 0.583944
2500 0
2600 0.538924
2700 0.517919
2800 0.497888
2900 0.478797
3000 0.4606
3100 0.443254
3200 0.426688
3300 0.410856
3400 0.395709
3500 0.381202
3600 0.367293
3700 0.358103
3800 0.390957
3900 0.393776
4000 0.39567
4100 0.396804
4200 0.397298
4300 0.397243
4400 0.396708
4500 0.39574
4600 0.394373
4700 0.392626
4800 0.390505
4900 0.388004
5000 0.385109
5100 0.381796
5200 0.378031
5300 0.373775
5400 0.368987
5500 0.363624
5600 0.357645
5700 0.351019
5800 0.343727
5900 0.335771
6000 0.327174
6100 0.317984
6200 0.308277
6300 0.298148
6400 0.287707
6500 0.277071
6600 0.266345
6700 0.255624
6800 0.244979
6900 0.234463
7000 0.224113
7100 0.213952
7200 0.204001
7300 0.194275
7400 0.184788
7500 0.175556
7600 0.166593
7700 0.157913
7800 0.149527
7900 0.141448
8000 0.133686
8100 0.126247
8200 0.119138
8300 0.11236
8400 0.105911
8500 0.099786
8600 0.0939776
8700 0.0884746
8800 0.083264
8900 0.0783318
9000 0.0736628
