0 0 0
100 3.65921e-08 0
200 2.92188e-08 0
300 2.83752e-08 0
400 2.8536e-08 0
500 4488.44 4468.68
600 242.227 165.207
700 132.04 112.563
800 99.3119 71.0186
900 27.1662 20.4521
1000 40.6488 39.8899
1100 19.889 0
1200 14.3193 14.2154
1300 9.86129 37.7649
1400 6.87925 0
1500 4.46121 3.31052
1600 2.6044 0
1700 1.94825 6.05954
1800 1.2205 0.836664
1900 0.786953 1.67585
2000 0.577548 0.309036
2100 0.655556 0.895626
2200 0.662993 2.22224
2300 0.562123 0.179243
2400 0.735284 0.639427
2500 0.952948 0.61392
2600 0.944917 1.14861
2700 1.02351 1.41906
2800 1.15333 1.83933
2900 0.87205 1.38544
3000 0.950128 1.65185
3100 1.01369 1.91486
3200 1.00987 2.02404
3300 0.837621 1.73171
3400 0.809312 1.76416
3500 0.823578 1.89951
3600 0.749165 1.79571
3700 0.694455 1.72077
3800 0.705998 1.62298
3900 0.63698 1.45822
4000 0.570644 1.28541
4100 0.573907 1.30484
4200 0.484502 1.09099
4300 0.486426 1.10519
4400 0.396069 0.887813
4500 0.602643 1.42294
4600 0.535385 1.26303
4700 0.466181 1.09865
4800 0.445567 1.05962
4900 0.385781 0.917098
5000 0.269599 0.626167
5100 0.318694 0.767124
5200 0.294572 0.713853
5300 0.244696 0.594482
5400 0.337692 0.859571
5500 0.395278 1.03307
5600 0.327776 0.8666
5700 0.499264 1.37536
5800 0.391419 1.09386
5900 0.372131 1.06675
6000 0.546071 1.63087
6100 0.459478 1.40794
6200 0.392381 1.23812
6300 0.512764 1.68573
6400 0.460842 1.56926
6500 0.441546 1.5624
6600 0.462126 1.70353
6700 0.473755 1.82379
6800 0.455383 1.83355
6900 0.441909 1.85754
7000 0.407258 1.7917
7100 0.450429 2.07899
7200 0.368575 1.78235
7300 0.341689 1.73695
7400 0.545549 2.93452
7500 0.477874 2.70274
7600 0.488475 2.91217
7700 0.472045 2.96755
7800 0.429993 2.85738
7900 0.384235 2.70048
8000 0.41602 3.10151
8100 0.334239 2.64047
8200 0.367417 3.07655
8300 0.305925 2.71416
8400 0.340226 3.20248
8500 0.294008 2.93755
8600 0.325224 3.46065
8700 0.325453 3.67849
8800 0.356814 4.28533
8900 0.390586 4.98631
9000 0.330183 4.48235
