0 0
100 0
200 0
300 0
400 0
500 1
600 0
700 0
800 0
900 0
1000 0
1100 0.32792
1200 0
1300 0.23039
1400 0
1500 0
1600 0
1700 0.137864
1800 0
1900 0.111956
2000 0
2100 0.0925269
2200 0.0841986
2300 0.607902
2400 0.583944
2500 0
2600 0.538924
2700 0.517919
2800 0.497888
2900 0.478799
3000 0.460607
3100 0.443271
3200 0.42672
3300 0.410912
3400 0.395797
3500 0.381332
3600 0.367473
3700 0.354184
3800 0.385976
3900 0.389263
4000 0.391582
4100 0.393106
4200 0.393965
4300 0.394256
4400 0.394051
4500 0.393404
4600 0.392351
4700 0.390915
4800 0.389105
4900 0.386919
5000 0.384345
5100 0.38136
5200 0.377933
5300 0.374028
5400 0.369601
5500 0.364609
5600 0.35901
5700 0.35277
5800 0.345863
5900 0.338283
6000 0.330046
6100 0.321192
6200 0.311786
6300 0.301917
6400 0.291693
6500 0.281226
6600 0.270628
6700 0.259997
6800 0.249411
6900 0.23893
7000 0.228593
7100 0.21843
7200 0.208459
7300 0.1987
7400 0.189166
7500 0.179874
7600 0.170839
7700 0.162076
7800 0.153598
7900 0.145418
8000 0.137547
8100 0.129995
8200 0.122768
8300 0.115869
8400 0.109296
8500 0.103047
8600 0.0971144
8700 0.0914872
8800 0.0861534
8900 0.0810991
9000 0.0763099
