0 0 0
100 3.65921e-08 0
200 2.92188e-08 0
300 2.83752e-08 0
400 2.8536e-08 0
500 4488.44 4469.09
600 242.227 165.997
700 132.04 112.973
800 99.3119 71.6472
900 27.1662 20.5966
1000 40.6488 39.8965
1100 19.889 0
1200 14.3193 14.2178
1300 9.86129 37.8873
1400 6.87925 0
1500 4.46121 3.336
1600 2.6044 0
1700 1.94825 6.21843
1800 1.2205 0.840502
1900 0.786953 1.7754
2000 0.577548 0.311816
2100 0.655556 0.953801
2200 0.662993 2.26621
2300 0.562123 0.185081
2400 0.735284 0.645141
2500 0.952948 0.616827
2600 0.944917 1.15464
2700 1.02351 1.42425
2800 1.15333 1.84372
2900 0.87205 1.39019
3000 0.950128 1.65677
3100 1.01369 1.91988
3200 1.00987 2.02876
3300 0.837621 1.73428
3400 0.809312 1.76714
3500 0.823578 1.90254
3600 0.749165 1.79875
3700 0.694455 1.74413
3800 0.705998 1.64777
3900 0.63698 1.47902
4000 0.570644 1.30223
4100 0.573907 1.32041
4200 0.484502 1.1034
4300 0.486426 1.11655
4400 0.396069 0.896603
4500 0.602643 1.4341
4600 0.535385 1.27202
4700 0.466181 1.10576
4800 0.445567 1.06561
4900 0.385781 0.92162
5000 0.269599 0.629168
5100 0.318694 0.769654
5200 0.294572 0.715488
5300 0.244696 0.595428
5400 0.337692 0.859377
5500 0.395278 1.03135
5600 0.327776 0.864291
5700 0.499264 1.36943
5800 0.391419 1.0879
5900 0.372131 1.05953
6000 0.546071 1.6173
6100 0.459478 1.39441
6200 0.392381 1.22463
6300 0.512764 1.66505
6400 0.460842 1.54808
6500 0.441546 1.5395
6600 0.462126 1.67676
6700 0.473755 1.7933
6800 0.455383 1.80112
6900 0.441909 1.82297
7000 0.407258 1.75674
7100 0.450429 2.03654
7200 0.368575 1.74439
7300 0.341689 1.69841
7400 0.545549 2.86672
7500 0.477874 2.63799
7600 0.488475 2.83994
7700 0.472045 2.89148
7800 0.429993 2.78179
7900 0.384235 2.62688
8000 0.41602 3.01451
8100 0.334239 2.56439
8200 0.367417 2.98564
8300 0.305925 2.63203
8400 0.340226 3.10335
8500 0.294008 2.84465
8600 0.325224 3.34887
8700 0.325453 3.55736
8800 0.356814 4.14161
8900 0.390586 4.81616
9000 0.330183 4.32687
