0	 0	1	0	0	1
100	 0	0	0	0	1
100	 0	0	0	0	1
100	 -1	0	0	0	1
100	 1	0	0	0	1
100	 -2	0	0	0	1
100	 2	0	0	0	1
100	 -3	0	0	0	1
100	 3	0	0	0	1
100	 -4	0	0	0	1
100	 4	0	0	0	1
100	 -5	0	0	0	1
100	 5	0	0	0	1
200	 0	0	0	0	1
200	 0	0	0	0	1
200	 -1	0	0	0	1
200	 1	0	0	0	1
200	 -2	0	0	0	1
200	 2	0	0	0	1
200	 -3	0	0	0	1
200	 3	0	0	0	1
200	 -4	0	0	0	1
200	 4	0	0	0	1
200	 -5	0	0	0	1
200	 5	0	0	0	1
300	 0	0	0	0	1
300	 0	0	0	0	1
300	 -1	0	0	0	1
300	 1	0	0	0	1
300	 -2	0	0	0	1
300	 2	0	0	0	1
300	 -3	0	0	0	1
300	 3	0	0	0	1
300	 -4	0	0	0	1
300	 4	0	0	0	1
300	 -5	0	0	0	1
300	 5	0	0	0	1
400	 0	0	0	0	1
400	 0	0	0	0	1
400	 -1	0	0	0	1
400	 1	0	0	0	1
400	 -2	0	0	0	1
400	 2	0	0	0	1
400	 -3	0	0	0	1
400	 3	0	0	0	1
400	 -4	0	0	0	1
400	 4	0	0	0	1
400	 -5	0	0	0	1
400	 5	0	0	0	1
500	 0	0	0	0	1
500	 0	0	0	0	1
500	 -1	0	0	0	1
500	 1	0	0	0	1
500	 -2	0	0	0	1
500	 2	1	1.81411e-12	1.81411e-12	1
500	 -3	0	0	0	1
500	 3	0	0	0	1
500	 -4	0	0	0	1
500	 4	0	0	0	1
500	 -5	0	0	0	1
500	 5	0	0	0	1
600	 0	0	0	0	1
600	 0	0	0	0	1
600	 -1	0	0	0	1
600	 1	0	0	0	1
600	 -2	0	0	0	1
600	 2	0	0	0	1
600	 -3	0	0	0	1
600	 3	0	0	0	1
600	 -4	0	0	0	1
600	 4	0	0	0	1
600	 -5	0	0	0	1
600	 5	0	0	0	1
700	 0	0	0	0	1
700	 0	0	0	0	1
700	 -1	0	0	0	1
700	 1	0	0	0	1
700	 -2	0	0	0	1
700	 2	0	0	0	1
700	 -3	0	0	0	1
700	 3	0	0	0	1
700	 -4	0	0	0	1
700	 4	0	0	0	1
700	 -5	0	0	0	1
700	 5	0	0	0	1
800	 0	0	0	0	1
800	 0	0	0	0	1
800	 -1	0	0	0	1
800	 1	0	0	0	1
800	 -2	0	0	0	1
800	 2	0	0	0	1
800	 -3	0	0	0	1
800	 3	0	0	0	1
800	 -4	0	0	0	1
800	 4	0	0	0	1
800	 -5	0	0	0	1
800	 5	0	0	0	1
900	 0	0	0	0	1
900	 0	0	0	0	1
900	 -1	0	0	0	1
900	 1	0	0	0	1
900	 -2	0	0	0	1
900	 2	0	0	0	1
900	 -3	0	0	0	1
900	 3	0	0	0	1
900	 -4	0	0	0	1
900	 4	0	0	0	1
900	 -5	0	0	0	1
900	 5	0	0	0	1
1000	 0	0	0	0	1
1000	 0	1	1.81411e-12	0	1
1000	 -1	0	0	0	1
1000	 1	0	0	0	1
1000	 -2	0	0	0	1
1000	 2	0	0	0	1
1000	 -3	0	0	0	1
1000	 3	0	0	0	1
1000	 -4	0	0	0	1
1000	 4	0	0	0	1
1000	 -5	0	0	0	1
1000	 5	0	0	0	1
1100	 0	0	0	0	1
1100	 0	0	0	0	1
1100	 -1	0	0	0	1
1100	 1	0	0	0	1
1100	 -2	0	0	0	1
1100	 2	1	1.31021e-10	4.29644e-11	1
1100	 -3	0	0	0	1
1100	 3	0	0	0	1
1100	 -4	0	0	0	1
1100	 4	0	0	0	1
1100	 -5	0	0	0	1
1100	 5	0	0	0	1
1200	 0	0	0	0	1
1200	 0	1	6.99103e-12	0	1
1200	 -1	0	0	0	1
1200	 1	0	0	0	1
1200	 -2	0	0	0	1
1200	 2	0	0	0	1
1200	 -3	0	0	0	1
1200	 3	0	0	0	1
1200	 -4	0	0	0	1
1200	 4	1	6.99103e-12	0	1
1200	 -5	0	0	0	1
1200	 5	0	0	0	1
1300	 0	0	0	0	1
1300	 0	0	0	0	1
1300	 -1	0	0	0	1
1300	 1	0	0	0	1
1300	 -2	0	0	0	1
1300	 2	1	3.65793e-10	8.42749e-11	1
1300	 -3	0	0	0	1
1300	 3	0	0	0	1
1300	 -4	0	0	0	1
1300	 4	0	0	0	1
1300	 -5	0	0	0	1
1300	 5	0	0	0	1
1400	 0	0	0	0	1
1400	 0	0	0	0	1
1400	 -1	0	0	0	1
1400	 1	0	0	0	1
1400	 -2	0	0	0	1
1400	 2	0	0	0	1
1400	 -3	0	0	0	1
1400	 3	0	0	0	1
1400	 -4	0	0	0	1
1400	 4	0	0	0	1
1400	 -5	0	0	0	1
1400	 5	0	0	0	1
1500	 0	0	0	0	1
1500	 0	0	0	0	1
1500	 -1	0	0	0	1
1500	 1	0	0	0	1
1500	 -2	0	0	0	1
1500	 2	0	0	0	1
1500	 -3	0	0	0	1
1500	 3	0	0	0	1
1500	 -4	0	0	0	1
1500	 4	0	0	0	1
1500	 -5	0	0	0	1
1500	 5	0	0	0	1
1600	 0	0	0	0	1
1600	 0	0	0	0	1
1600	 -1	0	0	0	1
1600	 1	0	0	0	1
1600	 -2	0	0	0	1
1600	 2	0	0	0	1
1600	 -3	0	0	0	1
1600	 3	0	0	0	1
1600	 -4	0	0	0	1
1600	 4	1	6.23221e-11	0	1
1600	 -5	0	0	0	1
1600	 5	0	0	0	1
1700	 0	0	0	0	1
1700	 0	0	0	0	1
1700	 -1	0	0	0	1
1700	 1	0	0	0	1
1700	 -2	0	0	0	1
1700	 2	2	9.06218e-10	1.24935e-10	1
1700	 -3	0	0	0	1
1700	 3	0	0	0	1
1700	 -4	0	0	0	1
1700	 4	0	0	0	1
1700	 -5	0	0	0	1
1700	 5	0	0	0	1
1800	 0	0	0	0	1
1800	 0	1	9.30829e-11	0	1
1800	 -1	0	0	0	1
1800	 1	0	0	0	1
1800	 -2	0	0	0	1
1800	 2	0	0	0	1
1800	 -3	0	0	0	1
1800	 3	1	2.30004e-09	0	1
1800	 -4	0	0	0	1
1800	 4	1	1.82215e-10	0	1
1800	 -5	0	0	0	1
1800	 5	0	0	0	1
1900	 0	0	0	0	1
1900	 0	0	0	0	1
1900	 -1	0	0	0	1
1900	 1	0	0	0	1
1900	 -2	0	0	0	1
1900	 2	1	3.51155e-09	3.93139e-10	1
1900	 -3	1	3.03199e-08	0	1
1900	 3	0	0	0	1
1900	 -4	0	0	0	1
1900	 4	0	0	0	1
1900	 -5	0	0	0	1
1900	 5	0	0	0	1
2000	 0	0	0	0	1
2000	 0	0	0	0	1
2000	 -1	0	0	0	1
2000	 1	0	0	0	1
2000	 -2	0	0	0	1
2000	 2	0	0	0	1
2000	 -3	0	0	0	1
2000	 3	0	0	0	1
2000	 -4	0	0	0	1
2000	 4	0	0	0	1
2000	 -5	0	0	0	1
2000	 5	0	0	0	1
2100	 0	0	0	0	1
2100	 0	0	0	0	1
2100	 -1	0	0	0	1
2100	 1	0	0	0	1
2100	 -2	0	0	0	1
2100	 2	1	6.39989e-09	5.92161e-10	1
2100	 -3	0	0	0	1
2100	 3	2	3.11133e-09	0	1
2100	 -4	0	0	0	1
2100	 4	0	0	0	1
2100	 -5	0	0	0	1
2100	 5	0	0	0	1
2200	 0	0	0	0	1
2200	 0	0	0	0	1
2200	 -1	0	0	0	1
2200	 1	0	0	0	1
2200	 -2	0	0	0	1
2200	 2	1	8.51379e-09	7.16849e-10	1
2200	 -3	0	0	0	1
2200	 3	0	0	0	1
2200	 -4	0	0	0	1
2200	 4	0	0	0	1
2200	 -5	1	7.61033e-09	0	1
2200	 5	0	0	0	1
2300	 0	0	0	0	1
2300	 0	1	4.13938e-10	0	1
2300	 -1	1	3.04321e-07	1.84998e-07	1
2300	 1	0	0	0	1
2300	 -2	0	0	0	1
2300	 2	0	0	0	1
2300	 -3	2	5.13794e-08	0	1
2300	 3	0	0	0	1
2300	 -4	0	0	0	1
2300	 4	1	1.85964e-09	0	1
2300	 -5	0	0	0	1
2300	 5	0	0	0	1
2400	 0	0	0	0	1
2400	 0	0	0	0	1
2400	 -1	1	3.76718e-07	2.19982e-07	1
2400	 1	0	0	0	1
2400	 -2	0	0	0	1
2400	 2	0	0	0	1
2400	 -3	0	0	0	1
2400	 3	0	0	0	1
2400	 -4	1	1.81589e-08	0	1
2400	 4	0	0	0	1
2400	 -5	0	0	0	1
2400	 5	0	0	0	1
2500	 0	0	0	0	1
2500	 0	0	0	0	1
2500	 -1	0	0	0	1
2500	 1	0	0	0	1
2500	 -2	0	0	0	1
2500	 2	0	0	0	1
2500	 -3	0	0	0	1
2500	 3	0	0	0	1
2500	 -4	0	0	0	1
2500	 4	0	0	0	1
2500	 -5	0	0	0	1
2500	 5	0	0	0	1
2600	 0	0.127783	4.90283e-11	0	1
2600	 0	0.291196	3.24738e-09	0	1
2600	 -1	0.133353	4.24444e-06	2.28727e-06	1
2600	 1	0.303888	2.10051e-07	1.15252e-07	1
2600	 -2	0.291524	6.65957e-07	0	1
2600	 2	0.664333	3.82374e-08	2.15284e-09	1
2600	 -3	0.19314	1.18317e-06	0	1
2600	 3	0.440134	6.16347e-08	0	1
2600	 -4	0.269151	1.41693e-07	0	1
2600	 4	0.61335	1.1149e-08	0	1
2600	 -5	0.128639	2.6746e-07	0	1
2600	 5	0.293146	1.32935e-08	0	1
2700	 0	0.161375	1.36893e-10	0	1
2700	 0	0.314259	4.2618e-09	0	1
2700	 -1	0.168771	4.07356e-06	2.10947e-06	1
2700	 1	0.328662	2.3811e-07	1.2568e-07	1
2700	 -2	0.370541	6.6332e-07	0	1
2700	 2	0.721584	4.60597e-08	2.31946e-09	1
2700	 -3	0.247078	1.18531e-06	0	1
2700	 3	0.481156	7.44813e-08	0	1
2700	 -4	0.347289	1.54108e-07	0	1
2700	 4	0.676304	1.53321e-08	0	1
2700	 -5	0.167777	2.81053e-07	0	1
2700	 5	0.326725	1.71371e-08	0	1
2800	 0	0.200151	3.06456e-10	0	1
2800	 0	0.340624	5.82606e-09	0	1
2800	 -1	0.209734	3.95915e-06	1.9709e-06	1
2800	 1	0.356933	2.67718e-07	1.35817e-07	1
2800	 -2	0.462283	6.68172e-07	0	1
2800	 2	0.78673	5.52375e-08	2.47656e-09	1
2800	 -3	0.310068	1.20019e-06	0	1
2800	 3	0.527686	8.93225e-08	0	1
2800	 -4	0.439253	1.67806e-07	0	1
2800	 4	0.747538	2.07444e-08	0	1
2800	 -5	0.214293	2.96002e-07	0	1
2800	 5	0.364692	2.18816e-08	0	1
2900	 0	0.244314	6.05784e-10	0	1
2900	 0	0.371342	8.1286e-09	0	1
2900	 -1	0.256472	3.88959e-06	1.86222e-06	1
2900	 1	0.389821	2.98299e-07	1.45294e-07	1
2900	 -2	0.567334	6.79407e-07	0	1
2900	 2	0.862311	6.58037e-08	2.61762e-09	1
2900	 -3	0.382585	1.22595e-06	0	1
2900	 3	0.581504	1.0611e-07	0	1
2900	 -4	0.545889	1.82831e-07	0	1
2900	 4	0.829715	2.74987e-08	0	1
2900	 -5	0.268718	3.12385e-07	0	1
2900	 5	0.408433	2.76136e-08	0	1
3000	 0	0.294204	1.09761e-09	0	1
3000	 0	0.407525	1.13313e-08	0	1
3000	 -1	0.309356	3.85439e-06	1.77574e-06	1
3000	 1	0.428513	3.29266e-07	1.53787e-07	1
3000	 -2	0.686586	6.95866e-07	0	1
3000	 2	0.951043	7.77227e-08	2.73723e-09	1
3000	 -3	0.465308	1.26057e-06	0	1
3000	 3	0.644534	1.24705e-07	0	1
3000	 -4	0.668332	1.9915e-07	0	1
3000	 4	0.925758	3.56355e-08	0	1
3000	 -5	0.331725	3.3013e-07	0	1
3000	 5	0.459498	3.43801e-08	0	1
3100	 0	0.350348	1.85524e-09	0	1
3100	 0	0.450319	1.55506e-08	0	1
3100	 -1	0.368957	3.84437e-06	1.70525e-06	1
3100	 1	0.474238	3.6012e-07	1.61063e-07	1
3100	 -2	0.821379	7.16399e-07	0	1
3100	 2	1.05576	9.09035e-08	2.83186e-09	1.19955
3100	 -3	0.559225	1.30204e-06	0	1
3100	 3	0.718797	1.44911e-07	0	1
3100	 -4	0.808168	2.16658e-07	0	1
3100	 4	1.03878	4.51247e-08	0	1
3100	 -5	0.404219	3.49055e-07	0	1
3100	 5	0.519562	4.21912e-08	0	1
3200	 0	0.413497	2.95774e-09	0	1
3200	 0	0.500905	2.08484e-08	0	1
3200	 -1	0.436081	3.8517e-06	1.6459e-06	1
3200	 1	0.528264	3.90509e-07	1.67e-07	1
3200	 -2	0.973585	7.39913e-07	0	1
3200	 2	1.17939	1.05219e-07	2.90007e-09	1.26739
3200	 -3	0.665694	1.34843e-06	0	1
3200	 3	0.806415	1.66509e-07	0	1
3200	 -4	0.967536	2.35196e-07	0	1
3200	 4	1.17206	5.58798e-08	0	1
3200	 -5	0.487394	3.68915e-07	0	1
3200	 5	0.590424	5.10289e-08	0	1
3300	 0	0.484635	4.48499e-09	0	1
3300	 0	0.560529	2.72325e-08	0	1
3300	 -1	0.511786	3.86986e-06	1.59398e-06	1
3300	 1	0.591933	4.20243e-07	1.71573e-07	1
3300	 -2	1.14565	7.65403e-07	0	1
3300	 2	1.32506	1.20524e-07	2.94224e-09	1.33823
3300	 -3	0.78648	1.39791e-06	0	1
3300	 3	0.909643	1.89289e-07	0	1
3300	 -4	1.14919	2.54571e-07	0	1
3300	 4	1.32916	6.77764e-08	0	1
3300	 -5	0.582771	3.89433e-07	0	1
3300	 5	0.674034	6.08561e-08	0	1
3400	 0	0.56499	6.51284e-09	0	1
3400	 0	0.630536	3.46644e-08	0	1
3400	 -1	0.597388	3.89355e-06	1.5467e-06	1
3400	 1	0.666693	4.49273e-07	1.74838e-07	1
3400	 -2	1.34061	7.91967e-07	0	1
3400	 2	1.49614	1.36671e-07	2.96013e-09	1.41166
3400	 -3	0.923771	1.44884e-06	0	1
3400	 3	1.03094	2.13067e-07	0	1
3400	 -4	1.35656	2.74566e-07	0	1
3400	 4	1.51394	8.06711e-08	0	1
3400	 -5	0.692232	4.10333e-07	0	1
3400	 5	0.77254	7.16264e-08	0	1
3500	 0	0.656035	9.1088e-09	0	1
3500	 0	0.712418	4.30693e-08	0	1
3500	 -1	0.694468	3.91858e-06	1.50207e-06	1
3500	 1	0.754154	4.77652e-07	1.76897e-07	1
3500	 -2	1.56213	8.18821e-07	0	1
3500	 2	1.69639	1.53519e-07	2.95625e-09	1.48726
3500	 -3	1.08021	1.4998e-06	0	1
3500	 3	1.17304	2.37687e-07	0	1
3500	 -4	1.59374	2.94961e-07	0	1
3500	 4	1.73071	9.4416e-08	0	1
3500	 -5	0.818046	4.31349e-07	0	1
3500	 5	0.888353	8.32891e-08	0	1
3600	 0	0.759507	1.23285e-08	0	1
3600	 0	0.807864	5.23478e-08	0	1
3600	 -1	0.80489	3.9417e-06	1.45866e-06	1
3600	 1	0.856137	5.05497e-07	1.7788e-07	1
3600	 -2	1.81452	8.453e-07	0	1
3600	 2	1.93005	1.70934e-07	2.93348e-09	1.56466
3600	 -3	1.2589	1.54956e-06	0	1
3600	 3	1.33905	2.63024e-07	0	1
3600	 -4	1.86561	3.15537e-07	0	1
3600	 4	1.9844	1.08868e-07	0	1
3600	 -5	0.962902	4.52247e-07	0	1
3600	 5	1.02421	9.57927e-08	0	1
3700	 0	0.87742	1.62134e-08	0	1
3700	 0	0.918806	6.23849e-08	0	1
3700	 -1	0.930821	3.96051e-06	1.41554e-06	1
3700	 1	0.974726	5.32948e-07	1.77922e-07	1
3700	 -2	2.1028	8.70853e-07	0	1
3700	 2	2.20199	1.88798e-07	2.89468e-09	1.64356
3700	 -3	1.46348	1.59712e-06	0	1
3700	 3	1.53251	2.88975e-07	0	1
3700	 -4	2.17788	3.3609e-07	0	1
3700	 4	2.2806	1.23894e-07	0	1
3700	 -5	1.12996	4.7282e-07	0	1
3700	 5	1.18325	1.09086e-07	0	1
3800	 0	1.01211	2.07888e-08	0	1
3800	 0	1.04747	7.30581e-08	0	1
3800	 -1	1.07477	3.97328e-06	1.37211e-06	1.21052
3800	 1	1.11232	5.60149e-07	1.77153e-07	1.23159
3800	 -2	2.43279	8.95039e-07	0	1
3800	 2	2.5178	2.06997e-07	2.84257e-09	1.72369
3800	 -3	1.69818	1.64169e-06	0	1
3800	 3	1.75752	3.15454e-07	0	1
3800	 -4	2.53715	3.56434e-07	0	1
3800	 4	2.62581	1.39373e-07	0	1
3800	 -5	1.32289	4.92897e-07	0	1
3800	 5	1.36911	1.23117e-07	0	1
3900	 0	1.16625	2.60641e-08	0	1
3900	 0	1.19644	8.42429e-08	0	1
3900	 -1	1.23961	3.97887e-06	1.32806e-06	1.29774
3900	 1	1.2717	5.87227e-07	1.75693e-07	1.31328
3900	 -2	2.81121	9.17516e-07	0	1
3900	 2	2.88398	2.25432e-07	2.77957e-09	1.80485
3900	 -3	1.96786	1.68265e-06	0	1
3900	 3	2.0188	3.42384e-07	0	1
3900	 -4	2.95113	3.76402e-07	0	1
3900	 4	3.02752	1.55197e-07	0	1
3900	 -5	1.54598	5.12341e-07	0	1
3900	 5	1.586	1.37834e-07	0	1
4000	 0	1.34293	3.20327e-08	0	1
4000	 0	1.36868	9.5817e-08	0	1
4000	 -1	1.42868	3.97662e-06	1.28326e-06	1.38381
4000	 1	1.45608	6.14288e-07	1.73651e-07	1.39528
4000	 -2	3.24577	9.38031e-07	0	1
4000	 2	3.30801	2.44009e-07	2.70783e-09	1.88683
4000	 -3	2.27815	1.71955e-06	0	1
4000	 3	2.32184	3.69694e-07	0	1
4000	 -4	3.42869	3.95852e-07	0	1
4000	 4	3.49444	1.71266e-07	0	1
4000	 -5	1.80419	5.31043e-07	0	1
4000	 5	1.83879	1.53181e-07	0	1
4100	 0	1.54569	3.86733e-08	0	1
4100	 0	1.56765	1.07663e-07	0	1
4100	 -1	1.6458	3.96622e-06	1.23772e-06	1.46907
4100	 1	1.66918	6.41405e-07	1.71121e-07	1.47755
4100	 -2	3.7454	9.56409e-07	0	1
4100	 2	3.79861	2.62641e-07	2.62921e-09	1.96944
4100	 -3	2.63555	1.75212e-06	0	1
4100	 3	2.67299	3.97315e-07	0	1
4100	 -4	3.98011	4.14663e-07	0	1
4100	 4	4.03665	1.87494e-07	0	1
4100	 -5	2.10328	5.48922e-07	0	1
4100	 5	2.13316	1.69102e-07	0	1
4200	 0	1.77864	4.59517e-08	0	1
4200	 0	1.79736	1.19672e-07	0	1
4200	 -1	1.89537	3.94767e-06	1.19155e-06	1.5538
4200	 1	1.91531	6.68628e-07	1.68184e-07	1.56007
4200	 -2	4.32035	9.72544e-07	0	1
4200	 2	4.36582	2.81249e-07	2.54529e-09	2.05245
4200	 -3	3.04755	1.78019e-06	0	1
4200	 3	3.07963	4.25176e-07	0	1
4200	 -4	4.61727	4.32739e-07	0	1
4200	 4	4.66586	2.03803e-07	0	1
4200	 -5	2.44991	5.65921e-07	0	1
4200	 5	2.47569	1.85537e-07	0	1
4300	 0	2.04645	5.38224e-08	0	1
4300	 0	2.06241	1.3174e-07	0	1
4300	 -1	2.18245	3.9212e-06	1.14491e-06	1.63823
4300	 1	2.19947	6.95978e-07	1.64911e-07	1.64287
4300	 -2	4.98248	9.86388e-07	0	1
4300	 2	5.02133	2.99758e-07	2.45744e-09	2.13558
4300	 -3	3.52281	1.80371e-06	0	1
4300	 3	3.55027	4.53206e-07	0	1
4300	 -4	5.35392	4.50002e-07	0	1
4300	 4	5.39566	2.2012e-07	0	1
4300	 -5	2.85182	5.82004e-07	0	1
4300	 5	2.87406	2.02424e-07	0	1
4400	 0	2.35456	6.22308e-08	0	1
4400	 0	2.36816	1.43777e-07	0	1
4400	 -1	2.51291	3.88719e-06	1.09799e-06	1.72253
4400	 1	2.52742	7.23451e-07	1.61365e-07	1.72597
4400	 -2	5.74543	9.9794e-07	0	1
4400	 2	5.77862	3.18099e-07	2.36684e-09	2.21845
4400	 -3	4.07131	1.82273e-06	0	1
4400	 3	4.09483	4.81333e-07	0	1
4400	 -4	6.20595	4.66395e-07	0	1
4400	 4	6.2418	2.36384e-07	0	1
4400	 -5	3.31798	5.9715e-07	0	1
4400	 5	3.33714	2.19697e-07	0	1
4500	 0	2.70921	7.11156e-08	0	1
4500	 0	2.72081	1.557e-07	0	1
4500	 -1	2.89347	3.84617e-06	1.05102e-06	1.80681
4500	 1	2.90585	7.51022e-07	1.57599e-07	1.80936
4500	 -2	6.62497	1.00724e-06	0	1
4500	 2	6.65332	3.36211e-07	2.27448e-09	2.30062
4500	 -3	4.70462	1.83736e-06	0	1
4500	 3	4.72475	5.09483e-07	0	1
4500	 -4	7.19178	4.81879e-07	0	1
4500	 4	7.22255	2.52536e-07	0	1
4500	 -5	3.85877	6.11355e-07	0	1
4500	 5	3.87528	2.37289e-07	0	1
4600	 0	3.1176	8.04106e-08	0	1
4600	 0	3.12748	1.67434e-07	0	1
4600	 -1	3.33191	3.79873e-06	1.0042e-06	1.89113
4600	 1	3.34247	7.7865e-07	1.5366e-07	1.89302
4600	 -2	7.63928	1.01436e-06	0	1
4600	 2	7.6635	3.54035e-07	2.18121e-09	2.38152
4600	 -3	5.43606	1.84777e-06	0	1
4600	 3	5.45329	5.37578e-07	0	1
4600	 -4	8.33268	4.9643e-07	0	1
4600	 4	8.3591	2.68525e-07	0	1
4600	 -5	4.48625	6.24624e-07	0	1
4600	 5	4.50047	2.55131e-07	0	1
4700	 0	3.58803	9.00467e-08	0	1
4700	 0	3.59646	1.78917e-07	0	1
4700	 -1	3.8372	3.74553e-06	9.57761e-07	1.97548
4700	 1	3.84621	8.06279e-07	1.49586e-07	1.97688
4700	 -2	8.80938	1.01939e-06	0	1
4700	 2	8.83006	3.7152e-07	2.08775e-09	2.46048
4700	 -3	6.28107	1.85419e-06	0	1
4700	 3	6.29582	5.65544e-07	0	1
4700	 -4	9.65333	5.10038e-07	0	1
4700	 4	9.676	2.84305e-07	0	1
4700	 -5	5.21439	6.36975e-07	0	1
4700	 5	5.22664	2.73156e-07	0	1
4800	 0	4.13009	9.99536e-08	0	1
4800	 0	4.13728	1.90094e-07	0	1
4800	 -1	4.4197	3.68724e-06	9.11887e-07	2.05976
4800	 1	4.42739	8.33842e-07	1.45415e-07	2.06079
4800	 -2	10.1595	1.02244e-06	0	1
4800	 2	10.1772	3.88618e-07	1.99474e-09	2.5367
4800	 -3	7.25749	1.85688e-06	0	1
4800	 3	7.27012	5.93304e-07	0	1
4800	 -4	11.1823	5.22704e-07	0	1
4800	 4	11.2017	2.99833e-07	0	1
4800	 -5	6.05941	6.48429e-07	0	1
4800	 5	6.06995	2.91293e-07	0	1
4900	 0	4.75485	1.10061e-07	0	1
4900	 0	4.76098	2.0092e-07	0	1
4900	 -1	5.09137	3.62455e-06	8.66763e-07	2.14378
4900	 1	5.09793	8.61263e-07	1.41175e-07	2.14454
4900	 -2	11.7178	1.02366e-06	0	1
4900	 2	11.7329	4.05288e-07	1.9027e-09	2.60931
4900	 -3	8.38596	1.85611e-06	0	1
4900	 3	8.39676	6.20784e-07	0	1
4900	 -4	12.9525	5.3444e-07	0	1
4900	 4	12.9692	3.15073e-07	0	1
4900	 -5	7.04011	6.59018e-07	0	1
4900	 5	7.04919	3.09475e-07	0	1
5000	 0	5.47508	1.20302e-07	0	1
5000	 0	5.4803	2.11357e-07	0	1
5000	 -1	5.86602	3.55814e-06	8.22552e-07	2.22726
5000	 1	5.87162	8.88462e-07	1.36894e-07	2.22782
5000	 -2	13.5165	1.02317e-06	0	1
5000	 2	13.5294	4.21493e-07	1.81207e-09	2.67737
5000	 -3	9.69032	1.85217e-06	0	1
5000	 3	9.69957	6.47913e-07	0	1
5000	 -4	15.0024	5.45268e-07	0	1
5000	 4	15.0168	3.29992e-07	0	1
5000	 -5	8.17831	6.68775e-07	0	1
5000	 5	8.18612	3.27635e-07	0	1
5100	 0	6.30552	1.30609e-07	0	1
5100	 0	6.30998	2.21377e-07	0	1
5100	 -1	6.75959	3.48866e-06	7.79395e-07	2.30978
5100	 1	6.76438	9.15356e-07	1.32594e-07	2.31018
5100	 -2	15.5932	1.02112e-06	0	1
5100	 2	15.6042	4.37201e-07	1.72322e-09	2.73994
5100	 -3	11.1982	1.84536e-06	0	1
5100	 3	11.2061	6.74619e-07	0	1
5100	 -4	17.3763	5.55214e-07	0	1
5100	 4	17.3886	3.44561e-07	0	1
5100	 -5	9.49932	6.77737e-07	0	1
5100	 5	9.50604	3.45711e-07	0	1
5200	 0	7.26322	1.40922e-07	0	1
5200	 0	7.26703	2.30957e-07	0	1
5200	 -1	7.79053	3.41676e-06	7.37412e-07	2.39081
5200	 1	7.79461	9.41861e-07	1.28294e-07	2.3911
5200	 -2	17.9911	1.01765e-06	0	1
5200	 2	18.0005	4.52385e-07	1.63646e-09	2.79614
5200	 -3	12.9415	1.83598e-06	0	1
5200	 3	12.9483	7.00839e-07	0	1
5200	 -4	20.1256	5.64311e-07	0	1
5200	 4	20.1361	3.58755e-07	0	1
5200	 -5	11.0325	6.85944e-07	0	1
5200	 5	11.0383	3.63641e-07	0	1
5300	 0	8.36785	1.51183e-07	0	1
5300	 0	8.3711	2.40081e-07	0	1
5300	 -1	8.98012	3.34302e-06	6.96705e-07	2.46969
5300	 1	8.98361	9.67895e-07	1.24011e-07	2.46991
5300	 -2	20.7603	1.01291e-06	0	1
5300	 2	20.7684	4.67022e-07	1.55205e-09	2.84527
5300	 -3	14.9573	1.82433e-06	0	1
5300	 3	14.9631	7.2651e-07	0	1
5300	 -4	23.3097	5.72596e-07	0	1
5300	 4	23.3187	3.72553e-07	0	1
5300	 -5	12.8119	6.93437e-07	0	1
5300	 5	12.8169	3.81367e-07	0	1
5400	 0	9.64214	1.61338e-07	0	1
5400	 0	9.64492	2.48738e-07	0	1
5400	 -1	10.353	3.268e-06	6.57353e-07	2.54566
5400	 1	10.3559	9.93378e-07	1.19759e-07	2.54581
5400	 -2	23.9586	1.00704e-06	0	1
5400	 2	23.9655	4.81096e-07	1.47018e-09	2.88686
5400	 -3	17.2882	1.8107e-06	0	1
5400	 3	17.2932	7.51575e-07	0	1
5400	 -4	26.9976	5.8011e-07	0	1
5400	 4	27.0054	3.85936e-07	0	1
5400	 -5	14.8771	7.00259e-07	0	1
5400	 5	14.8814	3.98837e-07	0	1
5500	 0	11.1124	1.7134e-07	0	1
5500	 0	11.1147	2.56925e-07	0	1
5500	 -1	11.9375	3.19221e-06	6.1942e-07	2.61784
5500	 1	11.94	1.01823e-06	1.15549e-07	2.61794
5500	 -2	27.653	1.00018e-06	0	1
5500	 2	27.6589	4.94591e-07	1.39102e-09	2.92076
5500	 -3	19.9838	1.79536e-06	0	1
5500	 3	19.9881	7.75985e-07	0	1
5500	 -4	31.2693	5.86896e-07	0	1
5500	 4	31.2759	3.98889e-07	0	1
5500	 -5	17.2739	7.0645e-07	0	1
5500	 5	17.2776	4.16002e-07	0	1
5600	 0	12.8088	1.81145e-07	0	1
5600	 0	12.8108	2.6464e-07	0	1
5600	 -1	13.7666	3.11613e-06	5.82953e-07	2.68531
5600	 1	13.7687	1.04239e-06	1.1139e-07	2.68538
5600	 -2	31.9208	9.92472e-07	0	1
5600	 2	31.9258	5.07497e-07	1.31467e-09	2.94719
5600	 -3	23.1013	1.77858e-06	0	1
5600	 3	23.105	7.99692e-07	0	1
5600	 -4	36.2172	5.92996e-07	0	1
5600	 4	36.2229	4.11402e-07	0	1
5600	 -5	20.0555	7.12052e-07	0	1
5600	 5	20.0587	4.32816e-07	0	1
5700	 0	14.7666	1.90717e-07	0	1
5700	 0	14.7683	2.71888e-07	0	1
5700	 -1	15.8782	3.04018e-06	5.47982e-07	2.74714
5700	 1	15.88	1.06579e-06	1.0729e-07	2.74719
5700	 -2	36.8514	9.84032e-07	0	1
5700	 2	36.8557	5.1981e-07	1.24124e-09	2.96678
5700	 -3	26.7071	1.7606e-06	0	1
5700	 3	26.7103	8.22657e-07	0	1
5700	 -4	41.9485	5.98456e-07	0	1
5700	 4	41.9534	4.23465e-07	0	1
5700	 -5	23.2837	7.17107e-07	0	1
5700	 5	23.2864	4.4924e-07	0	1
5800	 0	17.0262	2.00023e-07	0	1
5800	 0	17.0277	2.78674e-07	0	1
5800	 -1	18.3162	2.96473e-06	5.14525e-07	2.80251
5800	 1	18.3177	1.08837e-06	1.03253e-07	2.80254
5800	 -2	42.5484	9.74982e-07	0	1
5800	 2	42.552	5.31525e-07	1.17076e-09	2.98044
5800	 -3	30.8779	1.74166e-06	0	1
5800	 3	30.8806	8.44844e-07	0	1
5800	 -4	48.5876	6.03321e-07	0	1
5800	 4	48.5918	4.35072e-07	0	1
5800	 -5	27.03	7.21654e-07	0	1
5800	 5	27.0323	4.65239e-07	0	1
5900	 0	19.6344	2.09036e-07	0	1
5900	 0	19.6357	2.85008e-07	0	1
5900	 -1	21.1313	2.89013e-06	4.82588e-07	2.85072
5900	 1	21.1327	1.11007e-06	9.92825e-08	2.85074
5900	 -2	49.1313	9.65436e-07	0	1
5900	 2	49.1344	5.42643e-07	1.10326e-09	2.98934
5900	 -3	35.7024	1.72197e-06	0	1
5900	 3	35.7047	8.66227e-07	0	1
5900	 -4	56.2784	6.07632e-07	0	1
5900	 4	56.282	4.46219e-07	0	1
5900	 -5	31.3776	7.25732e-07	0	1
5900	 5	31.3796	4.80782e-07	0	1
6000	 0	22.6454	2.17732e-07	0	1
6000	 0	22.6465	2.90902e-07	0	1
6000	 -1	24.3823	2.81667e-06	4.52163e-07	2.89135
6000	 1	24.3835	1.13086e-06	9.53811e-08	2.89136
6000	 -2	56.7386	9.55496e-07	0	1
6000	 2	56.7413	5.53167e-07	1.03875e-09	2.99468
6000	 -3	41.2835	1.70173e-06	0	1
6000	 3	41.2854	8.8678e-07	0	1
6000	 -4	65.1876	6.11435e-07	0	1
6000	 4	65.1907	4.56905e-07	0	1
6000	 -5	36.4229	7.29377e-07	0	1
6000	 5	36.4246	4.95844e-07	0	1
6100	 0	26.1217	2.26094e-07	0	1
6100	 0	26.1226	2.96371e-07	0	1
6100	 -1	28.1369	2.74461e-06	4.23237e-07	2.9243
6100	 1	28.1379	1.1507e-06	9.15489e-08	2.92431
6100	 -2	65.5304	9.45259e-07	0	1
6100	 2	65.5327	5.63103e-07	9.77215e-10	2.99761
6100	 -3	47.7401	1.68111e-06	0	1
6100	 3	47.7418	9.06488e-07	0	1
6100	 -4	75.5086	6.1477e-07	0	1
6100	 4	75.5113	4.67131e-07	0	1
6100	 -5	42.2777	7.32625e-07	0	1
6100	 5	42.2791	5.10402e-07	0	1
6200	 0	30.1355	2.34108e-07	0	1
6200	 0	30.1363	3.01429e-07	0	1
6200	 -1	32.4736	2.67418e-06	3.95787e-07	2.94986
6200	 1	32.4745	1.16955e-06	8.77851e-08	2.94986
6200	 -2	75.6918	9.34811e-07	0	1
6200	 2	75.6938	5.7246e-07	9.18615e-10	2.99904
6200	 -3	55.2101	1.66028e-06	0	1
6200	 3	55.2115	9.25337e-07	0	1
6200	 -4	87.4654	6.17677e-07	0	1
6200	 4	87.4677	4.769e-07	0	1
6200	 -5	49.0717	7.35509e-07	0	1
6200	 5	49.073	5.24441e-07	0	1
6300	 0	34.7705	2.41764e-07	0	1
6300	 0	34.7712	3.06094e-07	0	1
6300	 -1	37.483	2.60554e-06	3.69782e-07	2.96867
6300	 1	37.4837	1.18739e-06	8.40877e-08	2.96867
6300	 -2	87.4371	9.24231e-07	0	1
6300	 2	87.4388	5.81246e-07	8.62902e-10	2.99967
6300	 -3	63.8528	1.63938e-06	0	1
6300	 3	63.854	9.4332e-07	0	1
6300	 -4	101.317	6.20194e-07	0	1
6300	 4	101.319	4.86215e-07	0	1
6300	 -5	56.9557	7.3806e-07	0	1
6300	 5	56.9568	5.37946e-07	0	1
6400	 0	40.1232	2.49056e-07	0	1
6400	 0	40.1238	3.10382e-07	0	1
6400	 -1	43.2699	2.53886e-06	3.45187e-07	2.9817
6400	 1	43.2705	1.2042e-06	8.0454e-08	2.9817
6400	 -2	101.014	9.1359e-07	0	1
6400	 2	101.015	5.89475e-07	8.10017e-10	2.9999
6400	 -3	73.8529	1.61854e-06	0	1
6400	 3	73.8539	9.60434e-07	0	1
6400	 -4	117.365	6.22357e-07	0	1
6400	 4	117.367	4.95084e-07	0	1
6400	 -5	66.1041	7.40308e-07	0	1
6400	 5	66.1051	5.5091e-07	0	1
6500	 0	46.3053	2.55979e-07	0	1
6500	 0	46.3058	3.14311e-07	0	1
6500	 -1	49.9556	2.47427e-06	3.21962e-07	2.99011
6500	 1	49.9561	1.21997e-06	7.68801e-08	2.99011
6500	 -2	116.709	9.02951e-07	0	1
6500	 2	116.711	5.97159e-07	7.59889e-10	2.99998
6500	 -3	85.424	1.59787e-06	0	1
6500	 3	85.4249	9.76681e-07	0	1
6500	 -4	135.958	6.24201e-07	0	1
6500	 4	135.959	5.03513e-07	0	1
6500	 -5	76.7198	7.4228e-07	0	1
6500	 5	76.7206	5.63326e-07	0	1
6600	 0	53.446	2.62535e-07	0	1
6600	 0	53.4464	3.17899e-07	0	1
6600	 -1	57.6803	2.41184e-06	3.00063e-07	2.99512
6600	 1	57.6807	1.2347e-06	7.3362e-08	2.99512
6600	 -2	134.855	8.92371e-07	0	1
6600	 2	134.856	6.04314e-07	7.12437e-10	3
6600	 -3	98.8137	1.57747e-06	0	1
6600	 3	98.8145	9.92066e-07	0	1
6600	 -4	157.499	6.25757e-07	0	1
6600	 4	157.5	5.11513e-07	0	1
6600	 -5	89.0378	7.44003e-07	0	1
6600	 5	89.0385	5.75192e-07	0	1
6700	 0	61.6944	2.68725e-07	0	1
6700	 0	61.6948	3.21166e-07	0	1
6700	 -1	66.606	2.35166e-06	2.79443e-07	2.99783
6700	 1	66.6063	1.24838e-06	6.98951e-08	2.99783
6700	 -2	155.834	8.81899e-07	0	1
6700	 2	155.835	6.10954e-07	6.67578e-10	3
6700	 -3	114.308	1.55743e-06	0	1
6700	 3	114.309	1.0066e-06	0	1
6700	 -4	182.456	6.27055e-07	0	1
6700	 4	182.457	5.19091e-07	0	1
6700	 -5	103.331	7.455e-07	0	1
6700	 5	103.331	5.86508e-07	0	1
6800	 0	71.2233	2.74554e-07	0	1
6800	 0	71.2236	3.24129e-07	0	1
6800	 -1	76.9202	2.29377e-06	2.60054e-07	2.99914
6800	 1	76.9206	1.26101e-06	6.64747e-08	2.99914
6800	 -2	180.091	8.71577e-07	0	1
6800	 2	180.092	6.17097e-07	6.2522e-10	3
6800	 -3	132.24	1.53781e-06	0	1
6800	 3	132.24	1.02029e-06	0	1
6800	 -4	211.372	6.28123e-07	0	1
6800	 4	211.373	5.2626e-07	0	1
6800	 -5	119.916	7.46793e-07	0	1
6800	 5	119.916	5.9728e-07	0	1
6900	 0	82.2322	2.80028e-07	0	1
6900	 0	82.2325	3.26807e-07	0	1
6900	 -1	88.8399	2.23821e-06	2.41844e-07	2.99971
6900	 1	88.8402	1.27261e-06	6.30965e-08	2.99971
6900	 -2	208.14	8.61442e-07	0	1
6900	 2	208.141	6.22759e-07	5.85269e-10	3
6900	 -3	152.992	1.51868e-06	0	1
6900	 3	152.992	1.03315e-06	0	1
6900	 -4	244.875	6.28986e-07	0	1
6900	 4	244.876	5.33031e-07	0	1
6900	 -5	139.159	7.47902e-07	0	1
6900	 5	139.16	6.07511e-07	0	1
7000	 0	94.952	2.85156e-07	0	1
7000	 0	94.9522	3.29217e-07	0	1
7000	 -1	102.616	2.18497e-06	2.24764e-07	2.99991
7000	 1	102.616	1.28319e-06	5.97565e-08	2.99991
7000	 -2	240.575	8.51524e-07	0	1
7000	 2	240.576	6.27959e-07	5.47629e-10	3
7000	 -3	177.009	1.50009e-06	0	1
7000	 3	177.01	1.04521e-06	0	1
7000	 -4	283.693	6.29667e-07	0	1
7000	 4	283.694	5.39416e-07	0	1
7000	 -5	161.487	7.48847e-07	0	1
7000	 5	161.488	6.17212e-07	0	1
7100	 0	109.65	2.89946e-07	0	1
7100	 0	109.65	3.31376e-07	0	1
7100	 -1	118.538	2.13405e-06	2.0876e-07	2.99998
7100	 1	118.538	1.29277e-06	5.64518e-08	2.99998
7100	 -2	278.084	8.4185e-07	0	1
7100	 2	278.085	6.32715e-07	5.12202e-10	3
7100	 -3	204.807	1.48207e-06	0	1
7100	 3	204.808	1.05647e-06	0	1
7100	 -4	328.672	6.30188e-07	0	1
7100	 4	328.673	5.45428e-07	0	1
7100	 -5	187.395	7.49643e-07	0	1
7100	 5	187.395	6.2639e-07	0	1
7200	 0	126.634	2.9441e-07	0	1
7200	 0	126.634	3.33302e-07	0	1
7200	 -1	136.943	2.08544e-06	1.93781e-07	3
7200	 1	136.943	1.30136e-06	5.31807e-08	3
7200	 -2	321.464	8.32439e-07	0	1
7200	 2	321.464	6.37043e-07	4.7889e-10	3
7200	 -3	236.982	1.46466e-06	0	1
7200	 3	236.982	1.06697e-06	0	1
7200	 -4	380.789	6.30569e-07	0	1
7200	 4	380.789	5.51079e-07	0	1
7200	 -5	217.454	7.50308e-07	0	1
7200	 5	217.455	6.35058e-07	0	1
7300	 0	146.261	2.98559e-07	0	1
7300	 0	146.261	3.3501e-07	0	1
7300	 -1	158.217	2.03911e-06	1.79776e-07	3
7300	 1	158.217	1.30899e-06	4.99432e-08	3
7300	 -2	371.635	8.2331e-07	0	1
7300	 2	371.636	6.40964e-07	4.47593e-10	3
7300	 -3	274.223	1.44788e-06	0	1
7300	 3	274.224	1.07672e-06	0	1
7300	 -4	441.177	6.30827e-07	0	1
7300	 4	441.177	5.56383e-07	0	1
7300	 -5	252.332	7.50854e-07	0	1
7300	 5	252.332	6.43229e-07	0	1
7400	 0	168.945	3.02405e-07	0	1
7400	 0	168.945	3.36516e-07	0	1
7400	 -1	182.811	1.99501e-06	1.66695e-07	3
7400	 1	182.811	1.3157e-06	4.67412e-08	3
7400	 -2	429.665	8.14473e-07	0	1
7400	 2	429.665	6.44494e-07	4.18216e-10	3
7400	 -3	317.331	1.43173e-06	0	1
7400	 3	317.332	1.08574e-06	0	1
7400	 -4	511.152	6.30978e-07	0	1
7400	 4	511.152	5.61353e-07	0	1
7400	 -5	292.798	7.51295e-07	0	1
7400	 5	292.798	6.50917e-07	0	1
7500	 0	195.163	3.0596e-07	0	1
7500	 0	195.164	3.37835e-07	0	1
7500	 -1	211.244	1.95309e-06	1.54487e-07	3
7500	 1	211.244	1.32151e-06	4.35789e-08	3
7500	 -2	496.787	8.0594e-07	0	1
7500	 2	496.787	6.47652e-07	3.90661e-10	3
7500	 -3	367.232	1.41624e-06	0	1
7500	 3	367.232	1.09407e-06	0	1
7500	 -4	592.235	6.31037e-07	0	1
7500	 4	592.235	5.66004e-07	0	1
7500	 -5	339.749	7.51642e-07	0	1
7500	 5	339.749	6.58136e-07	0	1
7600	 0	225.468	3.09238e-07	0	1
7600	 0	225.468	3.38981e-07	0	1
7600	 -1	244.117	1.91329e-06	1.43106e-07	3
7600	 1	244.117	1.32647e-06	4.0463e-08	3
7600	 -2	574.429	7.97714e-07	0	1
7600	 2	574.429	6.50457e-07	3.64835e-10	3
7600	 -3	424.998	1.40141e-06	0	1
7600	 3	424.998	1.10172e-06	0	1
7600	 -4	686.192	6.31016e-07	0	1
7600	 4	686.193	5.70347e-07	0	1
7600	 -5	394.224	7.51905e-07	0	1
7600	 5	394.224	6.64902e-07	0	1
7700	 0	260.499	3.12252e-07	0	1
7700	 0	260.499	3.39967e-07	0	1
7700	 -1	282.125	1.87557e-06	1.32503e-07	3
7700	 1	282.125	1.33062e-06	3.74027e-08	3
7700	 -2	664.245	7.89801e-07	0	1
7700	 2	664.245	6.52925e-07	3.40647e-10	3
7700	 -3	491.87	1.38722e-06	0	1
7700	 3	491.87	1.10873e-06	0	1
7700	 -4	795.07	6.30928e-07	0	1
7700	 4	795.07	5.74397e-07	0	1
7700	 -5	457.427	7.52094e-07	0	1
7700	 5	457.427	6.71231e-07	0	1
7800	 0	300.994	3.15014e-07	0	1
7800	 0	300.995	3.40806e-07	0	1
7800	 -1	326.074	1.83983e-06	1.22633e-07	3
7800	 1	326.074	1.334e-06	3.44093e-08	3
7800	 -2	768.148	7.822e-07	0	1
7800	 2	768.149	6.55074e-07	3.18008e-10	3
7800	 -3	569.287	1.37369e-06	0	1
7800	 3	569.287	1.11511e-06	0	1
7800	 -4	921.238	6.30782e-07	0	1
7800	 4	921.238	5.78166e-07	0	1
7800	 -5	530.756	7.52218e-07	0	1
7800	 5	530.756	6.77139e-07	0	1
7900	 0	347.81	3.17539e-07	0	1
7900	 0	347.81	3.41511e-07	0	1
7900	 -1	376.894	1.80603e-06	1.13454e-07	3
7900	 1	376.894	1.33667e-06	3.14963e-08	3
7900	 -2	888.354	7.7491e-07	0	1
7900	 2	888.354	6.56923e-07	2.96831e-10	3
7900	 -3	658.915	1.36079e-06	0	1
7900	 3	658.915	1.1209e-06	0	1
7900	 -4	1067.45	6.30587e-07	0	1
7900	 4	1067.45	5.81668e-07	0	1
7900	 -5	615.834	7.52282e-07	0	1
7900	 5	615.834	6.82643e-07	0	1
8000	 0	401.936	3.19839e-07	0	1
8000	 0	401.936	3.42092e-07	0	1
8000	 -1	435.662	1.77408e-06	1.04922e-07	3
8000	 1	435.662	1.33867e-06	2.86785e-08	3
8000	 -2	1027.43	7.67928e-07	0	1
8000	 2	1027.43	6.58489e-07	2.77033e-10	3
8000	 -3	762.682	1.34852e-06	0	1
8000	 3	762.682	1.12613e-06	0	1
8000	 -4	1236.88	6.30352e-07	0	1
8000	 4	1236.88	5.84914e-07	0	1
8000	 -5	714.542	7.52295e-07	0	1
8000	 5	714.542	6.87759e-07	0	1
8100	 0	464.516	3.21927e-07	0	1
8100	 0	464.517	3.42559e-07	0	1
8100	 -1	503.626	1.74391e-06	9.69974e-08	3
8100	 1	503.626	1.34006e-06	2.59711e-08	3
8100	 -2	1188.33	7.6125e-07	0	1
8100	 2	1188.33	6.5979e-07	2.58534e-10	3
8100	 -3	882.824	1.33685e-06	0	1
8100	 3	882.824	1.13081e-06	0	1
8100	 -4	1433.23	6.30082e-07	0	1
8100	 4	1433.23	5.87917e-07	0	1
8100	 -5	829.063	7.52262e-07	0	1
8100	 5	829.064	6.92505e-07	0	1
8200	 0	536.876	3.23815e-07	0	1
8200	 0	536.876	3.42924e-07	0	1
8200	 -1	582.228	1.71544e-06	8.96422e-08	3
8200	 1	582.228	1.34089e-06	2.33892e-08	3
8200	 -2	1374.51	7.54868e-07	0	1
8200	 2	1374.51	6.60843e-07	2.41258e-10	3
8200	 -3	1021.93	1.32578e-06	0	1
8200	 3	1021.93	1.13499e-06	0	1
8200	 -4	1660.77	6.29785e-07	0	1
8200	 4	1660.77	5.9069e-07	0	1
8200	 -5	961.93	7.52188e-07	0	1
8200	 5	961.93	6.96897e-07	0	1
8300	 0	620.547	3.25515e-07	0	1
8300	 0	620.547	3.43194e-07	0	1
8300	 -1	673.138	1.68859e-06	8.28195e-08	3
8300	 1	673.138	1.34123e-06	2.0947e-08	3
8300	 -2	1589.93	7.48776e-07	0	1
8300	 2	1589.93	6.61665e-07	2.25131e-10	3
8300	 -3	1182.99	1.31528e-06	0	1
8300	 3	1182.99	1.13869e-06	0	1
8300	 -4	1924.47	6.29465e-07	0	1
8300	 4	1924.47	5.93243e-07	0	1
8300	 -5	1116.08	7.52078e-07	0	1
8300	 5	1116.08	7.00951e-07	0	1
8400	 0	717.302	3.27039e-07	0	1
8400	 0	717.302	3.43378e-07	0	1
8400	 -1	778.287	1.6633e-06	7.64946e-08	3
8400	 1	778.287	1.34112e-06	1.86561e-08	3
8400	 -2	1839.2	7.42965e-07	0	1
8400	 2	1839.2	6.62274e-07	2.10083e-10	3
8400	 -3	1369.48	1.30534e-06	0	1
8400	 3	1369.48	1.14194e-06	0	1
8400	 -4	2230.07	6.29126e-07	0	1
8400	 4	2230.07	5.95588e-07	0	1
8400	 -5	1294.92	7.51935e-07	0	1
8400	 5	1294.92	7.04683e-07	0	1
8500	 0	829.194	3.28398e-07	0	1
8500	 0	829.194	3.43485e-07	0	1
8500	 -1	899.911	1.63949e-06	7.06344e-08	3
8500	 1	899.911	1.34061e-06	1.6526e-08	3
8500	 -2	2127.66	7.37427e-07	0	1
8500	 2	2127.66	6.62688e-07	1.96047e-10	3
8500	 -3	1585.43	1.29593e-06	0	1
8500	 3	1585.43	1.14476e-06	0	1
8500	 -4	2584.25	6.28773e-07	0	1
8500	 4	2584.25	5.97736e-07	0	1
8500	 -5	1502.41	7.51762e-07	0	1
8500	 5	1502.41	7.08111e-07	0	1
8600	 0	958.596	3.29603e-07	0	1
8600	 0	958.596	3.43522e-07	0	1
8600	 -1	1040.6	1.61707e-06	6.52077e-08	3
8600	 1	1040.6	1.33977e-06	1.45626e-08	3
8600	 -2	2461.47	7.32152e-07	0	1
8600	 2	2461.47	6.62923e-07	1.8296e-10	3
8600	 -3	1835.49	1.28703e-06	0	1
8600	 3	1835.49	1.14719e-06	0	1
8600	 -4	2994.71	6.28408e-07	0	1
8600	 4	2994.71	5.99697e-07	0	1
8600	 -5	1743.14	7.51564e-07	0	1
8600	 5	1743.14	7.11249e-07	0	1
8700	 0	1108.26	3.30663e-07	0	1
8700	 0	1108.26	3.43495e-07	0	1
8700	 -1	1203.35	1.59599e-06	6.0185e-08	3
8700	 1	1203.35	1.33863e-06	1.27684e-08	3
8700	 -2	2847.77	7.2713e-07	0	1
8700	 2	2847.77	6.62996e-07	1.70761e-10	3
8700	 -3	2125.06	1.27861e-06	0	1
8700	 3	2125.06	1.14926e-06	0	1
8700	 -4	3470.43	6.28034e-07	0	1
8700	 4	3470.43	6.01483e-07	0	1
8700	 -5	2022.42	7.51341e-07	0	1
8700	 5	2022.42	7.14114e-07	0	1
8800	 0	1281.35	3.31589e-07	0	1
8800	 0	1281.35	3.43411e-07	0	1
8800	 -1	1391.62	1.57616e-06	5.55385e-08	3
8800	 1	1391.62	1.33725e-06	1.11426e-08	3
8800	 -2	3294.85	7.22351e-07	0	1
8800	 2	3294.85	6.62924e-07	1.59394e-10	3
8800	 -3	2460.38	1.27066e-06	0	1
8800	 3	2460.38	1.15099e-06	0	1
8800	 -4	4021.77	6.27653e-07	0	1
8800	 4	4021.77	6.03102e-07	0	1
8800	 -5	2346.43	7.51097e-07	0	1
8800	 5	2346.43	7.16721e-07	0	1
8900	 0	1481.57	3.3239e-07	0	1
8900	 0	1481.57	3.43275e-07	0	1
8900	 -1	1609.42	1.55752e-06	5.12419e-08	3
8900	 1	1609.42	1.33565e-06	9.68139e-09	3
8900	 -2	3812.28	7.17803e-07	0	1
8900	 2	3812.28	6.62721e-07	1.48804e-10	3
8900	 -3	2848.71	1.26315e-06	0	1
8900	 3	2848.71	1.15241e-06	0	1
8900	 -4	4660.77	6.27267e-07	0	1
8900	 4	4660.77	6.04566e-07	0	1
8900	 -5	2722.34	7.50833e-07	0	1
8900	 5	2722.34	7.19086e-07	0	1
9000	 0	1713.15	3.33074e-07	0	1
9000	 0	1713.15	3.43092e-07	0	1
9000	 -1	1861.41	1.54001e-06	4.72705e-08	3
9000	 1	1861.41	1.33389e-06	8.37798e-09	3
9000	 -2	4411.14	7.13477e-07	0	1
9000	 2	4411.14	6.62404e-07	1.38941e-10	3
9000	 -3	3298.42	1.25607e-06	0	1
9000	 3	3298.42	1.15356e-06	0	1
9000	 -4	5401.37	6.26876e-07	0	1
9000	 4	5401.37	6.05884e-07	0	1
9000	 -5	3158.46	7.5055e-07	0	1
9000	 5	3158.46	7.21224e-07	0	1
