0 3.09647e-19 0 0
100 9.29086e-19 6.44724e-20 2.89466e-25
200 1.54896e-18 1.29041e-19 1.44782e-25
300 2.16957e-18 1.93802e-19 9.65765e-26
400 2.7912e-18 2.58853e-19 7.249e-26
500 3.41415e-18 3.24292e-19 5.80514e-26
600 4.03871e-18 3.90219e-19 4.84368e-26
700 4.66519e-18 4.56733e-19 4.15787e-26
800 5.29387e-18 5.2394e-19 3.64436e-26
900 5.92507e-18 5.91943e-19 3.24572e-26
1000 6.5591e-18 6.60852e-19 2.92749e-26
1100 7.19625e-18 7.30778e-19 2.66775e-26
1200 7.83684e-18 8.01836e-19 2.45188e-26
1300 8.48119e-18 8.74145e-19 2.26977e-26
1400 9.12962e-18 9.47829e-19 2.11418e-26
1500 9.78246e-18 1.02302e-18 1.97982e-26
1600 1.044e-17 1.09984e-18 1.86271e-26
1700 1.11027e-17 1.17844e-18 1.75982e-26
1800 1.17708e-17 1.25896e-18 1.66878e-26
1900 1.24446e-17 1.34157e-18 1.58773e-26
2000 1.31246e-17 1.42641e-18 1.51518e-26
2100 1.3811e-17 1.51366e-18 1.44992e-26
2200 1.45043e-17 1.6035e-18 1.39096e-26
2300 1.52049e-17 1.69611e-18 1.33749e-26
2400 1.59131e-17 1.79171e-18 1.28882e-26
2500 1.66293e-17 1.8905e-18 1.2444e-26
2600 1.7354e-17 1.9927e-18 1.20374e-26
2700 1.80875e-17 2.09856e-18 1.16642e-26
2800 1.88304e-17 2.20834e-18 1.1321e-26
2900 1.9583e-17 2.3223e-18 1.10048e-26
3000 2.03457e-17 2.44073e-18 1.07129e-26
3100 2.11192e-17 2.56394e-18 1.04431e-26
3200 2.19038e-17 2.69227e-18 1.01933e-26
3300 2.27001e-17 2.82605e-18 9.96194e-27
3400 2.35086e-17 2.96568e-18 9.74739e-27
3500 2.43298e-17 3.11155e-18 9.54831e-27
3600 2.51643e-17 3.2641e-18 9.36351e-27
3700 2.60125e-17 3.42378e-18 9.19193e-27
3800 2.68753e-17 3.5911e-18 9.03263e-27
3900 2.7753e-17 3.76657e-18 8.88477e-27
4000 2.86465e-17 3.95078e-18 8.7476e-27
4100 2.95562e-17 4.14432e-18 8.62044e-27
4200 3.0483e-17 4.34786e-18 8.5027e-27
4300 3.14275e-17 4.56208e-18 8.39383e-27
4400 3.23905e-17 4.78774e-18 8.29335e-27
4500 3.33727e-17 5.02562e-18 8.20082e-27
4600 3.43749e-17 5.27659e-18 8.11586e-27
4700 3.53979e-17 5.54155e-18 8.03811e-27
4800 3.64426e-17 5.82147e-18 7.96726e-27
4900 3.751e-17 6.11736e-18 7.90304e-27
5000 3.86008e-17 6.43031e-18 7.84518e-27
5100 3.97162e-17 6.76145e-18 7.79348e-27
5200 4.08571e-17 7.11198e-18 7.74772e-27
5300 4.20246e-17 7.48313e-18 7.70775e-27
5400 4.32197e-17 7.87619e-18 7.67341e-27
5500 4.44437e-17 8.29246e-18 7.64458e-27
5600 4.56978e-17 8.73327e-18 7.62114e-27
5700 4.69831e-17 9.19992e-18 7.603e-27
5800 4.83011e-17 9.69369e-18 7.59009e-27
5900 4.96532e-17 1.02158e-17 7.58235e-27
6000 5.10407e-17 1.07672e-17 7.57975e-27
6100 5.24652e-17 1.13489e-17 7.58227e-27
6200 5.39283e-17 1.19616e-17 7.58989e-27
6300 5.54317e-17 1.26053e-17 7.60262e-27
6400 5.69771e-17 1.32801e-17 7.62048e-27
6500 5.85664e-17 1.3985e-17 7.64352e-27
6600 6.02016e-17 1.47187e-17 7.67179e-27
6700 6.18846e-17 1.54788e-17 7.70536e-27
6800 6.36176e-17 1.62619e-17 7.74431e-27
6900 6.54029e-17 1.70635e-17 7.78874e-27
7000 6.72429e-17 1.78775e-17 7.83877e-27
7100 6.914e-17 1.86966e-17 7.89454e-27
7200 7.1097e-17 1.95117e-17 7.9562e-27
7300 7.31167e-17 2.03124e-17 8.02392e-27
7400 7.52019e-17 2.10866e-17 8.09789e-27
7500 7.73558e-17 2.18211e-17 8.17831e-27
7600 7.95817e-17 2.25017e-17 8.26543e-27
7700 8.18831e-17 2.31139e-17 8.35949e-27
7800 8.42637e-17 2.36433e-17 8.46077e-27
7900 8.67273e-17 2.40767e-17 8.56958e-27
8000 8.92782e-17 2.44026e-17 8.68624e-27
8100 9.19207e-17 2.46118e-17 8.81111e-27
8200 9.46595e-17 2.46983e-17 8.94457e-27
8300 9.74995e-17 2.46599e-17 9.08704e-27
8400 1.00446e-16 2.44976e-17 9.23897e-27
8500 1.03505e-16 2.42165e-17 9.40086e-27
8600 1.06681e-16 2.38246e-17 9.57322e-27
8700 1.09982e-16 2.33329e-17 9.75661e-27
8800 1.13414e-16 2.27541e-17 9.95165e-27
8900 1.16984e-16 2.21023e-17 1.0159e-26
9000 1.207e-16 2.13922e-17 1.03793e-26
