0 0
100 0
200 0
300 0
400 0
500 1
600 0
700 0
800 0
900 0
1000 0
1100 0.32792
1200 0
1300 0.23039
1400 0
1500 0
1600 0
1700 0.137864
1800 0
1900 0.111956
2000 0
2100 0.0925269
2200 0.0841986
2300 0.607902
2400 0.583944
2500 0
2600 0.538924
2700 0.517919
2800 0.497887
2900 0.478794
3000 0.460601
3100 0.443237
3200 0.426654
3300 0.410797
3400 0.395616
3500 0.381065
3600 0.367104
3700 0.392365
3800 0.395815
3900 0.398176
4000 0.399655
4100 0.400404
4200 0.400537
4300 0.40014
4400 0.399274
4500 0.397986
4600 0.396302
4700 0.394241
4800 0.391804
4900 0.388983
5000 0.385763
5100 0.382114
5200 0.378004
5300 0.373393
5400 0.368237
5500 0.362496
5600 0.356133
5700 0.349119
5800 0.341444
5900 0.333115
6000 0.324164
6100 0.314649
6200 0.304653
6300 0.294278
6400 0.283637
6500 0.272845
6600 0.262007
6700 0.251207
6800 0.240514
6900 0.229974
7000 0.219618
7100 0.209469
7200 0.199544
7300 0.189859
7400 0.180427
7500 0.171262
7600 0.162377
7700 0.153785
7800 0.145497
7900 0.137524
8000 0.129874
8100 0.122554
8200 0.115566
8300 0.108912
8400 0.102588
8500 0.0965898
8600 0.0909074
8700 0.0855296
8800 0.080443
8900 0.075633
9000 0.0710844
