0 0 0
100 3.65921e-08 0
200 2.92188e-08 0
300 2.83752e-08 0
400 2.8536e-08 0
500 4488.44 4468.28
600 242.227 164.423
700 132.04 112.159
800 99.3119 70.3923
900 27.1662 20.3091
1000 40.6488 39.8833
1100 19.889 0
1200 14.3193 14.2129
1300 9.86129 37.6405
1400 6.87925 0
1500 4.46121 3.28491
1600 2.6044 0
1700 1.94825 5.89875
1800 1.2205 0.833562
1900 0.786953 1.58186
2000 0.577548 0.30841
2100 0.655556 0.835001
2200 0.662993 2.17538
2300 0.562123 0.173008
2400 0.735284 0.637551
2500 0.952948 0.613749
2600 0.944917 1.14843
2700 1.02351 1.42107
2800 1.15333 1.83437
2900 0.87205 1.38015
3000 0.950128 1.6464
3100 1.01369 1.90936
3200 1.00987 2.03781
3300 0.837621 1.72857
3400 0.809312 1.76068
3500 0.823578 1.89601
3600 0.749165 1.79225
3700 0.694455 1.56623
3800 0.705998 1.59895
3900 0.63698 1.43799
4000 0.570644 1.26896
4100 0.573907 1.2896
4200 0.484502 1.0788
4300 0.486426 1.09403
4400 0.396069 0.87913
4500 0.602643 1.41205
4600 0.535385 1.25425
4700 0.466181 1.09171
4800 0.445567 1.05379
4900 0.385781 0.912715
5000 0.269599 0.623234
5100 0.318694 0.764726
5200 0.294572 0.712352
5300 0.244696 0.593652
5400 0.337692 0.860004
5500 0.395278 1.03512
5600 0.327776 0.869217
5700 0.499264 1.38188
5800 0.391419 1.10033
5900 0.372131 1.07451
6000 0.546071 1.64535
6100 0.459478 1.42229
6200 0.392381 1.25237
6300 0.512764 1.70751
6400 0.460842 1.5915
6500 0.441546 1.58639
6600 0.462126 1.73154
6700 0.473755 1.85565
6800 0.455383 1.86741
6900 0.441909 1.89363
7000 0.407258 1.8282
7100 0.450429 2.12331
7200 0.368575 1.82199
7300 0.341689 1.77719
7400 0.545549 3.00533
7500 0.477874 2.77037
7600 0.488475 2.98764
7700 0.472045 3.04703
7800 0.429993 2.93636
7900 0.384235 2.7774
8000 0.41602 3.19244
8100 0.334239 2.72
8200 0.367417 3.17159
8300 0.305925 2.80002
8400 0.340226 3.30611
8500 0.294008 3.03468
8600 0.325224 3.57753
8700 0.325453 3.80515
8800 0.356814 4.43561
8900 0.390586 5.16423
9000 0.330183 4.64494
