0	 0	1	0	0	1
100	 0	0	0	0	1
100	 0	0	0	0	1
100	 -1	0	0	0	1
100	 1	0	0	0	1
100	 -2	0	0	0	1
100	 2	0	0	0	1
100	 -3	0	0	0	1
100	 3	0	0	0	1
100	 -4	0	0	0	1
100	 4	0	0	0	1
100	 -5	0	0	0	1
100	 5	0	0	0	1
200	 0	0	0	0	1
200	 0	0	0	0	1
200	 -1	0	0	0	1
200	 1	0	0	0	1
200	 -2	0	0	0	1
200	 2	0	0	0	1
200	 -3	0	0	0	1
200	 3	0	0	0	1
200	 -4	0	0	0	1
200	 4	0	0	0	1
200	 -5	0	0	0	1
200	 5	0	0	0	1
300	 0	0	0	0	1
300	 0	0	0	0	1
300	 -1	0	0	0	1
300	 1	0	0	0	1
300	 -2	0	0	0	1
300	 2	0	0	0	1
300	 -3	0	0	0	1
300	 3	0	0	0	1
300	 -4	0	0	0	1
300	 4	0	0	0	1
300	 -5	0	0	0	1
300	 5	0	0	0	1
400	 0	0	0	0	1
400	 0	0	0	0	1
400	 -1	0	0	0	1
400	 1	0	0	0	1
400	 -2	0	0	0	1
400	 2	0	0	0	1
400	 -3	0	0	0	1
400	 3	0	0	0	1
400	 -4	0	0	0	1
400	 4	0	0	0	1
400	 -5	0	0	0	1
400	 5	0	0	0	1
500	 0	0	0	0	1
500	 0	0	0	0	1
500	 -1	0	0	0	1
500	 1	0	0	0	1
500	 -2	0	0	0	1
500	 2	1	1.81411e-12	1.81411e-12	1
500	 -3	0	0	0	1
500	 3	0	0	0	1
500	 -4	0	0	0	1
500	 4	0	0	0	1
500	 -5	0	0	0	1
500	 5	0	0	0	1
600	 0	0	0	0	1
600	 0	0	0	0	1
600	 -1	0	0	0	1
600	 1	0	0	0	1
600	 -2	0	0	0	1
600	 2	0	0	0	1
600	 -3	0	0	0	1
600	 3	0	0	0	1
600	 -4	0	0	0	1
600	 4	0	0	0	1
600	 -5	0	0	0	1
600	 5	0	0	0	1
700	 0	0	0	0	1
700	 0	0	0	0	1
700	 -1	0	0	0	1
700	 1	0	0	0	1
700	 -2	0	0	0	1
700	 2	0	0	0	1
700	 -3	0	0	0	1
700	 3	0	0	0	1
700	 -4	0	0	0	1
700	 4	0	0	0	1
700	 -5	0	0	0	1
700	 5	0	0	0	1
800	 0	0	0	0	1
800	 0	0	0	0	1
800	 -1	0	0	0	1
800	 1	0	0	0	1
800	 -2	0	0	0	1
800	 2	0	0	0	1
800	 -3	0	0	0	1
800	 3	0	0	0	1
800	 -4	0	0	0	1
800	 4	0	0	0	1
800	 -5	0	0	0	1
800	 5	0	0	0	1
900	 0	0	0	0	1
900	 0	0	0	0	1
900	 -1	0	0	0	1
900	 1	0	0	0	1
900	 -2	0	0	0	1
900	 2	0	0	0	1
900	 -3	0	0	0	1
900	 3	0	0	0	1
900	 -4	0	0	0	1
900	 4	0	0	0	1
900	 -5	0	0	0	1
900	 5	0	0	0	1
1000	 0	0	0	0	1
1000	 0	1	1.81411e-12	0	1
1000	 -1	0	0	0	1
1000	 1	0	0	0	1
1000	 -2	0	0	0	1
1000	 2	0	0	0	1
1000	 -3	0	0	0	1
1000	 3	0	0	0	1
1000	 -4	0	0	0	1
1000	 4	0	0	0	1
1000	 -5	0	0	0	1
1000	 5	0	0	0	1
1100	 0	0	0	0	1
1100	 0	0	0	0	1
1100	 -1	0	0	0	1
1100	 1	0	0	0	1
1100	 -2	0	0	0	1
1100	 2	1	1.31021e-10	4.29644e-11	1
1100	 -3	0	0	0	1
1100	 3	0	0	0	1
1100	 -4	0	0	0	1
1100	 4	0	0	0	1
1100	 -5	0	0	0	1
1100	 5	0	0	0	1
1200	 0	0	0	0	1
1200	 0	1	6.99103e-12	0	1
1200	 -1	0	0	0	1
1200	 1	0	0	0	1
1200	 -2	0	0	0	1
1200	 2	0	0	0	1
1200	 -3	0	0	0	1
1200	 3	0	0	0	1
1200	 -4	0	0	0	1
1200	 4	1	6.99103e-12	0	1
1200	 -5	0	0	0	1
1200	 5	0	0	0	1
1300	 0	0	0	0	1
1300	 0	0	0	0	1
1300	 -1	0	0	0	1
1300	 1	0	0	0	1
1300	 -2	0	0	0	1
1300	 2	1	3.65793e-10	8.42749e-11	1
1300	 -3	0	0	0	1
1300	 3	0	0	0	1
1300	 -4	0	0	0	1
1300	 4	0	0	0	1
1300	 -5	0	0	0	1
1300	 5	0	0	0	1
1400	 0	0	0	0	1
1400	 0	0	0	0	1
1400	 -1	0	0	0	1
1400	 1	0	0	0	1
1400	 -2	0	0	0	1
1400	 2	0	0	0	1
1400	 -3	0	0	0	1
1400	 3	0	0	0	1
1400	 -4	0	0	0	1
1400	 4	0	0	0	1
1400	 -5	0	0	0	1
1400	 5	0	0	0	1
1500	 0	0	0	0	1
1500	 0	0	0	0	1
1500	 -1	0	0	0	1
1500	 1	0	0	0	1
1500	 -2	0	0	0	1
1500	 2	0	0	0	1
1500	 -3	0	0	0	1
1500	 3	0	0	0	1
1500	 -4	0	0	0	1
1500	 4	0	0	0	1
1500	 -5	0	0	0	1
1500	 5	0	0	0	1
1600	 0	0	0	0	1
1600	 0	0	0	0	1
1600	 -1	0	0	0	1
1600	 1	0	0	0	1
1600	 -2	0	0	0	1
1600	 2	0	0	0	1
1600	 -3	0	0	0	1
1600	 3	0	0	0	1
1600	 -4	0	0	0	1
1600	 4	1	6.23221e-11	0	1
1600	 -5	0	0	0	1
1600	 5	0	0	0	1
1700	 0	0	0	0	1
1700	 0	0	0	0	1
1700	 -1	0	0	0	1
1700	 1	0	0	0	1
1700	 -2	0	0	0	1
1700	 2	2	9.06218e-10	1.24935e-10	1
1700	 -3	0	0	0	1
1700	 3	0	0	0	1
1700	 -4	0	0	0	1
1700	 4	0	0	0	1
1700	 -5	0	0	0	1
1700	 5	0	0	0	1
1800	 0	0	0	0	1
1800	 0	1	9.30829e-11	0	1
1800	 -1	0	0	0	1
1800	 1	0	0	0	1
1800	 -2	0	0	0	1
1800	 2	0	0	0	1
1800	 -3	0	0	0	1
1800	 3	1	2.30004e-09	0	1
1800	 -4	0	0	0	1
1800	 4	1	1.82215e-10	0	1
1800	 -5	0	0	0	1
1800	 5	0	0	0	1
1900	 0	0	0	0	1
1900	 0	0	0	0	1
1900	 -1	0	0	0	1
1900	 1	0	0	0	1
1900	 -2	0	0	0	1
1900	 2	1	3.51155e-09	3.93139e-10	1
1900	 -3	1	3.03199e-08	0	1
1900	 3	0	0	0	1
1900	 -4	0	0	0	1
1900	 4	0	0	0	1
1900	 -5	0	0	0	1
1900	 5	0	0	0	1
2000	 0	0	0	0	1
2000	 0	0	0	0	1
2000	 -1	0	0	0	1
2000	 1	0	0	0	1
2000	 -2	0	0	0	1
2000	 2	0	0	0	1
2000	 -3	0	0	0	1
2000	 3	0	0	0	1
2000	 -4	0	0	0	1
2000	 4	0	0	0	1
2000	 -5	0	0	0	1
2000	 5	0	0	0	1
2100	 0	0	0	0	1
2100	 0	0	0	0	1
2100	 -1	0	0	0	1
2100	 1	0	0	0	1
2100	 -2	0	0	0	1
2100	 2	1	6.39989e-09	5.92161e-10	1
2100	 -3	0	0	0	1
2100	 3	2	3.11133e-09	0	1
2100	 -4	0	0	0	1
2100	 4	0	0	0	1
2100	 -5	0	0	0	1
2100	 5	0	0	0	1
2200	 0	0	0	0	1
2200	 0	0	0	0	1
2200	 -1	0	0	0	1
2200	 1	0	0	0	1
2200	 -2	0	0	0	1
2200	 2	1	8.51379e-09	7.16849e-10	1
2200	 -3	0	0	0	1
2200	 3	0	0	0	1
2200	 -4	0	0	0	1
2200	 4	0	0	0	1
2200	 -5	1	7.61033e-09	0	1
2200	 5	0	0	0	1
2300	 0	0	0	0	1
2300	 0	1	4.13938e-10	0	1
2300	 -1	1	3.04321e-07	1.84998e-07	1
2300	 1	0	0	0	1
2300	 -2	0	0	0	1
2300	 2	0	0	0	1
2300	 -3	2	5.13794e-08	0	1
2300	 3	0	0	0	1
2300	 -4	0	0	0	1
2300	 4	1	1.85964e-09	0	1
2300	 -5	0	0	0	1
2300	 5	0	0	0	1
2400	 0	0	0	0	1
2400	 0	0	0	0	1
2400	 -1	1	3.76718e-07	2.19982e-07	1
2400	 1	0	0	0	1
2400	 -2	0	0	0	1
2400	 2	0	0	0	1
2400	 -3	0	0	0	1
2400	 3	0	0	0	1
2400	 -4	1	1.81589e-08	0	1
2400	 4	0	0	0	1
2400	 -5	0	0	0	1
2400	 5	0	0	0	1
2500	 0	0	0	0	1
2500	 0	0	0	0	1
2500	 -1	0	0	0	1
2500	 1	0	0	0	1
2500	 -2	0	0	0	1
2500	 2	0	0	0	1
2500	 -3	0	0	0	1
2500	 3	0	0	0	1
2500	 -4	0	0	0	1
2500	 4	0	0	0	1
2500	 -5	0	0	0	1
2500	 5	0	0	0	1
2600	 0	0.139754	4.48286e-11	0	1
2600	 0	0.318477	2.96921e-09	0	1
2600	 -1	0.145846	3.88086e-06	2.09134e-06	1
2600	 1	0.332358	1.92058e-07	1.05379e-07	1
2600	 -2	0.318835	6.08911e-07	0	1
2600	 2	0.726571	3.4962e-08	1.96843e-09	1
2600	 -3	0.211235	1.08182e-06	0	1
2600	 3	0.481368	5.63551e-08	0	1
2600	 -4	0.294366	1.29555e-07	0	1
2600	 4	0.670812	1.0194e-08	0	1
2600	 -5	0.14069	2.44549e-07	0	1
2600	 5	0.320609	1.21548e-08	0	1
2700	 0	0.176493	1.25321e-10	0	1
2700	 0	0.3437	3.89677e-09	0	1
2700	 -1	0.184582	3.72462e-06	1.92877e-06	1
2700	 1	0.359452	2.17714e-07	1.14914e-07	1
2700	 -2	0.405255	6.06501e-07	0	1
2700	 2	0.789186	4.21144e-08	2.12077e-09	1
2700	 -3	0.270226	1.08378e-06	0	1
2700	 3	0.526233	6.81014e-08	0	1
2700	 -4	0.379824	1.40908e-07	0	1
2700	 4	0.739663	1.40188e-08	0	1
2700	 -5	0.183495	2.56979e-07	0	1
2700	 5	0.357334	1.56693e-08	0	1
2800	 0	0.218902	2.82017e-10	0	1
2800	 0	0.372535	5.32755e-09	0	1
2800	 -1	0.229383	3.62002e-06	1.80207e-06	1
2800	 1	0.390372	2.44787e-07	1.24183e-07	1
2800	 -2	0.505591	6.1094e-07	0	1
2800	 2	0.860435	5.0507e-08	2.26442e-09	1
2800	 -3	0.339117	1.09739e-06	0	1
2800	 3	0.577122	8.16731e-08	0	1
2800	 -4	0.480404	1.53435e-07	0	1
2800	 4	0.81757	1.89685e-08	0	1
2800	 -5	0.234369	2.70651e-07	0	1
2800	 5	0.398858	2.00088e-08	0	1
2900	 0	0.267203	5.6202e-10	0	1
2900	 0	0.406131	7.43513e-09	0	1
2900	 -1	0.2805	3.55644e-06	1.70271e-06	1
2900	 1	0.426341	2.72758e-07	1.32848e-07	1
2900	 -2	0.620485	6.21225e-07	0	1
2900	 2	0.943096	6.01726e-08	2.3934e-09	1
2900	 -3	0.418427	1.12096e-06	0	1
2900	 3	0.635982	9.70309e-08	0	1
2900	 -4	0.59703	1.67186e-07	0	1
2900	 4	0.907447	2.51488e-08	0	1
2900	 -5	0.293892	2.85649e-07	0	1
2900	 5	0.446697	2.52559e-08	0	1
3000	 0	0.321766	1.02746e-09	0	1
3000	 0	0.445703	1.037e-08	0	1
3000	 -1	0.338338	3.52432e-06	1.62363e-06	1
3000	 1	0.468658	3.01098e-07	1.40613e-07	1
3000	 -2	0.750909	6.36306e-07	0	1
3000	 2	1.04014	7.10835e-08	2.50276e-09	1.19039
3000	 -3	0.5089	1.15267e-06	0	1
3000	 3	0.704917	1.14056e-07	0	1
3000	 -4	0.730944	1.82138e-07	0	1
3000	 4	1.01249	3.26012e-08	0	1
3000	 -5	0.362803	3.01915e-07	0	1
3000	 5	0.502546	3.14599e-08	0	1
3100	 0	0.38317	1.75135e-09	0	1
3100	 0	0.492506	1.42423e-08	0	1
3100	 -1	0.403523	3.51528e-06	1.55917e-06	1
3100	 1	0.518666	3.29365e-07	1.47267e-07	1
3100	 -2	0.898329	6.55142e-07	0	1
3100	 2	1.15466	8.31637e-08	2.58929e-09	1.25445
3100	 -3	0.611615	1.19071e-06	0	1
3100	 3	0.786138	1.32582e-07	0	1
3100	 -4	0.883881	1.98205e-07	0	1
3100	 4	1.13609	4.13053e-08	0	1
3100	 -5	0.442088	3.19299e-07	0	1
3100	 5	0.568237	3.86391e-08	0	1
3200	 0	0.452235	2.81278e-09	0	1
3200	 0	0.547832	1.91133e-08	0	1
3200	 -1	0.476935	3.52219e-06	1.50491e-06	1
3200	 1	0.577755	3.57256e-07	1.52695e-07	1
3200	 -2	1.06479	6.76747e-07	0	1
3200	 2	1.28988	9.63058e-08	2.65165e-09	1.3219
3200	 -3	0.728059	1.23331e-06	0	1
3200	 3	0.881963	1.52425e-07	0	1
3200	 -4	1.05818	2.15257e-07	0	1
3200	 4	1.28187	5.11903e-08	0	1
3200	 -5	0.533055	3.37592e-07	0	1
3200	 5	0.645737	4.6788e-08	0	1
3300	 0	0.530038	4.29191e-09	0	1
3300	 0	0.613042	2.49957e-08	0	1
3300	 -1	0.559733	3.53912e-06	1.45744e-06	1
3300	 1	0.647388	3.84619e-07	1.56877e-07	1
3300	 -2	1.25298	7.00215e-07	0	1
3300	 2	1.4492	1.10388e-07	2.69021e-09	1.39242
3300	 -3	0.860161	1.27883e-06	0	1
3300	 3	0.994863	1.73411e-07	0	1
3300	 -4	1.25686	2.33127e-07	0	1
3300	 4	1.45368	6.21525e-08	0	1
3300	 -5	0.637368	3.56558e-07	0	1
3300	 5	0.73718	5.58855e-08	0	1
3400	 0	0.617921	6.26518e-09	0	1
3400	 0	0.689607	3.186e-08	0	1
3400	 -1	0.653354	3.56125e-06	1.41421e-06	1
3400	 1	0.729151	4.11431e-07	1.59861e-07	1
3400	 -2	1.46621	7.24736e-07	0	1
3400	 2	1.6363	1.25287e-07	2.70657e-09	1.46559
3400	 -3	1.01031	1.32582e-06	0	1
3400	 3	1.12752	1.95391e-07	0	1
3400	 -4	1.48365	2.5163e-07	0	1
3400	 4	1.65577	7.40708e-08	0	1
3400	 -5	0.757084	3.75956e-07	0	1
3400	 5	0.844915	6.59017e-08	0	1
3500	 0	0.717496	8.80088e-09	0	1
3500	 0	0.779161	3.96437e-08	0	1
3500	 -1	0.759529	3.58477e-06	1.3734e-06	1
3500	 1	0.824806	4.37764e-07	1.61744e-07	1
3500	 -2	1.70848	7.49605e-07	0	1
3500	 2	1.85531	1.40883e-07	2.70302e-09	1.541
3500	 -3	1.1814	1.37297e-06	0	1
3500	 3	1.28294	2.18241e-07	0	1
3500	 -4	1.74305	2.70575e-07	0	1
3500	 4	1.89285	8.68199e-08	0	1
3500	 -5	0.894684	3.9556e-07	0	1
3500	 5	0.971577	7.68028e-08	0	1
3600	 0	0.830661	1.19557e-08	0	1
3600	 0	0.883548	4.82612e-08	0	1
3600	 -1	0.880296	3.60673e-06	1.33371e-06	1
3600	 1	0.936344	4.63744e-07	1.62643e-07	1
3600	 -2	1.98451	7.74226e-07	0	1
3600	 2	2.11086	1.57067e-07	2.6822e-09	1.61827
3600	 -3	1.37684	1.41919e-06	0	1
3600	 3	1.4645	2.41866e-07	0	1
3600	 -4	2.04039	2.89772e-07	0	1
3600	 4	2.1703	1.00278e-07	0	1
3600	 -5	1.05311	4.15165e-07	0	1
3600	 5	1.12016	8.8553e-08	0	1
3700	 0	0.959621	1.5772e-08	0	1
3700	 0	1.00488	5.76123e-08	0	1
3700	 -1	1.01802	3.62495e-06	1.29428e-06	1.17714
3700	 1	1.06604	4.89519e-07	1.62681e-07	1.20551
3700	 -2	2.2998	7.98102e-07	0	1
3700	 2	2.40828	1.73737e-07	2.64672e-09	1.6971
3700	 -3	1.60059	1.46358e-06	0	1
3700	 3	1.67609	2.66187e-07	0	1
3700	 -4	2.38191	3.09041e-07	0	1
3700	 4	2.49426	1.14332e-07	0	1
3700	 -5	1.23581	4.3459e-07	0	1
3700	 5	1.2941	1.01115e-07	0	1
3800	 0	1.10692	2.02765e-08	0	1
3800	 0	1.1456	6.75891e-08	0	1
3800	 -1	1.17546	3.63788e-06	1.25458e-06	1.26535
3800	 1	1.21653	5.15236e-07	1.61978e-07	1.2863
3800	 -2	2.66071	8.20836e-07	0	1
3800	 2	2.75368	1.90799e-07	2.59907e-09	1.77721
3800	 -3	1.85727	1.50541e-06	0	1
3800	 3	1.92217	2.91138e-07	0	1
3800	 -4	2.77485	3.28216e-07	0	1
3800	 4	2.87181	1.28878e-07	0	1
3800	 -5	1.44682	4.53685e-07	0	1
3800	 5	1.49738	1.14449e-07	0	1
3900	 0	1.2755	2.54796e-08	0	1
3900	 0	1.30852	7.80807e-08	0	1
3900	 -1	1.35574	3.64447e-06	1.2143e-06	1.35211
3900	 1	1.39084	5.41023e-07	1.60644e-07	1.36758
3900	 -2	3.07457	8.4212e-07	0	1
3900	 2	3.15416	2.08166e-07	2.54147e-09	1.85837
3900	 -3	2.15222	1.54414e-06	0	1
3900	 3	2.20793	3.16659e-07	0	1
3900	 -4	3.22761	3.47149e-07	0	1
3900	 4	3.31116	1.4382e-07	0	1
3900	 -5	1.69081	4.72326e-07	0	1
3900	 5	1.73458	1.28513e-07	0	1
4000	 0	1.46874	3.1376e-08	0	1
4000	 0	1.4969	8.89778e-08	0	1
4000	 -1	1.56253	3.64412e-06	1.17334e-06	1.43782
4000	 1	1.59249	5.66986e-07	1.58776e-07	1.44926
4000	 -2	3.54985	8.61722e-07	0	1
4000	 2	3.61792	2.25757e-07	2.47588e-09	1.94034
4000	 -3	2.49158	1.57937e-06	0	1
4000	 3	2.53936	3.42691e-07	0	1
4000	 -4	3.7499	3.65709e-07	0	1
4000	 4	3.82181	1.59073e-07	0	1
4000	 -5	1.97321	4.90412e-07	0	1
4000	 5	2.01105	1.4326e-07	0	1
4100	 0	1.6905	3.79456e-08	0	1
4100	 0	1.71452	1.00174e-07	0	1
4100	 -1	1.79998	3.63655e-06	1.1317e-06	1.52284
4100	 1	1.82556	5.93196e-07	1.56462e-07	1.5313
4100	 -2	4.09628	8.79482e-07	0	1
4100	 2	4.15448	2.43495e-07	2.40399e-09	2.02288
4100	 -3	2.88246	1.61081e-06	0	1
4100	 3	2.92341	3.69174e-07	0	1
4100	 -4	4.35298	3.83783e-07	0	1
4100	 4	4.41482	1.74558e-07	0	1
4100	 -5	2.30032	5.07867e-07	0	1
4100	 5	2.333	1.5864e-07	0	1
4200	 0	1.94527	4.51549e-08	0	1
4200	 0	1.96574	1.1157e-07	0	1
4200	 -1	2.07293	3.62174e-06	1.08948e-06	1.60742
4200	 1	2.09475	6.19701e-07	1.53777e-07	1.61369
4200	 -2	4.7251	8.95299e-07	0	1
4200	 2	4.77483	2.61308e-07	2.32726e-09	2.10572
4200	 -3	3.33306	1.63833e-06	0	1
4200	 3	3.36814	3.96045e-07	0	1
4200	 -4	5.04983	4.0128e-07	0	1
4200	 4	5.10298	1.90204e-07	0	1
4200	 -5	2.67943	5.24632e-07	0	1
4200	 5	2.70763	1.74597e-07	0	1
4300	 0	2.23817	5.29595e-08	0	1
4300	 0	2.25563	1.23071e-07	0	1
4300	 -1	2.38691	3.5999e-06	1.04684e-06	1.69178
4300	 1	2.40553	6.46515e-07	1.50785e-07	1.69642
4300	 -2	5.44926	9.09121e-07	0	1
4300	 2	5.49175	2.79126e-07	2.24694e-09	2.1885
4300	 -3	3.85284	1.66187e-06	0	1
4300	 3	3.88288	4.23237e-07	0	1
4300	 -4	5.8555	4.18123e-07	0	1
4300	 4	5.90115	2.05944e-07	0	1
4300	 -5	3.11899	5.40667e-07	0	1
4300	 5	3.14331	1.91071e-07	0	1
4400	 0	2.57515	6.13057e-08	0	1
4400	 0	2.59002	1.34592e-07	0	1
4400	 -1	2.74833	3.57136e-06	1.00394e-06	1.77605
4400	 1	2.7642	6.73629e-07	1.47543e-07	1.77949
4400	 -2	6.28369	9.20942e-07	0	1
4400	 2	6.31999	2.96884e-07	2.1641e-09	2.2708
4400	 -3	4.45273	1.68144e-06	0	1
4400	 3	4.47845	4.50677e-07	0	1
4400	 -4	6.78736	4.34253e-07	0	1
4400	 4	6.82656	2.21718e-07	0	1
4400	 -5	3.62882	5.55943e-07	0	1
4400	 5	3.64978	2.07999e-07	0	1
4500	 0	2.96302	7.01325e-08	0	1
4500	 0	2.9757	1.46054e-07	0	1
4500	 -1	3.16454	3.53658e-06	9.60988e-07	1.86033
4500	 1	3.17808	7.01014e-07	1.441e-07	1.86288
4500	 -2	7.24563	9.30788e-07	0	1
4500	 2	7.27663	3.14519e-07	2.07965e-09	2.35209
4500	 -3	5.14537	1.69715e-06	0	1
4500	 3	5.16738	4.78289e-07	0	1
4500	 -4	7.86554	4.49625e-07	0	1
4500	 4	7.89919	2.37468e-07	0	1
4500	 -5	4.22028	5.70447e-07	0	1
4500	 5	4.23833	2.25314e-07	0	1
4600	 0	3.40967	7.93745e-08	0	1
4600	 0	3.42048	1.57388e-07	0	1
4600	 -1	3.64405	3.49609e-06	9.18184e-07	1.94464
4600	 1	3.6556	7.2862e-07	1.40497e-07	1.94653
4600	 -2	8.35496	9.38713e-07	0	1
4600	 2	8.38145	3.31975e-07	1.99436e-09	2.43172
4600	 -3	5.94533	1.70913e-06	0	1
4600	 3	5.96418	5.05996e-07	0	1
4600	 -4	9.11333	4.6421e-07	0	1
4600	 4	9.14222	2.53142e-07	0	1
4600	 -5	4.90654	5.84171e-07	0	1
4600	 5	4.92209	2.42946e-07	0	1
4700	 0	3.92417	8.89627e-08	0	1
4700	 0	3.93339	1.68532e-07	0	1
4700	 -1	4.19668	3.45046e-06	8.75719e-07	2.02891
4700	 1	4.20654	7.56381e-07	1.36773e-07	2.03031
4700	 -2	9.63468	9.44795e-07	0	1
4700	 2	9.6573	3.49195e-07	1.90892e-09	2.50894
4700	 -3	6.86951	1.71758e-06	0	1
4700	 3	6.88564	5.33714e-07	0	1
4700	 -4	10.5577	4.77988e-07	0	1
4700	 4	10.5825	2.68693e-07	0	1
4700	 -5	5.7029	5.97119e-07	0	1
4700	 5	5.71629	2.60824e-07	0	1
4800	 0	4.51702	9.88272e-08	0	1
4800	 0	4.52488	1.79433e-07	0	1
4800	 -1	4.83376	3.40028e-06	8.33775e-07	2.113
4800	 1	4.84216	7.84221e-07	1.32959e-07	2.11403
4800	 -2	11.1113	9.49127e-07	0	1
4800	 2	11.1306	3.66131e-07	1.82387e-09	2.58291
4800	 -3	7.93741	1.7227e-06	0	1
4800	 3	7.95122	5.61363e-07	0	1
4800	 -4	12.2299	4.90952e-07	0	1
4800	 4	12.2511	2.84075e-07	0	1
4800	 -5	6.62708	6.09301e-07	0	1
4800	 5	6.63861	2.78877e-07	0	1
4900	 0	5.2003	1.08898e-07	0	1
4900	 0	5.20701	1.90045e-07	0	1
4900	 -1	5.56835	3.34617e-06	7.92517e-07	2.19666
4900	 1	5.57553	8.12055e-07	1.29082e-07	2.19742
4900	 -2	12.8155	9.51816e-07	0	1
4900	 2	12.8321	3.82735e-07	1.73971e-09	2.65269
4900	 -3	9.17159	1.72473e-06	0	1
4900	 3	9.18341	5.8886e-07	0	1
4900	 -4	14.166	5.03102e-07	0	1
4900	 4	14.1842	2.99247e-07	0	1
4900	 -5	7.69966	6.2073e-07	0	1
4900	 5	7.70959	2.97034e-07	0	1
5000	 0	5.988	1.19108e-07	0	1
5000	 0	5.99372	2.00329e-07	0	1
5000	 -1	6.41557	3.28873e-06	7.52093e-07	2.27953
5000	 1	6.4217	8.39792e-07	1.25168e-07	2.28008
5000	 -2	14.7828	9.52978e-07	0	1
5000	 2	14.7969	3.98966e-07	1.65685e-09	2.71735
5000	 -3	10.5982	1.72391e-06	0	1
5000	 3	10.6083	6.16125e-07	0	1
5000	 -4	16.4079	5.14449e-07	0	1
5000	 4	16.4236	3.14172e-07	0	1
5000	 -5	8.9445	6.31428e-07	0	1
5000	 5	8.95304	3.15224e-07	0	1
5100	 0	6.89625	1.2939e-07	0	1
5100	 0	6.90113	2.10254e-07	0	1
5100	 -1	7.39286	3.22852e-06	7.12633e-07	2.36112
5100	 1	7.39809	8.67338e-07	1.21236e-07	2.36152
5100	 -2	17.054	9.52732e-07	0	1
5100	 2	17.0661	4.14786e-07	1.57561e-09	2.77597
5100	 -3	12.2473	1.72051e-06	0	1
5100	 3	12.256	6.4308e-07	0	1
5100	 -4	19.0042	5.25008e-07	0	1
5100	 4	19.0177	3.28815e-07	0	1
5100	 -5	10.3893	6.41417e-07	0	1
5100	 5	10.3966	3.33379e-07	0	1
5200	 0	7.94367	1.39683e-07	0	1
5200	 0	7.94783	2.19795e-07	0	1
5200	 -1	8.52038	3.16612e-06	6.74246e-07	2.44083
5200	 1	8.52485	8.946e-07	1.17304e-07	2.44112
5200	 -2	19.6766	9.51201e-07	0	1
5200	 2	19.6869	4.3016e-07	1.49628e-09	2.82778
5200	 -3	14.154	1.71478e-06	0	1
5200	 3	14.1614	6.69648e-07	0	1
5200	 -4	22.011	5.348e-07	0	1
5200	 4	22.0226	3.43147e-07	0	1
5200	 -5	12.0661	6.50723e-07	0	1
5200	 5	12.0724	3.51436e-07	0	1
5300	 0	9.15179	1.49928e-07	0	1
5300	 0	9.15534	2.28932e-07	0	1
5300	 -1	9.82142	3.10204e-06	6.37025e-07	2.51792
5300	 1	9.82523	9.21482e-07	1.13388e-07	2.51812
5300	 -2	22.7052	9.4851e-07	0	1
5300	 2	22.714	4.45061e-07	1.4191e-09	2.87219
5300	 -3	16.3585	1.70698e-06	0	1
5300	 3	16.3649	6.9576e-07	0	1
5300	 -4	25.4934	5.43851e-07	0	1
5300	 4	25.5033	3.57139e-07	0	1
5300	 -5	14.0122	6.59372e-07	0	1
5300	 5	14.0176	3.69331e-07	0	1
5400	 0	10.5455	1.60074e-07	0	1
5400	 0	10.5485	2.37652e-07	0	1
5400	 -1	11.3229	3.03678e-06	6.01044e-07	2.59156
5400	 1	11.3261	9.47896e-07	1.095e-07	2.5917
5400	 -2	26.2032	9.4478e-07	0	1
5400	 2	26.2107	4.59463e-07	1.34425e-09	2.90894
5400	 -3	18.9078	1.69735e-06	0	1
5400	 3	18.9133	7.21349e-07	0	1
5400	 -4	29.5269	5.52192e-07	0	1
5400	 4	29.5354	3.70768e-07	0	1
5400	 -5	16.2708	6.67396e-07	0	1
5400	 5	16.2755	3.87007e-07	0	1
5500	 0	12.1534	1.70071e-07	0	1
5500	 0	12.156	2.45947e-07	0	1
5500	 -1	13.0558	2.97078e-06	5.66361e-07	2.66084
5500	 1	13.0586	9.73754e-07	1.05651e-07	2.66094
5500	 -2	30.2437	9.40131e-07	0	1
5500	 2	30.2501	4.73345e-07	1.27186e-09	2.9381
5500	 -3	21.856	1.68613e-06	0	1
5500	 3	21.8606	7.46353e-07	0	1
5500	 -4	34.1987	5.59852e-07	0	1
5500	 4	34.206	3.84013e-07	0	1
5500	 -5	18.8922	6.74823e-07	0	1
5500	 5	18.8962	4.0441e-07	0	1
5600	 0	14.0088	1.79876e-07	0	1
5600	 0	14.011	2.5381e-07	0	1
5600	 -1	15.0563	2.90446e-06	5.33017e-07	2.72483
5600	 1	15.0586	9.98977e-07	1.01849e-07	2.7249
5600	 -2	34.9113	9.34675e-07	0	1
5600	 2	34.9168	4.8669e-07	1.20206e-09	2.96016
5600	 -3	25.2656	1.67356e-06	0	1
5600	 3	25.2696	7.70718e-07	0	1
5600	 -4	39.6102	5.66868e-07	0	1
5600	 4	39.6164	3.96856e-07	0	1
5600	 -5	21.9344	6.81685e-07	0	1
5600	 5	21.9379	4.21491e-07	0	1
5700	 0	16.15	1.89452e-07	0	1
5700	 0	16.1519	2.61242e-07	0	1
5700	 -1	17.3657	2.8382e-06	5.01042e-07	2.78266
5700	 1	17.3677	1.02349e-06	9.80993e-08	2.78271
5700	 -2	40.3038	9.28525e-07	0	1
5700	 2	40.3085	4.99485e-07	1.13491e-09	2.97592
5700	 -3	29.2092	1.65984e-06	0	1
5700	 3	29.2126	7.94395e-07	0	1
5700	 -4	45.8785	5.73273e-07	0	1
5700	 4	45.8838	4.09284e-07	0	1
5700	 -5	25.465	6.88013e-07	0	1
5700	 5	25.468	4.38207e-07	0	1
5800	 0	18.6213	1.98766e-07	0	1
5800	 0	18.6229	2.68245e-07	0	1
5800	 -1	20.0321	2.77233e-06	4.70451e-07	2.83358
5800	 1	20.0338	1.04723e-06	9.44081e-08	2.83361
5800	 -2	46.5345	9.21782e-07	0	1
5800	 2	46.5385	5.11722e-07	1.07047e-09	2.98646
5800	 -3	33.7707	1.64518e-06	0	1
5800	 3	33.7736	8.1734e-07	0	1
5800	 -4	53.1395	5.79103e-07	0	1
5800	 4	53.1441	4.21284e-07	0	1
5800	 -5	29.5623	6.93837e-07	0	1
5800	 5	29.5649	4.54517e-07	0	1
5900	 0	21.4739	2.07789e-07	0	1
5900	 0	21.4753	2.74825e-07	0	1
5900	 -1	23.111	2.70715e-06	4.41249e-07	2.87705
5900	 1	23.1125	1.07013e-06	9.0778e-08	2.87707
5900	 -2	53.7341	9.14544e-07	0	1
5900	 2	53.7376	5.23392e-07	1.00876e-09	2.99301
5900	 -3	39.0472	1.62977e-06	0	1
5900	 3	39.0497	8.39517e-07	0	1
5900	 -4	61.5508	5.84395e-07	0	1
5900	 4	61.5548	4.32848e-07	0	1
5900	 -5	34.3172	6.99188e-07	0	1
5900	 5	34.3194	4.70389e-07	0	1
6000	 0	24.767	2.165e-07	0	1
6000	 0	24.7681	2.8099e-07	0	1
6000	 -1	26.6666	2.64293e-06	4.13431e-07	2.91284
6000	 1	26.6678	1.09214e-06	8.72108e-08	2.91285
6000	 -2	62.0541	9.06902e-07	0	1
6000	 2	62.0571	5.34495e-07	9.49774e-10	2.99672
6000	 -3	45.1511	1.61378e-06	0	1
6000	 3	45.1533	8.60894e-07	0	1
6000	 -4	71.2947	5.89183e-07	0	1
6000	 4	71.2981	4.43969e-07	0	1
6000	 -5	39.8351	7.04095e-07	0	1
6000	 5	39.837	4.85791e-07	0	1
6100	 0	28.5689	2.2488e-07	0	1
6100	 0	28.5699	2.86748e-07	0	1
6100	 -1	30.7729	2.57988e-06	3.86983e-07	2.9411
6100	 1	30.774	1.11321e-06	8.37068e-08	2.94111
6100	 -2	71.6696	8.9894e-07	0	1
6100	 2	71.6721	5.45031e-07	8.93508e-10	2.99863
6100	 -3	52.2126	1.59736e-06	0	1
6100	 3	52.2145	8.81447e-07	0	1
6100	 -4	82.5826	5.93504e-07	0	1
6100	 4	82.5855	4.54645e-07	0	1
6100	 -5	46.2384	7.08587e-07	0	1
6100	 5	46.24	5.00701e-07	0	1
6200	 0	32.9588	2.32913e-07	0	1
6200	 0	32.9596	2.92113e-07	0	1
6200	 -1	35.5159	2.51821e-06	3.61884e-07	2.96234
6200	 1	35.5168	1.13332e-06	8.02654e-08	2.96234
6200	 -2	82.783	8.90734e-07	0	1
6200	 2	82.7851	5.55001e-07	8.39927e-10	2.99949
6200	 -3	60.3824	1.58067e-06	0	1
6200	 3	60.384	9.01158e-07	0	1
6200	 -4	95.6595	5.97391e-07	0	1
6200	 4	95.662	4.64873e-07	0	1
6200	 -5	53.669	7.12692e-07	0	1
6200	 5	53.6704	5.15096e-07	0	1
6300	 0	38.028	2.40591e-07	0	1
6300	 0	38.0287	2.97098e-07	0	1
6300	 -1	40.9946	2.45808e-06	3.38106e-07	2.9774
6300	 1	40.9954	1.15242e-06	7.68848e-08	2.97741
6300	 -2	95.6286	8.82355e-07	0	1
6300	 2	95.6304	5.64413e-07	7.88987e-10	2.99984
6300	 -3	69.8348	1.56382e-06	0	1
6300	 3	69.8361	9.20012e-07	0	1
6300	 -4	110.809	6.00877e-07	0	1
6300	 4	110.811	4.74655e-07	0	1
6300	 -5	62.2915	7.16438e-07	0	1
6300	 5	62.2927	5.28963e-07	0	1
6400	 0	43.8821	2.47906e-07	0	1
6400	 0	43.8828	3.01716e-07	0	1
6400	 -1	47.3236	2.39963e-06	3.15618e-07	2.98741
6400	 1	47.3243	1.1705e-06	7.35623e-08	2.98741
6400	 -2	110.477	8.73865e-07	0	1
6400	 2	110.479	5.73272e-07	7.40632e-10	2.99996
6400	 -3	80.7717	1.54694e-06	0	1
6400	 3	80.7729	9.38003e-07	0	1
6400	 -4	128.361	6.03994e-07	0	1
6400	 4	128.363	4.83993e-07	0	1
6400	 -5	72.297	7.19849e-07	0	1
6400	 5	72.2981	5.42289e-07	0	1
6500	 0	50.6434	2.54855e-07	0	1
6500	 0	50.644	3.05982e-07	0	1
6500	 -1	54.6357	2.34296e-06	2.94383e-07	2.99356
6500	 1	54.6363	1.18753e-06	7.02946e-08	2.99356
6500	 -2	127.643	8.65322e-07	0	1
6500	 2	127.645	5.8159e-07	6.94797e-10	2.99999
6500	 -3	93.4269	1.53012e-06	0	1
6500	 3	93.4279	9.55125e-07	0	1
6500	 -4	148.695	6.06772e-07	0	1
6500	 4	148.697	4.92892e-07	0	1
6500	 -5	83.9072	7.2295e-07	0	1
6500	 5	83.9081	5.55067e-07	0	1
6600	 0	58.453	2.61438e-07	0	1
6600	 0	58.4535	3.09912e-07	0	1
6600	 -1	63.084	2.28817e-06	2.7436e-07	2.99701
6600	 1	63.0845	1.20352e-06	6.70779e-08	2.99701
6600	 -2	147.489	8.56777e-07	0	1
6600	 2	147.49	5.89377e-07	6.5141e-10	3
6600	 -3	108.071	1.51345e-06	0	1
6600	 3	108.072	9.71381e-07	0	1
6600	 -4	172.254	6.09239e-07	0	1
6600	 4	172.255	5.01359e-07	0	1
6600	 -5	97.3792	7.25765e-07	0	1
6600	 5	97.38	5.67292e-07	0	1
6700	 0	67.4743	2.67655e-07	0	1
6700	 0	67.4746	3.13522e-07	0	1
6700	 -1	72.8459	2.2353e-06	2.55506e-07	2.99876
6700	 1	72.8463	1.21844e-06	6.39079e-08	2.99876
6700	 -2	170.433	8.48274e-07	0	1
6700	 2	170.434	5.96646e-07	6.10394e-10	3
6700	 -3	125.017	1.49702e-06	0	1
6700	 3	125.018	9.86776e-07	0	1
6700	 -4	199.549	6.11424e-07	0	1
6700	 4	199.55	5.09399e-07	0	1
6700	 -5	113.011	7.28314e-07	0	1
6700	 5	113.012	5.78964e-07	0	1
6800	 0	77.8958	2.73513e-07	0	1
6800	 0	77.8962	3.16828e-07	0	1
6800	 -1	84.1265	2.18442e-06	2.37778e-07	2.99955
6800	 1	84.1268	1.23231e-06	6.07805e-08	2.99955
6800	 -2	196.963	8.39852e-07	0	1
6800	 2	196.964	6.0341e-07	5.71664e-10	3
6800	 -3	144.629	1.48088e-06	0	1
6800	 3	144.629	1.00132e-06	0	1
6800	 -4	231.174	6.13351e-07	0	1
6800	 4	231.175	5.17023e-07	0	1
6800	 -5	131.15	7.3062e-07	0	1
6800	 5	131.15	5.90084e-07	0	1
6900	 0	89.9361	2.79016e-07	0	1
6900	 0	89.9364	3.19846e-07	0	1
6900	 -1	97.1628	2.13555e-06	2.21128e-07	2.99986
6900	 1	97.1632	1.24514e-06	5.76917e-08	2.99986
6900	 -2	227.639	8.31546e-07	0	1
6900	 2	227.64	6.09685e-07	5.35135e-10	3
6900	 -3	167.325	1.46509e-06	0	1
6900	 3	167.325	1.01502e-06	0	1
6900	 -4	267.816	6.15044e-07	0	1
6900	 4	267.817	5.2424e-07	0	1
6900	 -5	152.196	7.327e-07	0	1
6900	 5	152.197	6.00658e-07	0	1
7000	 0	103.848	2.84174e-07	0	1
7000	 0	103.848	3.22592e-07	0	1
7000	 -1	112.229	2.0887e-06	2.0551e-07	2.99996
7000	 1	112.23	1.25692e-06	5.46378e-08	2.99996
7000	 -2	263.113	8.23385e-07	0	1
7000	 2	263.114	6.15487e-07	5.0072e-10	3
7000	 -3	193.592	1.4497e-06	0	1
7000	 3	193.593	1.0279e-06	0	1
7000	 -4	310.271	6.16524e-07	0	1
7000	 4	310.272	5.31061e-07	0	1
7000	 -5	176.616	7.34574e-07	0	1
7000	 5	176.617	6.10692e-07	0	1
7100	 0	119.922	2.88994e-07	0	1
7100	 0	119.922	3.25082e-07	0	1
7100	 -1	129.643	2.04386e-06	1.90877e-07	2.99999
7100	 1	129.644	1.26768e-06	5.16162e-08	2.99999
7100	 -2	304.136	8.15392e-07	0	1
7100	 2	304.137	6.20832e-07	4.68327e-10	3
7100	 -3	223.994	1.43475e-06	0	1
7100	 3	223.995	1.03996e-06	0	1
7100	 -4	359.463	6.17814e-07	0	1
7100	 4	359.464	5.37497e-07	0	1
7100	 -5	204.951	7.36257e-07	0	1
7100	 5	204.951	6.20196e-07	0	1
7200	 0	138.497	2.93488e-07	0	1
7200	 0	138.497	3.27332e-07	0	1
7200	 -1	149.772	2.00102e-06	1.77182e-07	3
7200	 1	149.772	1.27744e-06	4.86253e-08	3
7200	 -2	351.58	8.0759e-07	0	1
7200	 2	351.58	6.25736e-07	4.37868e-10	3
7200	 -3	259.183	1.42026e-06	0	1
7200	 3	259.184	1.05124e-06	0	1
7200	 -4	416.463	6.18931e-07	0	1
7200	 4	416.463	5.4356e-07	0	1
7200	 -5	237.826	7.37766e-07	0	1
7200	 5	237.827	6.2918e-07	0	1
7300	 0	159.964	2.97667e-07	0	1
7300	 0	159.964	3.29355e-07	0	1
7300	 -1	173.04	1.96015e-06	1.64376e-07	3
7300	 1	173.04	1.28622e-06	4.56651e-08	3
7300	 -2	406.452	7.99993e-07	0	1
7300	 2	406.452	6.30217e-07	4.09253e-10	3
7300	 -3	299.914	1.40626e-06	0	1
7300	 3	299.914	1.06176e-06	0	1
7300	 -4	482.508	6.19893e-07	0	1
7300	 4	482.509	5.49264e-07	0	1
7300	 -5	275.971	7.39115e-07	0	1
7300	 5	275.971	6.37657e-07	0	1
7400	 0	184.773	3.01542e-07	0	1
7400	 0	184.773	3.31169e-07	0	1
7400	 -1	199.938	1.92123e-06	1.52416e-07	3
7400	 1	199.938	1.29405e-06	4.27374e-08	3
7400	 -2	469.918	7.92617e-07	0	1
7400	 2	469.918	6.34293e-07	3.82391e-10	3
7400	 -3	347.06	1.39277e-06	0	1
7400	 3	347.061	1.07152e-06	0	1
7400	 -4	559.038	6.20717e-07	0	1
7400	 4	559.039	5.5462e-07	0	1
7400	 -5	320.229	7.40318e-07	0	1
7400	 5	320.229	6.4564e-07	0	1
7500	 0	213.447	3.05127e-07	0	1
7500	 0	213.447	3.32785e-07	0	1
7500	 -1	231.034	1.8842e-06	1.41254e-07	3
7500	 1	231.034	1.30097e-06	3.9846e-08	3
7500	 -2	543.328	7.8547e-07	0	1
7500	 2	543.328	6.3798e-07	3.57197e-10	3
7500	 -3	401.636	1.3798e-06	0	1
7500	 3	401.636	1.08057e-06	0	1
7500	 -4	647.718	6.21415e-07	0	1
7500	 4	647.718	5.59641e-07	0	1
7500	 -5	371.578	7.41386e-07	0	1
7500	 5	371.579	6.53144e-07	0	1
7600	 0	246.591	3.08435e-07	0	1
7600	 0	246.591	3.34218e-07	0	1
7600	 -1	266.987	1.84903e-06	1.30847e-07	3
7600	 1	266.987	1.30701e-06	3.6997e-08	3
7600	 -2	628.244	7.7856e-07	0	1
7600	 2	628.244	6.41297e-07	3.33584e-10	3
7600	 -3	464.813	1.36734e-06	0	1
7600	 3	464.814	1.08892e-06	0	1
7600	 -4	750.478	6.22003e-07	0	1
7600	 4	750.478	5.64341e-07	0	1
7600	 -5	431.156	7.42332e-07	0	1
7600	 5	431.157	6.60184e-07	0	1
7700	 0	284.904	3.11478e-07	0	1
7700	 0	284.904	3.35481e-07	0	1
7700	 -1	308.556	1.81566e-06	1.21153e-07	3
7700	 1	308.556	1.31222e-06	3.41988e-08	3
7700	 -2	726.474	7.71893e-07	0	1
7700	 2	726.475	6.44261e-07	3.11468e-10	3
7700	 -3	537.951	1.35541e-06	0	1
7700	 3	537.951	1.0966e-06	0	1
7700	 -4	869.555	6.22492e-07	0	1
7700	 4	869.556	5.68733e-07	0	1
7700	 -5	500.281	7.43165e-07	0	1
7700	 5	500.281	6.66776e-07	0	1
7800	 0	329.193	3.14269e-07	0	1
7800	 0	329.193	3.36586e-07	0	1
7800	 -1	356.622	1.78403e-06	1.12129e-07	3
7800	 1	356.622	1.31663e-06	3.14618e-08	3
7800	 -2	840.112	7.6547e-07	0	1
7800	 2	840.112	6.46889e-07	2.90768e-10	3
7800	 -3	622.621	1.34401e-06	0	1
7800	 3	622.621	1.10364e-06	0	1
7800	 -4	1007.54	6.22893e-07	0	1
7800	 4	1007.54	5.72831e-07	0	1
7800	 -5	580.48	7.43896e-07	0	1
7800	 5	580.48	6.72937e-07	0	1
7900	 0	380.395	3.16822e-07	0	1
7900	 0	380.395	3.37545e-07	0	1
7900	 -1	412.203	1.75408e-06	1.03735e-07	3
7900	 1	412.203	1.3203e-06	2.87984e-08	3
7900	 -2	971.579	7.59293e-07	0	1
7900	 2	971.579	6.492e-07	2.71404e-10	3
7900	 -3	720.645	1.33311e-06	0	1
7900	 3	720.645	1.11006e-06	0	1
7900	 -4	1167.45	6.23215e-07	0	1
7900	 4	1167.45	5.76646e-07	0	1
7900	 -5	673.528	7.44532e-07	0	1
7900	 5	673.528	6.78684e-07	0	1
8000	 0	439.591	3.19149e-07	0	1
8000	 0	439.591	3.38369e-07	0	1
8000	 -1	476.477	1.72575e-06	9.59342e-08	3
8000	 1	476.477	1.32328e-06	2.62219e-08	3
8000	 -2	1123.68	7.5336e-07	0	1
8000	 2	1123.68	6.51212e-07	2.53302e-10	3
8000	 -3	834.134	1.32273e-06	0	1
8000	 3	834.134	1.1159e-06	0	1
8000	 -4	1352.75	6.23468e-07	0	1
8000	 4	1352.75	5.80192e-07	0	1
8000	 -5	781.484	7.45083e-07	0	1
8000	 5	781.484	6.84033e-07	0	1
8100	 0	508.034	3.21264e-07	0	1
8100	 0	508.034	3.39069e-07	0	1
8100	 -1	550.808	1.69897e-06	8.86887e-08	3
8100	 1	550.808	1.32562e-06	2.37464e-08	3
8100	 -2	1299.66	7.47669e-07	0	1
8100	 2	1299.66	6.52941e-07	2.36388e-10	3
8100	 -3	965.531	1.31285e-06	0	1
8100	 3	965.531	1.12117e-06	0	1
8100	 -4	1567.5	6.23659e-07	0	1
8100	 4	1567.5	5.83481e-07	0	1
8100	 -5	906.734	7.45554e-07	0	1
8100	 5	906.734	6.89001e-07	0	1
8200	 0	587.173	3.23178e-07	0	1
8200	 0	587.173	3.39655e-07	0	1
8200	 -1	636.774	1.67369e-06	8.19635e-08	3
8200	 1	636.774	1.32737e-06	2.13857e-08	3
8200	 -2	1503.28	7.42217e-07	0	1
8200	 2	1503.28	6.54406e-07	2.20592e-10	3
8200	 -3	1117.67	1.30345e-06	0	1
8200	 3	1117.67	1.12592e-06	0	1
8200	 -4	1816.36	6.23796e-07	0	1
8200	 4	1816.36	5.86526e-07	0	1
8200	 -5	1052.05	7.45953e-07	0	1
8200	 5	1052.05	6.93605e-07	0	1
8300	 0	678.682	3.24904e-07	0	1
8300	 0	678.682	3.40135e-07	0	1
8300	 -1	736.2	1.64982e-06	7.57253e-08	3
8300	 1	736.2	1.3286e-06	1.91527e-08	3
8300	 -2	1738.88	7.36998e-07	0	1
8300	 2	1738.88	6.55624e-07	2.05846e-10	3
8300	 -3	1293.82	1.29452e-06	0	1
8300	 3	1293.82	1.13016e-06	0	1
8300	 -4	2104.76	6.23884e-07	0	1
8300	 4	2104.76	5.89339e-07	0	1
8300	 -5	1220.64	7.46286e-07	0	1
8300	 5	1220.64	6.97862e-07	0	1
8400	 0	784.502	3.26454e-07	0	1
8400	 0	784.502	3.40519e-07	0	1
8400	 -1	851.2	1.62732e-06	6.99421e-08	3
8400	 1	851.2	1.32934e-06	1.70581e-08	3
8400	 -2	2011.51	7.32007e-07	0	1
8400	 2	2011.51	6.56613e-07	1.92087e-10	3
8400	 -3	1497.78	1.28604e-06	0	1
8400	 3	1497.78	1.13393e-06	0	1
8400	 -4	2439	6.23929e-07	0	1
8400	 4	2439	5.91931e-07	0	1
8400	 -5	1416.24	7.46558e-07	0	1
8400	 5	1416.24	7.01789e-07	0	1
8500	 0	906.876	3.27838e-07	0	1
8500	 0	906.876	3.40814e-07	0	1
8500	 -1	984.219	1.6061e-06	6.45839e-08	3
8500	 1	984.219	1.32966e-06	1.51104e-08	3
8500	 -2	2326.99	7.27237e-07	0	1
8500	 2	2326.99	6.5739e-07	1.79254e-10	3
8500	 -3	1733.96	1.278e-06	0	1
8500	 3	1733.96	1.13726e-06	0	1
8500	 -4	2826.35	6.23937e-07	0	1
8500	 4	2826.35	5.94314e-07	0	1
8500	 -5	1643.17	7.46774e-07	0	1
8500	 5	1643.17	7.05402e-07	0	1
8600	 0	1048.4	3.29066e-07	0	1
8600	 0	1048.4	3.41029e-07	0	1
8600	 -1	1138.09	1.58612e-06	5.96221e-08	3
8600	 1	1138.09	1.32961e-06	1.33151e-08	3
8600	 -2	2692.07	7.22682e-07	0	1
8600	 2	2692.07	6.57974e-07	1.67288e-10	3
8600	 -3	2007.45	1.27039e-06	0	1
8600	 3	2007.45	1.14018e-06	0	1
8600	 -4	3275.27	6.2391e-07	0	1
8600	 4	3275.27	5.96498e-07	0	1
8600	 -5	1906.44	7.46938e-07	0	1
8600	 5	1906.44	7.08717e-07	0	1
8700	 0	1212.08	3.30151e-07	0	1
8700	 0	1212.08	3.4117e-07	0	1
8700	 -1	1316.08	1.5673e-06	5.50296e-08	3
8700	 1	1316.08	1.32923e-06	1.16746e-08	3
8700	 -2	3114.57	7.18334e-07	0	1
8700	 2	3114.57	6.5838e-07	1.56134e-10	3
8700	 -3	2324.14	1.26318e-06	0	1
8700	 3	2324.14	1.14271e-06	0	1
8700	 -4	3795.55	6.23853e-07	0	1
8700	 4	3795.55	5.98496e-07	0	1
8700	 -5	2211.89	7.47053e-07	0	1
8700	 5	2211.89	7.11751e-07	0	1
8800	 0	1401.4	3.311e-07	0	1
8800	 0	1401.4	3.41244e-07	0	1
8800	 -1	1521.99	1.54958e-06	5.07811e-08	3
8800	 1	1521.99	1.32856e-06	1.01882e-08	3
8800	 -2	3603.53	7.14184e-07	0	1
8800	 2	3603.53	6.58625e-07	1.45741e-10	3
8800	 -3	2690.88	1.25635e-06	0	1
8800	 3	2690.88	1.14489e-06	0	1
8800	 -4	4398.55	6.23769e-07	0	1
8800	 4	4398.55	6.00317e-07	0	1
8800	 -5	2566.26	7.47125e-07	0	1
8800	 5	2566.26	7.1452e-07	0	1
8900	 0	1620.37	3.31923e-07	0	1
8900	 0	1620.37	3.41257e-07	0	1
8900	 -1	1760.2	1.53291e-06	4.68525e-08	3
8900	 1	1760.2	1.32766e-06	8.85208e-09	3
8900	 -2	4169.43	7.10226e-07	0	1
8900	 2	4169.43	6.58725e-07	1.36058e-10	3
8900	 -3	3115.59	1.24989e-06	0	1
8900	 3	3115.59	1.14674e-06	0	1
8900	 -4	5097.41	6.2366e-07	0	1
8900	 4	5097.41	6.01972e-07	0	1
8900	 -5	2977.38	7.47155e-07	0	1
8900	 5	2977.38	7.17039e-07	0	1
9000	 0	1873.65	3.32629e-07	0	1
9000	 0	1873.65	3.41215e-07	0	1
9000	 -1	2035.8	1.51722e-06	4.32214e-08	3
9000	 1	2035.8	1.32655e-06	7.66033e-09	3
9000	 -2	4824.4	7.0645e-07	0	1
9000	 2	4824.4	6.58695e-07	1.27039e-10	3
9000	 -3	3607.43	1.24378e-06	0	1
9000	 3	3607.43	1.14829e-06	0	1
9000	 -4	5907.4	6.2353e-07	0	1
9000	 4	5907.4	6.03471e-07	0	1
9000	 -5	3454.35	7.47146e-07	0	1
9000	 5	3454.35	7.19323e-07	0	1
