0 0 0
100 3.65921e-08 0
200 2.92188e-08 0
300 2.83752e-08 0
400 2.8536e-08 0
500 4488.44 4468.61
600 242.227 165.483
700 132.04 112.498
800 99.3119 70.9452
900 27.1662 20.4302
1000 40.6488 39.8926
1100 19.889 0
1200 14.3193 14.2151
1300 9.86129 37.5213
1400 6.87925 0
1500 4.46121 3.30668
1600 2.6044 0
1700 1.94825 5.99718
1800 1.2205 0.835969
1900 0.786953 1.64112
2000 0.577548 0.308537
2100 0.655556 0.875799
2200 0.662993 2.20073
2300 0.562123 0.178266
2400 0.735284 0.638479
2500 0.952948 0.613344
2600 0.944917 1.14757
2700 1.02351 1.4181
2800 1.15333 1.83851
2900 0.87205 1.3846
3000 0.950128 1.6511
3100 1.01369 1.91423
3200 1.00987 2.0235
3300 0.837621 1.73118
3400 0.809312 1.76371
3500 0.823578 1.89916
3600 0.749165 1.79541
3700 0.694455 1.7206
3800 0.705998 1.62282
3900 0.63698 1.45809
4000 0.570644 1.28528
4100 0.573907 1.30478
4200 0.484502 1.09092
4300 0.486426 1.10518
4400 0.396069 0.887759
4500 0.602643 1.42318
4600 0.535385 1.26325
4700 0.466181 1.09885
4800 0.445567 1.05985
4900 0.385781 0.917307
5000 0.269599 0.626257
5100 0.318694 0.76734
5200 0.294572 0.714082
5300 0.244696 0.594675
5400 0.337692 0.859996
5500 0.395278 1.03368
5600 0.327776 0.867141
5700 0.499264 1.3764
5800 0.391419 1.09474
5900 0.372131 1.06768
6000 0.546071 1.63247
6100 0.459478 1.40942
6200 0.392381 1.23952
6300 0.512764 1.68782
6400 0.460842 1.57136
6500 0.441546 1.56465
6600 0.462126 1.70617
6700 0.473755 1.82684
6800 0.455383 1.83686
6900 0.441909 1.86115
7000 0.407258 1.79544
7100 0.450429 2.08364
7200 0.368575 1.78662
7300 0.341689 1.74141
7400 0.545549 2.94264
7500 0.477874 2.71073
7600 0.488475 2.92139
7700 0.472045 2.97759
7800 0.429993 2.86771
7900 0.384235 2.71092
8000 0.41602 3.11433
8100 0.334239 2.65213
8200 0.367417 3.09105
8300 0.305925 2.7278
8400 0.340226 3.21963
8500 0.294008 2.9543
8600 0.325224 3.48167
8700 0.325453 3.70224
8800 0.356814 4.3147
8900 0.390586 5.02255
9000 0.330183 4.51686
