0 0
100 0
200 0
300 0
400 0
500 1
600 0
700 0
800 0
900 0
1000 0
1100 0.329517
1200 0
1300 0.231675
1400 0
1500 0
1600 0
1700 0.138721
1800 0
1900 0.112671
2000 0
2100 0.0931276
2200 0.0847477
2300 0.607858
2400 0.583895
2500 0
2600 0.538862
2700 0.517853
2800 0.497816
2900 0.47872
3000 0.460518
3100 0.443168
3200 0.426597
3300 0.41076
3400 0.395608
3500 0.381097
3600 0.367183
3700 0.357975
3800 0.390831
3900 0.393643
4000 0.395531
4100 0.396657
4200 0.397144
4300 0.397082
4400 0.396539
4500 0.395564
4600 0.394189
4700 0.392433
4800 0.390302
4900 0.387793
5000 0.384888
5100 0.381564
5200 0.377788
5300 0.373522
5400 0.368722
5500 0.363346
5600 0.357355
5700 0.350716
5800 0.343411
5900 0.335442
6000 0.32683
6100 0.317627
6200 0.307906
6300 0.297763
6400 0.287309
6500 0.276659
6600 0.265921
6700 0.255187
6800 0.24453
6900 0.234002
7000 0.22364
7100 0.213469
7200 0.203508
7300 0.193772
7400 0.184276
7500 0.175036
7600 0.166066
7700 0.157378
7800 0.148986
7900 0.140902
8000 0.133134
8100 0.125692
8200 0.118579
8300 0.111797
8400 0.105346
8500 0.0992196
8600 0.0934102
8700 0.0879071
8800 0.0826972
8900 0.0777665
9000 0.0731001
