0	 0	1	0	0	1
100	 0	0	0	0	1
100	 0	0	0	0	1
100	 -1	0	0	0	1
100	 1	0	0	0	1
100	 -2	0	0	0	1
100	 2	0	0	0	1
100	 -3	0	0	0	1
100	 3	0	0	0	1
100	 -4	0	0	0	1
100	 4	0	0	0	1
100	 -5	0	0	0	1
100	 5	0	0	0	1
200	 0	0	0	0	1
200	 0	0	0	0	1
200	 -1	0	0	0	1
200	 1	0	0	0	1
200	 -2	0	0	0	1
200	 2	0	0	0	1
200	 -3	0	0	0	1
200	 3	0	0	0	1
200	 -4	0	0	0	1
200	 4	0	0	0	1
200	 -5	0	0	0	1
200	 5	0	0	0	1
300	 0	0	0	0	1
300	 0	0	0	0	1
300	 -1	0	0	0	1
300	 1	0	0	0	1
300	 -2	0	0	0	1
300	 2	0	0	0	1
300	 -3	0	0	0	1
300	 3	0	0	0	1
300	 -4	0	0	0	1
300	 4	0	0	0	1
300	 -5	0	0	0	1
300	 5	0	0	0	1
400	 0	0	0	0	1
400	 0	0	0	0	1
400	 -1	0	0	0	1
400	 1	0	0	0	1
400	 -2	0	0	0	1
400	 2	0	0	0	1
400	 -3	0	0	0	1
400	 3	0	0	0	1
400	 -4	0	0	0	1
400	 4	0	0	0	1
400	 -5	0	0	0	1
400	 5	0	0	0	1
500	 0	0	0	0	1
500	 0	0	0	0	1
500	 -1	0	0	0	1
500	 1	0	0	0	1
500	 -2	0	0	0	1
500	 2	1	1.81411e-12	1.81411e-12	1
500	 -3	0	0	0	1
500	 3	0	0	0	1
500	 -4	0	0	0	1
500	 4	0	0	0	1
500	 -5	0	0	0	1
500	 5	0	0	0	1
600	 0	0	0	0	1
600	 0	0	0	0	1
600	 -1	0	0	0	1
600	 1	0	0	0	1
600	 -2	0	0	0	1
600	 2	0	0	0	1
600	 -3	0	0	0	1
600	 3	0	0	0	1
600	 -4	0	0	0	1
600	 4	0	0	0	1
600	 -5	0	0	0	1
600	 5	0	0	0	1
700	 0	0	0	0	1
700	 0	0	0	0	1
700	 -1	0	0	0	1
700	 1	0	0	0	1
700	 -2	0	0	0	1
700	 2	0	0	0	1
700	 -3	0	0	0	1
700	 3	0	0	0	1
700	 -4	0	0	0	1
700	 4	0	0	0	1
700	 -5	0	0	0	1
700	 5	0	0	0	1
800	 0	0	0	0	1
800	 0	0	0	0	1
800	 -1	0	0	0	1
800	 1	0	0	0	1
800	 -2	0	0	0	1
800	 2	0	0	0	1
800	 -3	0	0	0	1
800	 3	0	0	0	1
800	 -4	0	0	0	1
800	 4	0	0	0	1
800	 -5	0	0	0	1
800	 5	0	0	0	1
900	 0	0	0	0	1
900	 0	0	0	0	1
900	 -1	0	0	0	1
900	 1	0	0	0	1
900	 -2	0	0	0	1
900	 2	0	0	0	1
900	 -3	0	0	0	1
900	 3	0	0	0	1
900	 -4	0	0	0	1
900	 4	0	0	0	1
900	 -5	0	0	0	1
900	 5	0	0	0	1
1000	 0	0	0	0	1
1000	 0	1	1.81411e-12	0	1
1000	 -1	0	0	0	1
1000	 1	0	0	0	1
1000	 -2	0	0	0	1
1000	 2	0	0	0	1
1000	 -3	0	0	0	1
1000	 3	0	0	0	1
1000	 -4	0	0	0	1
1000	 4	0	0	0	1
1000	 -5	0	0	0	1
1000	 5	0	0	0	1
1100	 0	0	0	0	1
1100	 0	0	0	0	1
1100	 -1	0	0	0	1
1100	 1	0	0	0	1
1100	 -2	0	0	0	1
1100	 2	1	1.30386e-10	4.29644e-11	1
1100	 -3	0	0	0	1
1100	 3	0	0	0	1
1100	 -4	0	0	0	1
1100	 4	0	0	0	1
1100	 -5	0	0	0	1
1100	 5	0	0	0	1
1200	 0	0	0	0	1
1200	 0	1	6.99103e-12	0	1
1200	 -1	0	0	0	1
1200	 1	0	0	0	1
1200	 -2	0	0	0	1
1200	 2	0	0	0	1
1200	 -3	0	0	0	1
1200	 3	0	0	0	1
1200	 -4	0	0	0	1
1200	 4	1	6.99103e-12	0	1
1200	 -5	0	0	0	1
1200	 5	0	0	0	1
1300	 0	0	0	0	1
1300	 0	0	0	0	1
1300	 -1	0	0	0	1
1300	 1	0	0	0	1
1300	 -2	0	0	0	1
1300	 2	1	3.63764e-10	8.42749e-11	1
1300	 -3	0	0	0	1
1300	 3	0	0	0	1
1300	 -4	0	0	0	1
1300	 4	0	0	0	1
1300	 -5	0	0	0	1
1300	 5	0	0	0	1
1400	 0	0	0	0	1
1400	 0	0	0	0	1
1400	 -1	0	0	0	1
1400	 1	0	0	0	1
1400	 -2	0	0	0	1
1400	 2	0	0	0	1
1400	 -3	0	0	0	1
1400	 3	0	0	0	1
1400	 -4	0	0	0	1
1400	 4	0	0	0	1
1400	 -5	0	0	0	1
1400	 5	0	0	0	1
1500	 0	0	0	0	1
1500	 0	0	0	0	1
1500	 -1	0	0	0	1
1500	 1	0	0	0	1
1500	 -2	0	0	0	1
1500	 2	0	0	0	1
1500	 -3	0	0	0	1
1500	 3	0	0	0	1
1500	 -4	0	0	0	1
1500	 4	0	0	0	1
1500	 -5	0	0	0	1
1500	 5	0	0	0	1
1600	 0	0	0	0	1
1600	 0	0	0	0	1
1600	 -1	0	0	0	1
1600	 1	0	0	0	1
1600	 -2	0	0	0	1
1600	 2	0	0	0	1
1600	 -3	0	0	0	1
1600	 3	0	0	0	1
1600	 -4	0	0	0	1
1600	 4	1	6.21973e-11	0	1
1600	 -5	0	0	0	1
1600	 5	0	0	0	1
1700	 0	0	0	0	1
1700	 0	0	0	0	1
1700	 -1	0	0	0	1
1700	 1	0	0	0	1
1700	 -2	0	0	0	1
1700	 2	2	9.00618e-10	1.24935e-10	1
1700	 -3	0	0	0	1
1700	 3	0	0	0	1
1700	 -4	0	0	0	1
1700	 4	0	0	0	1
1700	 -5	0	0	0	1
1700	 5	0	0	0	1
1800	 0	0	0	0	1
1800	 0	1	9.30829e-11	0	1
1800	 -1	0	0	0	1
1800	 1	0	0	0	1
1800	 -2	0	0	0	1
1800	 2	0	0	0	1
1800	 -3	0	0	0	1
1800	 3	1	2.28344e-09	0	1
1800	 -4	0	0	0	1
1800	 4	1	1.81572e-10	0	1
1800	 -5	0	0	0	1
1800	 5	0	0	0	1
1900	 0	0	0	0	1
1900	 0	0	0	0	1
1900	 -1	0	0	0	1
1900	 1	0	0	0	1
1900	 -2	0	0	0	1
1900	 2	1	3.48928e-09	3.93139e-10	1
1900	 -3	1	3.02215e-08	0	1
1900	 3	0	0	0	1
1900	 -4	0	0	0	1
1900	 4	0	0	0	1
1900	 -5	0	0	0	1
1900	 5	0	0	0	1
2000	 0	0	0	0	1
2000	 0	0	0	0	1
2000	 -1	0	0	0	1
2000	 1	0	0	0	1
2000	 -2	0	0	0	1
2000	 2	0	0	0	1
2000	 -3	0	0	0	1
2000	 3	0	0	0	1
2000	 -4	0	0	0	1
2000	 4	0	0	0	1
2000	 -5	0	0	0	1
2000	 5	0	0	0	1
2100	 0	0	0	0	1
2100	 0	0	0	0	1
2100	 -1	0	0	0	1
2100	 1	0	0	0	1
2100	 -2	0	0	0	1
2100	 2	1	6.35861e-09	5.92161e-10	1
2100	 -3	0	0	0	1
2100	 3	2	3.08889e-09	0	1
2100	 -4	0	0	0	1
2100	 4	0	0	0	1
2100	 -5	0	0	0	1
2100	 5	0	0	0	1
2200	 0	0	0	0	1
2200	 0	0	0	0	1
2200	 -1	0	0	0	1
2200	 1	0	0	0	1
2200	 -2	0	0	0	1
2200	 2	1	8.45862e-09	7.16849e-10	1
2200	 -3	0	0	0	1
2200	 3	0	0	0	1
2200	 -4	0	0	0	1
2200	 4	0	0	0	1
2200	 -5	1	7.58602e-09	0	1
2200	 5	0	0	0	1
2300	 0	0	0	0	1
2300	 0	1	4.13938e-10	0	1
2300	 -1	1	3.03285e-07	1.84355e-07	1
2300	 1	0	0	0	1
2300	 -2	0	0	0	1
2300	 2	0	0	0	1
2300	 -3	2	5.12099e-08	0	1
2300	 3	0	0	0	1
2300	 -4	0	0	0	1
2300	 4	1	1.84994e-09	0	1
2300	 -5	0	0	0	1
2300	 5	0	0	0	1
2400	 0	0	0	0	1
2400	 0	0	0	0	1
2400	 -1	1	3.75428e-07	2.19211e-07	1
2400	 1	0	0	0	1
2400	 -2	0	0	0	1
2400	 2	0	0	0	1
2400	 -3	0	0	0	1
2400	 3	0	0	0	1
2400	 -4	1	1.81004e-08	0	1
2400	 4	0	0	0	1
2400	 -5	0	0	0	1
2400	 5	0	0	0	1
2500	 0	0	0	0	1
2500	 0	0	0	0	1
2500	 -1	0	0	0	1
2500	 1	0	0	0	1
2500	 -2	0	0	0	1
2500	 2	0	0	0	1
2500	 -3	0	0	0	1
2500	 3	0	0	0	1
2500	 -4	0	0	0	1
2500	 4	0	0	0	1
2500	 -5	0	0	0	1
2500	 5	0	0	0	1
2600	 0	0.133635	4.65282e-11	0	1
2600	 0	0.304531	3.10445e-09	0	1
2600	 -1	0.139459	4.04451e-06	2.17929e-06	1
2600	 1	0.317805	1.99362e-07	1.09375e-07	1
2600	 -2	0.304874	6.34653e-07	0	1
2600	 2	0.694756	3.63291e-08	2.05857e-09	1
2600	 -3	0.201985	1.12757e-06	0	1
2600	 3	0.46029	5.85253e-08	0	1
2600	 -4	0.281477	1.35047e-07	0	1
2600	 4	0.641438	1.06058e-08	0	1
2600	 -5	0.134529	2.54919e-07	0	1
2600	 5	0.30657	1.26226e-08	0	1
2700	 0	0.168765	1.29998e-10	0	1
2700	 0	0.32865	4.07293e-09	0	1
2700	 -1	0.1765	3.88159e-06	2.00981e-06	1
2700	 1	0.343712	2.25996e-07	1.19271e-07	1
2700	 -2	0.387509	6.32128e-07	0	1
2700	 2	0.754629	4.37644e-08	2.21789e-09	1
2700	 -3	0.258393	1.1296e-06	0	1
2700	 3	0.50319	7.07305e-08	0	1
2700	 -4	0.363192	1.46878e-07	0	1
2700	 4	0.707274	1.45865e-08	0	1
2700	 -5	0.17546	2.6787e-07	0	1
2700	 5	0.341687	1.62748e-08	0	1
2800	 0	0.209316	2.91838e-10	0	1
2800	 0	0.356222	5.56585e-09	0	1
2800	 -1	0.219339	3.77249e-06	1.87772e-06	1
2800	 1	0.373279	2.54103e-07	1.28891e-07	1
2800	 -2	0.483452	6.36741e-07	0	1
2800	 2	0.822758	5.24904e-08	2.36812e-09	1
2800	 -3	0.324268	1.14376e-06	0	1
2800	 3	0.551851	8.48342e-08	0	1
2800	 -4	0.459368	1.59931e-07	0	1
2800	 4	0.78177	1.97383e-08	0	1
2800	 -5	0.224106	2.82115e-07	0	1
2800	 5	0.381393	2.07852e-08	0	1
2900	 0	0.255502	5.79418e-10	0	1
2900	 0	0.388347	7.76342e-09	0	1
2900	 -1	0.268217	3.70613e-06	1.77411e-06	1
2900	 1	0.407673	2.8314e-07	1.37885e-07	1
2900	 -2	0.593314	6.4744e-07	0	1
2900	 2	0.901799	6.25402e-08	2.503e-09	1
2900	 -3	0.400105	1.16829e-06	0	1
2900	 3	0.608133	1.00794e-07	0	1
2900	 -4	0.570887	1.74253e-07	0	1
2900	 4	0.867711	2.617e-08	0	1
2900	 -5	0.281023	2.97732e-07	0	1
2900	 5	0.427137	2.62383e-08	0	1
3000	 0	0.307677	1.05493e-09	0	1
3000	 0	0.426187	1.08211e-08	0	1
3000	 -1	0.323523	3.67253e-06	1.69165e-06	1
3000	 1	0.448137	3.12557e-07	1.45945e-07	1
3000	 -2	0.718027	6.63126e-07	0	1
3000	 2	0.994595	7.38828e-08	2.61738e-09	1
3000	 -3	0.486616	1.20129e-06	0	1
3000	 3	0.674049	1.18482e-07	0	1
3000	 -4	0.698937	1.89817e-07	0	1
3000	 4	0.968152	3.39227e-08	0	1
3000	 -5	0.346916	3.14659e-07	0	1
3000	 5	0.48054	3.26824e-08	0	1
3100	 0	0.366392	1.79126e-09	0	1
3100	 0	0.47094	1.48517e-08	0	1
3100	 -1	0.385853	3.66295e-06	1.62443e-06	1
3100	 1	0.495955	3.41886e-07	1.5285e-07	1
3100	 -2	0.858993	6.82708e-07	0	1
3100	 2	1.1041	8.64357e-08	2.70786e-09	1.22704
3100	 -3	0.584834	1.24085e-06	0	1
3100	 3	0.751714	1.3772e-07	0	1
3100	 -4	0.845177	2.06527e-07	0	1
3100	 4	1.08634	4.29713e-08	0	1
3100	 -5	0.42273	3.32728e-07	0	1
3100	 5	0.543354	4.01321e-08	0	1
3200	 0	0.432432	2.86722e-09	0	1
3200	 0	0.523844	1.99164e-08	0	1
3200	 -1	0.456051	3.66994e-06	1.56782e-06	1
3200	 1	0.552456	3.70805e-07	1.58484e-07	1
3200	 -2	1.01817	7.05151e-07	0	1
3200	 2	1.2334	1.00083e-07	2.77308e-09	1.29468
3200	 -3	0.696179	1.28511e-06	0	1
3200	 3	0.843344	1.58307e-07	0	1
3200	 -4	1.01184	2.2424e-07	0	1
3200	 4	1.22574	5.32379e-08	0	1
3200	 -5	0.509713	3.51715e-07	0	1
3200	 5	0.617461	4.8576e-08	0	1
3300	 0	0.506828	4.36258e-09	0	1
3300	 0	0.586198	2.60255e-08	0	1
3300	 -1	0.535223	3.6873e-06	1.51829e-06	1
3300	 1	0.619039	3.99145e-07	1.62824e-07	1
3300	 -2	1.19811	7.29503e-07	0	1
3300	 2	1.38574	1.14692e-07	2.81341e-09	1.36535
3300	 -3	0.822495	1.33238e-06	0	1
3300	 3	0.951299	1.80054e-07	0	1
3300	 -4	1.20182	2.42776e-07	0	1
3300	 4	1.39003	6.46089e-08	0	1
3300	 -5	0.609458	3.71364e-07	0	1
3300	 5	0.7049	5.79855e-08	0	1
3400	 0	0.590863	6.35323e-09	0	1
3400	 0	0.659411	3.3145e-08	0	1
3400	 -1	0.624744	3.71e-06	1.4732e-06	1
3400	 1	0.697223	4.2687e-07	1.65922e-07	1
3400	 -2	1.402	7.54913e-07	0	1
3400	 2	1.56465	1.30127e-07	2.83051e-09	1.43864
3400	 -3	0.966074	1.38109e-06	0	1
3400	 3	1.07815	2.02795e-07	0	1
3400	 -4	1.41868	2.61936e-07	0	1
3400	 4	1.58326	7.69531e-08	0	1
3400	 -5	0.723932	3.91418e-07	0	1
3400	 5	0.807918	6.83228e-08	0	1
3500	 0	0.686078	8.90688e-09	0	1
3500	 0	0.745042	4.12065e-08	0	1
3500	 -1	0.72627	3.73405e-06	1.43061e-06	1
3500	 1	0.788689	4.54043e-07	1.67877e-07	1
3500	 -2	1.63367	7.80641e-07	0	1
3500	 2	1.77407	1.46261e-07	2.8268e-09	1.51414
3500	 -3	1.12967	1.42989e-06	0	1
3500	 3	1.22676	2.26392e-07	0	1
3500	 -4	1.66672	2.81514e-07	0	1
3500	 4	1.80997	9.01346e-08	0	1
3500	 -5	0.855507	4.11632e-07	0	1
3500	 5	0.929034	7.95461e-08	0	1
3600	 0	0.794287	1.20795e-08	0	1
3600	 0	0.844859	5.01179e-08	0	1
3600	 -1	0.841749	3.75638e-06	1.3892e-06	1
3600	 1	0.895343	4.80785e-07	1.6881e-07	1
3600	 -2	1.89761	8.06056e-07	0	1
3600	 2	2.01843	1.62971e-07	2.80503e-09	1.59148
3600	 -3	1.31655	1.47763e-06	0	1
3600	 3	1.40037	2.50736e-07	0	1
3600	 -4	1.95105	3.01308e-07	0	1
3600	 4	2.07527	1.04022e-07	0	1
3600	 -5	1.007	4.31787e-07	0	1
3600	 5	1.07111	9.16122e-08	0	1
3700	 0	0.917601	1.59129e-08	0	1
3700	 0	0.960882	5.9772e-08	0	1
3700	 -1	0.973447	3.7747e-06	1.34805e-06	1
3700	 1	1.01936	5.0724e-07	1.68849e-07	1.17795
3700	 -2	2.1991	8.30639e-07	0	1
3700	 2	2.30282	1.80148e-07	2.76793e-09	1.67033
3700	 -3	1.5305	1.52337e-06	0	1
3700	 3	1.60269	2.75735e-07	0	1
3700	 -4	2.27761	3.21126e-07	0	1
3700	 4	2.38504	1.18492e-07	0	1
3700	 -5	1.1817	4.51691e-07	0	1
3700	 5	1.23744	1.04477e-07	0	1
3800	 0	1.05845	2.04331e-08	0	1
3800	 0	1.09544	7.0054e-08	0	1
3800	 -1	1.12398	3.78737e-06	1.30662e-06	1.23798
3800	 1	1.16326	5.33551e-07	1.68119e-07	1.25898
3800	 -2	2.5442	8.53973e-07	0	1
3800	 2	2.6331	1.9769e-07	2.7181e-09	1.75045
3800	 -3	1.77595	1.56634e-06	0	1
3800	 3	1.838	3.01315e-07	0	1
3800	 -4	2.65334	3.40793e-07	0	1
3800	 4	2.74605	1.33433e-07	0	1
3800	 -5	1.38347	4.71184e-07	0	1
3800	 5	1.43181	1.18095e-07	0	1
3900	 0	1.21965	2.565e-08	0	1
3900	 0	1.25122	8.08469e-08	0	1
3900	 -1	1.29638	3.79332e-06	1.2646e-06	1.32495
3900	 1	1.32994	5.59847e-07	1.66734e-07	1.34046
3900	 -2	2.93994	8.75733e-07	0	1
3900	 2	3.01604	2.15503e-07	2.65786e-09	1.83161
3900	 -3	2.05798	1.60597e-06	0	1
3900	 3	2.11125	3.27407e-07	0	1
3900	 -4	3.08627	3.60153e-07	0	1
3900	 4	3.16616	1.48743e-07	0	1
3900	 -5	1.61677	4.90136e-07	0	1
3900	 5	1.65863	1.32419e-07	0	1
4000	 0	1.40442	3.15576e-08	0	1
4000	 0	1.43136	9.20351e-08	0	1
4000	 -1	1.49411	3.7919e-06	1.22187e-06	1.41084
4000	 1	1.52276	5.86228e-07	1.64796e-07	1.42229
4000	 -2	3.39441	8.95679e-07	0	1
4000	 2	3.4595	2.33499e-07	2.58926e-09	1.91359
4000	 -3	2.38248	1.64183e-06	0	1
4000	 3	2.42817	3.53946e-07	0	1
4000	 -4	3.5857	3.79068e-07	0	1
4000	 4	3.65446	1.64332e-07	0	1
4000	 -5	1.88681	5.08443e-07	0	1
4000	 5	1.92299	1.47398e-07	0	1
4100	 0	1.61648	3.81353e-08	0	1
4100	 0	1.63944	1.03508e-07	0	1
4100	 -1	1.72117	3.78284e-06	1.17844e-06	1.49597
4100	 1	1.74562	6.12771e-07	1.62395e-07	1.50444
4100	 -2	3.91691	9.13645e-07	0	1
4100	 2	3.97256	2.51599e-07	2.51408e-09	1.99617
4100	 -3	2.75624	1.67366e-06	0	1
4100	 3	2.7954	3.80869e-07	0	1
4100	 -4	4.16237	3.97425e-07	0	1
4100	 4	4.2215	1.80116e-07	0	1
4100	 -5	2.19959	5.26026e-07	0	1
4100	 5	2.23084	1.6298e-07	0	1
4200	 0	1.86009	4.53495e-08	0	1
4200	 0	1.87966	1.1516e-07	0	1
4200	 -1	1.98216	3.76613e-06	1.1344e-06	1.58062
4200	 1	2.00302	6.39519e-07	1.59607e-07	1.58689
4200	 -2	4.5182	9.29527e-07	0	1
4200	 2	4.56575	2.69724e-07	2.43383e-09	2.07911
4200	 -3	3.18711	1.70129e-06	0	1
4200	 3	3.22065	4.08109e-07	0	1
4200	 -4	4.82871	4.15128e-07	0	1
4200	 4	4.87953	1.9602e-07	0	1
4200	 -5	2.5621	5.42828e-07	0	1
4200	 5	2.58906	1.79106e-07	0	1
4300	 0	2.14017	5.31553e-08	0	1
4300	 0	2.15685	1.26894e-07	0	1
4300	 -1	2.2824	3.74197e-06	1.08992e-06	1.66501
4300	 1	2.30019	6.66492e-07	1.56502e-07	1.66965
4300	 -2	5.21065	9.43277e-07	0	1
4300	 2	5.25127	2.87805e-07	2.34984e-09	2.16207
4300	 -3	3.68413	1.72467e-06	0	1
4300	 3	3.71285	4.35596e-07	0	1
4300	 -4	5.59909	4.32101e-07	0	1
4300	 4	5.64275	2.11977e-07	0	1
4300	 -5	2.98242	5.5881e-07	0	1
4300	 5	3.00567	1.95716e-07	0	1
4400	 0	2.46239	6.14987e-08	0	1
4400	 0	2.47661	1.38622e-07	0	1
4400	 -1	2.62798	3.71074e-06	1.04518e-06	1.74929
4400	 1	2.64316	6.93682e-07	1.53137e-07	1.75273
4400	 -2	6.00854	9.54889e-07	0	1
4400	 2	6.04324	3.05775e-07	2.2632e-09	2.24468
4400	 -3	4.25775	1.74384e-06	0	1
4400	 3	4.28235	4.63258e-07	0	1
4400	 -4	6.49015	4.48286e-07	0	1
4400	 4	6.52764	2.27925e-07	0	1
4400	 -5	3.46992	5.73949e-07	0	1
4400	 5	3.48996	2.12745e-07	0	1
4500	 0	2.83328	7.03189e-08	0	1
4500	 0	2.8454	1.50264e-07	0	1
4500	 -1	3.02597	3.67291e-06	1.0004e-06	1.83357
4500	 1	3.03892	7.21062e-07	1.49563e-07	1.83612
4500	 -2	6.92835	9.64398e-07	0	1
4500	 2	6.958	3.2357e-07	2.17488e-09	2.32644
4500	 -3	4.92006	1.75891e-06	0	1
4500	 3	4.94111	4.9102e-07	0	1
4500	 -4	7.52112	4.63642e-07	0	1
4500	 4	7.5533	2.43806e-07	0	1
4500	 -5	4.03548	5.88235e-07	0	1
4500	 5	4.05274	2.30126e-07	0	1
4600	 0	3.26037	7.95502e-08	0	1
4600	 0	3.2707	1.61748e-07	0	1
4600	 -1	3.48449	3.62905e-06	9.55765e-07	1.91789
4600	 1	3.49553	7.48584e-07	1.45824e-07	1.91978
4600	 -2	7.98911	9.71865e-07	0	1
4600	 2	8.01444	3.41135e-07	2.08569e-09	2.40674
4600	 -3	5.685	1.77002e-06	0	1
4600	 3	5.70302	5.18804e-07	0	1
4600	 -4	8.71427	4.78141e-07	0	1
4600	 4	8.74189	2.59569e-07	0	1
4600	 -5	4.69169	6.01668e-07	0	1
4600	 5	4.70656	2.47791e-07	0	1
4700	 0	3.75234	8.91239e-08	0	1
4700	 0	3.76115	1.73012e-07	0	1
4700	 -1	4.01292	3.57977e-06	9.11491e-07	2.0022
4700	 1	4.02234	7.76189e-07	1.41959e-07	2.0036
4700	 -2	9.21279	9.77377e-07	0	1
4700	 2	9.23443	3.58414e-07	1.99633e-09	2.48487
4700	 -3	6.56871	1.77739e-06	0	1
4700	 3	6.58413	5.46533e-07	0	1
4700	 -4	10.0954	4.9177e-07	0	1
4700	 4	10.1191	2.75166e-07	0	1
4700	 -5	5.45318	6.14258e-07	0	1
4700	 5	5.46598	2.6567e-07	0	1
4800	 0	4.31922	9.897e-08	0	1
4800	 0	4.32674	1.84002e-07	0	1
4800	 -1	4.62209	3.5257e-06	8.67763e-07	2.0864
4800	 1	4.63013	8.03805e-07	1.38e-07	2.08743
4800	 -2	10.6248	9.81037e-07	0	1
4800	 2	10.6433	3.7536e-07	1.9074e-09	2.56001
4800	 -3	7.58984	1.78124e-06	0	1
4800	 3	7.60305	5.74128e-07	0	1
4800	 -4	11.6943	5.04524e-07	0	1
4800	 4	11.7147	2.90555e-07	0	1
4800	 -5	6.33689	6.2602e-07	0	1
4800	 5	6.34792	2.83693e-07	0	1
4900	 0	4.97259	1.09019e-07	0	1
4900	 0	4.979	1.94673e-07	0	1
4900	 -1	5.32452	3.46749e-06	8.24754e-07	2.17026
4900	 1	5.33138	8.3135e-07	1.33976e-07	2.17102
4900	 -2	12.2544	9.82963e-07	0	1
4900	 2	12.2702	3.91929e-07	1.81938e-09	2.63125
4900	 -3	8.76998	1.78183e-06	0	1
4900	 3	8.78128	6.01509e-07	0	1
4900	 -4	13.5457	5.16411e-07	0	1
4900	 4	13.5631	3.05697e-07	0	1
4900	 -5	7.36251	6.36977e-07	0	1
4900	 5	7.372	3.0179e-07	0	1
5000	 0	5.7258	1.19203e-07	0	1
5000	 0	5.73127	2.04988e-07	0	1
5000	 -1	6.13464	3.40577e-06	7.82617e-07	2.25345
5000	 1	6.1405	8.58739e-07	1.29913e-07	2.25401
5000	 -2	14.1355	9.8328e-07	0	1
5000	 2	14.149	4.08082e-07	1.73272e-09	2.69765
5000	 -3	10.1341	1.77943e-06	0	1
5000	 3	10.1438	6.28601e-07	0	1
5000	 -4	15.6895	5.27446e-07	0	1
5000	 4	15.7044	3.20556e-07	0	1
5000	 -5	8.55283	6.47156e-07	0	1
5000	 5	8.561	3.19894e-07	0	1
5100	 0	6.59427	1.29456e-07	0	1
5100	 0	6.59894	2.14915e-07	0	1
5100	 -1	7.06914	3.34117e-06	7.41489e-07	2.33554
5100	 1	7.07414	8.85883e-07	1.25832e-07	2.33594
5100	 -2	16.3073	9.8212e-07	0	1
5100	 2	16.3188	4.23783e-07	1.64776e-09	2.75828
5100	 -3	11.711	1.77432e-06	0	1
5100	 3	11.7193	6.55331e-07	0	1
5100	 -4	18.1721	5.37649e-07	0	1
5100	 4	18.1849	3.35101e-07	0	1
5100	 -5	9.93433	6.56586e-07	0	1
5100	 5	9.94136	3.37939e-07	0	1
5200	 0	7.59583	1.39717e-07	0	1
5200	 0	7.59981	2.24432e-07	0	1
5200	 -1	8.14729	3.27426e-06	7.01482e-07	2.41594
5200	 1	8.15156	9.12694e-07	1.21752e-07	2.41623
5200	 -2	18.815	9.79617e-07	0	1
5200	 2	18.8248	4.39002e-07	1.5648e-09	2.81232
5200	 -3	13.5342	1.76677e-06	0	1
5200	 3	13.5413	6.81626e-07	0	1
5200	 -4	21.0472	5.47049e-07	0	1
5200	 4	21.0582	3.49304e-07	0	1
5200	 -5	11.5377	6.65301e-07	0	1
5200	 5	11.5438	3.55861e-07	0	1
5300	 0	8.75105	1.49929e-07	0	1
5300	 0	8.75444	2.3352e-07	0	1
5300	 -1	9.39135	3.20561e-06	6.62694e-07	2.49397
5300	 1	9.395	9.39083e-07	1.17687e-07	2.49418
5300	 -2	21.711	9.75905e-07	0	1
5300	 2	21.7194	4.53714e-07	1.48409e-09	2.85911
5300	 -3	15.6422	1.75707e-06	0	1
5300	 3	15.6483	7.07422e-07	0	1
5300	 -4	24.3771	5.55676e-07	0	1
5300	 4	24.3866	3.63141e-07	0	1
5300	 -5	13.3986	6.73334e-07	0	1
5300	 5	13.4038	3.73602e-07	0	1
5400	 0	10.0837	1.60038e-07	0	1
5400	 0	10.0866	2.42169e-07	0	1
5400	 -1	10.8271	3.13575e-06	6.25201e-07	2.56881
5400	 1	10.8302	9.64964e-07	1.13652e-07	2.56896
5400	 -2	25.0558	9.71116e-07	0	1
5400	 2	25.063	4.67897e-07	1.4058e-09	2.89828
5400	 -3	18.0799	1.74546e-06	0	1
5400	 3	18.0851	7.32657e-07	0	1
5400	 -4	28.234	5.63565e-07	0	1
5400	 4	28.2421	3.76592e-07	0	1
5400	 -5	15.5584	6.80721e-07	0	1
5400	 5	15.5628	3.91106e-07	0	1
5500	 0	11.6212	1.69996e-07	0	1
5500	 0	11.6237	2.50371e-07	0	1
5500	 -1	12.4842	3.06514e-06	5.89062e-07	2.63959
5500	 1	12.4868	9.90258e-07	1.09657e-07	2.63969
5500	 -2	28.9193	9.65377e-07	0	1
5500	 2	28.9255	4.81533e-07	1.33011e-09	2.92979
5500	 -3	20.8989	1.73222e-06	0	1
5500	 3	20.9034	7.57275e-07	0	1
5500	 -4	32.7012	5.70752e-07	0	1
5500	 4	32.7082	3.89637e-07	0	1
5500	 -5	18.0649	6.87497e-07	0	1
5500	 5	18.0688	4.08323e-07	0	1
5600	 0	13.3954	1.79761e-07	0	1
5600	 0	13.3975	2.58124e-07	0	1
5600	 -1	14.397	2.99424e-06	5.54323e-07	2.70536
5600	 1	14.3993	1.01489e-06	1.0571e-07	2.70543
5600	 -2	33.3825	9.58813e-07	0	1
5600	 2	33.3878	4.9461e-07	1.25711e-09	2.954
5600	 -3	24.1592	1.71759e-06	0	1
5600	 3	24.1631	7.81225e-07	0	1
5600	 -4	37.8757	5.77278e-07	0	1
5600	 4	37.8817	4.02263e-07	0	1
5600	 -5	20.9739	6.93699e-07	0	1
5600	 5	20.9772	4.25204e-07	0	1
5700	 0	15.4428	1.89295e-07	0	1
5700	 0	15.4446	2.65428e-07	0	1
5700	 -1	16.6053	2.92343e-06	5.21012e-07	2.76524
5700	 1	16.6072	1.03879e-06	1.01819e-07	2.76528
5700	 -2	38.539	9.51541e-07	0	1
5700	 2	38.5435	5.07116e-07	1.18688e-09	2.97162
5700	 -3	27.9302	1.7018e-06	0	1
5700	 3	27.9334	8.04463e-07	0	1
5700	 -4	43.8695	5.83181e-07	0	1
5700	 4	43.8746	4.14458e-07	0	1
5700	 -5	24.3499	6.99362e-07	0	1
5700	 5	24.3528	4.41709e-07	0	1
5800	 0	17.8059	1.98565e-07	0	1
5800	 0	17.8074	2.7229e-07	0	1
5800	 -1	19.1549	2.85307e-06	4.89145e-07	2.81841
5800	 1	19.1566	1.06189e-06	9.79875e-08	2.81844
5800	 -2	44.4968	9.43672e-07	0	1
5800	 2	44.5007	5.19047e-07	1.11949e-09	2.98367
5800	 -3	32.2919	1.68506e-06	0	1
5800	 3	32.2947	8.26949e-07	0	1
5800	 -4	50.8126	5.88502e-07	0	1
5800	 4	50.817	4.26212e-07	0	1
5800	 -5	28.2678	7.04522e-07	0	1
5800	 5	28.2703	4.578e-07	0	1
5900	 0	20.5336	2.07545e-07	0	1
5900	 0	20.5349	2.78715e-07	0	1
5900	 -1	22.099	2.78349e-06	4.58728e-07	2.86426
5900	 1	22.1004	1.08414e-06	9.42198e-08	2.86428
5900	 -2	51.3812	9.3531e-07	0	1
5900	 2	51.3845	5.30399e-07	1.05495e-09	2.99133
5900	 -3	37.3373	1.66757e-06	0	1
5900	 3	37.3397	8.48652e-07	0	1
5900	 -4	58.8556	5.93279e-07	0	1
5900	 4	58.8594	4.37521e-07	0	1
5900	 -5	32.8145	7.09213e-07	0	1
5900	 5	32.8166	4.73445e-07	0	1
6000	 0	23.6824	2.16211e-07	0	1
6000	 0	23.6836	2.84715e-07	0	1
6000	 -1	25.4989	2.71495e-06	4.29755e-07	2.90247
6000	 1	25.5001	1.10549e-06	9.05173e-08	2.90248
6000	 -2	59.3369	9.26553e-07	0	1
6000	 2	59.3397	5.41173e-07	9.93267e-10	2.9958
6000	 -3	43.174	1.64952e-06	0	1
6000	 3	43.1761	8.69543e-07	0	1
6000	 -4	68.1728	5.97552e-07	0	1
6000	 4	68.1761	4.4838e-07	0	1
6000	 -5	38.0908	7.13467e-07	0	1
6000	 5	38.0926	4.88616e-07	0	1
6100	 0	27.3179	2.24545e-07	0	1
6100	 0	27.3189	2.90301e-07	0	1
6100	 -1	29.4254	2.64771e-06	4.02211e-07	2.93306
6100	 1	29.4265	1.1259e-06	8.68805e-08	2.93306
6100	 -2	68.5313	9.17489e-07	0	1
6100	 2	68.5337	5.51371e-07	9.34425e-10	2.99818
6100	 -3	49.9263	1.63108e-06	0	1
6100	 3	49.9281	8.89603e-07	0	1
6100	 -4	78.9665	6.0136e-07	0	1
6100	 4	78.9693	4.58787e-07	0	1
6100	 -5	44.2137	7.17317e-07	0	1
6100	 5	44.2153	5.03291e-07	0	1
6200	 0	31.5156	2.32534e-07	0	1
6200	 0	31.5164	2.95486e-07	0	1
6200	 -1	33.9607	2.58196e-06	3.76074e-07	2.95641
6200	 1	33.9616	1.14533e-06	8.33086e-08	2.95642
6200	 -2	79.158	9.08199e-07	0	1
6200	 2	79.1601	5.60999e-07	8.7839e-10	2.9993
6200	 -3	57.7383	1.61239e-06	0	1
6200	 3	57.7399	9.08814e-07	0	1
6200	 -4	91.4708	6.04739e-07	0	1
6200	 4	91.4731	4.68744e-07	0	1
6200	 -5	51.3189	7.20794e-07	0	1
6200	 5	51.3202	5.17451e-07	0	1
6300	 0	36.3628	2.40166e-07	0	1
6300	 0	36.3635	3.00285e-07	0	1
6300	 -1	39.1995	2.51787e-06	3.51316e-07	2.9733
6300	 1	39.2002	1.16376e-06	7.97998e-08	2.9733
6300	 -2	91.4412	8.98758e-07	0	1
6300	 2	91.4429	5.70065e-07	8.25117e-10	2.99977
6300	 -3	66.7768	1.59359e-06	0	1
6300	 3	66.7781	9.27168e-07	0	1
6300	 -4	105.957	6.07724e-07	0	1
6300	 4	105.959	4.78252e-07	0	1
6300	 -5	59.5639	7.23925e-07	0	1
6300	 5	59.565	5.31081e-07	0	1
6400	 0	41.9606	2.47436e-07	0	1
6400	 0	41.9612	3.04714e-07	0	1
6400	 -1	45.2514	2.45561e-06	3.27903e-07	2.98476
6400	 1	45.2521	1.18117e-06	7.63513e-08	2.98476
6400	 -2	105.64	8.89233e-07	0	1
6400	 2	105.641	5.78578e-07	7.74548e-10	2.99993
6400	 -3	77.2348	1.57481e-06	0	1
6400	 3	77.236	9.44658e-07	0	1
6400	 -4	122.74	6.10349e-07	0	1
6400	 4	122.742	4.87317e-07	0	1
6400	 -5	69.1313	7.26739e-07	0	1
6400	 5	69.1323	5.44172e-07	0	1
6500	 0	48.4258	2.54341e-07	0	1
6500	 0	48.4264	3.0879e-07	0	1
6500	 -1	52.2433	2.39527e-06	3.05796e-07	2.99198
6500	 1	52.2438	1.19754e-06	7.29598e-08	2.99198
6500	 -2	122.054	8.79684e-07	0	1
6500	 2	122.055	5.86549e-07	7.26614e-10	2.99998
6500	 -3	89.3359	1.55615e-06	0	1
6500	 3	89.3368	9.61283e-07	0	1
6500	 -4	142.184	6.12647e-07	0	1
6500	 4	142.185	4.95945e-07	0	1
6500	 -5	80.2331	7.29262e-07	0	1
6500	 5	80.2339	5.56716e-07	0	1
6600	 0	55.8935	2.6088e-07	0	1
6600	 0	55.8939	3.12529e-07	0	1
6600	 -1	60.3216	2.33694e-06	2.84953e-07	2.99616
6600	 1	60.3221	1.21286e-06	6.96211e-08	2.99616
6600	 -2	141.03	8.70163e-07	0	1
6600	 2	141.031	5.93993e-07	6.81241e-10	3
6600	 -3	103.339	1.5377e-06	0	1
6600	 3	103.34	9.77047e-07	0	1
6600	 -4	164.711	6.14647e-07	0	1
6600	 4	164.712	5.04142e-07	0	1
6600	 -5	93.1151	7.31517e-07	0	1
6600	 5	93.1159	5.68711e-07	0	1
6700	 0	64.5197	2.67054e-07	0	1
6700	 0	64.52	3.15948e-07	0	1
6700	 -1	69.6561	2.2807e-06	2.65329e-07	2.99835
6700	 1	69.6565	1.22714e-06	6.63309e-08	2.99835
6700	 -2	162.97	8.60718e-07	0	1
6700	 2	162.971	6.00922e-07	6.38346e-10	3
6700	 -3	119.543	1.51954e-06	0	1
6700	 3	119.544	9.91956e-07	0	1
6700	 -4	190.811	6.16377e-07	0	1
6700	 4	190.812	5.11918e-07	0	1
6700	 -5	108.063	7.33528e-07	0	1
6700	 5	108.063	5.80157e-07	0	1
6800	 0	74.4849	2.72869e-07	0	1
6800	 0	74.4852	3.19065e-07	0	1
6800	 -1	80.4427	2.22659e-06	2.46879e-07	2.99938
6800	 1	80.443	1.24036e-06	6.3085e-08	2.99938
6800	 -2	188.338	8.51389e-07	0	1
6800	 2	188.339	6.07351e-07	5.97843e-10	3
6800	 -3	138.295	1.50174e-06	0	1
6800	 3	138.296	1.00602e-06	0	1
6800	 -4	221.051	6.17865e-07	0	1
6800	 4	221.052	5.19283e-07	0	1
6800	 -5	125.407	7.35317e-07	0	1
6800	 5	125.408	5.91056e-07	0	1
6900	 0	85.998	2.78331e-07	0	1
6900	 0	85.9982	3.21896e-07	0	1
6900	 -1	92.9082	2.17464e-06	2.29553e-07	2.9998
6900	 1	92.9085	1.25255e-06	5.9879e-08	2.9998
6900	 -2	217.671	8.4221e-07	0	1
6900	 2	217.672	6.13298e-07	5.59641e-10	3
6900	 -3	159.998	1.48436e-06	0	1
6900	 3	159.998	1.01926e-06	0	1
6900	 -4	256.088	6.19134e-07	0	1
6900	 4	256.089	5.26246e-07	0	1
6900	 -5	145.532	7.36901e-07	0	1
6900	 5	145.532	6.01413e-07	0	1
7000	 0	99.3002	2.83448e-07	0	1
7000	 0	99.3005	3.24458e-07	0	1
7000	 -1	107.315	2.12485e-06	2.13302e-07	2.99994
7000	 1	107.315	1.26371e-06	5.67093e-08	2.99994
7000	 -2	251.592	8.33213e-07	0	1
7000	 2	251.592	6.18779e-07	5.2365e-10	3
7000	 -3	185.115	1.46745e-06	0	1
7000	 3	185.116	1.03168e-06	0	1
7000	 -4	296.685	6.20207e-07	0	1
7000	 4	296.686	5.32819e-07	0	1
7000	 -5	168.882	7.38301e-07	0	1
7000	 5	168.883	6.11237e-07	0	1
7100	 0	114.671	2.88229e-07	0	1
7100	 0	114.671	3.26769e-07	0	1
7100	 -1	123.967	2.07722e-06	1.98078e-07	2.99999
7100	 1	123.967	1.27386e-06	5.35731e-08	2.99999
7100	 -2	290.819	8.24421e-07	0	1
7100	 2	290.819	6.2381e-07	4.89774e-10	3
7100	 -3	214.186	1.45104e-06	0	1
7100	 3	214.186	1.0433e-06	0	1
7100	 -4	343.723	6.21106e-07	0	1
7100	 4	343.724	5.39015e-07	0	1
7100	 -5	195.976	7.39533e-07	0	1
7100	 5	195.976	6.20537e-07	0	1
7200	 0	132.433	2.92685e-07	0	1
7200	 0	132.433	3.28843e-07	0	1
7200	 -1	143.214	2.03174e-06	1.8383e-07	3
7200	 1	143.214	1.28303e-06	5.04689e-08	3
7200	 -2	336.185	8.15856e-07	0	1
7200	 2	336.185	6.28409e-07	4.5792e-10	3
7200	 -3	247.834	1.43517e-06	0	1
7200	 3	247.834	1.05415e-06	0	1
7200	 -4	398.226	6.21849e-07	0	1
7200	 4	398.227	5.44846e-07	0	1
7200	 -5	227.412	7.40611e-07	0	1
7200	 5	227.413	6.29323e-07	0	1
7300	 0	152.959	2.96827e-07	0	1
7300	 0	152.959	3.30696e-07	0	1
7300	 -1	165.462	1.98838e-06	1.70511e-07	3
7300	 1	165.463	1.29122e-06	4.73964e-08	3
7300	 -2	388.654	8.07533e-07	0	1
7300	 2	388.654	6.32594e-07	4.27994e-10	3
7300	 -3	286.781	1.41985e-06	0	1
7300	 3	286.781	1.06424e-06	0	1
7300	 -4	461.38	6.22453e-07	0	1
7300	 4	461.381	5.50324e-07	0	1
7300	 -5	263.887	7.41552e-07	0	1
7300	 5	263.887	6.37608e-07	0	1
7400	 0	176.682	3.00666e-07	0	1
7400	 0	176.682	3.32345e-07	0	1
7400	 -1	191.183	1.94709e-06	1.58072e-07	3
7400	 1	191.183	1.29849e-06	4.43577e-08	3
7400	 -2	449.341	7.99466e-07	0	1
7400	 2	449.341	6.36382e-07	3.99903e-10	3
7400	 -3	331.863	1.40511e-06	0	1
7400	 3	331.863	1.0736e-06	0	1
7400	 -4	534.559	6.22935e-07	0	1
7400	 4	534.559	5.55463e-07	0	1
7400	 -5	306.206	7.42367e-07	0	1
7400	 5	306.207	6.45407e-07	0	1
7500	 0	204.101	3.04217e-07	0	1
7500	 0	204.101	3.33802e-07	0	1
7500	 -1	220.917	1.90784e-06	1.46464e-07	3
7500	 1	220.918	1.30485e-06	4.13567e-08	3
7500	 -2	519.536	7.91665e-07	0	1
7500	 2	519.536	6.39792e-07	3.73554e-10	3
7500	 -3	384.049	1.39094e-06	0	1
7500	 3	384.049	1.08225e-06	0	1
7500	 -4	619.356	6.2331e-07	0	1
7500	 4	619.356	5.60276e-07	0	1
7500	 -5	355.308	7.43068e-07	0	1
7500	 5	355.308	6.52734e-07	0	1
7600	 0	235.793	3.07491e-07	0	1
7600	 0	235.793	3.35081e-07	0	1
7600	 -1	255.296	1.87057e-06	1.35644e-07	3
7600	 1	255.296	1.31034e-06	3.83997e-08	3
7600	 -2	600.734	7.84136e-07	0	1
7600	 2	600.734	6.42841e-07	3.4886e-10	3
7600	 -3	444.46	1.37737e-06	0	1
7600	 3	444.46	1.09022e-06	0	1
7600	 -4	717.616	6.2359e-07	0	1
7600	 4	717.616	5.64776e-07	0	1
7600	 -5	412.277	7.43667e-07	0	1
7600	 5	412.277	6.59604e-07	0	1
7700	 0	272.428	3.10502e-07	0	1
7700	 0	272.428	3.36197e-07	0	1
7700	 -1	295.045	1.83522e-06	1.25565e-07	3
7700	 1	295.045	1.31502e-06	3.54954e-08	3
7700	 -2	694.663	7.76882e-07	0	1
7700	 2	694.663	6.45546e-07	3.25731e-10	3
7700	 -3	514.395	1.36438e-06	0	1
7700	 3	514.395	1.09753e-06	0	1
7700	 -4	831.479	6.23787e-07	0	1
7700	 4	831.479	5.68976e-07	0	1
7700	 -5	478.374	7.44173e-07	0	1
7700	 5	478.374	6.66033e-07	0	1
7800	 0	314.778	3.13262e-07	0	1
7800	 0	314.778	3.37161e-07	0	1
7800	 -1	341.006	1.80173e-06	1.16185e-07	3
7800	 1	341.006	1.31892e-06	3.26547e-08	3
7800	 -2	803.325	7.69906e-07	0	1
7800	 2	803.325	6.47926e-07	3.04083e-10	3
7800	 -3	595.357	1.35197e-06	0	1
7800	 3	595.357	1.10422e-06	0	1
7800	 -4	963.425	6.23911e-07	0	1
7800	 4	963.425	5.72889e-07	0	1
7800	 -5	555.062	7.44595e-07	0	1
7800	 5	555.062	6.72037e-07	0	1
7900	 0	363.738	3.15786e-07	0	1
7900	 0	363.738	3.37986e-07	0	1
7900	 -1	394.153	1.77004e-06	1.07461e-07	3
7900	 1	394.153	1.32209e-06	2.98902e-08	3
7900	 -2	929.035	7.63208e-07	0	1
7900	 2	929.035	6.49998e-07	2.83833e-10	3
7900	 -3	689.089	1.34014e-06	0	1
7900	 3	689.089	1.1103e-06	0	1
7900	 -4	1116.33	6.23972e-07	0	1
7900	 4	1116.33	5.76529e-07	0	1
7900	 -5	644.036	7.44941e-07	0	1
7900	 5	644.036	6.77634e-07	0	1
8000	 0	420.342	3.18085e-07	0	1
8000	 0	420.342	3.38681e-07	0	1
8000	 -1	455.613	1.74008e-06	9.93544e-08	3
8000	 1	455.613	1.32459e-06	2.7216e-08	3
8000	 -2	1074.48	7.56785e-07	0	1
8000	 2	1074.48	6.5178e-07	2.64902e-10	3
8000	 -3	797.608	1.32887e-06	0	1
8000	 3	797.608	1.11581e-06	0	1
8000	 -4	1293.52	6.23978e-07	0	1
8000	 4	1293.52	5.79908e-07	0	1
8000	 -5	747.264	7.45219e-07	0	1
8000	 5	747.264	6.8284e-07	0	1
8100	 0	485.788	3.20172e-07	0	1
8100	 0	485.788	3.39259e-07	0	1
8100	 -1	526.689	1.71178e-06	9.1826e-08	3
8100	 1	526.689	1.32646e-06	2.46467e-08	3
8100	 -2	1242.75	7.50633e-07	0	1
8100	 2	1242.75	6.53289e-07	2.47213e-10	3
8100	 -3	923.251	1.31815e-06	0	1
8100	 3	923.252	1.12077e-06	0	1
8100	 -4	1498.86	6.23937e-07	0	1
8100	 4	1498.86	5.83038e-07	0	1
8100	 -5	867.029	7.45434e-07	0	1
8100	 5	867.029	6.87671e-07	0	1
8200	 0	561.461	3.22061e-07	0	1
8200	 0	561.461	3.39728e-07	0	1
8200	 -1	608.891	1.68507e-06	8.48393e-08	3
8200	 1	608.891	1.32777e-06	2.21965e-08	3
8200	 -2	1437.45	7.44748e-07	0	1
8200	 2	1437.45	6.54543e-07	2.30694e-10	3
8200	 -3	1068.73	1.30797e-06	0	1
8200	 3	1068.73	1.12521e-06	0	1
8200	 -4	1736.82	6.23855e-07	0	1
8200	 4	1736.82	5.85931e-07	0	1
8200	 -5	1005.98	7.45593e-07	0	1
8200	 5	1005.98	6.92145e-07	0	1
8300	 0	648.964	3.23762e-07	0	1
8300	 0	648.964	3.40098e-07	0	1
8300	 -1	703.963	1.65987e-06	7.83596e-08	3
8300	 1	703.963	1.32856e-06	1.98788e-08	3
8300	 -2	1662.74	7.39123e-07	0	1
8300	 2	1662.74	6.55559e-07	2.15273e-10	3
8300	 -3	1237.16	1.29831e-06	0	1
8300	 3	1237.16	1.12917e-06	0	1
8300	 -4	2012.6	6.23738e-07	0	1
8300	 4	2012.6	5.88599e-07	0	1
8300	 -5	1167.19	7.45701e-07	0	1
8300	 5	1167.19	6.96278e-07	0	1
8400	 0	750.15	3.25288e-07	0	1
8400	 0	750.15	3.40378e-07	0	1
8400	 -1	813.927	1.63612e-06	7.23535e-08	3
8400	 1	813.927	1.32889e-06	1.77048e-08	3
8400	 -2	1923.43	7.33752e-07	0	1
8400	 2	1923.43	6.56356e-07	2.00884e-10	3
8400	 -3	1432.2	1.28915e-06	0	1
8400	 3	1432.2	1.13266e-06	0	1
8400	 -4	2332.2	6.2359e-07	0	1
8400	 4	2332.2	5.91054e-07	0	1
8400	 -5	1354.22	7.45763e-07	0	1
8400	 5	1354.22	7.00086e-07	0	1
8500	 0	867.166	3.26649e-07	0	1
8500	 0	867.166	3.40575e-07	0	1
8500	 -1	941.122	1.61375e-06	6.67897e-08	3
8500	 1	941.122	1.32881e-06	1.56833e-08	3
8500	 -2	2225.09	7.28627e-07	0	1
8500	 2	2225.09	6.56949e-07	1.87462e-10	3
8500	 -3	1658.04	1.28048e-06	0	1
8500	 3	1658.04	1.13572e-06	0	1
8500	 -4	2702.59	6.23416e-07	0	1
8500	 4	2702.59	5.93306e-07	0	1
8500	 -5	1571.22	7.45781e-07	0	1
8500	 5	1571.22	7.03586e-07	0	1
8600	 0	1002.49	3.27856e-07	0	1
8600	 0	1002.49	3.40697e-07	0	1
8600	 -1	1088.25	1.59269e-06	6.16383e-08	3
8600	 1	1088.25	1.32838e-06	1.382e-08	3
8600	 -2	2574.19	7.2374e-07	0	1
8600	 2	2574.19	6.57357e-07	1.74948e-10	3
8600	 -3	1919.55	1.27227e-06	0	1
8600	 3	1919.55	1.13839e-06	0	1
8600	 -4	3131.85	6.23219e-07	0	1
8600	 4	3131.85	5.95367e-07	0	1
8600	 -5	1822.96	7.45762e-07	0	1
8600	 5	1822.96	7.06794e-07	0	1
8700	 0	1159.01	3.2892e-07	0	1
8700	 0	1159.01	3.40751e-07	0	1
8700	 -1	1258.45	1.57287e-06	5.68713e-08	3
8700	 1	1258.45	1.32763e-06	1.21173e-08	3
8700	 -2	2978.18	7.19081e-07	0	1
8700	 2	2978.18	6.57596e-07	1.63284e-10	3
8700	 -3	2222.37	1.2645e-06	0	1
8700	 3	2222.37	1.14068e-06	0	1
8700	 -4	3629.35	6.23003e-07	0	1
8700	 4	3629.35	5.97247e-07	0	1
8700	 -5	2115.04	7.45706e-07	0	1
8700	 5	2115.04	7.09726e-07	0	1
8800	 0	1340.03	3.29849e-07	0	1
8800	 0	1340.03	3.40743e-07	0	1
8800	 -1	1455.34	1.55422e-06	5.24621e-08	3
8800	 1	1455.34	1.32662e-06	1.05744e-08	3
8800	 -2	3445.74	7.14643e-07	0	1
8800	 2	3445.74	6.57682e-07	1.52415e-10	3
8800	 -3	2573.05	1.25716e-06	0	1
8800	 3	2573.05	1.14262e-06	0	1
8800	 -4	4205.94	6.22769e-07	0	1
8800	 4	4205.94	5.98957e-07	0	1
8800	 -5	2453.89	7.45618e-07	0	1
8800	 5	2453.89	7.12398e-07	0	1
8900	 0	1549.41	3.30654e-07	0	1
8900	 0	1549.41	3.40679e-07	0	1
8900	 -1	1683.13	1.53669e-06	4.83857e-08	3
8900	 1	1683.13	1.32539e-06	9.1877e-09	3
8900	 -2	3986.86	7.10414e-07	0	1
8900	 2	3986.86	6.57631e-07	1.42288e-10	3
8900	 -3	2979.16	1.25022e-06	0	1
8900	 3	2979.16	1.14425e-06	0	1
8900	 -4	4874.2	6.22521e-07	0	1
8900	 4	4874.2	6.00507e-07	0	1
8900	 -5	2847.01	7.45499e-07	0	1
8900	 5	2847.01	7.14824e-07	0	1
9000	 0	1791.61	3.31342e-07	0	1
9000	 0	1791.61	3.40564e-07	0	1
9000	 -1	1946.66	1.5202e-06	4.46187e-08	3
9000	 1	1946.66	1.32396e-06	7.95076e-09	3
9000	 -2	4613.15	7.06387e-07	0	1
9000	 2	4613.15	6.57458e-07	1.32857e-10	3
9000	 -3	3449.47	1.24366e-06	0	1
9000	 3	3449.47	1.14559e-06	0	1
9000	 -4	5648.72	6.22261e-07	0	1
9000	 4	5648.72	6.01907e-07	0	1
9000	 -5	3303.09	7.45352e-07	0	1
9000	 5	3303.09	7.17021e-07	0	1
