0 3.08676e-19 0 0
100 9.26173e-19 6.39867e-20 2.89466e-25
200 1.5441e-18 1.28069e-19 1.44782e-25
300 2.16276e-18 1.92342e-19 9.65765e-26
400 2.78242e-18 2.56903e-19 7.249e-26
500 3.40339e-18 3.21849e-19 5.80514e-26
600 4.02595e-18 3.87278e-19 4.84368e-26
700 4.65041e-18 4.53292e-19 4.15787e-26
800 5.27705e-18 5.19992e-19 3.64436e-26
900 5.90618e-18 5.87483e-19 3.24572e-26
1000 6.5381e-18 6.55873e-19 2.92749e-26
1100 7.17312e-18 7.25272e-19 2.66775e-26
1200 7.81154e-18 7.95795e-19 2.45188e-26
1300 8.45367e-18 8.67559e-19 2.26977e-26
1400 9.09984e-18 9.40687e-19 2.11418e-26
1500 9.75037e-18 1.01531e-18 1.97982e-26
1600 1.04056e-17 1.09155e-18 1.86271e-26
1700 1.10658e-17 1.16956e-18 1.75982e-26
1800 1.17314e-17 1.24948e-18 1.66878e-26
1900 1.24027e-17 1.33146e-18 1.58773e-26
2000 1.308e-17 1.41566e-18 1.51518e-26
2100 1.37638e-17 1.50225e-18 1.44992e-26
2200 1.44543e-17 1.59141e-18 1.39096e-26
2300 1.5152e-17 1.68333e-18 1.33749e-26
2400 1.58572e-17 1.77821e-18 1.28882e-26
2500 1.65704e-17 1.87625e-18 1.2444e-26
2600 1.72919e-17 1.97769e-18 1.20374e-26
2700 1.80222e-17 2.08275e-18 1.16642e-26
2800 1.87617e-17 2.1917e-18 1.1321e-26
2900 1.95107e-17 2.3048e-18 1.10048e-26
3000 2.02699e-17 2.42234e-18 1.07129e-26
3100 2.10396e-17 2.54462e-18 1.04431e-26
3200 2.18203e-17 2.67198e-18 1.01933e-26
3300 2.26125e-17 2.80476e-18 9.96194e-27
3400 2.34167e-17 2.94334e-18 9.74739e-27
3500 2.42335e-17 3.08811e-18 9.54831e-27
3600 2.50633e-17 3.23951e-18 9.36351e-27
3700 2.59068e-17 3.39799e-18 9.19193e-27
3800 2.67645e-17 3.56404e-18 9.03263e-27
3900 2.76371e-17 3.73819e-18 8.88477e-27
4000 2.8525e-17 3.92101e-18 8.7476e-27
4100 2.94291e-17 4.1131e-18 8.62044e-27
4200 3.03499e-17 4.3151e-18 8.5027e-27
4300 3.12882e-17 4.52771e-18 8.39383e-27
4400 3.22446e-17 4.75166e-18 8.29335e-27
4500 3.32199e-17 4.98776e-18 8.20082e-27
4600 3.4215e-17 5.23684e-18 8.11586e-27
4700 3.52305e-17 5.4998e-18 8.03811e-27
4800 3.62674e-17 5.77761e-18 7.96726e-27
4900 3.73264e-17 6.07127e-18 7.90304e-27
5000 3.84086e-17 6.38186e-18 7.84518e-27
5100 3.95149e-17 6.7105e-18 7.79348e-27
5200 4.06462e-17 7.05839e-18 7.74772e-27
5300 4.18036e-17 7.42675e-18 7.70775e-27
5400 4.29882e-17 7.81684e-18 7.67341e-27
5500 4.4201e-17 8.22998e-18 7.64458e-27
5600 4.54433e-17 8.66747e-18 7.62114e-27
5700 4.67164e-17 9.1306e-18 7.603e-27
5800 4.80214e-17 9.62065e-18 7.59009e-27
5900 4.93597e-17 1.01388e-17 7.58235e-27
6000 5.07327e-17 1.06861e-17 7.57975e-27
6100 5.2142e-17 1.12634e-17 7.58227e-27
6200 5.35889e-17 1.18714e-17 7.58989e-27
6300 5.50753e-17 1.25103e-17 7.60262e-27
6400 5.66027e-17 1.318e-17 7.62048e-27
6500 5.8173e-17 1.38796e-17 7.64352e-27
6600 5.9788e-17 1.46078e-17 7.67179e-27
6700 6.14497e-17 1.53622e-17 7.70536e-27
6800 6.31602e-17 1.61394e-17 7.74431e-27
6900 6.49216e-17 1.69349e-17 7.78874e-27
7000 6.67362e-17 1.77428e-17 7.83877e-27
7100 6.86065e-17 1.85557e-17 7.89454e-27
7200 7.0535e-17 1.93647e-17 7.9562e-27
7300 7.25243e-17 2.01594e-17 8.02392e-27
7400 7.45773e-17 2.09277e-17 8.09789e-27
7500 7.6697e-17 2.16567e-17 8.17831e-27
7600 7.88865e-17 2.23321e-17 8.26543e-27
7700 8.11492e-17 2.29397e-17 8.35949e-27
7800 8.34886e-17 2.34652e-17 8.46077e-27
7900 8.59083e-17 2.38953e-17 8.56958e-27
8000 8.84124e-17 2.42187e-17 8.68624e-27
8100 9.10049e-17 2.44263e-17 8.81111e-27
8200 9.36904e-17 2.45122e-17 8.94457e-27
8300 9.64734e-17 2.44741e-17 9.08704e-27
8400 9.9359e-17 2.4313e-17 9.23897e-27
8500 1.02352e-16 2.4034e-17 9.40086e-27
8600 1.05459e-16 2.36451e-17 9.57322e-27
8700 1.08686e-16 2.3157e-17 9.75661e-27
8800 1.12037e-16 2.25826e-17 9.95165e-27
8900 1.15522e-16 2.19358e-17 1.0159e-26
9000 1.19146e-16 2.1231e-17 1.03793e-26
