0 3.1022e-19 0 0
100 9.30807e-19 6.47617e-20 2.89466e-25
200 1.55183e-18 1.2962e-19 1.44782e-25
300 2.1736e-18 1.94672e-19 9.65765e-26
400 2.79639e-18 2.60015e-19 7.249e-26
500 3.42051e-18 3.25747e-19 5.80514e-26
600 4.04625e-18 3.91969e-19 4.84368e-26
700 4.67392e-18 4.58783e-19 4.15787e-26
800 5.30381e-18 5.2629e-19 3.64436e-26
900 5.93623e-18 5.94599e-19 3.24572e-26
1000 6.5715e-18 6.63817e-19 2.92749e-26
1100 7.20991e-18 7.34057e-19 2.66775e-26
1200 7.85178e-18 8.05434e-19 2.45188e-26
1300 8.49744e-18 8.78067e-19 2.26977e-26
1400 9.14721e-18 9.52082e-19 2.11418e-26
1500 9.80141e-18 1.02761e-18 1.97982e-26
1600 1.04604e-17 1.10477e-18 1.86271e-26
1700 1.11245e-17 1.18373e-18 1.75982e-26
1800 1.1794e-17 1.26461e-18 1.66878e-26
1900 1.24693e-17 1.34759e-18 1.58773e-26
2000 1.31509e-17 1.43281e-18 1.51518e-26
2100 1.38389e-17 1.52045e-18 1.44992e-26
2200 1.45339e-17 1.61069e-18 1.39096e-26
2300 1.52361e-17 1.70372e-18 1.33749e-26
2400 1.59461e-17 1.79975e-18 1.28882e-26
2500 1.66641e-17 1.89898e-18 1.2444e-26
2600 1.73907e-17 2.00164e-18 1.20374e-26
2700 1.81261e-17 2.10798e-18 1.16642e-26
2800 1.8871e-17 2.21825e-18 1.1321e-26
2900 1.96256e-17 2.33272e-18 1.10048e-26
3000 2.03906e-17 2.45168e-18 1.07129e-26
3100 2.11663e-17 2.57544e-18 1.04431e-26
3200 2.19533e-17 2.70435e-18 1.01933e-26
3300 2.2752e-17 2.83873e-18 9.96194e-27
3400 2.3563e-17 2.97899e-18 9.74739e-27
3500 2.43868e-17 3.12551e-18 9.54831e-27
3600 2.5224e-17 3.27875e-18 9.36351e-27
3700 2.60751e-17 3.43914e-18 9.19193e-27
3800 2.69408e-17 3.60721e-18 9.03263e-27
3900 2.78217e-17 3.78347e-18 8.88477e-27
4000 2.87184e-17 3.96851e-18 8.7476e-27
4100 2.96315e-17 4.16292e-18 8.62044e-27
4200 3.05618e-17 4.36737e-18 8.5027e-27
4300 3.15101e-17 4.58255e-18 8.39383e-27
4400 3.24769e-17 4.80922e-18 8.29335e-27
4500 3.34631e-17 5.04817e-18 8.20082e-27
4600 3.44696e-17 5.30027e-18 8.11586e-27
4700 3.54971e-17 5.56642e-18 8.03811e-27
4800 3.65465e-17 5.84759e-18 7.96726e-27
4900 3.76188e-17 6.14481e-18 7.90304e-27
5000 3.87148e-17 6.45916e-18 7.84518e-27
5100 3.98356e-17 6.79179e-18 7.79348e-27
5200 4.09822e-17 7.14389e-18 7.74772e-27
5300 4.21556e-17 7.5167e-18 7.70775e-27
5400 4.33571e-17 7.91153e-18 7.67341e-27
5500 4.45877e-17 8.32967e-18 7.64458e-27
5600 4.58487e-17 8.77245e-18 7.62114e-27
5700 4.71415e-17 9.2412e-18 7.603e-27
5800 4.84672e-17 9.73719e-18 7.59009e-27
5900 4.98274e-17 1.02616e-17 7.58235e-27
6000 5.12236e-17 1.08155e-17 7.57975e-27
6100 5.26572e-17 1.13999e-17 7.58227e-27
6200 5.41299e-17 1.20152e-17 7.58989e-27
6300 5.56435e-17 1.26619e-17 7.60262e-27
6400 5.71997e-17 1.33396e-17 7.62048e-27
6500 5.88004e-17 1.40478e-17 7.64352e-27
6600 6.04475e-17 1.47848e-17 7.67179e-27
6700 6.21433e-17 1.55483e-17 7.70536e-27
6800 6.38898e-17 1.63349e-17 7.74431e-27
6900 6.56894e-17 1.714e-17 7.78874e-27
7000 6.75446e-17 1.79577e-17 7.83877e-27
7100 6.94578e-17 1.87805e-17 7.89454e-27
7200 7.14319e-17 1.95993e-17 7.9562e-27
7300 7.34697e-17 2.04036e-17 8.02392e-27
7400 7.55742e-17 2.11812e-17 8.09789e-27
7500 7.77487e-17 2.1919e-17 8.17831e-27
7600 7.99964e-17 2.26027e-17 8.26543e-27
7700 8.23211e-17 2.32176e-17 8.35949e-27
7800 8.47265e-17 2.37494e-17 8.46077e-27
7900 8.72165e-17 2.41848e-17 8.56958e-27
8000 8.97956e-17 2.45121e-17 8.68624e-27
8100 9.24682e-17 2.47222e-17 8.81111e-27
8200 9.52391e-17 2.48092e-17 8.94457e-27
8300 9.81134e-17 2.47705e-17 9.08704e-27
8400 1.01097e-16 2.46075e-17 9.23897e-27
8500 1.04194e-16 2.43251e-17 9.40086e-27
8600 1.07413e-16 2.39315e-17 9.57322e-27
8700 1.10759e-16 2.34375e-17 9.75661e-27
8800 1.14239e-16 2.28562e-17 9.95165e-27
8900 1.17861e-16 2.22015e-17 1.0159e-26
9000 1.21633e-16 2.14881e-17 1.03793e-26
