0	 0	1	0	0	1
100	 0	0	0	0	1
100	 0	0	0	0	1
100	 -1	0	0	0	1
100	 1	0	0	0	1
100	 -2	0	0	0	1
100	 2	0	0	0	1
100	 -3	0	0	0	1
100	 3	0	0	0	1
100	 -4	0	0	0	1
100	 4	0	0	0	1
100	 -5	0	0	0	1
100	 5	0	0	0	1
200	 0	0	0	0	1
200	 0	0	0	0	1
200	 -1	0	0	0	1
200	 1	0	0	0	1
200	 -2	0	0	0	1
200	 2	0	0	0	1
200	 -3	0	0	0	1
200	 3	0	0	0	1
200	 -4	0	0	0	1
200	 4	0	0	0	1
200	 -5	0	0	0	1
200	 5	0	0	0	1
300	 0	0	0	0	1
300	 0	0	0	0	1
300	 -1	0	0	0	1
300	 1	0	0	0	1
300	 -2	0	0	0	1
300	 2	0	0	0	1
300	 -3	0	0	0	1
300	 3	0	0	0	1
300	 -4	0	0	0	1
300	 4	0	0	0	1
300	 -5	0	0	0	1
300	 5	0	0	0	1
400	 0	0	0	0	1
400	 0	0	0	0	1
400	 -1	0	0	0	1
400	 1	0	0	0	1
400	 -2	0	0	0	1
400	 2	0	0	0	1
400	 -3	0	0	0	1
400	 3	0	0	0	1
400	 -4	0	0	0	1
400	 4	0	0	0	1
400	 -5	0	0	0	1
400	 5	0	0	0	1
500	 0	0	0	0	1
500	 0	0	0	0	1
500	 -1	0	0	0	1
500	 1	0	0	0	1
500	 -2	0	0	0	1
500	 2	1	1.81411e-12	1.81411e-12	1
500	 -3	0	0	0	1
500	 3	0	0	0	1
500	 -4	0	0	0	1
500	 4	0	0	0	1
500	 -5	0	0	0	1
500	 5	0	0	0	1
600	 0	0	0	0	1
600	 0	0	0	0	1
600	 -1	0	0	0	1
600	 1	0	0	0	1
600	 -2	0	0	0	1
600	 2	0	0	0	1
600	 -3	0	0	0	1
600	 3	0	0	0	1
600	 -4	0	0	0	1
600	 4	0	0	0	1
600	 -5	0	0	0	1
600	 5	0	0	0	1
700	 0	0	0	0	1
700	 0	0	0	0	1
700	 -1	0	0	0	1
700	 1	0	0	0	1
700	 -2	0	0	0	1
700	 2	0	0	0	1
700	 -3	0	0	0	1
700	 3	0	0	0	1
700	 -4	0	0	0	1
700	 4	0	0	0	1
700	 -5	0	0	0	1
700	 5	0	0	0	1
800	 0	0	0	0	1
800	 0	0	0	0	1
800	 -1	0	0	0	1
800	 1	0	0	0	1
800	 -2	0	0	0	1
800	 2	0	0	0	1
800	 -3	0	0	0	1
800	 3	0	0	0	1
800	 -4	0	0	0	1
800	 4	0	0	0	1
800	 -5	0	0	0	1
800	 5	0	0	0	1
900	 0	0	0	0	1
900	 0	0	0	0	1
900	 -1	0	0	0	1
900	 1	0	0	0	1
900	 -2	0	0	0	1
900	 2	0	0	0	1
900	 -3	0	0	0	1
900	 3	0	0	0	1
900	 -4	0	0	0	1
900	 4	0	0	0	1
900	 -5	0	0	0	1
900	 5	0	0	0	1
1000	 0	0	0	0	1
1000	 0	1	1.81411e-12	0	1
1000	 -1	0	0	0	1
1000	 1	0	0	0	1
1000	 -2	0	0	0	1
1000	 2	0	0	0	1
1000	 -3	0	0	0	1
1000	 3	0	0	0	1
1000	 -4	0	0	0	1
1000	 4	0	0	0	1
1000	 -5	0	0	0	1
1000	 5	0	0	0	1
1100	 0	0	0	0	1
1100	 0	0	0	0	1
1100	 -1	0	0	0	1
1100	 1	0	0	0	1
1100	 -2	0	0	0	1
1100	 2	1	1.31399e-10	4.29644e-11	1
1100	 -3	0	0	0	1
1100	 3	0	0	0	1
1100	 -4	0	0	0	1
1100	 4	0	0	0	1
1100	 -5	0	0	0	1
1100	 5	0	0	0	1
1200	 0	0	0	0	1
1200	 0	1	6.99103e-12	0	1
1200	 -1	0	0	0	1
1200	 1	0	0	0	1
1200	 -2	0	0	0	1
1200	 2	0	0	0	1
1200	 -3	0	0	0	1
1200	 3	0	0	0	1
1200	 -4	0	0	0	1
1200	 4	1	6.99103e-12	0	1
1200	 -5	0	0	0	1
1200	 5	0	0	0	1
1300	 0	0	0	0	1
1300	 0	0	0	0	1
1300	 -1	0	0	0	1
1300	 1	0	0	0	1
1300	 -2	0	0	0	1
1300	 2	1	3.67001e-10	8.42749e-11	1
1300	 -3	0	0	0	1
1300	 3	0	0	0	1
1300	 -4	0	0	0	1
1300	 4	0	0	0	1
1300	 -5	0	0	0	1
1300	 5	0	0	0	1
1400	 0	0	0	0	1
1400	 0	0	0	0	1
1400	 -1	0	0	0	1
1400	 1	0	0	0	1
1400	 -2	0	0	0	1
1400	 2	0	0	0	1
1400	 -3	0	0	0	1
1400	 3	0	0	0	1
1400	 -4	0	0	0	1
1400	 4	0	0	0	1
1400	 -5	0	0	0	1
1400	 5	0	0	0	1
1500	 0	0	0	0	1
1500	 0	0	0	0	1
1500	 -1	0	0	0	1
1500	 1	0	0	0	1
1500	 -2	0	0	0	1
1500	 2	0	0	0	1
1500	 -3	0	0	0	1
1500	 3	0	0	0	1
1500	 -4	0	0	0	1
1500	 4	0	0	0	1
1500	 -5	0	0	0	1
1500	 5	0	0	0	1
1600	 0	0	0	0	1
1600	 0	0	0	0	1
1600	 -1	0	0	0	1
1600	 1	0	0	0	1
1600	 -2	0	0	0	1
1600	 2	0	0	0	1
1600	 -3	0	0	0	1
1600	 3	0	0	0	1
1600	 -4	0	0	0	1
1600	 4	1	6.23964e-11	0	1
1600	 -5	0	0	0	1
1600	 5	0	0	0	1
1700	 0	0	0	0	1
1700	 0	0	0	0	1
1700	 -1	0	0	0	1
1700	 1	0	0	0	1
1700	 -2	0	0	0	1
1700	 2	2	9.09552e-10	1.24935e-10	1
1700	 -3	0	0	0	1
1700	 3	0	0	0	1
1700	 -4	0	0	0	1
1700	 4	0	0	0	1
1700	 -5	0	0	0	1
1700	 5	0	0	0	1
1800	 0	0	0	0	1
1800	 0	1	9.30829e-11	0	1
1800	 -1	0	0	0	1
1800	 1	0	0	0	1
1800	 -2	0	0	0	1
1800	 2	0	0	0	1
1800	 -3	0	0	0	1
1800	 3	1	2.30992e-09	0	1
1800	 -4	0	0	0	1
1800	 4	1	1.82598e-10	0	1
1800	 -5	0	0	0	1
1800	 5	0	0	0	1
1900	 0	0	0	0	1
1900	 0	0	0	0	1
1900	 -1	0	0	0	1
1900	 1	0	0	0	1
1900	 -2	0	0	0	1
1900	 2	1	3.52481e-09	3.93139e-10	1
1900	 -3	1	3.0378e-08	0	1
1900	 3	0	0	0	1
1900	 -4	0	0	0	1
1900	 4	0	0	0	1
1900	 -5	0	0	0	1
1900	 5	0	0	0	1
2000	 0	0	0	0	1
2000	 0	0	0	0	1
2000	 -1	0	0	0	1
2000	 1	0	0	0	1
2000	 -2	0	0	0	1
2000	 2	0	0	0	1
2000	 -3	0	0	0	1
2000	 3	0	0	0	1
2000	 -4	0	0	0	1
2000	 4	0	0	0	1
2000	 -5	0	0	0	1
2000	 5	0	0	0	1
2100	 0	0	0	0	1
2100	 0	0	0	0	1
2100	 -1	0	0	0	1
2100	 1	0	0	0	1
2100	 -2	0	0	0	1
2100	 2	1	6.42447e-09	5.92161e-10	1
2100	 -3	0	0	0	1
2100	 3	2	3.12469e-09	0	1
2100	 -4	0	0	0	1
2100	 4	0	0	0	1
2100	 -5	0	0	0	1
2100	 5	0	0	0	1
2200	 0	0	0	0	1
2200	 0	0	0	0	1
2200	 -1	0	0	0	1
2200	 1	0	0	0	1
2200	 -2	0	0	0	1
2200	 2	1	8.54664e-09	7.16849e-10	1
2200	 -3	0	0	0	1
2200	 3	0	0	0	1
2200	 -4	0	0	0	1
2200	 4	0	0	0	1
2200	 -5	1	7.62469e-09	0	1
2200	 5	0	0	0	1
2300	 0	0	0	0	1
2300	 0	1	4.13938e-10	0	1
2300	 -1	1	3.04934e-07	1.85378e-07	1
2300	 1	0	0	0	1
2300	 -2	0	0	0	1
2300	 2	0	0	0	1
2300	 -3	2	5.14796e-08	0	1
2300	 3	0	0	0	1
2300	 -4	0	0	0	1
2300	 4	1	1.86541e-09	0	1
2300	 -5	0	0	0	1
2300	 5	0	0	0	1
2400	 0	0	0	0	1
2400	 0	0	0	0	1
2400	 -1	1	3.77481e-07	2.20438e-07	1
2400	 1	0	0	0	1
2400	 -2	0	0	0	1
2400	 2	0	0	0	1
2400	 -3	0	0	0	1
2400	 3	0	0	0	1
2400	 -4	1	1.81935e-08	0	1
2400	 4	0	0	0	1
2400	 -5	0	0	0	1
2400	 5	0	0	0	1
2500	 0	0	0	0	1
2500	 0	0	0	0	1
2500	 -1	0	0	0	1
2500	 1	0	0	0	1
2500	 -2	0	0	0	1
2500	 2	0	0	0	1
2500	 -3	0	0	0	1
2500	 3	0	0	0	1
2500	 -4	0	0	0	1
2500	 4	0	0	0	1
2500	 -5	0	0	0	1
2500	 5	0	0	0	1
2600	 0	0.133635	4.70918e-11	0	1
2600	 0	0.304531	3.10562e-09	0	1
2600	 -1	0.139459	4.0669e-06	2.19173e-06	1
2600	 1	0.317805	2.01741e-07	1.107e-07	1
2600	 -2	0.304874	6.38062e-07	0	1
2600	 2	0.694756	3.67023e-08	2.05857e-09	1
2600	 -3	0.201985	1.1336e-06	0	1
2600	 3	0.46029	5.91803e-08	0	1
2600	 -4	0.281477	1.35749e-07	0	1
2600	 4	0.641438	1.06935e-08	0	1
2600	 -5	0.134529	2.56238e-07	0	1
2600	 5	0.30657	1.27643e-08	0	1
2700	 0	0.168765	1.31561e-10	0	1
2700	 0	0.32865	4.07654e-09	0	1
2700	 -1	0.1765	3.90322e-06	2.0214e-06	1
2700	 1	0.343712	2.28688e-07	1.20715e-07	1
2700	 -2	0.387509	6.35543e-07	0	1
2700	 2	0.754629	4.42086e-08	2.21789e-09	1
2700	 -3	0.258393	1.13566e-06	0	1
2700	 3	0.50319	7.15113e-08	0	1
2700	 -4	0.363192	1.47645e-07	0	1
2700	 4	0.707274	1.47049e-08	0	1
2700	 -5	0.17546	2.69264e-07	0	1
2700	 5	0.341687	1.64534e-08	0	1
2800	 0	0.209316	2.95228e-10	0	1
2800	 0	0.356222	5.57441e-09	0	1
2800	 -1	0.219339	3.79365e-06	1.88866e-06	1
2800	 1	0.373279	2.57123e-07	1.30452e-07	1
2800	 -2	0.483452	6.402e-07	0	1
2800	 2	0.822758	5.3015e-08	2.36812e-09	1
2800	 -3	0.324268	1.14993e-06	0	1
2800	 3	0.551851	8.57562e-08	0	1
2800	 -4	0.459368	1.60772e-07	0	1
2800	 4	0.78177	1.9895e-08	0	1
2800	 -5	0.224106	2.83591e-07	0	1
2800	 5	0.381393	2.1007e-08	0	1
2900	 0	0.255502	5.85789e-10	0	1
2900	 0	0.388347	7.78042e-09	0	1
2900	 -1	0.268217	3.72706e-06	1.78456e-06	1
2900	 1	0.407673	2.86494e-07	1.39555e-07	1
2900	 -2	0.593314	6.5098e-07	0	1
2900	 2	0.901799	6.31542e-08	2.503e-09	1
2900	 -3	0.400105	1.17463e-06	0	1
2900	 3	0.608133	1.01871e-07	0	1
2900	 -4	0.570887	1.75176e-07	0	1
2900	 4	0.867711	2.63732e-08	0	1
2900	 -5	0.281023	2.993e-07	0	1
2900	 5	0.427137	2.65095e-08	0	1
3000	 0	0.307677	1.06581e-09	0	1
3000	 0	0.426187	1.0851e-08	0	1
3000	 -1	0.323523	3.69342e-06	1.70172e-06	1
3000	 1	0.448137	3.16242e-07	1.47712e-07	1
3000	 -2	0.718027	6.66774e-07	0	1
3000	 2	0.994595	7.45941e-08	2.61738e-09	1
3000	 -3	0.486616	1.20785e-06	0	1
3000	 3	0.674049	1.19725e-07	0	1
3000	 -4	0.698937	1.9083e-07	0	1
3000	 4	0.968152	3.41804e-08	0	1
3000	 -5	0.346916	3.16326e-07	0	1
3000	 5	0.48054	3.30091e-08	0	1
3100	 0	0.366392	1.8086e-09	0	1
3100	 0	0.47094	1.48996e-08	0	1
3100	 -1	0.385853	3.68394e-06	1.63421e-06	1
3100	 1	0.495955	3.45894e-07	1.54702e-07	1
3100	 -2	0.858993	6.86489e-07	0	1
3100	 2	1.1041	8.7251e-08	2.70786e-09	1.22704
3100	 -3	0.584834	1.24766e-06	0	1
3100	 3	0.751714	1.39137e-07	0	1
3100	 -4	0.845177	2.07637e-07	0	1
3100	 4	1.08634	4.32916e-08	0	1
3100	 -5	0.42273	3.34503e-07	0	1
3100	 5	0.543354	4.05201e-08	0	1
3200	 0	0.432432	2.89339e-09	0	1
3200	 0	0.523844	1.9988e-08	0	1
3200	 -1	0.456051	3.69113e-06	1.57738e-06	1
3200	 1	0.552456	3.75121e-07	1.60404e-07	1
3200	 -2	1.01817	7.09084e-07	0	1
3200	 2	1.2334	1.01007e-07	2.77308e-09	1.29468
3200	 -3	0.696179	1.29222e-06	0	1
3200	 3	0.843344	1.59906e-07	0	1
3200	 -4	1.01184	2.25455e-07	0	1
3200	 4	1.22574	5.36278e-08	0	1
3200	 -5	0.509713	3.53605e-07	0	1
3200	 5	0.617461	4.90304e-08	0	1
3300	 0	0.506828	4.40038e-09	0	1
3300	 0	0.586198	2.61266e-08	0	1
3300	 -1	0.535223	3.70876e-06	1.52766e-06	1
3300	 1	0.619039	4.03752e-07	1.64797e-07	1
3300	 -2	1.19811	7.33602e-07	0	1
3300	 2	1.38574	1.1573e-07	2.81341e-09	1.36535
3300	 -3	0.822495	1.33979e-06	0	1
3300	 3	0.951299	1.81838e-07	0	1
3300	 -4	1.20182	2.44101e-07	0	1
3300	 4	1.39003	6.50751e-08	0	1
3300	 -5	0.609458	3.73374e-07	0	1
3300	 5	0.7049	5.85111e-08	0	1
3400	 0	0.590863	6.40584e-09	0	1
3400	 0	0.659411	3.32815e-08	0	1
3400	 -1	0.624744	3.73177e-06	1.4824e-06	1
3400	 1	0.697223	4.31749e-07	1.67932e-07	1
3400	 -2	1.402	7.59186e-07	0	1
3400	 2	1.56465	1.31282e-07	2.83051e-09	1.43864
3400	 -3	0.966074	1.38883e-06	0	1
3400	 3	1.07815	2.04766e-07	0	1
3400	 -4	1.41868	2.63377e-07	0	1
3400	 4	1.58326	7.75011e-08	0	1
3400	 -5	0.723932	3.93553e-07	0	1
3400	 5	0.807918	6.89241e-08	0	1
3500	 0	0.686078	8.97782e-09	0	1
3500	 0	0.745042	4.13842e-08	0	1
3500	 -1	0.72627	3.75615e-06	1.43966e-06	1
3500	 1	0.788689	4.59178e-07	1.6991e-07	1
3500	 -2	1.63367	7.85093e-07	0	1
3500	 2	1.77407	1.47534e-07	2.8268e-09	1.51414
3500	 -3	1.12967	1.43796e-06	0	1
3500	 3	1.22676	2.28552e-07	0	1
3500	 -4	1.66672	2.83075e-07	0	1
3500	 4	1.80997	9.07693e-08	0	1
3500	 -5	0.855507	4.13895e-07	0	1
3500	 5	0.929034	8.02272e-08	0	1
3600	 0	0.794287	1.21726e-08	0	1
3600	 0	0.844859	5.0342e-08	0	1
3600	 -1	0.841749	3.7788e-06	1.3981e-06	1
3600	 1	0.895343	4.86157e-07	1.70854e-07	1
3600	 -2	1.89761	8.10689e-07	0	1
3600	 2	2.01843	1.64365e-07	2.80503e-09	1.59148
3600	 -3	1.31655	1.48604e-06	0	1
3600	 3	1.40037	2.53084e-07	0	1
3600	 -4	1.95105	3.02992e-07	0	1
3600	 4	2.07527	1.04747e-07	0	1
3600	 -5	1.007	4.34179e-07	0	1
3600	 5	1.07111	9.23768e-08	0	1
3700	 0	0.917601	1.60321e-08	0	1
3700	 0	0.960882	6.00476e-08	0	1
3700	 -1	0.973447	3.79742e-06	1.35681e-06	1
3700	 1	1.01936	5.12835e-07	1.70894e-07	1.17795
3700	 -2	2.1991	8.35452e-07	0	1
3700	 2	2.30282	1.81663e-07	2.76793e-09	1.67033
3700	 -3	1.5305	1.5321e-06	0	1
3700	 3	1.60269	2.78272e-07	0	1
3700	 -4	2.27761	3.22935e-07	0	1
3700	 4	2.38504	1.19311e-07	0	1
3700	 -5	1.1817	4.54214e-07	0	1
3700	 5	1.23744	1.05329e-07	0	1
3800	 0	1.05845	2.05825e-08	0	1
3800	 0	1.09544	7.03855e-08	0	1
3800	 -1	1.12398	3.81037e-06	1.31523e-06	1.23798
3800	 1	1.16326	5.39355e-07	1.70155e-07	1.25898
3800	 -2	2.5442	8.58961e-07	0	1
3800	 2	2.6331	1.99327e-07	2.7181e-09	1.75045
3800	 -3	1.77595	1.57539e-06	0	1
3800	 3	1.838	3.0404e-07	0	1
3800	 -4	2.65334	3.42728e-07	0	1
3800	 4	2.74605	1.34349e-07	0	1
3800	 -5	1.38347	4.73838e-07	0	1
3800	 5	1.43181	1.19037e-07	0	1
3900	 0	1.21965	2.58337e-08	0	1
3900	 0	1.25122	8.12382e-08	0	1
3900	 -1	1.29638	3.81657e-06	1.27305e-06	1.32495
3900	 1	1.32994	5.65847e-07	1.68754e-07	1.34046
3900	 -2	2.93994	8.80891e-07	0	1
3900	 2	3.01604	2.17261e-07	2.65786e-09	1.83161
3900	 -3	2.05798	1.61532e-06	0	1
3900	 3	2.11125	3.30319e-07	0	1
3900	 -4	3.08627	3.62214e-07	0	1
3900	 4	3.16616	1.49759e-07	0	1
3900	 -5	1.61677	4.9292e-07	0	1
3900	 5	1.65863	1.33455e-07	0	1
4000	 0	1.40442	3.17797e-08	0	1
4000	 0	1.43136	9.24897e-08	0	1
4000	 -1	1.49411	3.81537e-06	1.23015e-06	1.41084
4000	 1	1.52276	5.92415e-07	1.66792e-07	1.42229
4000	 -2	3.39441	9.00999e-07	0	1
4000	 2	3.4595	2.35379e-07	2.58926e-09	1.91359
4000	 -3	2.38248	1.65147e-06	0	1
4000	 3	2.42817	3.57045e-07	0	1
4000	 -4	3.5857	3.81256e-07	0	1
4000	 4	3.65446	1.65449e-07	0	1
4000	 -5	1.88681	5.11355e-07	0	1
4000	 5	1.92299	1.48532e-07	0	1
4100	 0	1.61648	3.83997e-08	0	1
4100	 0	1.63944	1.04028e-07	0	1
4100	 -1	1.72117	3.80648e-06	1.18654e-06	1.49597
4100	 1	1.74562	6.19135e-07	1.64362e-07	1.50444
4100	 -2	3.91691	9.19119e-07	0	1
4100	 2	3.97256	2.536e-07	2.51408e-09	1.99617
4100	 -3	2.75624	1.68357e-06	0	1
4100	 3	2.7954	3.84153e-07	0	1
4100	 -4	4.16237	3.99737e-07	0	1
4100	 4	4.2215	1.81336e-07	0	1
4100	 -5	2.19959	5.29064e-07	0	1
4100	 5	2.23084	1.64214e-07	0	1
4200	 0	1.86009	4.56599e-08	0	1
4200	 0	1.87966	1.15749e-07	0	1
4200	 -1	1.98216	3.78989e-06	1.14232e-06	1.58062
4200	 1	2.00302	6.46054e-07	1.61541e-07	1.58689
4200	 -2	4.5182	9.35145e-07	0	1
4200	 2	4.56575	2.71845e-07	2.43383e-09	2.07911
4200	 -3	3.18711	1.71145e-06	0	1
4200	 3	3.22065	4.11577e-07	0	1
4200	 -4	4.82871	4.17562e-07	0	1
4200	 4	4.87953	1.97344e-07	0	1
4200	 -5	2.5621	5.4599e-07	0	1
4200	 5	2.58906	1.80442e-07	0	1
4300	 0	2.14017	5.35153e-08	0	1
4300	 0	2.15685	1.27554e-07	0	1
4300	 -1	2.2824	3.76581e-06	1.09765e-06	1.66501
4300	 1	2.30019	6.73191e-07	1.58398e-07	1.66965
4300	 -2	5.21065	9.49028e-07	0	1
4300	 2	5.25127	2.90045e-07	2.34984e-09	2.16207
4300	 -3	3.68413	1.73506e-06	0	1
4300	 3	3.71285	4.39247e-07	0	1
4300	 -4	5.59909	4.34655e-07	0	1
4300	 4	5.64275	2.13405e-07	0	1
4300	 -5	2.98242	5.62092e-07	0	1
4300	 5	3.00567	1.97157e-07	0	1
4400	 0	2.46239	6.19115e-08	0	1
4400	 0	2.47661	1.39353e-07	0	1
4400	 -1	2.62798	3.73462e-06	1.05271e-06	1.74929
4400	 1	2.64316	7.0054e-07	1.54992e-07	1.75273
4400	 -2	6.00854	9.60763e-07	0	1
4400	 2	6.04324	3.08132e-07	2.2632e-09	2.24468
4400	 -3	4.25775	1.75444e-06	0	1
4400	 3	4.28235	4.6709e-07	0	1
4400	 -4	6.49015	4.50957e-07	0	1
4400	 4	6.52764	2.29457e-07	0	1
4400	 -5	3.46992	5.77349e-07	0	1
4400	 5	3.48996	2.14294e-07	0	1
4500	 0	2.83328	7.07874e-08	0	1
4500	 0	2.8454	1.51067e-07	0	1
4500	 -1	3.02597	3.69679e-06	1.00772e-06	1.83357
4500	 1	3.03892	7.28073e-07	1.51375e-07	1.83612
4500	 -2	6.92835	9.70383e-07	0	1
4500	 2	6.958	3.26043e-07	2.17488e-09	2.32644
4500	 -3	4.92006	1.76969e-06	0	1
4500	 3	4.94111	4.95032e-07	0	1
4500	 -4	7.52112	4.66426e-07	0	1
4500	 4	7.5533	2.45442e-07	0	1
4500	 -5	4.03548	5.91748e-07	0	1
4500	 5	4.05274	2.31785e-07	0	1
4600	 0	3.26037	8.00769e-08	0	1
4600	 0	3.2707	1.62624e-07	0	1
4600	 -1	3.48449	3.65288e-06	9.62877e-07	1.91789
4600	 1	3.49553	7.55745e-07	1.4759e-07	1.91978
4600	 -2	7.98911	9.7795e-07	0	1
4600	 2	8.01444	3.43721e-07	2.08569e-09	2.40674
4600	 -3	5.685	1.78097e-06	0	1
4600	 3	5.70302	5.22994e-07	0	1
4600	 -4	8.71427	4.81035e-07	0	1
4600	 4	8.74189	2.61309e-07	0	1
4600	 -5	4.69169	6.05291e-07	0	1
4600	 5	4.70656	2.49561e-07	0	1
4700	 0	3.75234	8.9711e-08	0	1
4700	 0	3.76115	1.73961e-07	0	1
4700	 -1	4.01292	3.60352e-06	9.18388e-07	2.0022
4700	 1	4.02234	7.83496e-07	1.43678e-07	2.0036
4700	 -2	9.21279	9.83551e-07	0	1
4700	 2	9.23443	3.61113e-07	1.99633e-09	2.48487
4700	 -3	6.56871	1.78848e-06	0	1
4700	 3	6.58413	5.50899e-07	0	1
4700	 -4	10.0954	4.94769e-07	0	1
4700	 4	10.1191	2.7701e-07	0	1
4700	 -5	5.45318	6.17987e-07	0	1
4700	 5	5.46598	2.67552e-07	0	1
4800	 0	4.31922	9.96194e-08	0	1
4800	 0	4.32674	1.85024e-07	0	1
4800	 -1	4.62209	3.54934e-06	8.74442e-07	2.0864
4800	 1	4.63013	8.11253e-07	1.39671e-07	2.08743
4800	 -2	10.6248	9.8729e-07	0	1
4800	 2	10.6433	3.78169e-07	1.9074e-09	2.56001
4800	 -3	7.58984	1.79246e-06	0	1
4800	 3	7.60305	5.78667e-07	0	1
4800	 -4	11.6943	5.07625e-07	0	1
4800	 4	11.7147	2.92502e-07	0	1
4800	 -5	6.33689	6.29851e-07	0	1
4800	 5	6.34792	2.85689e-07	0	1
4900	 0	4.97259	1.09732e-07	0	1
4900	 0	4.979	1.95767e-07	0	1
4900	 -1	5.32452	3.49098e-06	8.31213e-07	2.17026
4900	 1	5.33138	8.38936e-07	1.35599e-07	2.17102
4900	 -2	12.2544	9.89284e-07	0	1
4900	 2	12.2702	3.94845e-07	1.81938e-09	2.63125
4900	 -3	8.76998	1.79316e-06	0	1
4900	 3	8.78128	6.06219e-07	0	1
4900	 -4	13.5457	5.19609e-07	0	1
4900	 4	13.5631	3.07745e-07	0	1
4900	 -5	7.36251	6.40906e-07	0	1
4900	 5	7.372	3.039e-07	0	1
5000	 0	5.7258	1.19981e-07	0	1
5000	 0	5.73127	2.06153e-07	0	1
5000	 -1	6.13464	3.42909e-06	7.88856e-07	2.25345
5000	 1	6.1405	8.6646e-07	1.31487e-07	2.25401
5000	 -2	14.1355	9.8966e-07	0	1
5000	 2	14.149	4.11102e-07	1.73272e-09	2.69765
5000	 -3	10.1341	1.79085e-06	0	1
5000	 3	10.1438	6.3348e-07	0	1
5000	 -4	15.6895	5.30737e-07	0	1
5000	 4	15.7044	3.22704e-07	0	1
5000	 -5	8.55283	6.51179e-07	0	1
5000	 5	8.561	3.22118e-07	0	1
5100	 0	6.59427	1.303e-07	0	1
5100	 0	6.59894	2.1615e-07	0	1
5100	 -1	7.06914	3.36428e-06	7.47507e-07	2.33554
5100	 1	7.07414	8.93737e-07	1.27356e-07	2.33594
5100	 -2	16.3073	9.88549e-07	0	1
5100	 2	16.3188	4.26905e-07	1.64776e-09	2.75828
5100	 -3	11.711	1.78581e-06	0	1
5100	 3	11.7193	6.60375e-07	0	1
5100	 -4	18.1721	5.41029e-07	0	1
5100	 4	18.1849	3.37348e-07	0	1
5100	 -5	9.93433	6.607e-07	0	1
5100	 5	9.94136	3.40278e-07	0	1
5200	 0	7.59583	1.40627e-07	0	1
5200	 0	7.59981	2.25735e-07	0	1
5200	 -1	8.14729	3.29715e-06	7.07281e-07	2.41594
5200	 1	8.15156	9.20676e-07	1.23226e-07	2.41623
5200	 -2	18.815	9.86086e-07	0	1
5200	 2	18.8248	4.42223e-07	1.5648e-09	2.81232
5200	 -3	13.5342	1.77832e-06	0	1
5200	 3	13.5413	6.86833e-07	0	1
5200	 -4	21.0472	5.50513e-07	0	1
5200	 4	21.0582	3.51648e-07	0	1
5200	 -5	11.5377	6.695e-07	0	1
5200	 5	11.5438	3.58315e-07	0	1
5300	 0	8.75105	1.50904e-07	0	1
5300	 0	8.75444	2.34891e-07	0	1
5300	 -1	9.39135	3.22826e-06	6.68275e-07	2.49397
5300	 1	9.395	9.4719e-07	1.19113e-07	2.49418
5300	 -2	21.711	9.82406e-07	0	1
5300	 2	21.7194	4.57031e-07	1.48409e-09	2.85911
5300	 -3	15.6422	1.76865e-06	0	1
5300	 3	15.6483	7.12789e-07	0	1
5300	 -4	24.3771	5.5922e-07	0	1
5300	 4	24.3866	3.65581e-07	0	1
5300	 -5	13.3986	6.77615e-07	0	1
5300	 5	13.4038	3.7617e-07	0	1
5400	 0	10.0837	1.61079e-07	0	1
5400	 0	10.0866	2.43605e-07	0	1
5400	 -1	10.8271	3.15813e-06	6.30566e-07	2.56881
5400	 1	10.8302	9.73194e-07	1.15029e-07	2.56896
5400	 -2	25.0558	9.7764e-07	0	1
5400	 2	25.063	4.71306e-07	1.4058e-09	2.89828
5400	 -3	18.0799	1.75707e-06	0	1
5400	 3	18.0851	7.3818e-07	0	1
5400	 -4	28.234	5.67184e-07	0	1
5400	 4	28.2421	3.79124e-07	0	1
5400	 -5	15.5584	6.8508e-07	0	1
5400	 5	15.5628	3.93787e-07	0	1
5500	 0	11.6212	1.71103e-07	0	1
5500	 0	11.6237	2.5187e-07	0	1
5500	 -1	12.4842	3.08724e-06	5.94216e-07	2.63959
5500	 1	12.4868	9.98607e-07	1.10985e-07	2.63969
5500	 -2	28.9193	9.71918e-07	0	1
5500	 2	28.9255	4.85033e-07	1.33011e-09	2.92979
5500	 -3	20.8989	1.74385e-06	0	1
5500	 3	20.9034	7.6295e-07	0	1
5500	 -4	32.7012	5.74444e-07	0	1
5500	 4	32.7082	3.92261e-07	0	1
5500	 -5	18.0649	6.91931e-07	0	1
5500	 5	18.0688	4.11115e-07	0	1
5600	 0	13.3954	1.80932e-07	0	1
5600	 0	13.3975	2.59684e-07	0	1
5600	 -1	14.397	3.01604e-06	5.59268e-07	2.70536
5600	 1	14.3993	1.02335e-06	1.0699e-07	2.70543
5600	 -2	33.3825	9.65363e-07	0	1
5600	 2	33.3878	4.98196e-07	1.25711e-09	2.954
5600	 -3	24.1592	1.72922e-06	0	1
5600	 3	24.1631	7.87049e-07	0	1
5600	 -4	37.8757	5.81037e-07	0	1
5600	 4	37.8817	4.04976e-07	0	1
5600	 -5	20.9739	6.98204e-07	0	1
5600	 5	20.9772	4.28107e-07	0	1
5700	 0	15.4428	1.9053e-07	0	1
5700	 0	15.4446	2.67048e-07	0	1
5700	 -1	16.6053	2.94493e-06	5.25753e-07	2.76524
5700	 1	16.6072	1.04736e-06	1.03052e-07	2.76528
5700	 -2	38.539	9.58095e-07	0	1
5700	 2	38.5435	5.10786e-07	1.18688e-09	2.97162
5700	 -3	27.9302	1.71342e-06	0	1
5700	 3	27.9334	8.10432e-07	0	1
5700	 -4	43.8695	5.87004e-07	0	1
5700	 4	43.8746	4.17257e-07	0	1
5700	 -5	24.3499	7.03935e-07	0	1
5700	 5	24.3528	4.4472e-07	0	1
5800	 0	17.8059	1.99863e-07	0	1
5800	 0	17.8074	2.73966e-07	0	1
5800	 -1	19.1549	2.87426e-06	4.93687e-07	2.81841
5800	 1	19.1566	1.07057e-06	9.91744e-08	2.81844
5800	 -2	44.4968	9.50224e-07	0	1
5800	 2	44.5007	5.22797e-07	1.11949e-09	2.98367
5800	 -3	32.2919	1.69666e-06	0	1
5800	 3	32.2947	8.33059e-07	0	1
5800	 -4	50.8126	5.92385e-07	0	1
5800	 4	50.817	4.29097e-07	0	1
5800	 -5	28.2678	7.09158e-07	0	1
5800	 5	28.2703	4.60918e-07	0	1
5900	 0	20.5336	2.08904e-07	0	1
5900	 0	20.5349	2.80446e-07	0	1
5900	 -1	22.099	2.80436e-06	4.63076e-07	2.86426
5900	 1	22.1004	1.09293e-06	9.5361e-08	2.86428
5900	 -2	51.3812	9.41855e-07	0	1
5900	 2	51.3845	5.34226e-07	1.05495e-09	2.99133
5900	 -3	37.3373	1.67914e-06	0	1
5900	 3	37.3397	8.54898e-07	0	1
5900	 -4	58.8556	5.97219e-07	0	1
5900	 4	58.8594	4.40487e-07	0	1
5900	 -5	32.8145	7.13909e-07	0	1
5900	 5	32.8166	4.76668e-07	0	1
6000	 0	23.6824	2.1763e-07	0	1
6000	 0	23.6836	2.86498e-07	0	1
6000	 -1	25.4989	2.7355e-06	4.33913e-07	2.90247
6000	 1	25.5001	1.11438e-06	9.16137e-08	2.90248
6000	 -2	59.3369	9.33086e-07	0	1
6000	 2	59.3397	5.45074e-07	9.93267e-10	2.9958
6000	 -3	43.174	1.66106e-06	0	1
6000	 3	43.1761	8.75922e-07	0	1
6000	 -4	68.1728	6.01545e-07	0	1
6000	 4	68.1761	4.51426e-07	0	1
6000	 -5	38.0908	7.18221e-07	0	1
6000	 5	38.0926	4.91943e-07	0	1
6100	 0	27.3179	2.26023e-07	0	1
6100	 0	27.3189	2.92134e-07	0	1
6100	 -1	29.4254	2.66793e-06	4.06186e-07	2.93306
6100	 1	29.4265	1.13488e-06	8.79329e-08	2.93306
6100	 -2	68.5313	9.24006e-07	0	1
6100	 2	68.5337	5.55343e-07	9.34425e-10	2.99818
6100	 -3	49.9263	1.64258e-06	0	1
6100	 3	49.9281	8.96109e-07	0	1
6100	 -4	78.9665	6.05402e-07	0	1
6100	 4	78.9693	4.6191e-07	0	1
6100	 -5	44.2137	7.22125e-07	0	1
6100	 5	44.2153	5.06718e-07	0	1
6200	 0	31.5156	2.34068e-07	0	1
6200	 0	31.5164	2.97367e-07	0	1
6200	 -1	33.9607	2.60185e-06	3.79871e-07	2.95641
6200	 1	33.9616	1.15441e-06	8.43177e-08	2.95642
6200	 -2	79.158	9.14696e-07	0	1
6200	 2	79.1601	5.65038e-07	8.7839e-10	2.9993
6200	 -3	57.7383	1.62384e-06	0	1
6200	 3	57.7399	9.15445e-07	0	1
6200	 -4	91.4708	6.08828e-07	0	1
6200	 4	91.4731	4.71941e-07	0	1
6200	 -5	51.3189	7.25652e-07	0	1
6200	 5	51.3202	5.20975e-07	0	1
6300	 0	36.3628	2.41756e-07	0	1
6300	 0	36.3635	3.02212e-07	0	1
6300	 -1	39.1995	2.53745e-06	3.54941e-07	2.9733
6300	 1	39.2002	1.17292e-06	8.07664e-08	2.9733
6300	 -2	91.4412	9.05233e-07	0	1
6300	 2	91.4429	5.74168e-07	8.25117e-10	2.99977
6300	 -3	66.7768	1.605e-06	0	1
6300	 3	66.7781	9.33918e-07	0	1
6300	 -4	105.957	6.11856e-07	0	1
6300	 4	105.959	4.81522e-07	0	1
6300	 -5	59.5639	7.28832e-07	0	1
6300	 5	59.565	5.34701e-07	0	1
6400	 0	41.9606	2.49079e-07	0	1
6400	 0	41.9612	3.06684e-07	0	1
6400	 -1	45.2514	2.47485e-06	3.31361e-07	2.98476
6400	 1	45.2521	1.19041e-06	7.72762e-08	2.98476
6400	 -2	105.64	8.95682e-07	0	1
6400	 2	105.641	5.82742e-07	7.74548e-10	2.99993
6400	 -3	77.2348	1.58616e-06	0	1
6400	 3	77.236	9.51522e-07	0	1
6400	 -4	122.74	6.14522e-07	0	1
6400	 4	122.742	4.90657e-07	0	1
6400	 -5	69.1313	7.31691e-07	0	1
6400	 5	69.1323	5.47884e-07	0	1
6500	 0	48.4258	2.56035e-07	0	1
6500	 0	48.4264	3.10801e-07	0	1
6500	 -1	52.2433	2.41419e-06	3.09093e-07	2.99198
6500	 1	52.2438	1.20686e-06	7.38435e-08	2.99198
6500	 -2	122.054	8.86105e-07	0	1
6500	 2	122.055	5.90772e-07	7.26614e-10	2.99998
6500	 -3	89.3359	1.56744e-06	0	1
6500	 3	89.3368	9.68258e-07	0	1
6500	 -4	142.184	6.16858e-07	0	1
6500	 4	142.185	4.99351e-07	0	1
6500	 -5	80.2331	7.34257e-07	0	1
6500	 5	80.2339	5.60518e-07	0	1
6600	 0	55.8935	2.62622e-07	0	1
6600	 0	55.8939	3.14579e-07	0	1
6600	 -1	60.3216	2.35555e-06	2.88096e-07	2.99616
6600	 1	60.3221	1.22225e-06	7.04644e-08	2.99616
6600	 -2	141.03	8.76554e-07	0	1
6600	 2	141.031	5.9827e-07	6.81241e-10	3
6600	 -3	103.339	1.54892e-06	0	1
6600	 3	103.34	9.84127e-07	0	1
6600	 -4	164.711	6.18893e-07	0	1
6600	 4	164.712	5.07613e-07	0	1
6600	 -5	93.1151	7.36553e-07	0	1
6600	 5	93.1159	5.726e-07	0	1
6700	 0	64.5197	2.68844e-07	0	1
6700	 0	64.52	3.18035e-07	0	1
6700	 -1	69.6561	2.29899e-06	2.68324e-07	2.99835
6700	 1	69.6565	1.2366e-06	6.71344e-08	2.99835
6700	 -2	162.97	8.67076e-07	0	1
6700	 2	162.971	6.05251e-07	6.38346e-10	3
6700	 -3	119.543	1.5307e-06	0	1
6700	 3	119.544	9.99138e-07	0	1
6700	 -4	190.811	6.20657e-07	0	1
6700	 4	190.812	5.15451e-07	0	1
6700	 -5	108.063	7.38602e-07	0	1
6700	 5	108.063	5.8413e-07	0	1
6800	 0	74.4849	2.74705e-07	0	1
6800	 0	74.4852	3.21186e-07	0	1
6800	 -1	80.4427	2.24457e-06	2.49731e-07	2.99938
6800	 1	80.443	1.24989e-06	6.38491e-08	2.99938
6800	 -2	188.338	8.57713e-07	0	1
6800	 2	188.339	6.1173e-07	5.97843e-10	3
6800	 -3	138.295	1.51284e-06	0	1
6800	 3	138.296	1.0133e-06	0	1
6800	 -4	221.051	6.22175e-07	0	1
6800	 4	221.052	5.22875e-07	0	1
6800	 -5	125.407	7.40426e-07	0	1
6800	 5	125.408	5.9511e-07	0	1
6900	 0	85.998	2.8021e-07	0	1
6900	 0	85.9982	3.2405e-07	0	1
6900	 -1	92.9082	2.19231e-06	2.32268e-07	2.9998
6900	 1	92.9085	1.26213e-06	6.06043e-08	2.9998
6900	 -2	217.671	8.485e-07	0	1
6900	 2	217.672	6.17723e-07	5.59641e-10	3
6900	 -3	159.998	1.49539e-06	0	1
6900	 3	159.998	1.02663e-06	0	1
6900	 -4	256.088	6.23473e-07	0	1
6900	 4	256.089	5.29895e-07	0	1
6900	 -5	145.532	7.42044e-07	0	1
6900	 5	145.532	6.05545e-07	0	1
7000	 0	99.3002	2.85368e-07	0	1
7000	 0	99.3005	3.26643e-07	0	1
7000	 -1	107.315	2.14222e-06	2.15886e-07	2.99994
7000	 1	107.315	1.27335e-06	5.73962e-08	2.99994
7000	 -2	251.592	8.39467e-07	0	1
7000	 2	251.592	6.23247e-07	5.2365e-10	3
7000	 -3	185.115	1.47841e-06	0	1
7000	 3	185.116	1.03913e-06	0	1
7000	 -4	296.685	6.24573e-07	0	1
7000	 4	296.686	5.36523e-07	0	1
7000	 -5	168.882	7.43475e-07	0	1
7000	 5	168.883	6.15444e-07	0	1
7100	 0	114.671	2.90189e-07	0	1
7100	 0	114.671	3.28982e-07	0	1
7100	 -1	123.967	2.09431e-06	2.00536e-07	2.99999
7100	 1	123.967	1.28355e-06	5.42221e-08	2.99999
7100	 -2	290.819	8.30639e-07	0	1
7100	 2	290.819	6.28318e-07	4.89774e-10	3
7100	 -3	214.186	1.46194e-06	0	1
7100	 3	214.186	1.05084e-06	0	1
7100	 -4	343.723	6.25496e-07	0	1
7100	 4	343.724	5.42771e-07	0	1
7100	 -5	195.976	7.44736e-07	0	1
7100	 5	195.976	6.24816e-07	0	1
7200	 0	132.433	2.94682e-07	0	1
7200	 0	132.433	3.31083e-07	0	1
7200	 -1	143.214	2.04854e-06	1.86168e-07	3
7200	 1	143.214	1.29275e-06	5.10802e-08	3
7200	 -2	336.185	8.22037e-07	0	1
7200	 2	336.185	6.32955e-07	4.5792e-10	3
7200	 -3	247.834	1.44599e-06	0	1
7200	 3	247.834	1.06177e-06	0	1
7200	 -4	398.226	6.26262e-07	0	1
7200	 4	398.227	5.48652e-07	0	1
7200	 -5	227.412	7.45843e-07	0	1
7200	 5	227.413	6.33671e-07	0	1
7300	 0	152.959	2.98859e-07	0	1
7300	 0	152.959	3.32962e-07	0	1
7300	 -1	165.462	2.0049e-06	1.72734e-07	3
7300	 1	165.463	1.30098e-06	4.79705e-08	3
7300	 -2	388.654	8.13678e-07	0	1
7300	 2	388.654	6.37176e-07	4.27994e-10	3
7300	 -3	286.781	1.43061e-06	0	1
7300	 3	286.781	1.07193e-06	0	1
7300	 -4	461.38	6.26888e-07	0	1
7300	 4	461.381	5.54178e-07	0	1
7300	 -5	263.887	7.46809e-07	0	1
7300	 5	263.887	6.42023e-07	0	1
7400	 0	176.682	3.02732e-07	0	1
7400	 0	176.682	3.34634e-07	0	1
7400	 -1	191.183	1.96335e-06	1.60185e-07	3
7400	 1	191.183	1.30828e-06	4.4895e-08	3
7400	 -2	449.341	8.05574e-07	0	1
7400	 2	449.341	6.40997e-07	3.99903e-10	3
7400	 -3	331.863	1.4158e-06	0	1
7400	 3	331.863	1.08136e-06	0	1
7400	 -4	534.559	6.2739e-07	0	1
7400	 4	534.559	5.59362e-07	0	1
7400	 -5	306.206	7.47649e-07	0	1
7400	 5	306.207	6.49885e-07	0	1
7500	 0	204.101	3.06315e-07	0	1
7500	 0	204.101	3.36113e-07	0	1
7500	 -1	220.917	1.92383e-06	1.48473e-07	3
7500	 1	220.918	1.31467e-06	4.18576e-08	3
7500	 -2	519.536	7.97735e-07	0	1
7500	 2	519.536	6.44437e-07	3.73554e-10	3
7500	 -3	384.049	1.40157e-06	0	1
7500	 3	384.049	1.09008e-06	0	1
7500	 -4	619.356	6.27783e-07	0	1
7500	 4	619.356	5.64218e-07	0	1
7500	 -5	355.308	7.48373e-07	0	1
7500	 5	355.308	6.57273e-07	0	1
7600	 0	235.793	3.09619e-07	0	1
7600	 0	235.793	3.37414e-07	0	1
7600	 -1	255.296	1.88631e-06	1.37552e-07	3
7600	 1	255.296	1.32019e-06	3.88648e-08	3
7600	 -2	600.734	7.90169e-07	0	1
7600	 2	600.734	6.47513e-07	3.4886e-10	3
7600	 -3	444.46	1.38792e-06	0	1
7600	 3	444.46	1.09811e-06	0	1
7600	 -4	717.616	6.2808e-07	0	1
7600	 4	717.616	5.68759e-07	0	1
7600	 -5	412.277	7.48993e-07	0	1
7600	 5	412.277	6.642e-07	0	1
7700	 0	272.428	3.12658e-07	0	1
7700	 0	272.428	3.38549e-07	0	1
7700	 -1	295.045	1.85071e-06	1.27378e-07	3
7700	 1	295.045	1.32488e-06	3.59254e-08	3
7700	 -2	694.663	7.82879e-07	0	1
7700	 2	694.663	6.50244e-07	3.25731e-10	3
7700	 -3	514.395	1.37487e-06	0	1
7700	 3	514.395	1.10549e-06	0	1
7700	 -4	831.479	6.28292e-07	0	1
7700	 4	831.479	5.72999e-07	0	1
7700	 -5	478.374	7.49519e-07	0	1
7700	 5	478.374	6.70684e-07	0	1
7800	 0	314.778	3.15446e-07	0	1
7800	 0	314.778	3.39531e-07	0	1
7800	 -1	341.006	1.81699e-06	1.17907e-07	3
7800	 1	341.006	1.3288e-06	3.30502e-08	3
7800	 -2	803.325	7.75867e-07	0	1
7800	 2	803.325	6.52647e-07	3.04083e-10	3
7800	 -3	595.357	1.3624e-06	0	1
7800	 3	595.357	1.11223e-06	0	1
7800	 -4	963.425	6.28431e-07	0	1
7800	 4	963.425	5.76949e-07	0	1
7800	 -5	555.062	7.4996e-07	0	1
7800	 5	555.062	6.76741e-07	0	1
7900	 0	363.738	3.17994e-07	0	1
7900	 0	363.738	3.40371e-07	0	1
7900	 -1	394.153	1.78507e-06	1.09098e-07	3
7900	 1	394.153	1.33198e-06	3.02523e-08	3
7900	 -2	929.035	7.69132e-07	0	1
7900	 2	929.035	6.5474e-07	2.83833e-10	3
7900	 -3	689.089	1.3505e-06	0	1
7900	 3	689.089	1.11836e-06	0	1
7900	 -4	1116.33	6.28506e-07	0	1
7900	 4	1116.33	5.80624e-07	0	1
7900	 -5	644.036	7.50324e-07	0	1
7900	 5	644.036	6.82388e-07	0	1
8000	 0	420.342	3.20317e-07	0	1
8000	 0	420.342	3.41082e-07	0	1
8000	 -1	455.613	1.75489e-06	1.00909e-07	3
8000	 1	455.613	1.33449e-06	2.75457e-08	3
8000	 -2	1074.48	7.62673e-07	0	1
8000	 2	1074.48	6.56541e-07	2.64902e-10	3
8000	 -3	797.608	1.33917e-06	0	1
8000	 3	797.608	1.12391e-06	0	1
8000	 -4	1293.52	6.28525e-07	0	1
8000	 4	1293.52	5.84036e-07	0	1
8000	 -5	747.264	7.50617e-07	0	1
8000	 5	747.264	6.87641e-07	0	1
8100	 0	485.788	3.22427e-07	0	1
8100	 0	485.788	3.41674e-07	0	1
8100	 -1	526.689	1.72637e-06	9.33025e-08	3
8100	 1	526.689	1.33636e-06	2.49452e-08	3
8100	 -2	1242.75	7.56487e-07	0	1
8100	 2	1242.75	6.58067e-07	2.47213e-10	3
8100	 -3	923.251	1.32839e-06	0	1
8100	 3	923.252	1.12892e-06	0	1
8100	 -4	1498.86	6.28495e-07	0	1
8100	 4	1498.86	5.87198e-07	0	1
8100	 -5	867.029	7.50848e-07	0	1
8100	 5	867.029	6.92517e-07	0	1
8200	 0	561.461	3.24336e-07	0	1
8200	 0	561.461	3.42156e-07	0	1
8200	 -1	608.891	1.69946e-06	8.62418e-08	3
8200	 1	608.891	1.33767e-06	2.24654e-08	3
8200	 -2	1437.45	7.50568e-07	0	1
8200	 2	1437.45	6.59336e-07	2.30694e-10	3
8200	 -3	1068.73	1.31815e-06	0	1
8200	 3	1068.73	1.1334e-06	0	1
8200	 -4	1736.82	6.28424e-07	0	1
8200	 4	1736.82	5.9012e-07	0	1
8200	 -5	1005.98	7.51021e-07	0	1
8200	 5	1005.98	6.97033e-07	0	1
8300	 0	648.964	3.26057e-07	0	1
8300	 0	648.964	3.42538e-07	0	1
8300	 -1	703.963	1.67406e-06	7.96916e-08	3
8300	 1	703.963	1.33845e-06	2.01196e-08	3
8300	 -2	1662.74	7.4491e-07	0	1
8300	 2	1662.74	6.60365e-07	2.15273e-10	3
8300	 -3	1237.16	1.30844e-06	0	1
8300	 3	1237.16	1.13739e-06	0	1
8300	 -4	2012.6	6.28316e-07	0	1
8300	 4	2012.6	5.92817e-07	0	1
8300	 -5	1167.19	7.51142e-07	0	1
8300	 5	1167.19	7.01205e-07	0	1
8400	 0	750.15	3.276e-07	0	1
8400	 0	750.15	3.42829e-07	0	1
8400	 -1	813.927	1.65012e-06	7.36188e-08	3
8400	 1	813.927	1.33878e-06	1.79193e-08	3
8400	 -2	1923.43	7.39506e-07	0	1
8400	 2	1923.43	6.61173e-07	2.00884e-10	3
8400	 -3	1432.2	1.29922e-06	0	1
8400	 3	1432.2	1.14092e-06	0	1
8400	 -4	2332.2	6.28177e-07	0	1
8400	 4	2332.2	5.95298e-07	0	1
8400	 -5	1354.22	7.51216e-07	0	1
8400	 5	1354.22	7.05051e-07	0	1
8500	 0	867.166	3.28978e-07	0	1
8500	 0	867.166	3.43036e-07	0	1
8500	 -1	941.122	1.62757e-06	6.79916e-08	3
8500	 1	941.122	1.33869e-06	1.58733e-08	3
8500	 -2	2225.09	7.34349e-07	0	1
8500	 2	2225.09	6.61777e-07	1.87462e-10	3
8500	 -3	1658.04	1.29049e-06	0	1
8500	 3	1658.04	1.14401e-06	0	1
8500	 -4	2702.59	6.28011e-07	0	1
8500	 4	2702.59	5.97575e-07	0	1
8500	 -5	1571.22	7.51246e-07	0	1
8500	 5	1571.22	7.08587e-07	0	1
8600	 0	1002.49	3.30201e-07	0	1
8600	 0	1002.49	3.43167e-07	0	1
8600	 -1	1088.25	1.60633e-06	6.27802e-08	3
8600	 1	1088.25	1.33825e-06	1.39874e-08	3
8600	 -2	2574.19	7.2943e-07	0	1
8600	 2	2574.19	6.62193e-07	1.74948e-10	3
8600	 -3	1919.55	1.28223e-06	0	1
8600	 3	1919.55	1.1467e-06	0	1
8600	 -4	3131.85	6.27822e-07	0	1
8600	 4	3131.85	5.99659e-07	0	1
8600	 -5	1822.96	7.51236e-07	0	1
8600	 5	1822.96	7.11828e-07	0	1
8700	 0	1159.01	3.31279e-07	0	1
8700	 0	1159.01	3.43229e-07	0	1
8700	 -1	1258.45	1.58634e-06	5.79562e-08	3
8700	 1	1258.45	1.3375e-06	1.2264e-08	3
8700	 -2	2978.18	7.24741e-07	0	1
8700	 2	2978.18	6.62439e-07	1.63284e-10	3
8700	 -3	2222.37	1.27441e-06	0	1
8700	 3	2222.37	1.14901e-06	0	1
8700	 -4	3629.35	6.27613e-07	0	1
8700	 4	3629.35	6.01561e-07	0	1
8700	 -5	2115.04	7.51191e-07	0	1
8700	 5	2115.04	7.14791e-07	0	1
8800	 0	1340.03	3.32222e-07	0	1
8800	 0	1340.03	3.43228e-07	0	1
8800	 -1	1455.34	1.56754e-06	5.3493e-08	3
8800	 1	1455.34	1.33648e-06	1.07025e-08	3
8800	 -2	3445.74	7.20273e-07	0	1
8800	 2	3445.74	6.62531e-07	1.52415e-10	3
8800	 -3	2573.05	1.26702e-06	0	1
8800	 3	2573.05	1.15098e-06	0	1
8800	 -4	4205.94	6.27386e-07	0	1
8800	 4	4205.94	6.03291e-07	0	1
8800	 -5	2453.89	7.51111e-07	0	1
8800	 5	2453.89	7.17491e-07	0	1
8900	 0	1549.41	3.33039e-07	0	1
8900	 0	1549.41	3.43171e-07	0	1
8900	 -1	1683.13	1.54985e-06	4.93655e-08	3
8900	 1	1683.13	1.33523e-06	9.29899e-09	3
8900	 -2	3986.86	7.16015e-07	0	1
8900	 2	3986.86	6.62485e-07	1.42288e-10	3
8900	 -3	2979.16	1.26003e-06	0	1
8900	 3	2979.16	1.15263e-06	0	1
8900	 -4	4874.2	6.27143e-07	0	1
8900	 4	4874.2	6.0486e-07	0	1
8900	 -5	2847.01	7.51e-07	0	1
8900	 5	2847.01	7.19945e-07	0	1
9000	 0	1791.61	3.33738e-07	0	1
9000	 0	1791.61	3.43062e-07	0	1
9000	 -1	1946.66	1.53321e-06	4.555e-08	3
9000	 1	1946.66	1.3338e-06	8.04706e-09	3
9000	 -2	4613.15	7.1196e-07	0	1
9000	 2	4613.15	6.62316e-07	1.32857e-10	3
9000	 -3	3449.47	1.25343e-06	0	1
9000	 3	3449.47	1.15399e-06	0	1
9000	 -4	5648.72	6.26888e-07	0	1
9000	 4	5648.72	6.06277e-07	0	1
9000	 -5	3303.09	7.50861e-07	0	1
9000	 5	3303.09	7.22167e-07	0	1
