0 0
100 0
200 0
300 0
400 0
500 1
600 0
700 0
800 0
900 0
1000 0
1100 0.326976
1200 0
1300 0.229631
1400 0
1500 0
1600 0
1700 0.137359
1800 0
1900 0.111535
2000 0
2100 0.0921729
2200 0.083875
2300 0.607928
2400 0.583973
2500 0
2600 0.53896
2700 0.517958
2800 0.49793
2900 0.478842
3000 0.460648
3100 0.443306
3200 0.426742
3300 0.410913
3400 0.395768
3500 0.381264
3600 0.367357
3700 0.358178
3800 0.391032
3900 0.393854
4000 0.395753
4100 0.39689
4200 0.397388
4300 0.397338
4400 0.396808
4500 0.395845
4600 0.394483
4700 0.392741
4800 0.390624
4900 0.38813
5000 0.385241
5100 0.381933
5200 0.378174
5300 0.373926
5400 0.369145
5500 0.363788
5600 0.357817
5700 0.351198
5800 0.343915
5900 0.335967
6000 0.327378
6100 0.318196
6200 0.308497
6300 0.298376
6400 0.287944
6500 0.277315
6600 0.266597
6700 0.255883
6800 0.245246
6900 0.234737
7000 0.224394
7100 0.21424
7200 0.204295
7300 0.194574
7400 0.185093
7500 0.175866
7600 0.166908
7700 0.158231
7800 0.149849
7900 0.141774
8000 0.134014
8100 0.126579
8200 0.119472
8300 0.112696
8400 0.106248
8500 0.100125
8600 0.094317
8700 0.0888143
8800 0.0836035
8900 0.0786704
9000 0.0740002
