0 0 0
100 3.65921e-08 0
200 2.92188e-08 0
300 2.83752e-08 0
400 2.8536e-08 0
500 4488.44 4468.72
600 242.227 165.043
700 132.04 112.601
800 99.3119 71.0621
900 27.1662 20.4651
1000 40.6488 39.8883
1100 19.889 0
1200 14.3193 14.2156
1300 9.86129 37.91
1400 6.87925 0
1500 4.46121 3.31279
1600 2.6044 0
1700 1.94825 6.09675
1800 1.2205 0.837076
1900 0.786953 1.69654
2000 0.577548 0.309332
2100 0.655556 0.907446
2200 0.662993 2.23508
2300 0.562123 0.179822
2400 0.735284 0.639988
2500 0.952948 0.614261
2600 0.944917 1.14922
2700 1.02351 1.41963
2800 1.15333 1.83982
2900 0.87205 1.38593
3000 0.950128 1.65229
3100 1.01369 1.91523
3200 1.00987 2.02437
3300 0.837621 1.73202
3400 0.809312 1.76443
3500 0.823578 1.89971
3600 0.749165 1.79589
3700 0.694455 1.72088
3800 0.705998 1.62307
3900 0.63698 1.4583
4000 0.570644 1.28549
4100 0.573907 1.30487
4200 0.484502 1.09104
4300 0.486426 1.1052
4400 0.396069 0.887845
4500 0.602643 1.4228
4600 0.535385 1.2629
4700 0.466181 1.09854
4800 0.445567 1.05948
4900 0.385781 0.916975
5000 0.269599 0.626113
5100 0.318694 0.766996
5200 0.294572 0.713718
5300 0.244696 0.594368
5400 0.337692 0.859319
5500 0.395278 1.0327
5600 0.327776 0.866279
5700 0.499264 1.37475
5800 0.391419 1.09335
5900 0.372131 1.06621
6000 0.546071 1.62992
6100 0.459478 1.40706
6200 0.392381 1.23729
6300 0.512764 1.68449
6400 0.460842 1.56802
6500 0.441546 1.56107
6600 0.462126 1.70197
6700 0.473755 1.82198
6800 0.455383 1.83159
6900 0.441909 1.85541
7000 0.407258 1.78949
7100 0.450429 2.07624
7200 0.368575 1.77982
7300 0.341689 1.7343
7400 0.545549 2.9297
7500 0.477874 2.698
7600 0.488475 2.90671
7700 0.472045 2.9616
7800 0.429993 2.85125
7900 0.384235 2.69429
8000 0.41602 3.0939
8100 0.334239 2.63356
8200 0.367417 3.06796
8300 0.305925 2.70608
8400 0.340226 3.19232
8500 0.294008 2.92762
8600 0.325224 3.4482
8700 0.325453 3.66443
8800 0.356814 4.26793
8900 0.390586 4.96484
9000 0.330183 4.46191
