0 0 nan
100 3.65921e-08 nan
200 2.92188e-08 nan
300 2.83752e-08 nan
400 2.8536e-08 nan
500 4488.44 nan
600 242.227 nan
700 132.04 nan
800 99.3119 nan
900 27.1662 nan
1000 40.6488 nan
1100 19.889 nan
1200 14.3193 nan
1300 9.86129 nan
1400 6.87925 nan
1500 4.46121 nan
1600 2.6044 nan
1700 1.94825 nan
1800 1.2205 nan
1900 0.786953 nan
2000 0.577548 nan
2100 0.655556 nan
2200 0.662993 nan
2300 0.562123 nan
2400 0.735284 0.399936
2500 0.952948 0.527244
2600 0.944917 0.998916
2700 1.02351 1.00931
2800 1.15333 1.11468
2900 0.87205 0.876063
3000 0.950128 1.05955
3100 1.01369 1.06844
3200 1.00987 1.20255
3300 0.837621 1.17616
3400 0.809312 1.1635
3500 0.823578 1.32326
3600 0.749165 1.34344
3700 0.694455 1.34617
3800 0.705998 1.39186
3900 0.63698 1.36113
4000 0.570644 1.32449
4100 0.573907 1.3734
4200 0.484502 1.33435
4300 0.486426 1.35352
4400 0.396069 1.24496
4500 0.602643 1.62698
4600 0.535385 1.54062
4700 0.466181 1.43467
4800 0.445567 1.46513
4900 0.385781 1.38922
5000 0.269599 1.21521
5100 0.318694 1.3391
5200 0.294572 1.2931
5300 0.244696 1.20732
5400 0.337692 1.43806
5500 0.395278 1.58899
5600 0.327776 1.50872
5700 0.499264 1.95177
5800 0.391419 1.78171
5900 0.372131 1.79641
6000 0.546071 2.28022
6100 0.459478 2.13203
6200 0.392381 2.07788
6300 0.512764 2.49433
6400 0.460842 2.48711
6500 0.441546 2.57177
6600 0.462126 2.76233
6700 0.473755 2.94
6800 0.455383 3.04706
6900 0.441909 3.14085
7000 0.407258 3.1699
7100 0.450429 3.50502
7200 0.368575 3.34941
7300 0.341689 3.39996
7400 0.545549 4.44485
7500 0.477874 4.35799
7600 0.488475 4.60482
7700 0.472045 4.73352
7800 0.429993 4.75802
7900 0.384235 4.80744
8000 0.41602 5.15718
8100 0.334239 5.07741
8200 0.367417 5.42004
8300 0.305925 5.46217
8400 0.340226 5.81953
8500 0.294008 5.97754
8600 0.325224 6.31917
8700 0.325453 6.63064
8800 0.356814 7.07295
8900 0.390586 7.64448
9000 0.330183 7.55957
