0 0
100 0
200 0
300 0
400 0
500 nan
600 0
700 0
800 0
900 0
1000 nan
1100 nan
1200 nan
1300 nan
1400 0
1500 0
1600 nan
1700 nan
1800 nan
1900 nan
2000 0
2100 nan
2200 nan
2300 nan
2400 nan
2500 0
2600 0.649843
2700 0.651257
2800 0.661323
2900 0.609009
3000 0.569677
3100 0.500369
3200 0.473471
3300 0.402073
3400 0.421839
3500 0.419651
3600 0.367917
3700 0.321245
3800 0.326994
3900 0.293676
4000 0.282063
4100 0.305771
4200 0.295968
4300 0.298784
4400 0.273689
4500 0.312507
4600 0.30138
4700 0.288837
4800 0.288515
4900 0.279799
5000 0.267428
5100 0.274185
5200 0.266676
5300 0.252322
5400 0.260504
5500 0.262208
5600 0.24446
5700 0.2597
5800 0.231554
5900 0.220096
6000 0.232136
6100 0.209405
6200 0.189317
6300 0.192781
6400 0.177163
6500 0.166457
6600 0.160254
6700 0.152806
6800 0.143476
6900 0.134897
7000 0.125394
7100 0.122425
7200 0.110741
7300 0.103685
7400 0.110947
7500 0.102337
7600 0.0984649
7700 0.0934677
7800 0.0878651
7900 0.0829438
8000 0.0804485
8100 0.074949
8200 0.0721938
8300 0.0677787
8400 0.0649129
8500 0.0611271
8600 0.0581635
8700 0.0550828
8800 0.0525619
8900 0.050479
9000 0.0463682
