0 0 0
100 3.65921e-08 0
200 2.92188e-08 0
300 2.83752e-08 0
400 2.8536e-08 0
500 4488.44 4455.07
600 242.227 230.138
700 132.04 99.0567
800 99.3119 57.8377
900 27.1662 15.8099
1000 40.6488 40.2382
1100 19.889 0
1200 14.3193 14.1601
1300 9.86129 7.76954
1400 6.87925 2.14606
1500 4.46121 2.52786
1600 2.6044 0.881477
1700 1.94825 0.288121
1800 1.2205 0.748639
1900 0.786953 0
2000 0.577548 0.271737
2100 0.655556 0
2200 0.662993 0.413652
2300 0.562123 0.105856
2400 0.735284 0.753166
2500 0.952948 0.488969
2600 0.944917 1.11575
2700 1.02351 1.21314
2800 1.15333 1.37276
2900 0.87205 1.21133
3000 0.950128 1.15205
3100 1.01369 1.03798
3200 1.00987 1.12218
3300 0.837621 0.99649
3400 0.809312 1.11372
3500 0.823578 1.31972
3600 0.749165 1.26561
3700 0.694455 1.17755
3800 0.705998 1.15618
3900 0.63698 1.0086
4000 0.570644 1.01011
4100 0.573907 1.19664
4200 0.484502 1.23062
4300 0.486426 1.32639
4400 0.396069 1.22921
4500 0.602643 1.53705
4600 0.535385 1.451
4700 0.466181 1.40034
4800 0.445567 1.49746
4900 0.385781 1.51248
5000 0.269599 1.52925
5100 0.318694 1.59292
5200 0.294572 1.56456
5300 0.244696 1.5346
5400 0.337692 1.67726
5500 0.395278 1.7931
5600 0.327776 1.80058
5700 0.499264 2.09485
5800 0.391419 1.97568
5900 0.372131 2.00783
6000 0.546071 2.32282
6100 0.459478 2.20849
6200 0.392381 2.21322
6300 0.512764 2.46707
6400 0.460842 2.49324
6500 0.441546 2.60703
6600 0.462126 2.76558
6700 0.473755 2.91305
6800 0.455383 3.05021
6900 0.441909 3.14498
7000 0.407258 3.22767
7100 0.450429 3.48241
7200 0.368575 3.50895
7300 0.341689 3.64216
7400 0.545549 4.13972
7500 0.477874 4.22322
7600 0.488475 4.43997
7700 0.472045 4.62246
7800 0.429993 4.82013
7900 0.384235 5.13087
8000 0.41602 5.32907
8100 0.334239 5.73503
8200 0.367417 5.88379
8300 0.305925 6.35954
8400 0.340226 6.49412
8500 0.294008 7.03233
8600 0.325224 7.12213
8700 0.325453 7.43675
8800 0.356814 7.59168
8900 0.390586 7.86723
9000 0.330183 8.2452
