0 0
100 0
200 0
300 0
400 0
500 1
600 0
700 0
800 0
900 0
1000 0
1100 0.887354
1200 0
1300 0.8043
1400 0
1500 0
1600 0
1700 0.58232
1800 0
1900 0.463827
2000 0
2100 0.355891
2200 0.305403
2300 0.601403
2400 0.508429
2500 0
2600 0.510088
2700 0.529241
2800 0.554464
2900 0.488816
3000 0.513436
3100 0.580295
3200 0.556121
3300 0.510817
3400 0.49431
3500 0.442663
3600 0.411747
3700 0.40526
3800 0.436172
3900 0.453896
4000 0.416053
4100 0.376466
4200 0.317672
4300 0.303754
4400 0.268966
4500 0.340537
4600 0.324145
4700 0.295944
4800 0.268612
4900 0.232641
5000 0.162152
5100 0.186095
5200 0.176267
5300 0.150074
5400 0.191185
5500 0.210693
5600 0.174434
5700 0.230157
5800 0.191331
5900 0.179412
6000 0.228973
6100 0.202593
6200 0.172575
6300 0.203151
6400 0.180729
6500 0.16576
6600 0.163668
6700 0.15953
6800 0.146701
6900 0.138106
7000 0.124132
7100 0.127417
7200 0.103471
7300 0.0925346
7400 0.130687
7500 0.112177
7600 0.109124
7700 0.101303
7800 0.0886065
7900 0.0744672
8000 0.077773
8100 0.0581286
8200 0.062297
8300 0.0479843
8400 0.0522657
8500 0.0417096
8600 0.0456638
8700 0.0437628
8800 0.0470006
8900 0.0496473
9000 0.0400455
