0 0
100 0
200 0
300 0
400 0
500 1
600 0
700 0
800 0
900 0
1000 0
1100 0.887354
1200 0
1300 0.8043
1400 0
1500 0
1600 0
1700 0.58232
1800 0
1900 0.463827
2000 0
2100 0.355891
2200 0.305403
2300 0.601403
2400 0.541642
2500 0
2600 0.632463
2700 0.638287
2800 0.654099
2900 0.587794
3000 0.567111
3100 0.5313
3200 0.502339
3300 0.432748
3400 0.447379
3500 0.425179
3600 0.37446
3700 0.336758
3800 0.347987
3900 0.329942
4000 0.311172
4100 0.315452
4200 0.298214
4300 0.295068
4400 0.275884
4500 0.312842
4600 0.307514
4700 0.295496
4800 0.289532
4900 0.27805
5000 0.257864
5100 0.269897
5200 0.266314
5300 0.253228
5400 0.263991
5500 0.267908
5600 0.24892
5700 0.265103
5800 0.239466
5900 0.22848
6000 0.241373
6100 0.221861
6200 0.200633
6300 0.204706
6400 0.188081
6500 0.175553
6600 0.168487
6700 0.1605
6800 0.149765
6900 0.141101
7000 0.130967
7100 0.127305
7200 0.114508
7300 0.106693
7400 0.116165
7500 0.106328
7600 0.102294
7700 0.0967959
7800 0.089965
7900 0.08304
8000 0.0815701
8100 0.0730785
8200 0.0717689
8300 0.0650416
8400 0.063704
8500 0.0581508
8600 0.0567775
8700 0.0538431
8800 0.0525536
8900 0.0513293
9000 0.0461845
