0 0 nan
100 3.65921e-08 nan
200 2.92188e-08 nan
300 2.83752e-08 nan
400 2.8536e-08 nan
500 4488.44 nan
600 242.227 nan
700 132.04 nan
800 99.3119 nan
900 27.1662 nan
1000 40.6488 nan
1100 19.889 nan
1200 14.3193 nan
1300 9.86129 nan
1400 6.87925 nan
1500 4.46121 nan
1600 2.6044 nan
1700 1.94825 nan
1800 1.2205 nan
1900 0.786953 nan
2000 0.577548 nan
2100 0.655556 nan
2200 0.662993 nan
2300 0.562123 nan
2400 0.735284 0.343498
2500 0.952948 0.559645
2600 0.944917 0.47817
2700 1.02351 0.6056
2800 1.15333 0.781753
2900 0.87205 0.631614
3000 0.950128 0.944804
3100 1.01369 1.28916
3200 1.00987 1.41827
3300 0.837621 1.4443
3400 0.809312 1.32866
3500 0.823578 1.4173
3600 0.749165 1.52918
3700 0.694455 1.68609
3800 0.705998 1.77428
3900 0.63698 1.82628
4000 0.570644 1.70636
4100 0.573907 1.59331
4200 0.484502 1.3941
4300 0.486426 1.40985
4400 0.396069 1.25321
4500 0.602643 1.74329
4600 0.535385 1.60869
4700 0.466181 1.4641
4800 0.445567 1.41011
4900 0.385781 1.25837
5000 0.269599 0.89771
5100 0.318694 1.06267
5200 0.294572 1.01244
5300 0.244696 0.885191
5400 0.337692 1.21806
5500 0.395278 1.43264
5600 0.327776 1.27088
5700 0.499264 1.85593
5800 0.391419 1.62666
5900 0.372131 1.63101
6000 0.546071 2.29661
6100 0.459478 2.13925
6200 0.392381 2.01873
6300 0.512764 2.60639
6400 0.460842 2.54898
6500 0.441546 2.60082
6600 0.462126 2.83108
6700 0.473755 3.04948
6800 0.455383 3.12804
6900 0.441909 3.22656
7000 0.407258 3.20147
7100 0.450429 3.63215
7200 0.368575 3.28362
7300 0.341689 3.25543
7400 0.545549 4.88662
7500 0.477874 4.63698
7600 0.488475 4.92857
7700 0.472045 5.01612
7800 0.429993 4.86552
7900 0.384235 4.60816
8000 0.41602 5.15559
8100 0.334239 4.44889
8200 0.367417 5.07845
8300 0.305925 4.50127
8400 0.340226 5.22743
8500 0.294008 4.79721
8600 0.325224 5.59155
8700 0.325453 5.90843
8800 0.356814 6.78845
8900 0.390586 7.73761
9000 0.330183 7.12089
