0 0 nan
100 3.65921e-08 nan
200 2.92188e-08 nan
300 2.83752e-08 nan
400 2.8536e-08 nan
500 4488.44 nan
600 242.227 nan
700 132.04 nan
800 99.3119 nan
900 27.1662 nan
1000 40.6488 nan
1100 19.889 nan
1200 14.3193 nan
1300 9.86129 nan
1400 6.87925 nan
1500 4.46121 nan
1600 2.6044 nan
1700 1.94825 nan
1800 1.2205 nan
1900 0.786953 nan
2000 0.577548 nan
2100 0.655556 nan
2200 0.662993 nan
2300 0.562123 nan
2400 0.735284 0.332856
2500 0.952948 0.572018
2600 0.944917 1.04056
2700 1.02351 1.31855
2800 1.15333 1.74658
2900 0.87205 1.30282
3000 0.950128 1.57179
3100 1.01369 1.84247
3200 1.00987 1.96091
3300 0.837621 1.6831
3400 0.809312 1.72711
3500 0.823578 1.87263
3600 0.749165 1.77702
3700 0.694455 1.72359
3800 0.705998 1.61868
3900 0.63698 1.45602
4000 0.570644 1.2805
4100 0.573907 1.29921
4200 0.484502 1.08408
4300 0.486426 1.09557
4400 0.396069 0.877553
4500 0.602643 1.40236
4600 0.535385 1.24085
4700 0.466181 1.07651
4800 0.445567 1.03592
4900 0.385781 0.895142
5000 0.269599 0.611016
5100 0.318694 0.747393
5200 0.294572 0.69547
5300 0.244696 0.579531
5400 0.337692 0.837258
5500 0.395278 1.00634
5600 0.327776 0.844574
5700 0.499264 1.33977
5800 0.391419 1.06556
5900 0.372131 1.03846
6000 0.546071 1.58597
6100 0.459478 1.36766
6200 0.392381 1.20103
6300 0.512764 1.633
6400 0.460842 1.51786
6500 0.441546 1.50902
6600 0.462126 1.64333
6700 0.473755 1.75754
6800 0.455383 1.76528
6900 0.441909 1.78646
7000 0.407258 1.7211
7100 0.450429 1.99444
7200 0.368575 1.70679
7300 0.341689 1.6595
7400 0.545549 2.79515
7500 0.477874 2.56524
7600 0.488475 2.75248
7700 0.472045 2.79173
7800 0.429993 2.67421
7900 0.384235 2.51393
8000 0.41602 2.87126
8100 0.334239 2.43194
8200 0.367417 2.82037
8300 0.305925 2.47828
8400 0.340226 2.9143
8500 0.294008 2.66622
8600 0.325224 3.13404
8700 0.325453 3.32775
8800 0.356814 3.87526
8900 0.390586 4.51015
9000 0.330183 4.05716
