0	 0	1	0	0	1
100	 0	0	0	0	1
100	 0	0	0	0	1
100	 -1	0	0	0	1
100	 1	0	0	0	1
100	 -2	0	0	0	1
100	 2	0	0	0	1
100	 -3	0	0	0	1
100	 3	0	0	0	1
100	 -4	0	0	0	1
100	 4	0	0	0	1
100	 -5	0	0	0	1
100	 5	0	0	0	1
200	 0	0	0	0	1
200	 0	0	0	0	1
200	 -1	0	0	0	1
200	 1	0	0	0	1
200	 -2	0	0	0	1
200	 2	0	0	0	1
200	 -3	0	0	0	1
200	 3	0	0	0	1
200	 -4	0	0	0	1
200	 4	0	0	0	1
200	 -5	0	0	0	1
200	 5	0	0	0	1
300	 0	0	0	0	1
300	 0	0	0	0	1
300	 -1	0	0	0	1
300	 1	0	0	0	1
300	 -2	0	0	0	1
300	 2	0	0	0	1
300	 -3	0	0	0	1
300	 3	0	0	0	1
300	 -4	0	0	0	1
300	 4	0	0	0	1
300	 -5	0	0	0	1
300	 5	0	0	0	1
400	 0	0	0	0	1
400	 0	0	0	0	1
400	 -1	0	0	0	1
400	 1	0	0	0	1
400	 -2	0	0	0	1
400	 2	0	0	0	1
400	 -3	0	0	0	1
400	 3	0	0	0	1
400	 -4	0	0	0	1
400	 4	0	0	0	1
400	 -5	0	0	0	1
400	 5	0	0	0	1
500	 0	0	0	0	1
500	 0	0	0	0	1
500	 -1	0	0	0	1
500	 1	0	0	0	1
500	 -2	0	0	0	1
500	 2	1	1.81411e-12	1.81411e-12	1
500	 -3	0	0	0	1
500	 3	0	0	0	1
500	 -4	0	0	0	1
500	 4	0	0	0	1
500	 -5	0	0	0	1
500	 5	0	0	0	1
600	 0	0	0	0	1
600	 0	0	0	0	1
600	 -1	0	0	0	1
600	 1	0	0	0	1
600	 -2	0	0	0	1
600	 2	0	0	0	1
600	 -3	0	0	0	1
600	 3	0	0	0	1
600	 -4	0	0	0	1
600	 4	0	0	0	1
600	 -5	0	0	0	1
600	 5	0	0	0	1
700	 0	0	0	0	1
700	 0	0	0	0	1
700	 -1	0	0	0	1
700	 1	0	0	0	1
700	 -2	0	0	0	1
700	 2	0	0	0	1
700	 -3	0	0	0	1
700	 3	0	0	0	1
700	 -4	0	0	0	1
700	 4	0	0	0	1
700	 -5	0	0	0	1
700	 5	0	0	0	1
800	 0	0	0	0	1
800	 0	0	0	0	1
800	 -1	0	0	0	1
800	 1	0	0	0	1
800	 -2	0	0	0	1
800	 2	0	0	0	1
800	 -3	0	0	0	1
800	 3	0	0	0	1
800	 -4	0	0	0	1
800	 4	0	0	0	1
800	 -5	0	0	0	1
800	 5	0	0	0	1
900	 0	0	0	0	1
900	 0	0	0	0	1
900	 -1	0	0	0	1
900	 1	0	0	0	1
900	 -2	0	0	0	1
900	 2	0	0	0	1
900	 -3	0	0	0	1
900	 3	0	0	0	1
900	 -4	0	0	0	1
900	 4	0	0	0	1
900	 -5	0	0	0	1
900	 5	0	0	0	1
1000	 0	0	0	0	1
1000	 0	1	1.81411e-12	0	1
1000	 -1	0	0	0	1
1000	 1	0	0	0	1
1000	 -2	0	0	0	1
1000	 2	0	0	0	1
1000	 -3	0	0	0	1
1000	 3	0	0	0	1
1000	 -4	0	0	0	1
1000	 4	0	0	0	1
1000	 -5	0	0	0	1
1000	 5	0	0	0	1
1100	 0	0	0	0	1
1100	 0	0	0	0	1
1100	 -1	0	0	0	1
1100	 1	0	0	0	1
1100	 -2	0	0	0	1
1100	 2	1	4.84186e-11	4.29644e-11	1
1100	 -3	0	0	0	1
1100	 3	0	0	0	1
1100	 -4	0	0	0	1
1100	 4	0	0	0	1
1100	 -5	0	0	0	1
1100	 5	0	0	0	1
1200	 0	0	0	0	1
1200	 0	1	6.99103e-12	0	1
1200	 -1	0	0	0	1
1200	 1	0	0	0	1
1200	 -2	0	0	0	1
1200	 2	0	0	0	1
1200	 -3	0	0	0	1
1200	 3	0	0	0	1
1200	 -4	0	0	0	1
1200	 4	1	6.99103e-12	0	1
1200	 -5	0	0	0	1
1200	 5	0	0	0	1
1300	 0	0	0	0	1
1300	 0	0	0	0	1
1300	 -1	0	0	0	1
1300	 1	0	0	0	1
1300	 -2	0	0	0	1
1300	 2	1	1.0478e-10	8.42749e-11	1
1300	 -3	0	0	0	1
1300	 3	0	0	0	1
1300	 -4	0	0	0	1
1300	 4	0	0	0	1
1300	 -5	0	0	0	1
1300	 5	0	0	0	1
1400	 0	0	0	0	1
1400	 0	0	0	0	1
1400	 -1	0	0	0	1
1400	 1	0	0	0	1
1400	 -2	0	0	0	1
1400	 2	0	0	0	1
1400	 -3	0	0	0	1
1400	 3	0	0	0	1
1400	 -4	0	0	0	1
1400	 4	0	0	0	1
1400	 -5	0	0	0	1
1400	 5	0	0	0	1
1500	 0	0	0	0	1
1500	 0	0	0	0	1
1500	 -1	0	0	0	1
1500	 1	0	0	0	1
1500	 -2	0	0	0	1
1500	 2	0	0	0	1
1500	 -3	0	0	0	1
1500	 3	0	0	0	1
1500	 -4	0	0	0	1
1500	 4	0	0	0	1
1500	 -5	0	0	0	1
1500	 5	0	0	0	1
1600	 0	0	0	0	1
1600	 0	0	0	0	1
1600	 -1	0	0	0	1
1600	 1	0	0	0	1
1600	 -2	0	0	0	1
1600	 2	0	0	0	1
1600	 -3	0	0	0	1
1600	 3	0	0	0	1
1600	 -4	0	0	0	1
1600	 4	1	4.59837e-11	0	1
1600	 -5	0	0	0	1
1600	 5	0	0	0	1
1700	 0	0	0	0	1
1700	 0	0	0	0	1
1700	 -1	0	0	0	1
1700	 1	0	0	0	1
1700	 -2	0	0	0	1
1700	 2	2	2.14547e-10	1.24935e-10	1
1700	 -3	0	0	0	1
1700	 3	0	0	0	1
1700	 -4	0	0	0	1
1700	 4	0	0	0	1
1700	 -5	0	0	0	1
1700	 5	0	0	0	1
1800	 0	0	0	0	1
1800	 0	1	9.30829e-11	0	1
1800	 -1	0	0	0	1
1800	 1	0	0	0	1
1800	 -2	0	0	0	1
1800	 2	0	0	0	1
1800	 -3	0	0	0	1
1800	 3	1	2.74613e-10	0	1
1800	 -4	0	0	0	1
1800	 4	1	9.85929e-11	0	1
1800	 -5	0	0	0	1
1800	 5	0	0	0	1
1900	 0	0	0	0	1
1900	 0	0	0	0	1
1900	 -1	0	0	0	1
1900	 1	0	0	0	1
1900	 -2	0	0	0	1
1900	 2	1	8.47598e-10	3.93139e-10	1
1900	 -3	1	3.00244e-08	0	1
1900	 3	0	0	0	1
1900	 -4	0	0	0	1
1900	 4	0	0	0	1
1900	 -5	0	0	0	1
1900	 5	0	0	0	1
2000	 0	0	0	0	1
2000	 0	0	0	0	1
2000	 -1	0	0	0	1
2000	 1	0	0	0	1
2000	 -2	0	0	0	1
2000	 2	0	0	0	1
2000	 -3	0	0	0	1
2000	 3	0	0	0	1
2000	 -4	0	0	0	1
2000	 4	0	0	0	1
2000	 -5	0	0	0	1
2000	 5	0	0	0	1
2100	 0	0	0	0	1
2100	 0	0	0	0	1
2100	 -1	0	0	0	1
2100	 1	0	0	0	1
2100	 -2	0	0	0	1
2100	 2	1	1.66389e-09	5.92161e-10	1
2100	 -3	0	0	0	1
2100	 3	2	5.13334e-10	0	1
2100	 -4	0	0	0	1
2100	 4	0	0	0	1
2100	 -5	0	0	0	1
2100	 5	0	0	0	1
2200	 0	0	0	0	1
2200	 0	0	0	0	1
2200	 -1	0	0	0	1
2200	 1	0	0	0	1
2200	 -2	0	0	0	1
2200	 2	1	2.34722e-09	7.16849e-10	1
2200	 -3	0	0	0	1
2200	 3	0	0	0	1
2200	 -4	0	0	0	1
2200	 4	0	0	0	1
2200	 -5	1	7.57682e-09	0	1
2200	 5	0	0	0	1
2300	 0	0	0	0	1
2300	 0	1	4.13938e-10	0	1
2300	 -1	1	2.94535e-07	1.77134e-07	1
2300	 1	0	0	0	1
2300	 -2	0	0	0	1
2300	 2	0	0	0	1
2300	 -3	2	5.04932e-08	0	1
2300	 3	0	0	0	1
2300	 -4	0	0	0	1
2300	 4	1	7.09828e-10	0	1
2300	 -5	0	0	0	1
2300	 5	0	0	0	1
2400	 0	0	0	0	1
2400	 0	0	0	0	1
2400	 -1	1	3.35691e-07	1.81824e-07	1
2400	 1	0	0	0	1
2400	 -2	0	0	0	1
2400	 2	0	0	0	1
2400	 -3	0	0	0	1
2400	 3	0	0	0	1
2400	 -4	1	1.80049e-08	0	1
2400	 4	0	0	0	1
2400	 -5	0	0	0	1
2400	 5	0	0	0	1
2500	 0	0	0	0	1
2500	 0	0	0	0	1
2500	 -1	0	0	0	1
2500	 1	0	0	0	1
2500	 -2	0	0	0	1
2500	 2	0	0	0	1
2500	 -3	0	0	0	1
2500	 3	0	0	0	1
2500	 -4	0	0	0	1
2500	 4	0	0	0	1
2500	 -5	0	0	0	1
2500	 5	0	0	0	1
2600	 0	0.133635	5.69526e-13	0	1
2600	 0	0.304531	3.10493e-09	0	1
2600	 -1	0.139459	4.96341e-06	3.1352e-06	1
2600	 1	0.317805	7.34397e-08	5.14527e-08	1
2600	 -2	0.304874	6.19678e-07	0	1
2600	 2	0.694756	1.38611e-08	2.05857e-09	1
2600	 -3	0.201985	1.10396e-06	0	1
2600	 3	0.46029	1.76881e-08	0	1
2600	 -4	0.281477	1.33671e-07	0	1
2600	 4	0.641438	5.11445e-09	0	1
2600	 -5	0.134529	2.53229e-07	0	1
2600	 5	0.30657	2.22801e-09	0	1
2700	 0	0.168765	3.48398e-12	0	1
2700	 0	0.32865	4.07425e-09	0	1
2700	 -1	0.1765	5.05541e-06	3.22561e-06	1
2700	 1	0.343712	8.72237e-08	5.85148e-08	1
2700	 -2	0.387509	6.15395e-07	0	1
2700	 2	0.754629	1.81986e-08	2.21789e-09	1
2700	 -3	0.258393	1.10313e-06	0	1
2700	 3	0.50319	2.38173e-08	0	1
2700	 -4	0.363192	1.44934e-07	0	1
2700	 4	0.707274	7.67679e-09	0	1
2700	 -5	0.17546	2.65505e-07	0	1
2700	 5	0.341687	3.65391e-09	0	1
2800	 0	0.209316	2.46633e-11	0	1
2800	 0	0.356222	5.56775e-09	0	1
2800	 -1	0.219339	5.35081e-06	3.50363e-06	1
2800	 1	0.373279	1.02125e-07	6.50917e-08	1
2800	 -2	0.483452	6.18033e-07	0	1
2800	 2	0.822758	2.37131e-08	2.36812e-09	1
2800	 -3	0.324268	1.11407e-06	0	1
2800	 3	0.551851	3.15781e-08	0	1
2800	 -4	0.459368	1.57272e-07	0	1
2800	 4	0.78177	1.12438e-08	0	1
2800	 -5	0.224106	2.78892e-07	0	1
2800	 5	0.381393	5.81026e-09	0	1
2900	 0	0.255502	1.00384e-10	0	1
2900	 0	0.388347	7.76283e-09	0	1
2900	 -1	0.268217	4.3053e-06	2.53128e-06	1
2900	 1	0.407673	1.17851e-07	7.07425e-08	1
2900	 -2	0.593314	5.7946e-07	0	1
2900	 2	0.901799	3.05172e-08	2.503e-09	1
2900	 -3	0.400105	1.06516e-06	0	1
2900	 3	0.608133	4.11078e-08	0	1
2900	 -4	0.570887	1.70715e-07	0	1
2900	 4	0.867711	1.59654e-08	0	1
2900	 -5	0.281023	2.93447e-07	0	1
2900	 5	0.427137	8.8675e-09	0	1
3000	 0	0.307677	2.85228e-10	0	1
3000	 0	0.426187	1.08094e-08	0	1
3000	 -1	0.323523	4.60805e-06	2.61653e-06	1
3000	 1	0.448137	1.34074e-07	7.50701e-08	1
3000	 -2	0.718027	6.71989e-07	0	1
3000	 2	0.994595	3.86532e-08	2.61738e-09	1
3000	 -3	0.486616	1.21142e-06	0	1
3000	 3	0.674049	5.24593e-08	0	1
3000	 -4	0.698937	1.85222e-07	0	1
3000	 4	0.968152	2.19332e-08	0	1
3000	 -5	0.346916	3.09086e-07	0	1
3000	 5	0.48054	1.29644e-08	0	1
3100	 0	0.366392	6.47717e-10	0	1
3100	 0	0.47094	1.48118e-08	0	1
3100	 -1	0.385853	5.03473e-06	2.67942e-06	1
3100	 1	0.495955	1.50492e-07	7.77828e-08	1
3100	 -2	0.858993	8.29766e-07	0	1
3100	 2	1.1041	4.80936e-08	2.70786e-09	1.22704
3100	 -3	0.584834	1.45314e-06	0	1
3100	 3	0.751714	6.56034e-08	0	1
3100	 -4	0.845177	2.00684e-07	0	1
3100	 4	1.08634	2.91747e-08	0	1
3100	 -5	0.42273	3.25625e-07	0	1
3100	 5	0.543354	1.81971e-08	0	1
3200	 0	0.432432	1.26557e-09	0	1
3200	 0	0.523844	1.98203e-08	0	1
3200	 -1	0.456051	5.11385e-06	2.57609e-06	1
3200	 1	0.552456	1.66871e-07	7.87308e-08	1
3200	 -2	1.01817	9.05772e-07	0	1
3200	 2	1.2334	5.87515e-08	2.77308e-09	1.29468
3200	 -3	0.696179	1.57395e-06	0	1
3200	 3	0.843344	8.04447e-08	0	1
3200	 -4	1.01184	2.16956e-07	0	1
3200	 4	1.22574	3.76585e-08	0	1
3200	 -5	0.509713	3.42837e-07	0	1
3200	 5	0.617461	2.46154e-08	0	1
3300	 0	0.506828	2.22088e-09	0	1
3300	 0	0.586198	2.58322e-08	0	1
3300	 -1	0.535223	4.93128e-06	2.13775e-06	1
3300	 1	0.619039	1.83073e-07	7.79136e-08	1
3300	 -2	1.19811	1.01474e-06	0	1
3300	 2	1.38574	7.04984e-08	2.81341e-09	1.36535
3300	 -3	0.822495	1.74229e-06	0	1
3300	 3	0.951299	9.68422e-08	0	1
3300	 -4	1.20182	2.3386e-07	0	1
3300	 4	1.39003	4.73065e-08	0	1
3300	 -5	0.609458	3.6047e-07	0	1
3300	 5	0.7049	3.22253e-08	0	1
3400	 0	0.590863	3.59527e-09	0	1
3400	 0	0.659411	3.27994e-08	0	1
3400	 -1	0.624744	4.491e-06	2.02312e-06	1
3400	 1	0.697223	1.99052e-07	7.54631e-08	1
3400	 -2	1.402	8.84804e-07	0	1
3400	 2	1.56465	8.31827e-08	2.83051e-09	1.43864
3400	 -3	0.966074	1.56286e-06	0	1
3400	 3	1.07815	1.1463e-07	0	1
3400	 -4	1.41868	2.51209e-07	0	1
3400	 4	1.58326	5.80087e-08	0	1
3400	 -5	0.723932	3.78289e-07	0	1
3400	 5	0.807918	4.09962e-08	0	1
3500	 0	0.686078	5.46537e-09	0	1
3500	 0	0.745042	4.06394e-08	0	1
3500	 -1	0.72627	4.64384e-06	1.99231e-06	1
3500	 1	0.788689	2.14841e-07	7.16126e-08	1
3500	 -2	1.63367	9.28957e-07	0	1
3500	 2	1.77407	9.66446e-08	2.8268e-09	1.51414
3500	 -3	1.12967	1.63638e-06	0	1
3500	 3	1.22676	1.33633e-07	0	1
3500	 -4	1.66672	2.68816e-07	0	1
3500	 4	1.80997	6.96364e-08	0	1
3500	 -5	0.855507	3.96079e-07	0	1
3500	 5	0.929034	5.08678e-08	0	1
3600	 0	0.794287	7.8988e-09	0	1
3600	 0	0.844859	4.92462e-08	0	1
3600	 -1	0.841749	4.75359e-06	1.79755e-06	1
3600	 1	0.895343	2.30533e-07	6.66605e-08	1
3600	 -2	1.89761	1.01203e-06	0	1
3600	 2	2.01843	1.10728e-07	2.80503e-09	1.59148
3600	 -3	1.31655	1.74394e-06	0	1
3600	 3	1.40037	1.53675e-07	0	1
3600	 -4	1.95105	2.72191e-07	0	1
3600	 4	2.07527	8.20521e-08	0	1
3600	 -5	1.007	3.85928e-07	0	1
3600	 5	1.07111	6.17577e-08	0	1
3700	 0	0.917601	1.09509e-08	0	1
3700	 0	0.960882	5.84998e-08	0	1
3700	 -1	0.973447	4.86308e-06	1.65047e-06	1
3700	 1	1.01936	2.46252e-07	6.09372e-08	1.17795
3700	 -2	2.1991	1.07075e-06	0	1
3700	 2	2.30282	1.25284e-07	2.76793e-09	1.67033
3700	 -3	1.5305	1.87269e-06	0	1
3700	 3	1.60269	1.74589e-07	0	1
3700	 -4	2.27761	3.14266e-07	0	1
3700	 4	2.38504	9.51163e-08	0	1
3700	 -5	1.1817	4.50457e-07	0	1
3700	 5	1.23744	7.35675e-08	0	1
3800	 0	1.05845	1.46623e-08	0	1
3800	 0	1.09544	6.82745e-08	0	1
3800	 -1	1.12398	4.88109e-06	1.48941e-06	1.23798
3800	 1	1.16326	2.62141e-07	5.47762e-08	1.25898
3800	 -2	2.5442	1.05807e-06	0	1
3800	 2	2.6331	1.4018e-07	2.7181e-09	1.75045
3800	 -3	1.77595	1.93014e-06	0	1
3800	 3	1.838	1.96213e-07	0	1
3800	 -4	2.65334	3.77522e-07	0	1
3800	 4	2.74605	1.08691e-07	0	1
3800	 -5	1.38347	5.55095e-07	0	1
3800	 5	1.43181	8.61879e-08	0	1
3900	 0	1.21965	1.90574e-08	0	1
3900	 0	1.25122	7.84447e-08	0	1
3900	 -1	1.29638	4.78522e-06	1.31639e-06	1.32495
3900	 1	1.32994	2.78343e-07	4.84919e-08	1.34046
3900	 -2	2.93994	1.14192e-06	0	1
3900	 2	3.01604	1.55295e-07	2.65786e-09	1.83161
3900	 -3	2.05798	2.08596e-06	0	1
3900	 3	2.11125	2.18397e-07	0	1
3900	 -4	3.08627	4.14243e-07	0	1
3900	 4	3.16616	1.22646e-07	0	1
3900	 -5	1.61677	6.08366e-07	0	1
3900	 5	1.65863	9.95046e-08	0	1
4000	 0	1.40442	2.41438e-08	0	1
4000	 0	1.43136	8.88903e-08	0	1
4000	 -1	1.49411	4.68906e-06	1.15728e-06	1.41084
4000	 1	1.52276	2.94991e-07	4.23648e-08	1.42229
4000	 -2	3.39441	1.11902e-06	0	1
4000	 2	3.4595	1.70524e-07	2.58926e-09	1.91359
4000	 -3	2.38248	2.09246e-06	0	1
4000	 3	2.42817	2.41e-07	0	1
4000	 -4	3.5857	4.53308e-07	0	1
4000	 4	3.65446	1.36857e-07	0	1
4000	 -5	1.88681	6.66023e-07	0	1
4000	 5	1.92299	1.13402e-07	0	1
4100	 0	1.61648	2.99119e-08	0	1
4100	 0	1.63944	9.94993e-08	0	1
4100	 -1	1.72117	4.57006e-06	1.09772e-06	1.49597
4100	 1	1.74562	3.12208e-07	3.66322e-08	1.50444
4100	 -2	3.91691	1.13203e-06	0	1
4100	 2	3.97256	1.85777e-07	2.51408e-09	1.99617
4100	 -3	2.75624	2.05947e-06	0	1
4100	 3	2.7954	2.63896e-07	0	1
4100	 -4	4.16237	4.32316e-07	0	1
4100	 4	4.2215	1.51211e-07	0	1
4100	 -5	2.19959	6.10056e-07	0	1
4100	 5	2.23084	1.27766e-07	0	1
4200	 0	1.86009	3.63357e-08	0	1
4200	 0	1.87966	1.1017e-07	0	1
4200	 -1	1.98216	4.3909e-06	9.5081e-07	1.58062
4200	 1	2.00302	3.30099e-07	3.14837e-08	1.58689
4200	 -2	4.5182	1.10851e-06	0	1
4200	 2	4.56575	2.00976e-07	2.43383e-09	2.07911
4200	 -3	3.18711	2.07908e-06	0	1
4200	 3	3.22065	2.86969e-07	0	1
4200	 -4	4.82871	4.74818e-07	0	1
4200	 4	4.87953	1.65606e-07	0	1
4200	 -5	2.5621	6.85713e-07	0	1
4200	 5	2.58906	1.42494e-07	0	1
4300	 0	2.14017	4.33743e-08	0	1
4300	 0	2.15685	1.20812e-07	0	1
4300	 -1	2.2824	4.38081e-06	8.99998e-07	1.66501
4300	 1	2.30019	3.48758e-07	2.7062e-08	1.66965
4300	 -2	5.21065	1.15651e-06	0	1
4300	 2	5.25127	2.10738e-07	2.34984e-09	2.16207
4300	 -3	3.68413	2.19761e-06	0	1
4300	 3	3.71285	3.02596e-07	0	1
4300	 -4	5.59909	5.31271e-07	0	1
4300	 4	5.64275	1.75001e-07	0	1
4300	 -5	2.98242	7.58164e-07	0	1
4300	 5	3.00567	1.57487e-07	0	1
4400	 0	2.46239	5.0973e-08	0	1
4400	 0	2.47661	1.31352e-07	0	1
4400	 -1	2.62798	4.24805e-06	7.78061e-07	1.74929
4400	 1	2.64316	3.68265e-07	2.34657e-08	1.75273
4400	 -2	6.00854	1.16465e-06	0	1
4400	 2	6.04324	2.34792e-07	2.2632e-09	2.24468
4400	 -3	4.25775	2.26201e-06	0	1
4400	 3	4.28235	3.38655e-07	0	1
4400	 -4	6.49015	5.97961e-07	0	1
4400	 4	6.52764	1.9771e-07	0	1
4400	 -5	3.46992	8.3338e-07	0	1
4400	 5	3.48996	1.72666e-07	0	1
4500	 0	2.83328	5.90655e-08	0	1
4500	 0	2.8454	1.41727e-07	0	1
4500	 -1	3.02597	4.34558e-06	8.83337e-07	1.83357
4500	 1	3.03892	3.88693e-07	2.07544e-08	1.83612
4500	 -2	6.92835	1.18583e-06	0	1
4500	 2	6.958	2.67026e-07	2.17488e-09	2.32644
4500	 -3	4.92006	2.22148e-06	0	1
4500	 3	4.94111	3.86396e-07	0	1
4500	 -4	7.52112	5.65684e-07	0	1
4500	 4	7.5533	2.27875e-07	0	1
4500	 -5	4.03548	7.58009e-07	0	1
4500	 5	4.05274	1.87963e-07	0	1
4600	 0	3.26037	6.75764e-08	0	1
4600	 0	3.2707	1.51887e-07	0	1
4600	 -1	3.48449	4.07213e-06	7.83624e-07	1.91789
4600	 1	3.49553	4.10106e-07	1.89548e-08	1.91978
4600	 -2	7.98911	1.15098e-06	0	1
4600	 2	8.01444	2.89267e-07	2.08569e-09	2.40674
4600	 -3	5.685	2.19532e-06	0	1
4600	 3	5.70302	4.20201e-07	0	1
4600	 -4	8.71427	6.18853e-07	0	1
4600	 4	8.74189	2.45513e-07	0	1
4600	 -5	4.69169	7.97105e-07	0	1
4600	 5	4.70656	1.97388e-07	0	1
4700	 0	3.75234	7.64241e-08	0	1
4700	 0	3.76115	1.54371e-07	0	1
4700	 -1	4.01292	3.90434e-06	6.93442e-07	2.0022
4700	 1	4.02234	4.25616e-07	1.80661e-08	2.0036
4700	 -2	9.21279	1.16355e-06	0	1
4700	 2	9.23443	3.06373e-07	1.99633e-09	2.48487
4700	 -3	6.56871	2.18629e-06	0	1
4700	 3	6.58413	4.51206e-07	0	1
4700	 -4	10.0954	6.17626e-07	0	1
4700	 4	10.1191	2.69801e-07	0	1
4700	 -5	5.45318	7.76469e-07	0	1
4700	 5	5.46598	2.22933e-07	0	1
4800	 0	4.31922	8.55236e-08	0	1
4800	 0	4.32674	1.70312e-07	0	1
4800	 -1	4.62209	3.80486e-06	6.38901e-07	2.0864
4800	 1	4.63013	4.55057e-07	1.80652e-08	2.08743
4800	 -2	10.6248	1.18263e-06	0	1
4800	 2	10.6433	3.13832e-07	1.9074e-09	2.56001
4800	 -3	7.58984	2.20806e-06	0	1
4800	 3	7.60305	4.57365e-07	0	1
4800	 -4	11.6943	6.42907e-07	0	1
4800	 4	11.7147	2.82682e-07	0	1
4800	 -5	6.33689	7.82451e-07	0	1
4800	 5	6.34792	2.53089e-07	0	1
4900	 0	4.97259	9.47892e-08	0	1
4900	 0	4.979	2.15241e-07	0	1
4900	 -1	5.32452	3.65305e-06	5.6824e-07	2.17026
4900	 1	5.33138	5.12959e-07	1.891e-08	2.17102
4900	 -2	12.2544	1.18561e-06	0	1
4900	 2	12.2702	3.67187e-07	1.81938e-09	2.63125
4900	 -3	8.76998	2.1952e-06	0	1
4900	 3	8.78128	5.21287e-07	0	1
4900	 -4	13.5457	6.64645e-07	0	1
4900	 4	13.5631	3.26954e-07	0	1
4900	 -5	7.36251	7.74267e-07	0	1
4900	 5	7.372	2.84235e-07	0	1
5000	 0	5.7258	1.02588e-07	0	1
5000	 0	5.73127	2.55755e-07	0	1
5000	 -1	6.13464	3.45263e-06	4.79284e-07	2.25345
5000	 1	6.1405	5.66134e-07	2.05417e-08	2.25401
5000	 -2	14.1355	1.13333e-06	0	1
5000	 2	14.149	4.05515e-07	1.73272e-09	2.69765
5000	 -3	10.1341	2.10508e-06	0	1
5000	 3	10.1438	5.71646e-07	0	1
5000	 -4	15.6895	6.35985e-07	0	1
5000	 4	15.7044	3.64863e-07	0	1
5000	 -5	8.55283	7.64078e-07	0	1
5000	 5	8.561	3.25073e-07	0	1
5100	 0	6.59427	1.13149e-07	0	1
5100	 0	6.59894	2.91102e-07	0	1
5100	 -1	7.06914	3.27472e-06	4.67435e-07	2.33554
5100	 1	7.07414	6.19107e-07	2.28858e-08	2.33594
5100	 -2	16.3073	1.08353e-06	0	1
5100	 2	16.3188	4.42922e-07	1.64776e-09	2.75828
5100	 -3	11.711	2.01045e-06	0	1
5100	 3	11.7193	6.18153e-07	0	1
5100	 -4	18.1721	6.28451e-07	0	1
5100	 4	18.1849	3.81048e-07	0	1
5100	 -5	9.93433	7.47908e-07	0	1
5100	 5	9.94136	3.26112e-07	0	1
5200	 0	7.59583	1.28669e-07	0	1
5200	 0	7.59981	2.89544e-07	0	1
5200	 -1	8.14729	3.0969e-06	4.2549e-07	2.41594
5200	 1	8.15156	6.45777e-07	2.58526e-08	2.41623
5200	 -2	18.815	1.07236e-06	0	1
5200	 2	18.8248	4.23111e-07	1.5648e-09	2.81232
5200	 -3	13.5342	1.95279e-06	0	1
5200	 3	13.5413	6.11273e-07	0	1
5200	 -4	21.0472	6.2357e-07	0	1
5200	 4	21.0582	3.76164e-07	0	1
5200	 -5	11.5377	7.18476e-07	0	1
5200	 5	11.5438	3.61545e-07	0	1
5300	 0	8.75105	1.45937e-07	0	1
5300	 0	8.75444	2.85449e-07	0	1
5300	 -1	9.39135	2.97968e-06	3.77944e-07	2.49397
5300	 1	9.395	6.75154e-07	2.93367e-08	2.49418
5300	 -2	21.711	1.05064e-06	0	1
5300	 2	21.7194	4.40881e-07	1.48409e-09	2.85911
5300	 -3	15.6422	1.91838e-06	0	1
5300	 3	15.6483	6.38168e-07	0	1
5300	 -4	24.3771	6.40464e-07	0	1
5300	 4	24.3866	3.91698e-07	0	1
5300	 -5	13.3986	7.35869e-07	0	1
5300	 5	13.4038	3.73247e-07	0	1
5400	 0	10.0837	1.66029e-07	0	1
5400	 0	10.0866	3.11678e-07	0	1
5400	 -1	10.8271	2.888e-06	3.77573e-07	2.56881
5400	 1	10.8302	7.39504e-07	3.32177e-08	2.56896
5400	 -2	25.0558	1.02002e-06	0	1
5400	 2	25.063	4.74692e-07	1.4058e-09	2.89828
5400	 -3	18.0799	1.8543e-06	0	1
5400	 3	18.0851	6.89392e-07	0	1
5400	 -4	28.234	6.31038e-07	0	1
5400	 4	28.2421	4.18876e-07	0	1
5400	 -5	15.5584	7.36542e-07	0	1
5400	 5	15.5628	4.03003e-07	0	1
5500	 0	11.6212	1.7961e-07	0	1
5500	 0	11.6237	3.27305e-07	0	1
5500	 -1	12.4842	2.77398e-06	3.63149e-07	2.63959
5500	 1	12.4868	7.89109e-07	3.73611e-08	2.63969
5500	 -2	28.9193	9.69134e-07	0	1
5500	 2	28.9255	4.90675e-07	1.33011e-09	2.92979
5500	 -3	20.8989	1.76673e-06	0	1
5500	 3	20.9034	7.18958e-07	0	1
5500	 -4	32.7012	6.2948e-07	0	1
5500	 4	32.7082	4.27098e-07	0	1
5500	 -5	18.0649	7.34274e-07	0	1
5500	 5	18.0688	4.17605e-07	0	1
5600	 0	13.3954	1.94303e-07	0	1
5600	 0	13.3975	3.23199e-07	0	1
5600	 -1	14.397	2.67237e-06	3.15829e-07	2.70536
5600	 1	14.3993	8.23654e-07	4.16204e-08	2.70543
5600	 -2	33.3825	9.7407e-07	0	1
5600	 2	33.3878	4.89907e-07	1.25711e-09	2.954
5600	 -3	24.1592	1.74187e-06	0	1
5600	 3	24.1631	7.33886e-07	0	1
5600	 -4	37.8757	6.22308e-07	0	1
5600	 4	37.8817	4.30476e-07	0	1
5600	 -5	20.9739	7.16635e-07	0	1
5600	 5	20.9772	4.38905e-07	0	1
5700	 0	15.4428	2.09756e-07	0	1
5700	 0	15.4446	3.19486e-07	0	1
5700	 -1	16.6053	2.61444e-06	3.28348e-07	2.76524
5700	 1	16.6072	8.61405e-07	4.58416e-08	2.76528
5700	 -2	38.539	9.41031e-07	0	1
5700	 2	38.5435	4.99757e-07	1.18688e-09	2.97162
5700	 -3	27.9302	1.70229e-06	0	1
5700	 3	27.9334	7.57361e-07	0	1
5700	 -4	43.8695	6.33205e-07	0	1
5700	 4	43.8746	4.40102e-07	0	1
5700	 -5	24.3499	7.43424e-07	0	1
5700	 5	24.3528	4.56028e-07	0	1
5800	 0	17.8059	2.24461e-07	0	1
5800	 0	17.8074	3.29238e-07	0	1
5800	 -1	19.1549	2.51113e-06	2.76223e-07	2.81841
5800	 1	19.1566	9.12459e-07	4.98678e-08	2.81844
5800	 -2	44.4968	9.29263e-07	0	1
5800	 2	44.5007	5.17277e-07	1.11949e-09	2.98367
5800	 -3	32.2919	1.6667e-06	0	1
5800	 3	32.2947	7.89997e-07	0	1
5800	 -4	50.8126	6.29119e-07	0	1
5800	 4	50.817	4.52567e-07	0	1
5800	 -5	28.2678	7.401e-07	0	1
5800	 5	28.2703	4.75005e-07	0	1
5900	 0	20.5336	2.35555e-07	0	1
5900	 0	20.5349	3.33202e-07	0	1
5900	 -1	22.099	2.4008e-06	2.47193e-07	2.86426
5900	 1	22.1004	9.5479e-07	5.35462e-08	2.86428
5900	 -2	51.3812	9.06836e-07	0	1
5900	 2	51.3845	5.25589e-07	1.05495e-09	2.99133
5900	 -3	37.3373	1.62249e-06	0	1
5900	 3	37.3397	8.13269e-07	0	1
5900	 -4	58.8556	6.2691e-07	0	1
5900	 4	58.8594	4.60208e-07	0	1
5900	 -5	32.8145	7.39281e-07	0	1
5900	 5	32.8166	4.94594e-07	0	1
6000	 0	23.6824	2.45811e-07	0	1
6000	 0	23.6836	3.32367e-07	0	1
6000	 -1	25.4989	2.33531e-06	2.55283e-07	2.90247
6000	 1	25.5001	9.9184e-07	5.6735e-08	2.90248
6000	 -2	59.3369	8.85418e-07	0	1
6000	 2	59.3397	5.35908e-07	9.93267e-10	2.9958
6000	 -3	43.174	1.57595e-06	0	1
6000	 3	43.1761	8.38319e-07	0	1
6000	 -4	68.1728	6.18311e-07	0	1
6000	 4	68.1761	4.68724e-07	0	1
6000	 -5	38.0908	7.33189e-07	0	1
6000	 5	38.0926	5.09298e-07	0	1
6100	 0	27.3179	2.55923e-07	0	1
6100	 0	27.3189	3.32076e-07	0	1
6100	 -1	29.4254	2.21282e-06	2.17064e-07	2.93306
6100	 1	29.4265	1.02906e-06	5.93111e-08	2.93306
6100	 -2	68.5313	8.53578e-07	0	1
6100	 2	68.5337	5.43319e-07	9.34425e-10	2.99818
6100	 -3	49.9263	1.53142e-06	0	1
6100	 3	49.9281	8.5985e-07	0	1
6100	 -4	78.9665	6.23202e-07	0	1
6100	 4	78.9693	4.74729e-07	0	1
6100	 -5	44.2137	7.45349e-07	0	1
6100	 5	44.2153	5.24368e-07	0	1
6200	 0	31.5156	2.64467e-07	0	1
6200	 0	31.5164	3.29717e-07	0	1
6200	 -1	33.9607	2.17079e-06	1.86237e-07	2.95641
6200	 1	33.9616	1.06196e-06	6.11764e-08	2.95642
6200	 -2	79.158	8.61928e-07	0	1
6200	 2	79.1601	5.51265e-07	8.7839e-10	2.9993
6200	 -3	57.7383	1.52348e-06	0	1
6200	 3	57.7399	8.82152e-07	0	1
6200	 -4	91.4708	6.16245e-07	0	1
6200	 4	91.4731	4.81675e-07	0	1
6200	 -5	51.3189	7.34618e-07	0	1
6200	 5	51.3202	5.3809e-07	0	1
6300	 0	36.3628	2.71909e-07	0	1
6300	 0	36.3635	3.26615e-07	0	1
6300	 -1	39.1995	2.10307e-06	1.853e-07	2.9733
6300	 1	39.2002	1.09189e-06	6.22638e-08	2.9733
6300	 -2	91.4412	8.36844e-07	0	1
6300	 2	91.4429	5.56439e-07	8.25117e-10	2.99977
6300	 -3	66.7768	1.48866e-06	0	1
6300	 3	66.7781	9.00119e-07	0	1
6300	 -4	105.957	6.23225e-07	0	1
6300	 4	105.959	4.87718e-07	0	1
6300	 -5	59.5639	7.4389e-07	0	1
6300	 5	59.565	5.53187e-07	0	1
6400	 0	41.9606	2.78168e-07	0	1
6400	 0	41.9612	3.27178e-07	0	1
6400	 -1	45.2514	2.04184e-06	1.61301e-07	2.98476
6400	 1	45.2521	1.12248e-06	6.25401e-08	2.98476
6400	 -2	105.64	8.24296e-07	0	1
6400	 2	105.641	5.71794e-07	7.74548e-10	2.99993
6400	 -3	77.2348	1.46239e-06	0	1
6400	 3	77.236	9.29484e-07	0	1
6400	 -4	122.74	6.21112e-07	0	1
6400	 4	122.742	4.99794e-07	0	1
6400	 -5	69.1313	7.41986e-07	0	1
6400	 5	69.1323	5.64639e-07	0	1
6500	 0	48.4258	2.83195e-07	0	1
6500	 0	48.4264	3.26737e-07	0	1
6500	 -1	52.2433	1.99227e-06	1.44157e-07	2.99198
6500	 1	52.2438	1.14904e-06	6.20082e-08	2.99198
6500	 -2	122.054	8.1386e-07	0	1
6500	 2	122.055	5.76825e-07	7.26614e-10	2.99998
6500	 -3	89.3359	1.43538e-06	0	1
6500	 3	89.3368	9.46279e-07	0	1
6500	 -4	142.184	6.12949e-07	0	1
6500	 4	142.185	5.05846e-07	0	1
6500	 -5	80.2331	7.34552e-07	0	1
6500	 5	80.2339	5.79409e-07	0	1
6600	 0	55.8935	2.87161e-07	0	1
6600	 0	55.8939	3.26211e-07	0	1
6600	 -1	60.3216	1.93195e-06	1.33549e-07	2.99616
6600	 1	60.3221	1.17237e-06	6.07053e-08	2.99616
6600	 -2	141.03	8.03808e-07	0	1
6600	 2	141.031	5.84023e-07	6.81241e-10	3
6600	 -3	103.339	1.41599e-06	0	1
6600	 3	103.34	9.635e-07	0	1
6600	 -4	164.711	6.1742e-07	0	1
6600	 4	164.712	5.11386e-07	0	1
6600	 -5	93.1151	7.33749e-07	0	1
6600	 5	93.1159	5.8872e-07	0	1
6700	 0	64.5197	2.90955e-07	0	1
6700	 0	64.52	3.25649e-07	0	1
6700	 -1	69.6561	1.88214e-06	1.23383e-07	2.99835
6700	 1	69.6565	1.19345e-06	5.86999e-08	2.99835
6700	 -2	162.97	7.85401e-07	0	1
6700	 2	162.971	5.89196e-07	6.38346e-10	3
6700	 -3	119.543	1.38598e-06	0	1
6700	 3	119.544	9.79284e-07	0	1
6700	 -4	190.811	6.14151e-07	0	1
6700	 4	190.812	5.19877e-07	0	1
6700	 -5	108.063	7.33519e-07	0	1
6700	 5	108.063	6.05511e-07	0	1
6800	 0	74.4849	2.93818e-07	0	1
6800	 0	74.4852	3.30985e-07	0	1
6800	 -1	80.4427	1.84191e-06	1.11679e-07	2.99938
6800	 1	80.443	1.21687e-06	5.60861e-08	2.99938
6800	 -2	188.338	7.77482e-07	0	1
6800	 2	188.339	6.02364e-07	5.97843e-10	3
6800	 -3	138.295	1.36875e-06	0	1
6800	 3	138.296	1.00055e-06	0	1
6800	 -4	221.051	6.08723e-07	0	1
6800	 4	221.052	5.28926e-07	0	1
6800	 -5	125.407	7.30473e-07	0	1
6800	 5	125.408	6.13536e-07	0	1
6900	 0	85.998	2.96595e-07	0	1
6900	 0	85.9982	3.35518e-07	0	1
6900	 -1	92.9082	1.78357e-06	1.01833e-07	2.9998
6900	 1	92.9085	1.2374e-06	5.2977e-08	2.9998
6900	 -2	217.671	7.58957e-07	0	1
6900	 2	217.672	6.07369e-07	5.59641e-10	3
6900	 -3	159.998	1.34187e-06	0	1
6900	 3	159.998	1.01492e-06	0	1
6900	 -4	256.088	6.09618e-07	0	1
6900	 4	256.089	5.34085e-07	0	1
6900	 -5	145.532	7.32538e-07	0	1
6900	 5	145.532	6.25687e-07	0	1
7000	 0	99.3002	2.98661e-07	0	1
7000	 0	99.3005	3.32531e-07	0	1
7000	 -1	107.315	1.73965e-06	9.16001e-08	2.99994
7000	 1	107.315	1.24816e-06	4.94965e-08	2.99994
7000	 -2	251.592	7.46992e-07	0	1
7000	 2	251.592	6.10804e-07	5.2365e-10	3
7000	 -3	185.115	1.31849e-06	0	1
7000	 3	185.116	1.02652e-06	0	1
7000	 -4	296.685	6.04872e-07	0	1
7000	 4	296.686	5.38465e-07	0	1
7000	 -5	168.882	7.27734e-07	0	1
7000	 5	168.883	6.33228e-07	0	1
7100	 0	114.671	3.01941e-07	0	1
7100	 0	114.671	3.31489e-07	0	1
7100	 -1	123.967	1.70725e-06	8.87507e-08	2.99999
7100	 1	123.967	1.26038e-06	4.57719e-08	2.99999
7100	 -2	290.819	7.38649e-07	0	1
7100	 2	290.819	6.15393e-07	4.89774e-10	3
7100	 -3	214.186	1.30278e-06	0	1
7100	 3	214.186	1.03893e-06	0	1
7100	 -4	343.723	6.0241e-07	0	1
7100	 4	343.724	5.43159e-07	0	1
7100	 -5	195.976	7.27296e-07	0	1
7100	 5	195.976	6.40673e-07	0	1
7200	 0	132.433	3.04606e-07	0	1
7200	 0	132.433	3.30546e-07	0	1
7200	 -1	143.214	1.66951e-06	7.71653e-08	3
7200	 1	143.214	1.27042e-06	4.19262e-08	3
7200	 -2	336.185	7.3161e-07	0	1
7200	 2	336.185	6.1847e-07	4.5792e-10	3
7200	 -3	247.834	1.29215e-06	0	1
7200	 3	247.834	1.04927e-06	0	1
7200	 -4	398.226	6.05331e-07	0	1
7200	 4	398.227	5.46635e-07	0	1
7200	 -5	227.412	7.29708e-07	0	1
7200	 5	227.413	6.47332e-07	0	1
7300	 0	152.959	3.06751e-07	0	1
7300	 0	152.959	3.27851e-07	0	1
7300	 -1	165.462	1.63767e-06	7.07565e-08	3
7300	 1	165.463	1.27673e-06	3.80719e-08	3
7300	 -2	388.654	7.24316e-07	0	1
7300	 2	388.654	6.20753e-07	4.27994e-10	3
7300	 -3	286.781	1.27857e-06	0	1
7300	 3	286.781	1.05854e-06	0	1
7300	 -4	461.38	6.04565e-07	0	1
7300	 4	461.381	5.50984e-07	0	1
7300	 -5	263.887	7.28649e-07	0	1
7300	 5	263.887	6.54758e-07	0	1
7400	 0	176.682	3.08686e-07	0	1
7400	 0	176.682	3.27294e-07	0	1
7400	 -1	191.183	1.62434e-06	7.9659e-08	3
7400	 1	191.183	1.28335e-06	3.43063e-08	3
7400	 -2	449.341	7.18669e-07	0	1
7400	 2	449.341	6.2525e-07	3.99903e-10	3
7400	 -3	331.863	1.26435e-06	0	1
7400	 3	331.863	1.06884e-06	0	1
7400	 -4	534.559	6.00656e-07	0	1
7400	 4	534.559	5.55797e-07	0	1
7400	 -5	306.206	7.24174e-07	0	1
7400	 5	306.207	6.60237e-07	0	1
7500	 0	204.101	3.10267e-07	0	1
7500	 0	204.101	3.27841e-07	0	1
7500	 -1	220.917	1.5874e-06	7.11098e-08	3
7500	 1	220.918	1.28926e-06	3.07081e-08	3
7500	 -2	519.536	7.09838e-07	0	1
7500	 2	519.536	6.27579e-07	3.73554e-10	3
7500	 -3	384.049	1.25195e-06	0	1
7500	 3	384.049	1.07648e-06	0	1
7500	 -4	619.356	6.0339e-07	0	1
7500	 4	619.356	5.5918e-07	0	1
7500	 -5	355.308	7.25908e-07	0	1
7500	 5	355.308	6.6625e-07	0	1
7600	 0	235.793	3.11346e-07	0	1
7600	 0	235.793	3.26698e-07	0	1
7600	 -1	255.296	1.56486e-06	6.77379e-08	3
7600	 1	255.296	1.29176e-06	2.73364e-08	3
7600	 -2	600.734	7.05416e-07	0	1
7600	 2	600.734	6.29898e-07	3.4886e-10	3
7600	 -3	444.46	1.24208e-06	0	1
7600	 3	444.46	1.08381e-06	0	1
7600	 -4	717.616	6.01159e-07	0	1
7600	 4	717.616	5.63408e-07	0	1
7600	 -5	412.277	7.23318e-07	0	1
7600	 5	412.277	6.71926e-07	0	1
7700	 0	272.428	3.12567e-07	0	1
7700	 0	272.428	3.27097e-07	0	1
7700	 -1	295.045	1.53997e-06	6.31321e-08	3
7700	 1	295.045	1.29471e-06	2.42303e-08	3
7700	 -2	694.663	6.97871e-07	0	1
7700	 2	694.663	6.32078e-07	3.25731e-10	3
7700	 -3	514.395	1.22809e-06	0	1
7700	 3	514.395	1.08968e-06	0	1
7700	 -4	831.479	5.9858e-07	0	1
7700	 4	831.479	5.66715e-07	0	1
7700	 -5	478.374	7.20946e-07	0	1
7700	 5	478.374	6.76605e-07	0	1
7800	 0	314.778	3.13649e-07	0	1
7800	 0	314.778	3.28332e-07	0	1
7800	 -1	341.006	1.5154e-06	5.76421e-08	3
7800	 1	341.006	1.29729e-06	2.14111e-08	3
7800	 -2	803.325	6.93155e-07	0	1
7800	 2	803.325	6.34236e-07	3.04083e-10	3
7800	 -3	595.357	1.22022e-06	0	1
7800	 3	595.357	1.09549e-06	0	1
7800	 -4	963.425	6.00277e-07	0	1
7800	 4	963.425	5.69717e-07	0	1
7800	 -5	555.062	7.20846e-07	0	1
7800	 5	555.062	6.80697e-07	0	1
7900	 0	363.738	3.14529e-07	0	1
7900	 0	363.738	3.27543e-07	0	1
7900	 -1	394.153	1.49734e-06	5.23965e-08	3
7900	 1	394.153	1.29691e-06	1.8884e-08	3
7900	 -2	929.035	6.88662e-07	0	1
7900	 2	929.035	6.3505e-07	2.83833e-10	3
7900	 -3	689.089	1.2116e-06	0	1
7900	 3	689.089	1.09984e-06	0	1
7900	 -4	1116.33	5.97605e-07	0	1
7900	 4	1116.33	5.72925e-07	0	1
7900	 -5	644.036	7.19364e-07	0	1
7900	 5	644.036	6.85398e-07	0	1
8000	 0	420.342	3.15582e-07	0	1
8000	 0	420.342	3.27937e-07	0	1
8000	 -1	455.613	1.47853e-06	5.07852e-08	3
8000	 1	455.613	1.29712e-06	1.66416e-08	3
8000	 -2	1074.48	6.825e-07	0	1
8000	 2	1074.48	6.36621e-07	2.64902e-10	3
8000	 -3	797.608	1.20092e-06	0	1
8000	 3	797.608	1.10372e-06	0	1
8000	 -4	1293.52	5.96194e-07	0	1
8000	 4	1293.52	5.75013e-07	0	1
8000	 -5	747.264	7.18239e-07	0	1
8000	 5	747.264	6.87439e-07	0	1
8100	 0	485.788	3.16655e-07	0	1
8100	 0	485.788	3.2774e-07	0	1
8100	 -1	526.689	1.45879e-06	4.46746e-08	3
8100	 1	526.689	1.29626e-06	1.46672e-08	3
8100	 -2	1242.75	6.79471e-07	0	1
8100	 2	1242.75	6.35851e-07	2.47213e-10	3
8100	 -3	923.251	1.19498e-06	0	1
8100	 3	923.252	1.10557e-06	0	1
8100	 -4	1498.86	5.97136e-07	0	1
8100	 4	1498.86	5.76311e-07	0	1
8100	 -5	867.029	7.17666e-07	0	1
8100	 5	867.029	6.90843e-07	0	1
8200	 0	561.461	3.17453e-07	0	1
8200	 0	561.461	3.26055e-07	0	1
8200	 -1	608.891	1.4434e-06	4.32517e-08	3
8200	 1	608.891	1.29327e-06	1.29376e-08	3
8200	 -2	1437.45	6.74855e-07	0	1
8200	 2	1437.45	6.35586e-07	2.30694e-10	3
8200	 -3	1068.73	1.18661e-06	0	1
8200	 3	1068.73	1.10734e-06	0	1
8200	 -4	1736.82	5.95373e-07	0	1
8200	 4	1736.82	5.78256e-07	0	1
8200	 -5	1005.98	7.16449e-07	0	1
8200	 5	1005.98	6.93411e-07	0	1
8300	 0	648.964	3.18458e-07	0	1
8300	 0	648.964	3.26642e-07	0	1
8300	 -1	703.963	1.42581e-06	3.85507e-08	3
8300	 1	703.963	1.29231e-06	1.14263e-08	3
8300	 -2	1662.74	6.69368e-07	0	1
8300	 2	1662.74	6.36591e-07	2.15273e-10	3
8300	 -3	1237.16	1.17903e-06	0	1
8300	 3	1237.16	1.1099e-06	0	1
8300	 -4	2012.6	5.95437e-07	0	1
8300	 4	2012.6	5.80056e-07	0	1
8300	 -5	1167.19	7.17507e-07	0	1
8300	 5	1167.19	6.95081e-07	0	1
8400	 0	750.15	3.19107e-07	0	1
8400	 0	750.15	3.26479e-07	0	1
8400	 -1	813.927	1.41588e-06	3.72803e-08	3
8400	 1	813.927	1.29004e-06	1.01058e-08	3
8400	 -2	1923.43	6.66625e-07	0	1
8400	 2	1923.43	6.3566e-07	2.00884e-10	3
8400	 -3	1432.2	1.17333e-06	0	1
8400	 3	1432.2	1.11057e-06	0	1
8400	 -4	2332.2	5.95151e-07	0	1
8400	 4	2332.2	5.8092e-07	0	1
8400	 -5	1354.22	7.16251e-07	0	1
8400	 5	1354.22	6.97147e-07	0	1
8500	 0	867.166	3.19592e-07	0	1
8500	 0	867.166	3.24914e-07	0	1
8500	 -1	941.122	1.40401e-06	3.35823e-08	3
8500	 1	941.122	1.28613e-06	8.94951e-09	3
8500	 -2	2225.09	6.64309e-07	0	1
8500	 2	2225.09	6.34306e-07	1.87462e-10	3
8500	 -3	1658.04	1.16894e-06	0	1
8500	 3	1658.04	1.11035e-06	0	1
8500	 -4	2702.59	5.94345e-07	0	1
8500	 4	2702.59	5.81736e-07	0	1
8500	 -5	1571.22	7.15583e-07	0	1
8500	 5	1571.22	6.9874e-07	0	1
8600	 0	1002.49	3.20203e-07	0	1
8600	 0	1002.49	3.24781e-07	0	1
8600	 -1	1088.25	1.39492e-06	3.23599e-08	3
8600	 1	1088.25	1.28364e-06	7.93288e-09	3
8600	 -2	2574.19	6.60282e-07	0	1
8600	 2	2574.19	6.34361e-07	1.74948e-10	3
8600	 -3	1919.55	1.16441e-06	0	1
8600	 3	1919.55	1.11132e-06	0	1
8600	 -4	3131.85	5.95161e-07	0	1
8600	 4	3131.85	5.82946e-07	0	1
8600	 -5	1822.96	7.17303e-07	0	1
8600	 5	1822.96	6.99785e-07	0	1
8700	 0	1159.01	3.20541e-07	0	1
8700	 0	1159.01	3.24612e-07	0	1
8700	 -1	1258.45	1.38618e-06	3.03073e-08	3
8700	 1	1258.45	1.28081e-06	7.03437e-09	3
8700	 -2	2978.18	6.58701e-07	0	1
8700	 2	2978.18	6.33388e-07	1.63284e-10	3
8700	 -3	2222.37	1.16132e-06	0	1
8700	 3	2222.37	1.11123e-06	0	1
8700	 -4	3629.35	5.94806e-07	0	1
8700	 4	3629.35	5.83655e-07	0	1
8700	 -5	2115.04	7.16791e-07	0	1
8700	 5	2115.04	7.01219e-07	0	1
8800	 0	1340.03	3.20668e-07	0	1
8800	 0	1340.03	3.23801e-07	0	1
8800	 -1	1455.34	1.37582e-06	2.91437e-08	3
8800	 1	1455.34	1.2772e-06	6.23568e-09	3
8800	 -2	3445.74	6.556e-07	0	1
8800	 2	3445.74	6.32206e-07	1.52415e-10	3
8800	 -3	2573.05	1.15627e-06	0	1
8800	 3	2573.05	1.1106e-06	0	1
8800	 -4	4205.94	5.94257e-07	0	1
8800	 4	4205.94	5.84151e-07	0	1
8800	 -5	2453.89	7.16125e-07	0	1
8800	 5	2453.89	7.02096e-07	0	1
8900	 0	1549.41	3.20827e-07	0	1
8900	 0	1549.41	3.23447e-07	0	1
8900	 -1	1683.13	1.36715e-06	2.80622e-08	3
8900	 1	1683.13	1.27412e-06	5.52175e-09	3
8900	 -2	3986.86	6.53064e-07	0	1
8900	 2	3986.86	6.31333e-07	1.42288e-10	3
8900	 -3	2979.16	1.15263e-06	0	1
8900	 3	2979.16	1.1102e-06	0	1
8900	 -4	4874.2	5.94266e-07	0	1
8900	 4	4874.2	5.84769e-07	0	1
8900	 -5	2847.01	7.1617e-07	0	1
8900	 5	2847.01	7.03001e-07	0	1
9000	 0	1791.61	3.20819e-07	0	1
9000	 0	1791.61	3.23222e-07	0	1
9000	 -1	1946.66	1.35611e-06	2.49455e-08	3
9000	 1	1946.66	1.27111e-06	4.88054e-09	3
9000	 -2	4613.15	6.50107e-07	0	1
9000	 2	4613.15	6.30579e-07	1.32857e-10	3
9000	 -3	3449.47	1.14878e-06	0	1
9000	 3	3449.47	1.10987e-06	0	1
9000	 -4	5648.72	5.94138e-07	0	1
9000	 4	5648.72	5.85402e-07	0	1
9000	 -5	3303.09	7.16395e-07	0	1
9000	 5	3303.09	7.0377e-07	0	1
