0 0 6.3136e-22 0
100 9.28092e-19 9.93743e-22 2.89466e-25
200 1.54742e-18 1.54262e-21 1.44782e-25
300 2.16721e-18 2.36176e-21 9.65765e-26
400 2.78763e-18 3.56615e-21 7.249e-26
500 3.40884e-18 5.31071e-21 5.80514e-26
600 4.03091e-18 7.8e-21 4.84368e-26
700 4.65389e-18 1.12986e-20 4.15787e-26
800 5.27773e-18 1.61416e-20 3.64436e-26
900 5.90233e-18 2.27434e-20 3.24572e-26
1000 6.5275e-18 3.16048e-20 2.92749e-26
1100 7.15293e-18 4.33152e-20 2.66775e-26
1200 7.77829e-18 5.85486e-20 2.45188e-26
1300 8.40314e-18 7.80516e-20 2.26977e-26
1400 9.027e-18 1.02621e-19 2.11418e-26
1500 9.64939e-18 1.3307e-19 1.97982e-26
1600 1.02698e-17 1.70181e-19 1.86271e-26
1700 1.0888e-17 2.14651e-19 1.75982e-26
1800 1.15038e-17 2.6702e-19 1.66878e-26
1900 1.2117e-17 3.27599e-19 1.58773e-26
2000 1.27282e-17 3.96398e-19 1.51518e-26
2100 1.33379e-17 4.73053e-19 1.44992e-26
2200 1.39475e-17 5.56772e-19 1.39096e-26
2300 1.45586e-17 6.46301e-19 1.33749e-26
2400 2.47588e-17 7.39915e-19 1.28882e-26
2500 1.78374e-17 8.35448e-19 1.2444e-26
2600 1.86763e-17 9.30354e-19 1.20374e-26
2700 2.15496e-17 1.02181e-18 1.16642e-26
2800 2.54576e-17 1.10684e-18 1.1321e-26
2900 2.19674e-17 1.18249e-18 1.10048e-26
3000 2.60479e-17 1.24599e-18 1.07129e-26
3100 3.0969e-17 1.29491e-18 1.04431e-26
3200 3.33297e-17 1.32737e-18 1.01933e-26
3300 3.22852e-17 1.34211e-18 9.96194e-27
3400 3.04647e-17 1.33866e-18 9.74739e-27
3500 3.30808e-17 1.31732e-18 9.54831e-27
3600 3.41632e-17 1.27924e-18 9.36351e-27
3700 3.53897e-17 1.22633e-18 9.19193e-27
3800 3.56683e-17 1.16123e-18 9.03263e-27
3900 3.38331e-17 1.08719e-18 8.88477e-27
4000 3.14813e-17 1.00799e-18 8.7476e-27
4100 3.11703e-17 9.27813e-19 8.62044e-27
4200 2.72703e-17 8.51185e-19 8.5027e-27
4300 2.75892e-17 7.82923e-19 8.39383e-27
4400 2.3321e-17 7.28114e-19 8.29335e-27
4500 3.23913e-17 6.92136e-19 8.20082e-27
4600 2.86163e-17 6.80704e-19 8.11586e-27
4700 2.53108e-17 6.99923e-19 8.03811e-27
4800 2.42778e-17 7.56334e-19 7.96726e-27
4900 2.12294e-17 8.56926e-19 7.90304e-27
5000 1.49688e-17 1.00909e-18 7.84518e-27
5100 1.69054e-17 1.22048e-18 7.79348e-27
5200 1.5178e-17 1.49877e-18 7.74772e-27
5300 1.23849e-17 1.85132e-18 7.70775e-27
5400 1.67448e-17 2.28467e-18 7.67341e-27
5500 1.89956e-17 2.80403e-18 7.64458e-27
5600 1.5651e-17 3.41258e-18 7.62114e-27
5700 2.31749e-17 4.11085e-18 7.603e-27
5800 1.82954e-17 4.89615e-18 7.59009e-27
5900 1.701e-17 5.762e-18 7.58235e-27
6000 2.47907e-17 6.69791e-18 7.57975e-27
6100 2.06149e-17 7.68926e-18 7.58227e-27
6200 1.75527e-17 8.7176e-18 7.58989e-27
6300 2.35636e-17 9.76118e-18 7.60262e-27
6400 2.12918e-17 1.07959e-17 7.62048e-27
6500 2.06597e-17 1.17963e-17 7.64352e-27
6600 2.21658e-17 1.27371e-17 7.67179e-27
6700 2.34793e-17 1.35949e-17 7.70536e-27
6800 2.33585e-17 1.43489e-17 7.74431e-27
6900 2.32717e-17 1.49829e-17 7.78874e-27
7000 2.19837e-17 1.54861e-17 7.83877e-27
7100 2.62472e-17 1.58536e-17 7.89454e-27
7200 2.16585e-17 1.60869e-17 7.9562e-27
7300 2.08941e-17 1.61933e-17 8.02392e-27
7400 3.779e-17 1.61855e-17 8.09789e-27
7500 3.48479e-17 1.60805e-17 8.17831e-27
7600 3.75269e-17 1.5898e-17 8.26543e-27
7700 3.81818e-17 1.56594e-17 8.35949e-27
7800 3.67608e-17 1.53857e-17 8.46077e-27
7900 3.47794e-17 1.50965e-17 8.56958e-27
8000 3.95952e-17 1.48089e-17 8.68624e-27
8100 3.36846e-17 1.45361e-17 8.81111e-27
8200 3.90418e-17 1.42874e-17 8.94457e-27
8300 3.43146e-17 1.40677e-17 9.08704e-27
8400 4.04102e-17 1.38778e-17 9.23897e-27
8500 3.70758e-17 1.37148e-17 9.40086e-27
8600 4.34439e-17 1.35727e-17 9.57322e-27
8700 4.60316e-17 1.34432e-17 9.75661e-27
8800 5.27298e-17 1.33168e-17 9.95165e-27
8900 6.00073e-17 1.31833e-17 1.0159e-26
9000 5.49676e-17 1.30326e-17 1.03793e-26
