0	 0	1	0	0	1
100	 0	0	0	nan	1
100	 0	0	0	nan	1
100	 -1	0	0	nan	1
100	 1	0	0	nan	1
100	 -2	0	0	nan	1
100	 2	0	0	nan	1
100	 -3	0	0	nan	1
100	 3	0	0	nan	1
100	 -4	0	0	nan	1
100	 4	0	0	nan	1
100	 -5	0	0	nan	1
100	 5	0	0	nan	1
200	 0	0	0	nan	1
200	 0	0	0	nan	1
200	 -1	0	0	nan	1
200	 1	0	0	nan	1
200	 -2	0	0	nan	1
200	 2	0	0	nan	1
200	 -3	0	0	nan	1
200	 3	0	0	nan	1
200	 -4	0	0	nan	1
200	 4	0	0	nan	1
200	 -5	0	0	nan	1
200	 5	0	0	nan	1
300	 0	0	0	nan	1
300	 0	0	0	nan	1
300	 -1	0	0	nan	1
300	 1	0	0	nan	1
300	 -2	0	0	nan	1
300	 2	0	0	nan	1
300	 -3	0	0	nan	1
300	 3	0	0	nan	1
300	 -4	0	0	nan	1
300	 4	0	0	nan	1
300	 -5	0	0	nan	1
300	 5	0	0	nan	1
400	 0	0	0	nan	1
400	 0	0	0	nan	1
400	 -1	0	0	nan	1
400	 1	0	0	nan	1
400	 -2	0	0	nan	1
400	 2	0	0	nan	1
400	 -3	0	0	nan	1
400	 3	0	0	nan	1
400	 -4	0	0	nan	1
400	 4	0	0	nan	1
400	 -5	0	0	nan	1
400	 5	0	0	nan	1
500	 0	0	0	nan	1
500	 0	0	0	nan	1
500	 -1	0	0	nan	1
500	 1	0	0	nan	1
500	 -2	0	0	nan	1
500	 2	1	1.81411e-12	1.81411e-12	1
500	 -3	0	0	nan	1
500	 3	0	0	nan	1
500	 -4	0	0	nan	1
500	 4	0	0	nan	1
500	 -5	0	0	nan	1
500	 5	0	0	nan	1
600	 0	0	0	nan	1
600	 0	0	0	nan	1
600	 -1	0	0	nan	1
600	 1	0	0	nan	1
600	 -2	0	0	nan	1
600	 2	0	0	nan	1
600	 -3	0	0	nan	1
600	 3	0	0	nan	1
600	 -4	0	0	nan	1
600	 4	0	0	nan	1
600	 -5	0	0	nan	1
600	 5	0	0	nan	1
700	 0	0	0	nan	1
700	 0	0	0	nan	1
700	 -1	0	0	nan	1
700	 1	0	0	nan	1
700	 -2	0	0	nan	1
700	 2	0	0	nan	1
700	 -3	0	0	nan	1
700	 3	0	0	nan	1
700	 -4	0	0	nan	1
700	 4	0	0	nan	1
700	 -5	0	0	nan	1
700	 5	0	0	nan	1
800	 0	0	0	nan	1
800	 0	0	0	nan	1
800	 -1	0	0	nan	1
800	 1	0	0	nan	1
800	 -2	0	0	nan	1
800	 2	0	0	nan	1
800	 -3	0	0	nan	1
800	 3	0	0	nan	1
800	 -4	0	0	nan	1
800	 4	0	0	nan	1
800	 -5	0	0	nan	1
800	 5	0	0	nan	1
900	 0	0	0	nan	1
900	 0	0	0	nan	1
900	 -1	0	0	nan	1
900	 1	0	0	nan	1
900	 -2	0	0	nan	1
900	 2	0	0	nan	1
900	 -3	0	0	nan	1
900	 3	0	0	nan	1
900	 -4	0	0	nan	1
900	 4	0	0	nan	1
900	 -5	0	0	nan	1
900	 5	0	0	nan	1
1000	 0	0	0	nan	1
1000	 0	1	1.81411e-12	0	1
1000	 -1	0	0	nan	1
1000	 1	0	0	nan	1
1000	 -2	0	0	nan	1
1000	 2	0	0	nan	1
1000	 -3	0	0	nan	1
1000	 3	0	0	nan	1
1000	 -4	0	0	nan	1
1000	 4	0	0	nan	1
1000	 -5	0	0	nan	1
1000	 5	0	0	nan	1
1100	 0	0	0	nan	1
1100	 0	0	0	nan	1
1100	 -1	0	0	nan	1
1100	 1	0	0	nan	1
1100	 -2	0	0	nan	1
1100	 2	1	4.84186e-11	4.29644e-11	1
1100	 -3	0	0	nan	1
1100	 3	0	0	nan	1
1100	 -4	0	0	nan	1
1100	 4	0	0	nan	1
1100	 -5	0	0	nan	1
1100	 5	0	0	nan	1
1200	 0	0	0	nan	1
1200	 0	1	6.99103e-12	0	1
1200	 -1	0	0	nan	1
1200	 1	0	0	nan	1
1200	 -2	0	0	nan	1
1200	 2	0	0	nan	1
1200	 -3	0	0	nan	1
1200	 3	0	0	nan	1
1200	 -4	0	0	nan	1
1200	 4	1	6.99103e-12	0	1
1200	 -5	0	0	nan	1
1200	 5	0	0	nan	1
1300	 0	0	0	nan	1
1300	 0	0	0	nan	1
1300	 -1	0	0	nan	1
1300	 1	0	0	nan	1
1300	 -2	0	0	nan	1
1300	 2	1	1.0478e-10	8.42749e-11	1
1300	 -3	0	0	nan	1
1300	 3	0	0	nan	1
1300	 -4	0	0	nan	1
1300	 4	0	0	nan	1
1300	 -5	0	0	nan	1
1300	 5	0	0	nan	1
1400	 0	0	0	nan	1
1400	 0	0	0	nan	1
1400	 -1	0	0	nan	1
1400	 1	0	0	nan	1
1400	 -2	0	0	nan	1
1400	 2	0	0	nan	1
1400	 -3	0	0	nan	1
1400	 3	0	0	nan	1
1400	 -4	0	0	nan	1
1400	 4	0	0	nan	1
1400	 -5	0	0	nan	1
1400	 5	0	0	nan	1
1500	 0	0	0	nan	1
1500	 0	0	0	nan	1
1500	 -1	0	0	nan	1
1500	 1	0	0	nan	1
1500	 -2	0	0	nan	1
1500	 2	0	0	nan	1
1500	 -3	0	0	nan	1
1500	 3	0	0	nan	1
1500	 -4	0	0	nan	1
1500	 4	0	0	nan	1
1500	 -5	0	0	nan	1
1500	 5	0	0	nan	1
1600	 0	0	0	nan	1
1600	 0	0	0	nan	1
1600	 -1	0	0	nan	1
1600	 1	0	0	nan	1
1600	 -2	0	0	nan	1
1600	 2	0	0	nan	1
1600	 -3	0	0	nan	1
1600	 3	0	0	nan	1
1600	 -4	0	0	nan	1
1600	 4	1	4.59837e-11	0	1
1600	 -5	0	0	nan	1
1600	 5	0	0	nan	1
1700	 0	0	0	nan	1
1700	 0	0	0	nan	1
1700	 -1	0	0	nan	1
1700	 1	0	0	nan	1
1700	 -2	0	0	nan	1
1700	 2	2	2.14547e-10	1.24935e-10	1
1700	 -3	0	0	nan	1
1700	 3	0	0	nan	1
1700	 -4	0	0	nan	1
1700	 4	0	0	nan	1
1700	 -5	0	0	nan	1
1700	 5	0	0	nan	1
1800	 0	0	0	nan	1
1800	 0	1	9.30829e-11	0	1
1800	 -1	0	0	nan	1
1800	 1	0	0	nan	1
1800	 -2	0	0	nan	1
1800	 2	0	0	nan	1
1800	 -3	0	0	nan	1
1800	 3	1	2.74613e-10	0	1
1800	 -4	0	0	nan	1
1800	 4	1	9.85929e-11	0	1
1800	 -5	0	0	nan	1
1800	 5	0	0	nan	1
1900	 0	0	0	nan	1
1900	 0	0	0	nan	1
1900	 -1	0	0	nan	1
1900	 1	0	0	nan	1
1900	 -2	0	0	nan	1
1900	 2	1	8.47598e-10	3.93139e-10	1
1900	 -3	1	3.00244e-08	0	1
1900	 3	0	0	nan	1
1900	 -4	0	0	nan	1
1900	 4	0	0	nan	1
1900	 -5	0	0	nan	1
1900	 5	0	0	nan	1
2000	 0	0	0	nan	1
2000	 0	0	0	nan	1
2000	 -1	0	0	nan	1
2000	 1	0	0	nan	1
2000	 -2	0	0	nan	1
2000	 2	0	0	nan	1
2000	 -3	0	0	nan	1
2000	 3	0	0	nan	1
2000	 -4	0	0	nan	1
2000	 4	0	0	nan	1
2000	 -5	0	0	nan	1
2000	 5	0	0	nan	1
2100	 0	0	0	nan	1
2100	 0	0	0	nan	1
2100	 -1	0	0	nan	1
2100	 1	0	0	nan	1
2100	 -2	0	0	nan	1
2100	 2	1	1.66389e-09	5.92161e-10	1
2100	 -3	0	0	nan	1
2100	 3	2	5.13334e-10	0	1
2100	 -4	0	0	nan	1
2100	 4	0	0	nan	1
2100	 -5	0	0	nan	1
2100	 5	0	0	nan	1
2200	 0	0	0	nan	1
2200	 0	0	0	nan	1
2200	 -1	0	0	nan	1
2200	 1	0	0	nan	1
2200	 -2	0	0	nan	1
2200	 2	1	2.34722e-09	7.16849e-10	1
2200	 -3	0	0	nan	1
2200	 3	0	0	nan	1
2200	 -4	0	0	nan	1
2200	 4	0	0	nan	1
2200	 -5	1	7.57682e-09	0	1
2200	 5	0	0	nan	1
2300	 0	0	0	nan	1
2300	 0	1	4.13938e-10	0	1
2300	 -1	1	2.94535e-07	1.77134e-07	1
2300	 1	0	0	nan	1
2300	 -2	0	0	nan	1
2300	 2	0	0	nan	1
2300	 -3	2	5.04932e-08	0	1
2300	 3	0	0	nan	1
2300	 -4	0	0	nan	1
2300	 4	1	7.09828e-10	0	1
2300	 -5	0	0	nan	1
2300	 5	0	0	nan	1
2400	 0	0	0	nan	1
2400	 0	0	0	nan	1
2400	 -1	1	3.21027e-07	1.6716e-07	1
2400	 1	0	0	nan	1
2400	 -2	0	0	nan	1
2400	 2	0	0	nan	1
2400	 -3	0	0	nan	1
2400	 3	0	0	nan	1
2400	 -4	1	1.80049e-08	0	1
2400	 4	0	0	nan	1
2400	 -5	0	0	nan	1
2400	 5	0	0	nan	1
2500	 0	0	0	nan	1
2500	 0	0	0	nan	1
2500	 -1	0	0	nan	1
2500	 1	0	0	nan	1
2500	 -2	0	0	nan	1
2500	 2	0	0	nan	1
2500	 -3	0	0	nan	1
2500	 3	0	0	nan	1
2500	 -4	0	0	nan	1
2500	 4	0	0	nan	1
2500	 -5	0	0	nan	1
2500	 5	0	0	nan	1
2600	 0	0.133635	5.69526e-13	0	1
2600	 0	0.304531	3.10493e-09	0	1
2600	 -1	0.139459	3.92539e-06	2.09718e-06	1
2600	 1	0.317805	7.34397e-08	5.14527e-08	1
2600	 -2	0.304874	6.19678e-07	0	1
2600	 2	0.694756	1.38611e-08	2.05857e-09	1
2600	 -3	0.201985	1.10396e-06	0	1
2600	 3	0.46029	1.76881e-08	0	1
2600	 -4	0.281477	1.33671e-07	0	1
2600	 4	0.641438	5.11445e-09	0	1
2600	 -5	0.134529	2.53229e-07	0	1
2600	 5	0.30657	2.22801e-09	0	1
2700	 0	0.168765	3.48398e-12	0	1
2700	 0	0.32865	4.07425e-09	0	1
2700	 -1	0.1765	4.25684e-06	2.42705e-06	1
2700	 1	0.343712	8.72237e-08	5.85148e-08	1
2700	 -2	0.387509	6.15395e-07	0	1
2700	 2	0.754629	1.81986e-08	2.21789e-09	1
2700	 -3	0.258393	1.10313e-06	0	1
2700	 3	0.50319	2.38173e-08	0	1
2700	 -4	0.363192	1.44934e-07	0	1
2700	 4	0.707274	7.67679e-09	0	1
2700	 -5	0.17546	2.65505e-07	0	1
2700	 5	0.341687	3.65391e-09	0	1
2800	 0	0.209316	2.46633e-11	0	1
2800	 0	0.356222	5.56775e-09	0	1
2800	 -1	0.219339	4.6533e-06	2.80612e-06	1
2800	 1	0.373279	1.02125e-07	6.50917e-08	1
2800	 -2	0.483452	6.18033e-07	0	1
2800	 2	0.822758	2.37131e-08	2.36812e-09	1
2800	 -3	0.324268	1.11407e-06	0	1
2800	 3	0.551851	3.15781e-08	0	1
2800	 -4	0.459368	1.57272e-07	0	1
2800	 4	0.78177	1.12438e-08	0	1
2800	 -5	0.224106	2.78892e-07	0	1
2800	 5	0.381393	5.81026e-09	0	1
2900	 0	0.255502	1.00384e-10	0	1
2900	 0	0.388347	7.76283e-09	0	1
2900	 -1	0.268217	3.96302e-06	2.24367e-06	1
2900	 1	0.407673	1.17851e-07	7.07425e-08	1
2900	 -2	0.593314	5.54743e-07	0	1
2900	 2	0.901799	3.05172e-08	2.503e-09	1
2900	 -3	0.400105	1.02851e-06	0	1
2900	 3	0.608133	4.11078e-08	0	1
2900	 -4	0.570887	1.70715e-07	0	1
2900	 4	0.867711	1.59654e-08	0	1
2900	 -5	0.281023	2.93447e-07	0	1
2900	 5	0.427137	8.8675e-09	0	1
3000	 0	0.307677	2.85228e-10	0	1
3000	 0	0.426187	1.08094e-08	0	1
3000	 -1	0.323523	4.33133e-06	2.33632e-06	1
3000	 1	0.448137	1.34074e-07	7.50701e-08	1
3000	 -2	0.718027	6.73558e-07	0	1
3000	 2	0.994595	3.86532e-08	2.61738e-09	1
3000	 -3	0.486616	1.21374e-06	0	1
3000	 3	0.674049	5.24593e-08	0	1
3000	 -4	0.698937	1.85222e-07	0	1
3000	 4	0.968152	2.19332e-08	0	1
3000	 -5	0.346916	3.09086e-07	0	1
3000	 5	0.48054	1.29644e-08	0	1
3100	 0	0.366392	6.47717e-10	0	1
3100	 0	0.47094	1.48118e-08	0	1
3100	 -1	0.385853	4.64188e-06	2.66174e-06	1
3100	 1	0.495955	1.50492e-07	7.77828e-08	1
3100	 -2	0.858993	6.61241e-07	0	1
3100	 2	1.1041	4.80936e-08	2.70786e-09	1.22704
3100	 -3	0.584834	1.20562e-06	0	1
3100	 3	0.751714	6.56034e-08	0	1
3100	 -4	0.845177	2.00684e-07	0	1
3100	 4	1.08634	2.91747e-08	0	1
3100	 -5	0.42273	3.25625e-07	0	1
3100	 5	0.543354	1.81971e-08	0	1
3200	 0	0.432432	1.26557e-09	0	1
3200	 0	0.523844	1.98203e-08	0	1
3200	 -1	0.456051	4.79504e-06	2.56634e-06	1
3200	 1	0.552456	1.66871e-07	7.87308e-08	1
3200	 -2	1.01817	7.67341e-07	0	1
3200	 2	1.2334	5.87515e-08	2.77308e-09	1.29468
3200	 -3	0.696179	1.37149e-06	0	1
3200	 3	0.843344	8.04447e-08	0	1
3200	 -4	1.01184	2.16956e-07	0	1
3200	 4	1.22574	3.76585e-08	0	1
3200	 -5	0.509713	3.42837e-07	0	1
3200	 5	0.617461	2.46154e-08	0	1
3300	 0	0.506828	2.22088e-09	0	1
3300	 0	0.586198	2.58322e-08	0	1
3300	 -1	0.535223	4.6911e-06	2.18341e-06	1
3300	 1	0.619039	1.83073e-07	7.79136e-08	1
3300	 -2	1.19811	8.87048e-07	0	1
3300	 2	1.38574	7.04984e-08	2.81341e-09	1.36535
3300	 -3	0.822495	1.55628e-06	0	1
3300	 3	0.951299	9.68422e-08	0	1
3300	 -4	1.20182	2.3386e-07	0	1
3300	 4	1.39003	4.73065e-08	0	1
3300	 -5	0.609458	3.6047e-07	0	1
3300	 5	0.7049	3.22253e-08	0	1
3400	 0	0.590863	3.59527e-09	0	1
3400	 0	0.659411	3.27994e-08	0	1
3400	 -1	0.624744	4.40562e-06	2.08469e-06	1
3400	 1	0.697223	1.99052e-07	7.54631e-08	1
3400	 -2	1.402	8.29781e-07	0	1
3400	 2	1.56465	8.31827e-08	2.83051e-09	1.43864
3400	 -3	0.966074	1.48301e-06	0	1
3400	 3	1.07815	1.1463e-07	0	1
3400	 -4	1.41868	2.51209e-07	0	1
3400	 4	1.58326	5.80087e-08	0	1
3400	 -5	0.723932	3.78289e-07	0	1
3400	 5	0.807918	4.09962e-08	0	1
3500	 0	0.686078	5.46537e-09	0	1
3500	 0	0.745042	4.06394e-08	0	1
3500	 -1	0.72627	4.52333e-06	2.01525e-06	1
3500	 1	0.788689	2.14841e-07	7.16126e-08	1
3500	 -2	1.63367	8.6449e-07	0	1
3500	 2	1.77407	9.66446e-08	2.8268e-09	1.51414
3500	 -3	1.12967	1.54316e-06	0	1
3500	 3	1.22676	1.33633e-07	0	1
3500	 -4	1.66672	2.68816e-07	0	1
3500	 4	1.80997	6.96364e-08	0	1
3500	 -5	0.855507	3.96079e-07	0	1
3500	 5	0.929034	5.08678e-08	0	1
3600	 0	0.794287	7.8988e-09	0	1
3600	 0	0.844859	4.92462e-08	0	1
3600	 -1	0.841749	4.63504e-06	1.87517e-06	1
3600	 1	0.895343	2.30533e-07	6.66605e-08	1
3600	 -2	1.89761	1.00903e-06	0	1
3600	 2	2.01843	1.10728e-07	2.80503e-09	1.59148
3600	 -3	1.31655	1.72848e-06	0	1
3600	 3	1.40037	1.53675e-07	0	1
3600	 -4	1.95105	2.64675e-07	0	1
3600	 4	2.07527	8.20521e-08	0	1
3600	 -5	1.007	3.71366e-07	0	1
3600	 5	1.07111	6.17577e-08	0	1
3700	 0	0.917601	1.09509e-08	0	1
3700	 0	0.960882	5.84998e-08	0	1
3700	 -1	0.973447	4.6805e-06	1.77987e-06	1
3700	 1	1.01936	2.46252e-07	6.09372e-08	1.17795
3700	 -2	2.1991	9.96232e-07	0	1
3700	 2	2.30282	1.25284e-07	2.76793e-09	1.67033
3700	 -3	1.5305	1.76635e-06	0	1
3700	 3	1.60269	1.74589e-07	0	1
3700	 -4	2.27761	3.1476e-07	0	1
3700	 4	2.38504	9.51163e-08	0	1
3700	 -5	1.1817	4.5141e-07	0	1
3700	 5	1.23744	7.35675e-08	0	1
3800	 0	1.05845	1.46623e-08	0	1
3800	 0	1.09544	6.82745e-08	0	1
3800	 -1	1.12398	4.63001e-06	1.60589e-06	1.23798
3800	 1	1.16326	2.62141e-07	5.47762e-08	1.25898
3800	 -2	2.5442	1.01272e-06	0	1
3800	 2	2.6331	1.4018e-07	2.7181e-09	1.75045
3800	 -3	1.77595	1.78366e-06	0	1
3800	 3	1.838	1.96213e-07	0	1
3800	 -4	2.65334	3.22964e-07	0	1
3800	 4	2.74605	1.08691e-07	0	1
3800	 -5	1.38347	4.50458e-07	0	1
3800	 5	1.43181	8.61879e-08	0	1
3900	 0	1.21965	1.90574e-08	0	1
3900	 0	1.25122	7.84447e-08	0	1
3900	 -1	1.29638	4.51101e-06	1.41042e-06	1.32495
3900	 1	1.32994	2.78343e-07	4.84919e-08	1.34046
3900	 -2	2.93994	1.05373e-06	0	1
3900	 2	3.01604	1.55295e-07	2.65786e-09	1.83161
3900	 -3	2.05798	1.89148e-06	0	1
3900	 3	2.11125	2.18397e-07	0	1
3900	 -4	3.08627	3.68574e-07	0	1
3900	 4	3.16616	1.22646e-07	0	1
3900	 -5	1.61677	5.21188e-07	0	1
3900	 5	1.65863	9.95046e-08	0	1
4000	 0	1.40442	2.41438e-08	0	1
4000	 0	1.43136	8.88903e-08	0	1
4000	 -1	1.49411	4.46866e-06	1.23476e-06	1.41084
4000	 1	1.52276	2.94991e-07	4.23648e-08	1.42229
4000	 -2	3.39441	1.05968e-06	0	1
4000	 2	3.4595	1.70524e-07	2.58926e-09	1.91359
4000	 -3	2.38248	1.93754e-06	0	1
4000	 3	2.42817	2.41e-07	0	1
4000	 -4	3.5857	4.06551e-07	0	1
4000	 4	3.65446	1.36857e-07	0	1
4000	 -5	1.88681	5.77166e-07	0	1
4000	 5	1.92299	1.13402e-07	0	1
4100	 0	1.61648	2.99119e-08	0	1
4100	 0	1.63944	9.94993e-08	0	1
4100	 -1	1.72117	4.48011e-06	1.17719e-06	1.49597
4100	 1	1.74562	3.12208e-07	3.66322e-08	1.50444
4100	 -2	3.91691	1.07902e-06	0	1
4100	 2	3.97256	1.85777e-07	2.51408e-09	1.99617
4100	 -3	2.75624	1.95656e-06	0	1
4100	 3	2.7954	2.63896e-07	0	1
4100	 -4	4.16237	4.14054e-07	0	1
4100	 4	4.2215	1.51211e-07	0	1
4100	 -5	2.19959	5.75497e-07	0	1
4100	 5	2.23084	1.27766e-07	0	1
4200	 0	1.86009	3.63357e-08	0	1
4200	 0	1.87966	1.1017e-07	0	1
4200	 -1	1.98216	4.36666e-06	9.5962e-07	1.58062
4200	 1	2.00302	3.30099e-07	3.14837e-08	1.58689
4200	 -2	4.5182	1.11506e-06	0	1
4200	 2	4.56575	2.00976e-07	2.43383e-09	2.07911
4200	 -3	3.18711	2.0099e-06	0	1
4200	 3	3.22065	2.86969e-07	0	1
4200	 -4	4.82871	4.19991e-07	0	1
4200	 4	4.87953	1.65606e-07	0	1
4200	 -5	2.5621	5.88106e-07	0	1
4200	 5	2.58906	1.42494e-07	0	1
4300	 0	2.14017	4.33743e-08	0	1
4300	 0	2.15685	1.20812e-07	0	1
4300	 -1	2.2824	4.28319e-06	9.11741e-07	1.66501
4300	 1	2.30019	3.48758e-07	2.7062e-08	1.66965
4300	 -2	5.21065	1.10523e-06	0	1
4300	 2	5.25127	2.07946e-07	2.34984e-09	2.16207
4300	 -3	3.68413	2.08527e-06	0	1
4300	 3	3.71285	2.98646e-07	0	1
4300	 -4	5.59909	5.05282e-07	0	1
4300	 4	5.64275	1.72402e-07	0	1
4300	 -5	2.98242	7.08996e-07	0	1
4300	 5	3.00567	1.57487e-07	0	1
4400	 0	2.46239	5.0973e-08	0	1
4400	 0	2.47661	1.31352e-07	0	1
4400	 -1	2.62798	4.11366e-06	7.3956e-07	1.74929
4400	 1	2.64316	3.68265e-07	2.34657e-08	1.75273
4400	 -2	6.00854	1.11705e-06	0	1
4400	 2	6.04324	2.34979e-07	2.2632e-09	2.24468
4400	 -3	4.25775	2.12386e-06	0	1
4400	 3	4.28235	3.38919e-07	0	1
4400	 -4	6.49015	5.29093e-07	0	1
4400	 4	6.52764	1.97883e-07	0	1
4400	 -5	3.46992	7.46289e-07	0	1
4400	 5	3.48996	1.72666e-07	0	1
4500	 0	2.83328	5.90655e-08	0	1
4500	 0	2.8454	1.41727e-07	0	1
4500	 -1	3.02597	4.23777e-06	9.12822e-07	1.83357
4500	 1	3.03892	3.88693e-07	2.07544e-08	1.83612
4500	 -2	6.92835	1.1157e-06	0	1
4500	 2	6.958	2.46221e-07	2.17488e-09	2.32644
4500	 -3	4.92006	2.08337e-06	0	1
4500	 3	4.94111	3.57099e-07	0	1
4500	 -4	7.52112	5.17297e-07	0	1
4500	 4	7.5533	2.0871e-07	0	1
4500	 -5	4.03548	7.10023e-07	0	1
4500	 5	4.05274	1.87963e-07	0	1
4600	 0	3.26037	6.75764e-08	0	1
4600	 0	3.2707	1.51887e-07	0	1
4600	 -1	3.48449	4.01908e-06	7.82253e-07	1.91789
4600	 1	3.49553	4.10106e-07	1.89548e-08	1.91978
4600	 -2	7.98911	1.11573e-06	0	1
4600	 2	8.01444	2.71681e-07	2.08569e-09	2.40674
4600	 -3	5.685	2.10969e-06	0	1
4600	 3	5.70302	3.95487e-07	0	1
4600	 -4	8.71427	5.7801e-07	0	1
4600	 4	8.74189	2.27713e-07	0	1
4600	 -5	4.69169	7.53373e-07	0	1
4600	 5	4.70656	1.94272e-07	0	1
4700	 0	3.75234	7.64241e-08	0	1
4700	 0	3.76115	1.50472e-07	0	1
4700	 -1	4.01292	3.80075e-06	6.66064e-07	2.0022
4700	 1	4.02234	4.2197e-07	1.80661e-08	2.0036
4700	 -2	9.21279	1.08503e-06	0	1
4700	 2	9.23443	2.85042e-07	1.99633e-09	2.48487
4700	 -3	6.56871	2.0637e-06	0	1
4700	 3	6.58413	4.23515e-07	0	1
4700	 -4	10.0954	5.73187e-07	0	1
4700	 4	10.1191	2.51895e-07	0	1
4700	 -5	5.45318	7.61439e-07	0	1
4700	 5	5.46598	2.23139e-07	0	1
4800	 0	4.31922	8.55236e-08	0	1
4800	 0	4.32674	1.67183e-07	0	1
4800	 -1	4.62209	3.73934e-06	5.95084e-07	2.0864
4800	 1	4.63013	4.52133e-07	1.80652e-08	2.08743
4800	 -2	10.6248	1.12808e-06	0	1
4800	 2	10.6433	3.05524e-07	1.9074e-09	2.56001
4800	 -3	7.58984	2.12792e-06	0	1
4800	 3	7.60305	4.45586e-07	0	1
4800	 -4	11.6943	6.08602e-07	0	1
4800	 4	11.7147	2.62681e-07	0	1
4800	 -5	6.33689	7.77931e-07	0	1
4800	 5	6.34792	2.27974e-07	0	1
4900	 0	4.97259	9.47892e-08	0	1
4900	 0	4.979	1.86393e-07	0	1
4900	 -1	5.32452	3.54301e-06	4.96159e-07	2.17026
4900	 1	5.33138	4.86018e-07	1.891e-08	2.17102
4900	 -2	12.2544	1.13574e-06	0	1
4900	 2	12.2702	3.24498e-07	1.81938e-09	2.63125
4900	 -3	8.76998	2.12537e-06	0	1
4900	 3	8.78128	4.78122e-07	0	1
4900	 -4	13.5457	6.41466e-07	0	1
4900	 4	13.5631	2.88615e-07	0	1
4900	 -5	7.36251	7.74108e-07	0	1
4900	 5	7.372	2.65269e-07	0	1
5000	 0	5.7258	1.01774e-07	0	1
5000	 0	5.73127	2.05548e-07	0	1
5000	 -1	6.13464	3.36557e-06	3.54568e-07	2.25345
5000	 1	6.1405	5.18225e-07	2.05417e-08	2.25401
5000	 -2	14.1355	1.13111e-06	0	1
5000	 2	14.149	3.64247e-07	1.73272e-09	2.69765
5000	 -3	10.1341	2.10389e-06	0	1
5000	 3	10.1438	5.27774e-07	0	1
5000	 -4	15.6895	6.26082e-07	0	1
5000	 4	15.7044	3.26943e-07	0	1
5000	 -5	8.55283	7.65259e-07	0	1
5000	 5	8.561	2.8958e-07	0	1
5100	 0	6.59427	1.12439e-07	0	1
5100	 0	6.59894	2.4619e-07	0	1
5100	 -1	7.06914	3.20637e-06	3.62695e-07	2.33554
5100	 1	7.07414	5.76129e-07	2.28858e-08	2.33594
5100	 -2	16.3073	1.08156e-06	0	1
5100	 2	16.3188	4.05193e-07	1.64776e-09	2.75828
5100	 -3	11.711	2.00814e-06	0	1
5100	 3	11.7193	5.7845e-07	0	1
5100	 -4	18.1721	6.19204e-07	0	1
5100	 4	18.1849	3.51381e-07	0	1
5100	 -5	9.93433	7.47475e-07	0	1
5100	 5	9.94136	3.03427e-07	0	1
5200	 0	7.59583	1.21942e-07	0	1
5200	 0	7.59981	2.56209e-07	0	1
5200	 -1	8.14729	2.98602e-06	3.15621e-07	2.41594
5200	 1	8.15156	6.05742e-07	2.58526e-08	2.41623
5200	 -2	18.815	1.06688e-06	0	1
5200	 2	18.8248	3.98267e-07	1.5648e-09	2.81232
5200	 -3	13.5342	1.95182e-06	0	1
5200	 3	13.5413	5.8067e-07	0	1
5200	 -4	21.0472	6.20718e-07	0	1
5200	 4	21.0582	3.53521e-07	0	1
5200	 -5	11.5377	7.17549e-07	0	1
5200	 5	11.5438	3.34406e-07	0	1
5300	 0	8.75105	1.34498e-07	0	1
5300	 0	8.75444	2.60698e-07	0	1
5300	 -1	9.39135	2.83319e-06	2.56707e-07	2.49397
5300	 1	9.395	6.35698e-07	2.93367e-08	2.49418
5300	 -2	21.711	1.03363e-06	0	1
5300	 2	21.7194	4.16105e-07	1.48409e-09	2.85911
5300	 -3	15.6422	1.90016e-06	0	1
5300	 3	15.6483	6.06299e-07	0	1
5300	 -4	24.3771	6.301e-07	0	1
5300	 4	24.3866	3.73388e-07	0	1
5300	 -5	13.3986	7.27331e-07	0	1
5300	 5	13.4038	3.55917e-07	0	1
5400	 0	10.0837	1.50439e-07	0	1
5400	 0	10.0866	2.93845e-07	0	1
5400	 -1	10.8271	2.74805e-06	2.93934e-07	2.56881
5400	 1	10.8302	6.989e-07	3.32177e-08	2.56896
5400	 -2	25.0558	9.98058e-07	0	1
5400	 2	25.063	4.55583e-07	1.4058e-09	2.89828
5400	 -3	18.0799	1.82606e-06	0	1
5400	 3	18.0851	6.58425e-07	0	1
5400	 -4	28.234	6.17212e-07	0	1
5400	 4	28.2421	4.02379e-07	0	1
5400	 -5	15.5584	7.18921e-07	0	1
5400	 5	15.5628	3.80644e-07	0	1
5500	 0	11.6212	1.62787e-07	0	1
5500	 0	11.6237	3.16632e-07	0	1
5500	 -1	12.4842	2.62614e-06	2.98132e-07	2.63959
5500	 1	12.4868	7.50642e-07	3.73611e-08	2.63969
5500	 -2	28.9193	9.28659e-07	0	1
5500	 2	28.9255	4.73976e-07	1.33011e-09	2.92979
5500	 -3	20.8989	1.71347e-06	0	1
5500	 3	20.9034	6.90157e-07	0	1
5500	 -4	32.7012	6.16553e-07	0	1
5500	 4	32.7082	4.13515e-07	0	1
5500	 -5	18.0649	7.15616e-07	0	1
5500	 5	18.0688	3.99123e-07	0	1
5600	 0	13.3954	1.76214e-07	0	1
5600	 0	13.3975	3.13442e-07	0	1
5600	 -1	14.397	2.51525e-06	2.3917e-07	2.70536
5600	 1	14.3993	7.81473e-07	4.16204e-08	2.70543
5600	 -2	33.3825	9.38952e-07	0	1
5600	 2	33.3878	4.74539e-07	1.25711e-09	2.954
5600	 -3	24.1592	1.68923e-06	0	1
5600	 3	24.1631	7.04659e-07	0	1
5600	 -4	37.8757	6.01508e-07	0	1
5600	 4	37.8817	4.175e-07	0	1
5600	 -5	20.9739	6.88396e-07	0	1
5600	 5	20.9772	4.17826e-07	0	1
5700	 0	15.4428	1.92408e-07	0	1
5700	 0	15.4446	3.11665e-07	0	1
5700	 -1	16.6053	2.4798e-06	2.86059e-07	2.76524
5700	 1	16.6072	8.19084e-07	4.58416e-08	2.76528
5700	 -2	38.539	9.00378e-07	0	1
5700	 2	38.5435	4.84301e-07	1.18688e-09	2.97162
5700	 -3	27.9302	1.64906e-06	0	1
5700	 3	27.9334	7.27094e-07	0	1
5700	 -4	43.8695	6.19063e-07	0	1
5700	 4	43.8746	4.26037e-07	0	1
5700	 -5	24.3499	7.24049e-07	0	1
5700	 5	24.3528	4.33468e-07	0	1
5800	 0	17.8059	2.07781e-07	0	1
5800	 0	17.8074	3.19931e-07	0	1
5800	 -1	19.1549	2.35953e-06	2.23124e-07	2.81841
5800	 1	19.1566	8.67218e-07	4.98678e-08	2.81844
5800	 -2	44.4968	8.93076e-07	0	1
5800	 2	44.5007	4.98504e-07	1.11949e-09	2.98367
5800	 -3	32.2919	1.61053e-06	0	1
5800	 3	32.2947	7.55544e-07	0	1
5800	 -4	50.8126	6.11346e-07	0	1
5800	 4	50.817	4.36896e-07	0	1
5800	 -5	28.2678	7.11005e-07	0	1
5800	 5	28.2703	4.53154e-07	0	1
5900	 0	20.5336	2.19875e-07	0	1
5900	 0	20.5349	3.24589e-07	0	1
5900	 -1	22.099	2.24281e-06	1.95201e-07	2.86426
5900	 1	22.1004	9.09544e-07	5.35462e-08	2.86428
5900	 -2	51.3812	8.71084e-07	0	1
5900	 2	51.3845	5.08029e-07	1.05495e-09	2.99133
5900	 -3	37.3373	1.56605e-06	0	1
5900	 3	37.3397	7.78961e-07	0	1
5900	 -4	58.8556	6.09223e-07	0	1
5900	 4	58.8594	4.45507e-07	0	1
5900	 -5	32.8145	7.10349e-07	0	1
5900	 5	32.8166	4.72734e-07	0	1
6000	 0	23.6824	2.31131e-07	0	1
6000	 0	23.6836	3.27802e-07	0	1
6000	 -1	25.4989	2.18611e-06	2.29275e-07	2.90247
6000	 1	25.5001	9.50209e-07	5.6735e-08	2.90248
6000	 -2	59.3369	8.47319e-07	0	1
6000	 2	59.3397	5.21601e-07	9.93267e-10	2.9958
6000	 -3	43.174	1.50986e-06	0	1
6000	 3	43.1761	8.0713e-07	0	1
6000	 -4	68.1728	5.94717e-07	0	1
6000	 4	68.1761	4.55731e-07	0	1
6000	 -5	38.0908	6.98123e-07	0	1
6000	 5	38.0926	4.87908e-07	0	1
6100	 0	27.3179	2.41797e-07	0	1
6100	 0	27.3189	3.2876e-07	0	1
6100	 -1	29.4254	2.0243e-06	1.84939e-07	2.93306
6100	 1	29.4265	9.88314e-07	5.93111e-08	2.93306
6100	 -2	68.5313	8.00912e-07	0	1
6100	 2	68.5337	5.2686e-07	9.34425e-10	2.99818
6100	 -3	49.9263	1.44655e-06	0	1
6100	 3	49.9281	8.25804e-07	0	1
6100	 -4	78.9665	6.00406e-07	0	1
6100	 4	78.9693	4.59528e-07	0	1
6100	 -5	44.2137	7.12295e-07	0	1
6100	 5	44.2153	5.03049e-07	0	1
6200	 0	31.5156	2.51276e-07	0	1
6200	 0	31.5164	3.2521e-07	0	1
6200	 -1	33.9607	1.99583e-06	1.51227e-07	2.95641
6200	 1	33.9616	1.02063e-06	6.11764e-08	2.95642
6200	 -2	79.158	8.2153e-07	0	1
6200	 2	79.1601	5.33896e-07	8.7839e-10	2.9993
6200	 -3	57.7383	1.44568e-06	0	1
6200	 3	57.7399	8.47342e-07	0	1
6200	 -4	91.4708	5.86937e-07	0	1
6200	 4	91.4731	4.65582e-07	0	1
6200	 -5	51.3189	6.91668e-07	0	1
6200	 5	51.3202	5.16114e-07	0	1
6300	 0	36.3628	2.59997e-07	0	1
6300	 0	36.3635	3.21079e-07	0	1
6300	 -1	39.1995	1.92703e-06	1.65621e-07	2.9733
6300	 1	39.2002	1.0509e-06	6.22638e-08	2.9733
6300	 -2	91.4412	7.8645e-07	0	1
6300	 2	91.4429	5.37281e-07	8.25117e-10	2.99977
6300	 -3	66.7768	1.40117e-06	0	1
6300	 3	66.7781	8.63373e-07	0	1
6300	 -4	105.957	5.97174e-07	0	1
6300	 4	105.959	4.70195e-07	0	1
6300	 -5	59.5639	7.06957e-07	0	1
6300	 5	59.565	5.31404e-07	0	1
6400	 0	41.9606	2.67321e-07	0	1
6400	 0	41.9612	3.21606e-07	0	1
6400	 -1	45.2514	1.87239e-06	1.39943e-07	2.98476
6400	 1	45.2521	1.08285e-06	6.25401e-08	2.98476
6400	 -2	105.64	7.74278e-07	0	1
6400	 2	105.641	5.5529e-07	7.74548e-10	2.99993
6400	 -3	77.2348	1.37316e-06	0	1
6400	 3	77.236	8.96509e-07	0	1
6400	 -4	122.74	5.94071e-07	0	1
6400	 4	122.742	4.8326e-07	0	1
6400	 -5	69.1313	7.03799e-07	0	1
6400	 5	69.1323	5.4118e-07	0	1
6500	 0	48.4258	2.73139e-07	0	1
6500	 0	48.4264	3.18785e-07	0	1
6500	 -1	52.2433	1.83718e-06	1.23941e-07	2.99198
6500	 1	52.2438	1.1085e-06	6.20082e-08	2.99198
6500	 -2	122.054	7.67595e-07	0	1
6500	 2	122.055	5.56814e-07	7.26614e-10	2.99998
6500	 -3	89.3359	1.34616e-06	0	1
6500	 3	89.3368	9.10265e-07	0	1
6500	 -4	142.184	5.80987e-07	0	1
6500	 4	142.185	4.87231e-07	0	1
6500	 -5	80.2331	6.9161e-07	0	1
6500	 5	80.2339	5.56779e-07	0	1
6600	 0	55.8935	2.77702e-07	0	1
6600	 0	55.8939	3.16289e-07	0	1
6600	 -1	60.3216	1.77981e-06	1.17442e-07	2.99616
6600	 1	60.3221	1.13122e-06	6.07053e-08	2.99616
6600	 -2	141.03	7.58338e-07	0	1
6600	 2	141.031	5.63177e-07	6.81241e-10	3
6600	 -3	103.339	1.32842e-06	0	1
6600	 3	103.34	9.26463e-07	0	1
6600	 -4	164.711	5.88528e-07	0	1
6600	 4	164.712	4.91131e-07	0	1
6600	 -5	93.1151	6.92163e-07	0	1
6600	 5	93.1159	5.63842e-07	0	1
6700	 0	64.5197	2.82074e-07	0	1
6700	 0	64.52	3.14228e-07	0	1
6700	 -1	69.6561	1.73636e-06	1.10719e-07	2.99835
6700	 1	69.6565	1.15221e-06	5.86999e-08	2.99835
6700	 -2	162.97	7.35848e-07	0	1
6700	 2	162.971	5.66302e-07	6.38346e-10	3
6700	 -3	119.543	1.29401e-06	0	1
6700	 3	119.544	9.40773e-07	0	1
6700	 -4	190.811	5.84729e-07	0	1
6700	 4	190.812	4.99582e-07	0	1
6700	 -5	108.063	6.9394e-07	0	1
6700	 5	108.063	5.83361e-07	0	1
6800	 0	74.4849	2.8489e-07	0	1
6800	 0	74.4852	3.20752e-07	0	1
6800	 -1	80.4427	1.70741e-06	9.99856e-08	2.99938
6800	 1	80.443	1.17729e-06	5.60861e-08	2.99938
6800	 -2	188.338	7.32122e-07	0	1
6800	 2	188.339	5.81608e-07	5.97843e-10	3
6800	 -3	138.295	1.28021e-06	0	1
6800	 3	138.296	9.63547e-07	0	1
6800	 -4	221.051	5.75404e-07	0	1
6800	 4	221.052	5.08999e-07	0	1
6800	 -5	125.407	6.88341e-07	0	1
6800	 5	125.408	5.89794e-07	0	1
6900	 0	85.998	2.87662e-07	0	1
6900	 0	85.9982	3.26615e-07	0	1
6900	 -1	92.9082	1.64539e-06	9.07439e-08	2.9998
6900	 1	92.9085	1.1996e-06	5.2977e-08	2.9998
6900	 -2	217.671	7.08838e-07	0	1
6900	 2	217.672	5.84935e-07	5.59641e-10	3
6900	 -3	159.998	1.25006e-06	0	1
6900	 3	159.998	9.76395e-07	0	1
6900	 -4	256.088	5.78261e-07	0	1
6900	 4	256.089	5.12716e-07	0	1
6900	 -5	145.532	6.93954e-07	0	1
6900	 5	145.532	6.02967e-07	0	1
7000	 0	99.3002	2.89316e-07	0	1
7000	 0	99.3005	3.21474e-07	0	1
7000	 -1	107.315	1.60535e-06	7.96201e-08	2.99994
7000	 1	107.315	1.20832e-06	4.94965e-08	2.99994
7000	 -2	251.592	6.96247e-07	0	1
7000	 2	251.592	5.87235e-07	5.2365e-10	3
7000	 -3	185.115	1.22597e-06	0	1
7000	 3	185.116	9.87002e-07	0	1
7000	 -4	296.685	5.71984e-07	0	1
7000	 4	296.686	5.16225e-07	0	1
7000	 -5	168.882	6.88856e-07	0	1
7000	 5	168.883	6.0939e-07	0	1
7100	 0	114.671	2.92795e-07	0	1
7100	 0	114.671	3.19062e-07	0	1
7100	 -1	123.967	1.58385e-06	8.14245e-08	2.99999
7100	 1	123.967	1.21984e-06	4.57719e-08	2.99999
7100	 -2	290.819	6.892e-07	0	1
7100	 2	290.819	5.90912e-07	4.89774e-10	3
7100	 -3	214.186	1.21256e-06	0	1
7100	 3	214.186	9.98624e-07	0	1
7100	 -4	343.723	5.67892e-07	0	1
7100	 4	343.724	5.19912e-07	0	1
7100	 -5	195.976	6.89236e-07	0	1
7100	 5	195.976	6.15887e-07	0	1
7200	 0	132.433	2.95401e-07	0	1
7200	 0	132.433	3.16496e-07	0	1
7200	 -1	143.214	1.54944e-06	6.57112e-08	3
7200	 1	143.214	1.22861e-06	4.19262e-08	3
7200	 -2	336.185	6.84953e-07	0	1
7200	 2	336.185	5.92263e-07	4.5792e-10	3
7200	 -3	247.834	1.20879e-06	0	1
7200	 3	247.834	1.00726e-06	0	1
7200	 -4	398.226	5.74408e-07	0	1
7200	 4	398.227	5.21494e-07	0	1
7200	 -5	227.412	6.94942e-07	0	1
7200	 5	227.413	6.20949e-07	0	1
7300	 0	152.959	2.97285e-07	0	1
7300	 0	152.959	3.10686e-07	0	1
7300	 -1	165.462	1.52318e-06	5.88452e-08	3
7300	 1	165.463	1.23196e-06	3.80719e-08	3
7300	 -2	388.654	6.79726e-07	0	1
7300	 2	388.654	5.92679e-07	4.27994e-10	3
7300	 -3	286.781	1.19898e-06	0	1
7300	 3	286.781	1.01511e-06	0	1
7300	 -4	461.38	5.74276e-07	0	1
7300	 4	461.381	5.25285e-07	0	1
7300	 -5	263.887	6.9464e-07	0	1
7300	 5	263.887	6.28317e-07	0	1
7400	 0	176.682	2.98849e-07	0	1
7400	 0	176.682	3.09006e-07	0	1
7400	 -1	191.183	1.52793e-06	7.93025e-08	3
7400	 1	191.183	1.23721e-06	3.43063e-08	3
7400	 -2	449.341	6.76398e-07	0	1
7400	 2	449.341	5.97739e-07	3.99903e-10	3
7400	 -3	331.863	1.18674e-06	0	1
7400	 3	331.863	1.02567e-06	0	1
7400	 -4	534.559	5.68522e-07	0	1
7400	 4	534.559	5.30239e-07	0	1
7400	 -5	306.206	6.88499e-07	0	1
7400	 5	306.207	6.32437e-07	0	1
7500	 0	204.101	2.99856e-07	0	1
7500	 0	204.101	3.09823e-07	0	1
7500	 -1	220.917	1.48959e-06	6.85742e-08	3
7500	 1	220.918	1.24267e-06	3.07081e-08	3
7500	 -2	519.536	6.68173e-07	0	1
7500	 2	519.536	5.99363e-07	3.73554e-10	3
7500	 -3	384.049	1.1779e-06	0	1
7500	 3	384.049	1.03232e-06	0	1
7500	 -4	619.356	5.74548e-07	0	1
7500	 4	619.356	5.32941e-07	0	1
7500	 -5	355.308	6.92549e-07	0	1
7500	 5	355.308	6.38166e-07	0	1
7600	 0	235.793	2.99967e-07	0	1
7600	 0	235.793	3.07611e-07	0	1
7600	 -1	255.296	1.47343e-06	6.5977e-08	3
7600	 1	255.296	1.24285e-06	2.73364e-08	3
7600	 -2	600.734	6.66612e-07	0	1
7600	 2	600.734	6.01215e-07	3.4886e-10	3
7600	 -3	444.46	1.17201e-06	0	1
7600	 3	444.46	1.03899e-06	0	1
7600	 -4	717.616	5.7165e-07	0	1
7600	 4	717.616	5.37519e-07	0	1
7600	 -5	412.277	6.88987e-07	0	1
7600	 5	412.277	6.43962e-07	0	1
7700	 0	272.428	3.00451e-07	0	1
7700	 0	272.428	3.08704e-07	0	1
7700	 -1	295.045	1.45053e-06	6.10662e-08	3
7700	 1	295.045	1.2452e-06	2.42303e-08	3
7700	 -2	694.663	6.58396e-07	0	1
7700	 2	694.663	6.03938e-07	3.25731e-10	3
7700	 -3	514.395	1.15732e-06	0	1
7700	 3	514.395	1.04454e-06	0	1
7700	 -4	831.479	5.67981e-07	0	1
7700	 4	831.479	5.41081e-07	0	1
7700	 -5	478.374	6.86002e-07	0	1
7700	 5	478.374	6.4817e-07	0	1
7800	 0	314.778	3.00796e-07	0	1
7800	 0	314.778	3.11515e-07	0	1
7800	 -1	341.006	1.42632e-06	5.42803e-08	3
7800	 1	341.006	1.24786e-06	2.14111e-08	3
7800	 -2	803.325	6.54964e-07	0	1
7800	 2	803.325	6.06649e-07	3.04083e-10	3
7800	 -3	595.357	1.15253e-06	0	1
7800	 3	595.357	1.05041e-06	0	1
7800	 -4	963.425	5.71539e-07	0	1
7800	 4	963.425	5.44133e-07	0	1
7800	 -5	555.062	6.8651e-07	0	1
7800	 5	555.062	6.51868e-07	0	1
7900	 0	363.738	3.00887e-07	0	1
7900	 0	363.738	3.1038e-07	0	1
7900	 -1	394.153	1.41189e-06	4.7246e-08	3
7900	 1	394.153	1.24559e-06	1.8884e-08	3
7900	 -2	929.035	6.52023e-07	0	1
7900	 2	929.035	6.06908e-07	2.83833e-10	3
7900	 -3	689.089	1.14626e-06	0	1
7900	 3	689.089	1.05392e-06	0	1
7900	 -4	1116.33	5.67582e-07	0	1
7900	 4	1116.33	5.47541e-07	0	1
7900	 -5	644.036	6.8441e-07	0	1
7900	 5	644.036	6.56869e-07	0	1
8000	 0	420.342	3.01497e-07	0	1
8000	 0	420.342	3.11322e-07	0	1
8000	 -1	455.613	1.39557e-06	4.73701e-08	3
8000	 1	455.613	1.24507e-06	1.66416e-08	3
8000	 -2	1074.48	6.45613e-07	0	1
8000	 2	1074.48	6.08976e-07	2.64902e-10	3
8000	 -3	797.608	1.13557e-06	0	1
8000	 3	797.608	1.05748e-06	0	1
8000	 -4	1293.52	5.65799e-07	0	1
8000	 4	1293.52	5.49421e-07	0	1
8000	 -5	747.264	6.83108e-07	0	1
8000	 5	747.264	6.57634e-07	0	1
8100	 0	485.788	3.0229e-07	0	1
8100	 0	485.788	3.11524e-07	0	1
8100	 -1	526.689	1.37442e-06	3.77766e-08	3
8100	 1	526.689	1.24352e-06	1.46672e-08	3
8100	 -2	1242.75	6.44117e-07	0	1
8100	 2	1242.75	6.07425e-07	2.47213e-10	3
8100	 -3	923.251	1.13206e-06	0	1
8100	 3	923.252	1.05824e-06	0	1
8100	 -4	1498.86	5.67899e-07	0	1
8100	 4	1498.86	5.50197e-07	0	1
8100	 -5	867.029	6.8258e-07	0	1
8100	 5	867.029	6.61053e-07	0	1
8200	 0	561.461	3.02712e-07	0	1
8200	 0	561.461	3.09129e-07	0	1
8200	 -1	608.891	1.36147e-06	3.8567e-08	3
8200	 1	608.891	1.23873e-06	1.29376e-08	3
8200	 -2	1437.45	6.39718e-07	0	1
8200	 2	1437.45	6.06757e-07	2.30694e-10	3
8200	 -3	1068.73	1.12382e-06	0	1
8200	 3	1068.73	1.05917e-06	0	1
8200	 -4	1736.82	5.65334e-07	0	1
8200	 4	1736.82	5.52146e-07	0	1
8200	 -5	1005.98	6.80761e-07	0	1
8200	 5	1005.98	6.63335e-07	0	1
8300	 0	648.964	3.03624e-07	0	1
8300	 0	648.964	3.10516e-07	0	1
8300	 -1	703.963	1.34123e-06	3.1225e-08	3
8300	 1	703.963	1.23771e-06	1.14263e-08	3
8300	 -2	1662.74	6.33372e-07	0	1
8300	 2	1662.74	6.08425e-07	2.15273e-10	3
8300	 -3	1237.16	1.11623e-06	0	1
8300	 3	1237.16	1.06188e-06	0	1
8300	 -4	2012.6	5.65889e-07	0	1
8300	 4	2012.6	5.54032e-07	0	1
8300	 -5	1167.19	6.82904e-07	0	1
8300	 5	1167.19	6.64334e-07	0	1
8400	 0	750.15	3.04077e-07	0	1
8400	 0	750.15	3.10711e-07	0	1
8400	 -1	813.927	1.33607e-06	3.23773e-08	3
8400	 1	813.927	1.23491e-06	1.01058e-08	3
8400	 -2	1923.43	6.3145e-07	0	1
8400	 2	1923.43	6.07043e-07	2.00884e-10	3
8400	 -3	1432.2	1.11117e-06	0	1
8400	 3	1432.2	1.06185e-06	0	1
8400	 -4	2332.2	5.65683e-07	0	1
8400	 4	2332.2	5.54517e-07	0	1
8400	 -5	1354.22	6.80915e-07	0	1
8400	 5	1354.22	6.66245e-07	0	1
8500	 0	867.166	3.04366e-07	0	1
8500	 0	867.166	3.08553e-07	0	1
8500	 -1	941.122	1.32479e-06	2.69122e-08	3
8500	 1	941.122	1.22965e-06	8.94951e-09	3
8500	 -2	2225.09	6.30304e-07	0	1
8500	 2	2225.09	6.05067e-07	1.87462e-10	3
8500	 -3	1658.04	1.10827e-06	0	1
8500	 3	1658.04	1.06064e-06	0	1
8500	 -4	2702.59	5.64604e-07	0	1
8500	 4	2702.59	5.55035e-07	0	1
8500	 -5	1571.22	6.79924e-07	0	1
8500	 5	1571.22	6.67554e-07	0	1
8600	 0	1002.49	3.04984e-07	0	1
8600	 0	1002.49	3.08752e-07	0	1
8600	 -1	1088.25	1.31892e-06	2.79358e-08	3
8600	 1	1088.25	1.22694e-06	7.93288e-09	3
8600	 -2	2574.19	6.25549e-07	0	1
8600	 2	2574.19	6.05539e-07	1.74948e-10	3
8600	 -3	1919.55	1.10416e-06	0	1
8600	 3	1919.55	1.06169e-06	0	1
8600	 -4	3131.85	5.66313e-07	0	1
8600	 4	3131.85	5.56321e-07	0	1
8600	 -5	1822.96	6.8311e-07	0	1
8600	 5	1822.96	6.6812e-07	0	1
8700	 0	1159.01	3.05259e-07	0	1
8700	 0	1159.01	3.0886e-07	0	1
8700	 -1	1258.45	1.31309e-06	2.63729e-08	3
8700	 1	1258.45	1.22383e-06	7.03437e-09	3
8700	 -2	2978.18	6.2535e-07	0	1
8700	 2	2978.18	6.04371e-07	1.63284e-10	3
8700	 -3	2222.37	1.10288e-06	0	1
8700	 3	2222.37	1.06121e-06	0	1
8700	 -4	3629.35	5.65972e-07	0	1
8700	 4	3629.35	5.56856e-07	0	1
8700	 -5	2115.04	6.82454e-07	0	1
8700	 5	2115.04	6.69478e-07	0	1
8800	 0	1340.03	3.05287e-07	0	1
8800	 0	1340.03	3.07863e-07	0	1
8800	 -1	1455.34	1.3031e-06	2.66664e-08	3
8800	 1	1455.34	1.21951e-06	6.23568e-09	3
8800	 -2	3445.74	6.21951e-07	0	1
8800	 2	3445.74	6.02892e-07	1.52415e-10	3
8800	 -3	2573.05	1.09716e-06	0	1
8800	 3	2573.05	1.06e-06	0	1
8800	 -4	4205.94	5.65204e-07	0	1
8800	 4	4205.94	5.57104e-07	0	1
8800	 -5	2453.89	6.81376e-07	0	1
8800	 5	2453.89	6.70042e-07	0	1
8900	 0	1549.41	3.0546e-07	0	1
8900	 0	1549.41	3.07595e-07	0	1
8900	 -1	1683.13	1.29598e-06	2.66085e-08	3
8900	 1	1683.13	1.21617e-06	5.52175e-09	3
8900	 -2	3986.86	6.198e-07	0	1
8900	 2	3986.86	6.01967e-07	1.42288e-10	3
8900	 -3	2979.16	1.09422e-06	0	1
8900	 3	2979.16	1.05932e-06	0	1
8900	 -4	4874.2	5.65451e-07	0	1
8900	 4	4874.2	5.57625e-07	0	1
8900	 -5	2847.01	6.81603e-07	0	1
8900	 5	2847.01	6.70774e-07	0	1
9000	 0	1791.61	3.05437e-07	0	1
9000	 0	1791.61	3.07535e-07	0	1
9000	 -1	1946.66	1.2829e-06	2.24904e-08	3
9000	 1	1946.66	1.21297e-06	4.88054e-09	3
9000	 -2	4613.15	6.16284e-07	0	1
9000	 2	4613.15	6.01329e-07	1.32857e-10	3
9000	 -3	3449.47	1.08997e-06	0	1
9000	 3	3449.47	1.05896e-06	0	1
9000	 -4	5648.72	5.65404e-07	0	1
9000	 4	5648.72	5.58275e-07	0	1
9000	 -5	3303.09	6.82163e-07	0	1
9000	 5	3303.09	6.71379e-07	0	1
