0	 0	1	0	0	1
100	 0	0	0	0	1
100	 0	0	0	0	1
100	 -1	0	0	0	1
100	 1	0	0	0	1
100	 -2	0	0	0	1
100	 2	0	0	0	1
100	 -3	0	0	0	1
100	 3	0	0	0	1
100	 -4	0	0	0	1
100	 4	0	0	0	1
100	 -5	0	0	0	1
100	 5	0	0	0	1
200	 0	0	0	0	1
200	 0	0	0	0	1
200	 -1	0	0	0	1
200	 1	0	0	0	1
200	 -2	0	0	0	1
200	 2	0	0	0	1
200	 -3	0	0	0	1
200	 3	0	0	0	1
200	 -4	0	0	0	1
200	 4	0	0	0	1
200	 -5	0	0	0	1
200	 5	0	0	0	1
300	 0	0	0	0	1
300	 0	0	0	0	1
300	 -1	0	0	0	1
300	 1	0	0	0	1
300	 -2	0	0	0	1
300	 2	0	0	0	1
300	 -3	0	0	0	1
300	 3	0	0	0	1
300	 -4	0	0	0	1
300	 4	0	0	0	1
300	 -5	0	0	0	1
300	 5	0	0	0	1
400	 0	0	0	0	1
400	 0	0	0	0	1
400	 -1	0	0	0	1
400	 1	0	0	0	1
400	 -2	0	0	0	1
400	 2	0	0	0	1
400	 -3	0	0	0	1
400	 3	0	0	0	1
400	 -4	0	0	0	1
400	 4	0	0	0	1
400	 -5	0	0	0	1
400	 5	0	0	0	1
500	 0	0	0	0	1
500	 0	0	0	0	1
500	 -1	0	0	0	1
500	 1	0	0	0	1
500	 -2	0	0	0	1
500	 2	1	1.81411e-12	1.81411e-12	1
500	 -3	0	0	0	1
500	 3	0	0	0	1
500	 -4	0	0	0	1
500	 4	0	0	0	1
500	 -5	0	0	0	1
500	 5	0	0	0	1
600	 0	0	0	0	1
600	 0	0	0	0	1
600	 -1	0	0	0	1
600	 1	0	0	0	1
600	 -2	0	0	0	1
600	 2	0	0	0	1
600	 -3	0	0	0	1
600	 3	0	0	0	1
600	 -4	0	0	0	1
600	 4	0	0	0	1
600	 -5	0	0	0	1
600	 5	0	0	0	1
700	 0	0	0	0	1
700	 0	0	0	0	1
700	 -1	0	0	0	1
700	 1	0	0	0	1
700	 -2	0	0	0	1
700	 2	0	0	0	1
700	 -3	0	0	0	1
700	 3	0	0	0	1
700	 -4	0	0	0	1
700	 4	0	0	0	1
700	 -5	0	0	0	1
700	 5	0	0	0	1
800	 0	0	0	0	1
800	 0	0	0	0	1
800	 -1	0	0	0	1
800	 1	0	0	0	1
800	 -2	0	0	0	1
800	 2	0	0	0	1
800	 -3	0	0	0	1
800	 3	0	0	0	1
800	 -4	0	0	0	1
800	 4	0	0	0	1
800	 -5	0	0	0	1
800	 5	0	0	0	1
900	 0	0	0	0	1
900	 0	0	0	0	1
900	 -1	0	0	0	1
900	 1	0	0	0	1
900	 -2	0	0	0	1
900	 2	0	0	0	1
900	 -3	0	0	0	1
900	 3	0	0	0	1
900	 -4	0	0	0	1
900	 4	0	0	0	1
900	 -5	0	0	0	1
900	 5	0	0	0	1
1000	 0	0	0	0	1
1000	 0	1	1.81411e-12	0	1
1000	 -1	0	0	0	1
1000	 1	0	0	0	1
1000	 -2	0	0	0	1
1000	 2	0	0	0	1
1000	 -3	0	0	0	1
1000	 3	0	0	0	1
1000	 -4	0	0	0	1
1000	 4	0	0	0	1
1000	 -5	0	0	0	1
1000	 5	0	0	0	1
1100	 0	0	0	0	1
1100	 0	0	0	0	1
1100	 -1	0	0	0	1
1100	 1	0	0	0	1
1100	 -2	0	0	0	1
1100	 2	1	4.84186e-11	4.29644e-11	1
1100	 -3	0	0	0	1
1100	 3	0	0	0	1
1100	 -4	0	0	0	1
1100	 4	0	0	0	1
1100	 -5	0	0	0	1
1100	 5	0	0	0	1
1200	 0	0	0	0	1
1200	 0	1	6.99103e-12	0	1
1200	 -1	0	0	0	1
1200	 1	0	0	0	1
1200	 -2	0	0	0	1
1200	 2	0	0	0	1
1200	 -3	0	0	0	1
1200	 3	0	0	0	1
1200	 -4	0	0	0	1
1200	 4	1	6.99103e-12	0	1
1200	 -5	0	0	0	1
1200	 5	0	0	0	1
1300	 0	0	0	0	1
1300	 0	0	0	0	1
1300	 -1	0	0	0	1
1300	 1	0	0	0	1
1300	 -2	0	0	0	1
1300	 2	1	1.0478e-10	8.42749e-11	1
1300	 -3	0	0	0	1
1300	 3	0	0	0	1
1300	 -4	0	0	0	1
1300	 4	0	0	0	1
1300	 -5	0	0	0	1
1300	 5	0	0	0	1
1400	 0	0	0	0	1
1400	 0	0	0	0	1
1400	 -1	0	0	0	1
1400	 1	0	0	0	1
1400	 -2	0	0	0	1
1400	 2	0	0	0	1
1400	 -3	0	0	0	1
1400	 3	0	0	0	1
1400	 -4	0	0	0	1
1400	 4	0	0	0	1
1400	 -5	0	0	0	1
1400	 5	0	0	0	1
1500	 0	0	0	0	1
1500	 0	0	0	0	1
1500	 -1	0	0	0	1
1500	 1	0	0	0	1
1500	 -2	0	0	0	1
1500	 2	0	0	0	1
1500	 -3	0	0	0	1
1500	 3	0	0	0	1
1500	 -4	0	0	0	1
1500	 4	0	0	0	1
1500	 -5	0	0	0	1
1500	 5	0	0	0	1
1600	 0	0	0	0	1
1600	 0	0	0	0	1
1600	 -1	0	0	0	1
1600	 1	0	0	0	1
1600	 -2	0	0	0	1
1600	 2	0	0	0	1
1600	 -3	0	0	0	1
1600	 3	0	0	0	1
1600	 -4	0	0	0	1
1600	 4	1	4.59837e-11	0	1
1600	 -5	0	0	0	1
1600	 5	0	0	0	1
1700	 0	0	0	0	1
1700	 0	0	0	0	1
1700	 -1	0	0	0	1
1700	 1	0	0	0	1
1700	 -2	0	0	0	1
1700	 2	2	2.14547e-10	1.24935e-10	1
1700	 -3	0	0	0	1
1700	 3	0	0	0	1
1700	 -4	0	0	0	1
1700	 4	0	0	0	1
1700	 -5	0	0	0	1
1700	 5	0	0	0	1
1800	 0	0	0	0	1
1800	 0	1	9.30829e-11	0	1
1800	 -1	0	0	0	1
1800	 1	0	0	0	1
1800	 -2	0	0	0	1
1800	 2	0	0	0	1
1800	 -3	0	0	0	1
1800	 3	1	2.74613e-10	0	1
1800	 -4	0	0	0	1
1800	 4	1	9.85929e-11	0	1
1800	 -5	0	0	0	1
1800	 5	0	0	0	1
1900	 0	0	0	0	1
1900	 0	0	0	0	1
1900	 -1	0	0	0	1
1900	 1	0	0	0	1
1900	 -2	0	0	0	1
1900	 2	1	8.47598e-10	3.93139e-10	1
1900	 -3	1	3.00244e-08	0	1
1900	 3	0	0	0	1
1900	 -4	0	0	0	1
1900	 4	0	0	0	1
1900	 -5	0	0	0	1
1900	 5	0	0	0	1
2000	 0	0	0	0	1
2000	 0	0	0	0	1
2000	 -1	0	0	0	1
2000	 1	0	0	0	1
2000	 -2	0	0	0	1
2000	 2	0	0	0	1
2000	 -3	0	0	0	1
2000	 3	0	0	0	1
2000	 -4	0	0	0	1
2000	 4	0	0	0	1
2000	 -5	0	0	0	1
2000	 5	0	0	0	1
2100	 0	0	0	0	1
2100	 0	0	0	0	1
2100	 -1	0	0	0	1
2100	 1	0	0	0	1
2100	 -2	0	0	0	1
2100	 2	1	1.66389e-09	5.92161e-10	1
2100	 -3	0	0	0	1
2100	 3	2	5.13334e-10	0	1
2100	 -4	0	0	0	1
2100	 4	0	0	0	1
2100	 -5	0	0	0	1
2100	 5	0	0	0	1
2200	 0	0	0	0	1
2200	 0	0	0	0	1
2200	 -1	0	0	0	1
2200	 1	0	0	0	1
2200	 -2	0	0	0	1
2200	 2	1	2.34722e-09	7.16849e-10	1
2200	 -3	0	0	0	1
2200	 3	0	0	0	1
2200	 -4	0	0	0	1
2200	 4	0	0	0	1
2200	 -5	1	7.57682e-09	0	1
2200	 5	0	0	0	1
2300	 0	0	0	0	1
2300	 0	1	4.13938e-10	0	1
2300	 -1	1	2.94535e-07	1.77134e-07	1
2300	 1	0	0	0	1
2300	 -2	0	0	0	1
2300	 2	0	0	0	1
2300	 -3	2	5.04932e-08	0	1
2300	 3	0	0	0	1
2300	 -4	0	0	0	1
2300	 4	1	7.09828e-10	0	1
2300	 -5	0	0	0	1
2300	 5	0	0	0	1
2400	 0	0	0	0	1
2400	 0	0	0	0	1
2400	 -1	1	3.1301e-07	1.59143e-07	1
2400	 1	0	0	0	1
2400	 -2	0	0	0	1
2400	 2	0	0	0	1
2400	 -3	0	0	0	1
2400	 3	0	0	0	1
2400	 -4	1	1.80049e-08	0	1
2400	 4	0	0	0	1
2400	 -5	0	0	0	1
2400	 5	0	0	0	1
2500	 0	0	0	0	1
2500	 0	0	0	0	1
2500	 -1	0	0	0	1
2500	 1	0	0	0	1
2500	 -2	0	0	0	1
2500	 2	0	0	0	1
2500	 -3	0	0	0	1
2500	 3	0	0	0	1
2500	 -4	0	0	0	1
2500	 4	0	0	0	1
2500	 -5	0	0	0	1
2500	 5	0	0	0	1
2600	 0	0.133635	5.69526e-13	0	1
2600	 0	0.304531	3.10493e-09	0	1
2600	 -1	0.139459	3.69511e-06	1.8669e-06	1
2600	 1	0.317805	7.34397e-08	5.14527e-08	1
2600	 -2	0.304874	6.19678e-07	0	1
2600	 2	0.694756	1.38611e-08	2.05857e-09	1
2600	 -3	0.201985	1.10396e-06	0	1
2600	 3	0.46029	1.76881e-08	0	1
2600	 -4	0.281477	1.33671e-07	0	1
2600	 4	0.641438	5.11445e-09	0	1
2600	 -5	0.134529	2.53229e-07	0	1
2600	 5	0.30657	2.22801e-09	0	1
2700	 0	0.168765	3.48398e-12	0	1
2700	 0	0.32865	4.07425e-09	0	1
2700	 -1	0.1765	3.85707e-06	2.02727e-06	1
2700	 1	0.343712	8.72237e-08	5.85148e-08	1
2700	 -2	0.387509	6.15395e-07	0	1
2700	 2	0.754629	1.81986e-08	2.21789e-09	1
2700	 -3	0.258393	1.10313e-06	0	1
2700	 3	0.50319	2.38173e-08	0	1
2700	 -4	0.363192	1.44934e-07	0	1
2700	 4	0.707274	7.67679e-09	0	1
2700	 -5	0.17546	2.65505e-07	0	1
2700	 5	0.341687	3.65391e-09	0	1
2800	 0	0.209316	2.46633e-11	0	1
2800	 0	0.356222	5.56775e-09	0	1
2800	 -1	0.219339	4.12843e-06	2.28125e-06	1
2800	 1	0.373279	1.02125e-07	6.50917e-08	1
2800	 -2	0.483452	6.18033e-07	0	1
2800	 2	0.822758	2.37131e-08	2.36812e-09	1
2800	 -3	0.324268	1.11407e-06	0	1
2800	 3	0.551851	3.15781e-08	0	1
2800	 -4	0.459368	1.57272e-07	0	1
2800	 4	0.78177	1.12438e-08	0	1
2800	 -5	0.224106	2.78892e-07	0	1
2800	 5	0.381393	5.81026e-09	0	1
2900	 0	0.255502	1.00384e-10	0	1
2900	 0	0.388347	7.76283e-09	0	1
2900	 -1	0.268217	3.27727e-06	1.58781e-06	1
2900	 1	0.407673	1.17851e-07	7.07425e-08	1
2900	 -2	0.593314	5.41232e-07	0	1
2900	 2	0.901799	3.05172e-08	2.503e-09	1
2900	 -3	0.400105	1.00847e-06	0	1
2900	 3	0.608133	4.11078e-08	0	1
2900	 -4	0.570887	1.70715e-07	0	1
2900	 4	0.867711	1.59654e-08	0	1
2900	 -5	0.281023	2.93447e-07	0	1
2900	 5	0.427137	8.8675e-09	0	1
3000	 0	0.307677	2.85228e-10	0	1
3000	 0	0.426187	1.08094e-08	0	1
3000	 -1	0.323523	4.18845e-06	2.14597e-06	1
3000	 1	0.448137	1.34074e-07	7.50701e-08	1
3000	 -2	0.718027	6.94949e-07	0	1
3000	 2	0.994595	3.86532e-08	2.61738e-09	1
3000	 -3	0.486616	1.2453e-06	0	1
3000	 3	0.674049	5.24593e-08	0	1
3000	 -4	0.698937	1.85222e-07	0	1
3000	 4	0.968152	2.19332e-08	0	1
3000	 -5	0.346916	3.09086e-07	0	1
3000	 5	0.48054	1.29644e-08	0	1
3100	 0	0.366392	6.47717e-10	0	1
3100	 0	0.47094	1.48118e-08	0	1
3100	 -1	0.385853	4.54547e-06	2.64856e-06	1
3100	 1	0.495955	1.50492e-07	7.77828e-08	1
3100	 -2	0.858993	6.23855e-07	0	1
3100	 2	1.1041	4.80936e-08	2.70786e-09	1.22704
3100	 -3	0.584834	1.15071e-06	0	1
3100	 3	0.751714	6.56034e-08	0	1
3100	 -4	0.845177	2.00684e-07	0	1
3100	 4	1.08634	2.91747e-08	0	1
3100	 -5	0.42273	3.25625e-07	0	1
3100	 5	0.543354	1.81971e-08	0	1
3200	 0	0.432432	1.26557e-09	0	1
3200	 0	0.523844	1.98203e-08	0	1
3200	 -1	0.456051	4.70469e-06	2.63071e-06	1
3200	 1	0.552456	1.66871e-07	7.87308e-08	1
3200	 -2	1.01817	6.98041e-07	0	1
3200	 2	1.2334	5.87515e-08	2.77308e-09	1.29468
3200	 -3	0.696179	1.27014e-06	0	1
3200	 3	0.843344	8.04447e-08	0	1
3200	 -4	1.01184	2.16956e-07	0	1
3200	 4	1.22574	3.76585e-08	0	1
3200	 -5	0.509713	3.42837e-07	0	1
3200	 5	0.617461	2.46154e-08	0	1
3300	 0	0.506828	2.22088e-09	0	1
3300	 0	0.586198	2.58322e-08	0	1
3300	 -1	0.535223	4.71809e-06	2.4255e-06	1
3300	 1	0.619039	1.83073e-07	7.79136e-08	1
3300	 -2	1.19811	7.90959e-07	0	1
3300	 2	1.38574	7.04984e-08	2.81341e-09	1.36535
3300	 -3	0.822495	1.41631e-06	0	1
3300	 3	0.951299	9.68422e-08	0	1
3300	 -4	1.20182	2.3386e-07	0	1
3300	 4	1.39003	4.73065e-08	0	1
3300	 -5	0.609458	3.6047e-07	0	1
3300	 5	0.7049	3.22253e-08	0	1
3400	 0	0.590863	3.59527e-09	0	1
3400	 0	0.659411	3.27994e-08	0	1
3400	 -1	0.624744	4.04688e-06	2.02035e-06	1
3400	 1	0.697223	1.99052e-07	7.54631e-08	1
3400	 -2	1.402	7.04308e-07	0	1
3400	 2	1.56465	8.31827e-08	2.83051e-09	1.43864
3400	 -3	0.966074	1.30091e-06	0	1
3400	 3	1.07815	1.1463e-07	0	1
3400	 -4	1.41868	2.51209e-07	0	1
3400	 4	1.58326	5.80087e-08	0	1
3400	 -5	0.723932	3.78289e-07	0	1
3400	 5	0.807918	4.09962e-08	0	1
3500	 0	0.686078	5.46537e-09	0	1
3500	 0	0.745042	4.06394e-08	0	1
3500	 -1	0.72627	4.40204e-06	1.96865e-06	1
3500	 1	0.788689	2.14841e-07	7.16126e-08	1
3500	 -2	1.63367	8.21886e-07	0	1
3500	 2	1.77407	9.66446e-08	2.8268e-09	1.51414
3500	 -3	1.12967	1.48154e-06	0	1
3500	 3	1.22676	1.33633e-07	0	1
3500	 -4	1.66672	2.68816e-07	0	1
3500	 4	1.80997	6.96364e-08	0	1
3500	 -5	0.855507	3.96079e-07	0	1
3500	 5	0.929034	5.08678e-08	0	1
3600	 0	0.794287	7.8988e-09	0	1
3600	 0	0.844859	4.92462e-08	0	1
3600	 -1	0.841749	4.66897e-06	1.94456e-06	1
3600	 1	0.895343	2.30533e-07	6.66605e-08	1
3600	 -2	1.89761	1.01444e-06	0	1
3600	 2	2.01843	1.10728e-07	2.80503e-09	1.59148
3600	 -3	1.31655	1.7302e-06	0	1
3600	 3	1.40037	1.53675e-07	0	1
3600	 -4	1.95105	2.60566e-07	0	1
3600	 4	2.07527	8.20521e-08	0	1
3600	 -5	1.007	3.63405e-07	0	1
3600	 5	1.07111	6.17577e-08	0	1
3700	 0	0.917601	1.09509e-08	0	1
3700	 0	0.960882	5.84998e-08	0	1
3700	 -1	0.973447	4.79891e-06	1.96605e-06	1
3700	 1	1.01936	2.46252e-07	6.09372e-08	1.17795
3700	 -2	2.1991	9.91332e-07	0	1
3700	 2	2.30282	1.25284e-07	2.76793e-09	1.67033
3700	 -3	1.5305	1.76935e-06	0	1
3700	 3	1.60269	1.74589e-07	0	1
3700	 -4	2.27761	3.21504e-07	0	1
3700	 4	2.38504	9.51163e-08	0	1
3700	 -5	1.1817	4.64408e-07	0	1
3700	 5	1.23744	7.35675e-08	0	1
3800	 0	1.05845	1.46623e-08	0	1
3800	 0	1.09544	6.82745e-08	0	1
3800	 -1	1.12398	4.85389e-06	1.8946e-06	1.23798
3800	 1	1.16326	2.62141e-07	5.47762e-08	1.25898
3800	 -2	2.5442	1.04195e-06	0	1
3800	 2	2.6331	1.4018e-07	2.7181e-09	1.75045
3800	 -3	1.77595	1.80745e-06	0	1
3800	 3	1.838	1.96213e-07	0	1
3800	 -4	2.65334	3.10861e-07	0	1
3800	 4	2.74605	1.08691e-07	0	1
3800	 -5	1.38347	4.27245e-07	0	1
3800	 5	1.43181	8.61879e-08	0	1
3900	 0	1.21965	1.90574e-08	0	1
3900	 0	1.25122	7.84447e-08	0	1
3900	 -1	1.29638	4.55039e-06	1.7845e-06	1.32495
3900	 1	1.32994	2.78343e-07	4.84919e-08	1.34046
3900	 -2	2.93994	9.89976e-07	0	1
3900	 2	3.01604	1.55295e-07	2.65786e-09	1.83161
3900	 -3	2.05798	1.76612e-06	0	1
3900	 3	2.11125	2.18397e-07	0	1
3900	 -4	3.08627	3.45712e-07	0	1
3900	 4	3.16616	1.22646e-07	0	1
3900	 -5	1.61677	4.77546e-07	0	1
3900	 5	1.65863	9.95046e-08	0	1
4000	 0	1.40442	2.41438e-08	0	1
4000	 0	1.43136	8.88903e-08	0	1
4000	 -1	1.49411	4.44907e-06	1.52106e-06	1.41084
4000	 1	1.52276	2.94991e-07	4.23648e-08	1.42229
4000	 -2	3.39441	9.77097e-07	0	1
4000	 2	3.4595	1.70524e-07	2.58926e-09	1.91359
4000	 -3	2.38248	1.7682e-06	0	1
4000	 3	2.42817	2.41e-07	0	1
4000	 -4	3.5857	3.72209e-07	0	1
4000	 4	3.65446	1.36857e-07	0	1
4000	 -5	1.88681	5.11902e-07	0	1
4000	 5	1.92299	1.13402e-07	0	1
4100	 0	1.61648	2.99119e-08	0	1
4100	 0	1.63944	9.94993e-08	0	1
4100	 -1	1.72117	4.41467e-06	1.29495e-06	1.49597
4100	 1	1.74562	3.12208e-07	3.66322e-08	1.50444
4100	 -2	3.91691	1.04472e-06	0	1
4100	 2	3.97256	1.85777e-07	2.51408e-09	1.99617
4100	 -3	2.75624	1.84957e-06	0	1
4100	 3	2.7954	2.63896e-07	0	1
4100	 -4	4.16237	3.75481e-07	0	1
4100	 4	4.2215	1.51211e-07	0	1
4100	 -5	2.19959	5.02505e-07	0	1
4100	 5	2.23084	1.27766e-07	0	1
4200	 0	1.86009	3.63357e-08	0	1
4200	 0	1.87966	1.1017e-07	0	1
4200	 -1	1.98216	4.43259e-06	1.03024e-06	1.58062
4200	 1	2.00302	3.30099e-07	3.14837e-08	1.58689
4200	 -2	4.5182	1.12014e-06	0	1
4200	 2	4.56575	2.00976e-07	2.43383e-09	2.07911
4200	 -3	3.18711	1.98518e-06	0	1
4200	 3	3.22065	2.86969e-07	0	1
4200	 -4	4.82871	3.97267e-07	0	1
4200	 4	4.87953	1.65606e-07	0	1
4200	 -5	2.5621	5.48406e-07	0	1
4200	 5	2.58906	1.42494e-07	0	1
4300	 0	2.14017	4.33743e-08	0	1
4300	 0	2.15685	1.20812e-07	0	1
4300	 -1	2.2824	4.47957e-06	9.50442e-07	1.66501
4300	 1	2.30019	3.48758e-07	2.7062e-08	1.66965
4300	 -2	5.21065	1.1504e-06	0	1
4300	 2	5.25127	2.06419e-07	2.34984e-09	2.16207
4300	 -3	3.68413	2.1328e-06	0	1
4300	 3	3.71285	2.96487e-07	0	1
4300	 -4	5.59909	4.97258e-07	0	1
4300	 4	5.64275	1.70981e-07	0	1
4300	 -5	2.98242	6.88783e-07	0	1
4300	 5	3.00567	1.57487e-07	0	1
4400	 0	2.46239	5.0973e-08	0	1
4400	 0	2.47661	1.31352e-07	0	1
4400	 -1	2.62798	4.30852e-06	7.66716e-07	1.74929
4400	 1	2.64316	3.68265e-07	2.34657e-08	1.75273
4400	 -2	6.00854	1.1922e-06	0	1
4400	 2	6.04324	2.3752e-07	2.2632e-09	2.24468
4400	 -3	4.25775	2.20223e-06	0	1
4400	 3	4.28235	3.42505e-07	0	1
4400	 -4	6.49015	5.05982e-07	0	1
4400	 4	6.52764	2.00236e-07	0	1
4400	 -5	3.46992	7.12316e-07	0	1
4400	 5	3.48996	1.72666e-07	0	1
4500	 0	2.83328	5.90655e-08	0	1
4500	 0	2.8454	1.41727e-07	0	1
4500	 -1	3.02597	4.35953e-06	9.77833e-07	1.83357
4500	 1	3.03892	3.88693e-07	2.07544e-08	1.83612
4500	 -2	6.92835	1.12435e-06	0	1
4500	 2	6.958	2.41606e-07	2.17488e-09	2.32644
4500	 -3	4.92006	2.07179e-06	0	1
4500	 3	4.94111	3.50599e-07	0	1
4500	 -4	7.52112	4.90241e-07	0	1
4500	 4	7.5533	2.04458e-07	0	1
4500	 -5	4.03548	6.81054e-07	0	1
4500	 5	4.05274	1.87963e-07	0	1
4600	 0	3.26037	6.75764e-08	0	1
4600	 0	3.2707	1.51887e-07	0	1
4600	 -1	3.48449	3.99279e-06	8.17249e-07	1.91789
4600	 1	3.49553	4.10106e-07	1.89548e-08	1.91978
4600	 -2	7.98911	1.09056e-06	0	1
4600	 2	8.01444	2.62877e-07	2.08569e-09	2.40674
4600	 -3	5.685	2.03618e-06	0	1
4600	 3	5.70302	3.83114e-07	0	1
4600	 -4	8.71427	5.43433e-07	0	1
4600	 4	8.74189	2.18724e-07	0	1
4600	 -5	4.69169	7.07141e-07	0	1
4600	 5	4.70656	1.92569e-07	0	1
4700	 0	3.75234	7.64241e-08	0	1
4700	 0	3.76115	1.4834e-07	0	1
4700	 -1	4.01292	3.77326e-06	6.71813e-07	2.0022
4700	 1	4.02234	4.19977e-07	1.80661e-08	2.0036
4700	 -2	9.21279	1.04845e-06	0	1
4700	 2	9.23443	2.69971e-07	1.99633e-09	2.48487
4700	 -3	6.56871	1.97847e-06	0	1
4700	 3	6.58413	4.03595e-07	0	1
4700	 -4	10.0954	5.27324e-07	0	1
4700	 4	10.1191	2.40452e-07	0	1
4700	 -5	5.45318	7.2057e-07	0	1
4700	 5	5.46598	2.25949e-07	0	1
4800	 0	4.31922	8.55236e-08	0	1
4800	 0	4.32674	1.6888e-07	0	1
4800	 -1	4.62209	3.78924e-06	5.83618e-07	2.0864
4800	 1	4.63013	4.53719e-07	1.80652e-08	2.08743
4800	 -2	10.6248	1.10401e-06	0	1
4800	 2	10.6433	2.92572e-07	1.9074e-09	2.56001
4800	 -3	7.58984	2.0997e-06	0	1
4800	 3	7.60305	4.25435e-07	0	1
4800	 -4	11.6943	5.94821e-07	0	1
4800	 4	11.7147	2.46861e-07	0	1
4800	 -5	6.33689	7.84487e-07	0	1
4800	 5	6.34792	2.21652e-07	0	1
4900	 0	4.97259	9.47892e-08	0	1
4900	 0	4.979	1.83027e-07	0	1
4900	 -1	5.32452	3.6817e-06	4.66816e-07	2.17026
4900	 1	5.33138	4.82875e-07	1.891e-08	2.17102
4900	 -2	12.2544	1.13822e-06	0	1
4900	 2	12.2702	3.12879e-07	1.81938e-09	2.63125
4900	 -3	8.76998	2.16004e-06	0	1
4900	 3	8.78128	4.65543e-07	0	1
4900	 -4	13.5457	6.44291e-07	0	1
4900	 4	13.5631	2.75269e-07	0	1
4900	 -5	7.36251	8.1127e-07	0	1
4900	 5	7.372	2.57781e-07	0	1
5000	 0	5.7258	1.01329e-07	0	1
5000	 0	5.73127	1.87438e-07	0	1
5000	 -1	6.13464	3.55243e-06	2.92609e-07	2.25345
5000	 1	6.1405	5.0075e-07	2.05417e-08	2.25401
5000	 -2	14.1355	1.16589e-06	0	1
5000	 2	14.149	3.46291e-07	1.73272e-09	2.69765
5000	 -3	10.1341	2.17614e-06	0	1
5000	 3	10.1438	5.09571e-07	0	1
5000	 -4	15.6895	6.20304e-07	0	1
5000	 4	15.7044	3.07942e-07	0	1
5000	 -5	8.55283	7.92794e-07	0	1
5000	 5	8.561	2.71992e-07	0	1
5100	 0	6.59427	1.12762e-07	0	1
5100	 0	6.59894	2.18162e-07	0	1
5100	 -1	7.06914	3.33889e-06	3.11805e-07	2.33554
5100	 1	7.07414	5.50306e-07	2.28858e-08	2.33594
5100	 -2	16.3073	1.11847e-06	0	1
5100	 2	16.3188	3.81708e-07	1.64776e-09	2.75828
5100	 -3	11.711	2.09946e-06	0	1
5100	 3	11.7193	5.5563e-07	0	1
5100	 -4	18.1721	6.45681e-07	0	1
5100	 4	18.1849	3.2695e-07	0	1
5100	 -5	9.93433	7.94957e-07	0	1
5100	 5	9.94136	2.78843e-07	0	1
5200	 0	7.59583	1.209e-07	0	1
5200	 0	7.59981	2.1745e-07	0	1
5200	 -1	8.14729	3.05796e-06	2.61778e-07	2.41594
5200	 1	8.15156	5.68246e-07	2.58526e-08	2.41623
5200	 -2	18.815	1.09977e-06	0	1
5200	 2	18.8248	3.70132e-07	1.5648e-09	2.81232
5200	 -3	13.5342	2.0169e-06	0	1
5200	 3	13.5413	5.5428e-07	0	1
5200	 -4	21.0472	6.29488e-07	0	1
5200	 4	21.0582	3.33831e-07	0	1
5200	 -5	11.5377	7.38906e-07	0	1
5200	 5	11.5438	3.18183e-07	0	1
5300	 0	8.75105	1.30956e-07	0	1
5300	 0	8.75444	2.31937e-07	0	1
5300	 -1	9.39135	2.84648e-06	1.97301e-07	2.49397
5300	 1	9.395	6.04111e-07	2.93367e-08	2.49418
5300	 -2	21.711	1.05651e-06	0	1
5300	 2	21.7194	3.94593e-07	1.48409e-09	2.85911
5300	 -3	15.6422	1.94831e-06	0	1
5300	 3	15.6483	5.79435e-07	0	1
5300	 -4	24.3771	6.37289e-07	0	1
5300	 4	24.3866	3.56652e-07	0	1
5300	 -5	13.3986	7.41915e-07	0	1
5300	 5	13.4038	3.39206e-07	0	1
5400	 0	10.0837	1.43481e-07	0	1
5400	 0	10.0866	2.83862e-07	0	1
5400	 -1	10.8271	2.75676e-06	2.476e-07	2.56881
5400	 1	10.8302	6.79707e-07	3.32177e-08	2.56896
5400	 -2	25.0558	1.02255e-06	0	1
5400	 2	25.063	4.44851e-07	1.4058e-09	2.89828
5400	 -3	18.0799	1.8846e-06	0	1
5400	 3	18.0851	6.41865e-07	0	1
5400	 -4	28.234	6.3566e-07	0	1
5400	 4	28.2421	3.94269e-07	0	1
5400	 -5	15.5584	7.38562e-07	0	1
5400	 5	15.5628	3.71945e-07	0	1
5500	 0	11.6212	1.51429e-07	0	1
5500	 0	11.6237	3.1295e-07	0	1
5500	 -1	12.4842	2.63393e-06	2.59796e-07	2.63959
5500	 1	12.4868	7.30286e-07	3.73611e-08	2.63969
5500	 -2	28.9193	9.32607e-07	0	1
5500	 2	28.9255	4.68059e-07	1.33011e-09	2.92979
5500	 -3	20.8989	1.74978e-06	0	1
5500	 3	20.9034	6.77165e-07	0	1
5500	 -4	32.7012	6.25412e-07	0	1
5500	 4	32.7082	4.11635e-07	0	1
5500	 -5	18.0649	7.36755e-07	0	1
5500	 5	18.0688	3.94674e-07	0	1
5600	 0	13.3954	1.64047e-07	0	1
5600	 0	13.3975	3.18443e-07	0	1
5600	 -1	14.397	2.53897e-06	1.95348e-07	2.70536
5600	 1	14.3993	7.65968e-07	4.16204e-08	2.70543
5600	 -2	33.3825	9.5385e-07	0	1
5600	 2	33.3878	4.79606e-07	1.25711e-09	2.954
5600	 -3	24.1592	1.74197e-06	0	1
5600	 3	24.1631	7.02159e-07	0	1
5600	 -4	37.8757	6.13795e-07	0	1
5600	 4	37.8817	4.17721e-07	0	1
5600	 -5	20.9739	7.09793e-07	0	1
5600	 5	20.9772	4.037e-07	0	1
5700	 0	15.4428	1.8079e-07	0	1
5700	 0	15.4446	3.101e-07	0	1
5700	 -1	16.6053	2.51157e-06	2.6501e-07	2.76524
5700	 1	16.6072	7.96e-07	4.58416e-08	2.76528
5700	 -2	38.539	9.19021e-07	0	1
5700	 2	38.5435	4.7911e-07	1.18688e-09	2.97162
5700	 -3	27.9302	1.69783e-06	0	1
5700	 3	27.9334	7.16811e-07	0	1
5700	 -4	43.8695	6.33036e-07	0	1
5700	 4	43.8746	4.21741e-07	0	1
5700	 -5	24.3499	7.35467e-07	0	1
5700	 5	24.3528	4.22646e-07	0	1
5800	 0	17.8059	1.97249e-07	0	1
5800	 0	17.8074	3.08282e-07	0	1
5800	 -1	19.1549	2.35577e-06	1.94677e-07	2.81841
5800	 1	19.1566	8.34315e-07	4.98678e-08	2.81844
5800	 -2	44.4968	9.08736e-07	0	1
5800	 2	44.5007	4.92062e-07	1.11949e-09	2.98367
5800	 -3	32.2919	1.6457e-06	0	1
5800	 3	32.2947	7.42935e-07	0	1
5800	 -4	50.8126	6.22356e-07	0	1
5800	 4	50.817	4.33048e-07	0	1
5800	 -5	28.2678	7.12808e-07	0	1
5800	 5	28.2703	4.38567e-07	0	1
5900	 0	20.5336	2.11783e-07	0	1
5900	 0	20.5349	3.18903e-07	0	1
5900	 -1	22.099	2.22367e-06	1.66379e-07	2.86426
5900	 1	22.1004	8.83934e-07	5.35462e-08	2.86428
5900	 -2	51.3812	8.87446e-07	0	1
5900	 2	51.3845	5.06033e-07	1.05495e-09	2.99133
5900	 -3	37.3373	1.59308e-06	0	1
5900	 3	37.3397	7.70073e-07	0	1
5900	 -4	58.8556	6.16238e-07	0	1
5900	 4	58.8594	4.45639e-07	0	1
5900	 -5	32.8145	7.04725e-07	0	1
5900	 5	32.8166	4.62933e-07	0	1
6000	 0	23.6824	2.22731e-07	0	1
6000	 0	23.6836	3.30685e-07	0	1
6000	 -1	25.4989	2.16326e-06	2.20826e-07	2.90247
6000	 1	25.5001	9.31494e-07	5.6735e-08	2.90248
6000	 -2	59.3369	8.59754e-07	0	1
6000	 2	59.3397	5.21397e-07	9.93267e-10	2.9958
6000	 -3	43.174	1.52911e-06	0	1
6000	 3	43.1761	7.97768e-07	0	1
6000	 -4	68.1728	6.01667e-07	0	1
6000	 4	68.1761	4.57349e-07	0	1
6000	 -5	38.0908	6.89435e-07	0	1
6000	 5	38.0926	4.82855e-07	0	1
6100	 0	27.3179	2.33214e-07	0	1
6100	 0	27.3189	3.39767e-07	0	1
6100	 -1	29.4254	1.97923e-06	1.72262e-07	2.93306
6100	 1	29.4265	9.76327e-07	5.93111e-08	2.93306
6100	 -2	68.5313	8.00253e-07	0	1
6100	 2	68.5337	5.31453e-07	9.34425e-10	2.99818
6100	 -3	49.9263	1.44885e-06	0	1
6100	 3	49.9281	8.20469e-07	0	1
6100	 -4	78.9665	6.03449e-07	0	1
6100	 4	78.9693	4.65142e-07	0	1
6100	 -5	44.2137	7.04543e-07	0	1
6100	 5	44.2153	5.0237e-07	0	1
6200	 0	31.5156	2.43474e-07	0	1
6200	 0	31.5164	3.43569e-07	0	1
6200	 -1	33.9607	1.9482e-06	1.34427e-07	2.95641
6200	 1	33.9616	1.01597e-06	6.11764e-08	2.95642
6200	 -2	79.158	8.15741e-07	0	1
6200	 2	79.1601	5.43493e-07	8.7839e-10	2.9993
6200	 -3	57.7383	1.43739e-06	0	1
6200	 3	57.7399	8.46958e-07	0	1
6200	 -4	91.4708	5.81885e-07	0	1
6200	 4	91.4731	4.72734e-07	0	1
6200	 -5	51.3189	6.80831e-07	0	1
6200	 5	51.3202	5.15224e-07	0	1
6300	 0	36.3628	2.53897e-07	0	1
6300	 0	36.3635	3.39525e-07	0	1
6300	 -1	39.1995	1.87574e-06	1.63645e-07	2.9733
6300	 1	39.2002	1.04825e-06	6.22638e-08	2.9733
6300	 -2	91.4412	7.7214e-07	0	1
6300	 2	91.4429	5.44612e-07	8.25117e-10	2.99977
6300	 -3	66.7768	1.38125e-06	0	1
6300	 3	66.7781	8.62149e-07	0	1
6300	 -4	105.957	5.93407e-07	0	1
6300	 4	105.959	4.73725e-07	0	1
6300	 -5	59.5639	6.9819e-07	0	1
6300	 5	59.565	5.28513e-07	0	1
6400	 0	41.9606	2.63673e-07	0	1
6400	 0	41.9612	3.31118e-07	0	1
6400	 -1	45.2514	1.81546e-06	1.34968e-07	2.98476
6400	 1	45.2521	1.07521e-06	6.25401e-08	2.98476
6400	 -2	105.64	7.59556e-07	0	1
6400	 2	105.641	5.56252e-07	7.74548e-10	2.99993
6400	 -3	77.2348	1.34756e-06	0	1
6400	 3	77.236	8.90909e-07	0	1
6400	 -4	122.74	5.87863e-07	0	1
6400	 4	122.742	4.82752e-07	0	1
6400	 -5	69.1313	6.9222e-07	0	1
6400	 5	69.1323	5.36951e-07	0	1
6500	 0	48.4258	2.72507e-07	0	1
6500	 0	48.4264	3.21913e-07	0	1
6500	 -1	52.2433	1.79298e-06	1.18044e-07	2.99198
6500	 1	52.2438	1.09951e-06	6.20082e-08	2.99198
6500	 -2	122.054	7.5919e-07	0	1
6500	 2	122.055	5.55084e-07	7.26614e-10	2.99998
6500	 -3	89.3359	1.32688e-06	0	1
6500	 3	89.3368	9.02874e-07	0	1
6500	 -4	142.184	5.75583e-07	0	1
6500	 4	142.185	4.84408e-07	0	1
6500	 -5	80.2331	6.81067e-07	0	1
6500	 5	80.2339	5.50766e-07	0	1
6600	 0	55.8935	2.79153e-07	0	1
6600	 0	55.8939	3.17782e-07	0	1
6600	 -1	60.3216	1.73996e-06	1.14304e-07	2.99616
6600	 1	60.3221	1.12466e-06	6.07053e-08	2.99616
6600	 -2	141.03	7.52731e-07	0	1
6600	 2	141.031	5.60882e-07	6.81241e-10	3
6600	 -3	103.339	1.31216e-06	0	1
6600	 3	103.34	9.19771e-07	0	1
6600	 -4	164.711	5.85981e-07	0	1
6600	 4	164.712	4.87993e-07	0	1
6600	 -5	93.1151	6.83257e-07	0	1
6600	 5	93.1159	5.58944e-07	0	1
6700	 0	64.5197	2.84067e-07	0	1
6700	 0	64.52	3.14905e-07	0	1
6700	 -1	69.6561	1.69783e-06	1.09532e-07	2.99835
6700	 1	69.6565	1.14722e-06	5.86999e-08	2.99835
6700	 -2	162.97	7.26059e-07	0	1
6700	 2	162.971	5.6398e-07	6.38346e-10	3
6700	 -3	119.543	1.27291e-06	0	1
6700	 3	119.544	9.34778e-07	0	1
6700	 -4	190.811	5.81799e-07	0	1
6700	 4	190.812	4.97162e-07	0	1
6700	 -5	108.063	6.86708e-07	0	1
6700	 5	108.063	5.80337e-07	0	1
6800	 0	74.4849	2.87027e-07	0	1
6800	 0	74.4852	3.23156e-07	0	1
6800	 -1	80.4427	1.67591e-06	9.78342e-08	2.99938
6800	 1	80.443	1.17568e-06	5.60861e-08	2.99938
6800	 -2	188.338	7.25119e-07	0	1
6800	 2	188.339	5.81575e-07	5.97843e-10	3
6800	 -3	138.295	1.26174e-06	0	1
6800	 3	138.296	9.60231e-07	0	1
6800	 -4	221.051	5.69993e-07	0	1
6800	 4	221.052	5.07544e-07	0	1
6800	 -5	125.407	6.80064e-07	0	1
6800	 5	125.408	5.86865e-07	0	1
6900	 0	85.998	2.89706e-07	0	1
6900	 0	85.9982	3.29575e-07	0	1
6900	 -1	92.9082	1.60865e-06	8.85623e-08	2.9998
6900	 1	92.9085	1.19983e-06	5.2977e-08	2.9998
6900	 -2	217.671	6.97669e-07	0	1
6900	 2	217.672	5.83913e-07	5.59641e-10	3
6900	 -3	159.998	1.22785e-06	0	1
6900	 3	159.998	9.72704e-07	0	1
6900	 -4	256.088	5.73693e-07	0	1
6900	 4	256.089	5.10399e-07	0	1
6900	 -5	145.532	6.87767e-07	0	1
6900	 5	145.532	6.00933e-07	0	1
7000	 0	99.3002	2.9122e-07	0	1
7000	 0	99.3005	3.2255e-07	0	1
7000	 -1	107.315	1.56968e-06	7.56383e-08	2.99994
7000	 1	107.315	1.20788e-06	4.94965e-08	2.99994
7000	 -2	251.592	6.84512e-07	0	1
7000	 2	251.592	5.85397e-07	5.2365e-10	3
7000	 -3	185.115	1.20226e-06	0	1
7000	 3	185.116	9.83103e-07	0	1
7000	 -4	296.685	5.66118e-07	0	1
7000	 4	296.686	5.13384e-07	0	1
7000	 -5	168.882	6.81747e-07	0	1
7000	 5	168.883	6.07023e-07	0	1
7100	 0	114.671	2.9493e-07	0	1
7100	 0	114.671	3.1887e-07	0	1
7100	 -1	123.967	1.55433e-06	8.0664e-08	2.99999
7100	 1	123.967	1.21957e-06	4.57719e-08	2.99999
7100	 -2	290.819	6.78135e-07	0	1
7100	 2	290.819	5.88627e-07	4.89774e-10	3
7100	 -3	214.186	1.18979e-06	0	1
7100	 3	214.186	9.94807e-07	0	1
7100	 -4	343.723	5.61036e-07	0	1
7100	 4	343.724	5.16684e-07	0	1
7100	 -5	195.976	6.82473e-07	0	1
7100	 5	195.976	6.13356e-07	0	1
7200	 0	132.433	2.97537e-07	0	1
7200	 0	132.433	3.15299e-07	0	1
7200	 -1	143.214	1.51805e-06	5.98221e-08	3
7200	 1	143.214	1.22835e-06	4.19262e-08	3
7200	 -2	336.185	6.74926e-07	0	1
7200	 2	336.185	5.89349e-07	4.5792e-10	3
7200	 -3	247.834	1.18949e-06	0	1
7200	 3	247.834	1.00322e-06	0	1
7200	 -4	398.226	5.69636e-07	0	1
7200	 4	398.227	5.17521e-07	0	1
7200	 -5	227.412	6.90472e-07	0	1
7200	 5	227.413	6.17874e-07	0	1
7300	 0	152.959	2.99214e-07	0	1
7300	 0	152.959	3.07737e-07	0	1
7300	 -1	165.462	1.494e-06	5.16809e-08	3
7300	 1	165.463	1.2306e-06	3.80719e-08	3
7300	 -2	388.654	6.70384e-07	0	1
7300	 2	388.654	5.88699e-07	4.27994e-10	3
7300	 -3	286.781	1.18112e-06	0	1
7300	 3	286.781	1.01048e-06	0	1
7300	 -4	461.38	5.69741e-07	0	1
7300	 4	461.381	5.21078e-07	0	1
7300	 -5	263.887	6.90524e-07	0	1
7300	 5	263.887	6.25623e-07	0	1
7400	 0	176.682	3.00472e-07	0	1
7400	 0	176.682	3.05451e-07	0	1
7400	 -1	191.183	1.51603e-06	8.55105e-08	3
7400	 1	191.183	1.23554e-06	3.43063e-08	3
7400	 -2	449.341	6.68886e-07	0	1
7400	 2	449.341	5.94238e-07	3.99903e-10	3
7400	 -3	331.863	1.17041e-06	0	1
7400	 3	331.863	1.02156e-06	0	1
7400	 -4	534.559	5.62754e-07	0	1
7400	 4	534.559	5.26305e-07	0	1
7400	 -5	306.206	6.8305e-07	0	1
7400	 5	306.207	6.29273e-07	0	1
7500	 0	204.101	3.01072e-07	0	1
7500	 0	204.101	3.06517e-07	0	1
7500	 -1	220.917	1.47242e-06	7.03618e-08	3
7500	 1	220.918	1.24117e-06	3.07081e-08	3
7500	 -2	519.536	6.59805e-07	0	1
7500	 2	519.536	5.95712e-07	3.73554e-10	3
7500	 -3	384.049	1.16267e-06	0	1
7500	 3	384.049	1.02811e-06	0	1
7500	 -4	619.356	5.7083e-07	0	1
7500	 4	619.356	5.289e-07	0	1
7500	 -5	355.308	6.89117e-07	0	1
7500	 5	355.308	6.35156e-07	0	1
7600	 0	235.793	3.00554e-07	0	1
7600	 0	235.793	3.0381e-07	0	1
7600	 -1	255.296	1.45962e-06	6.81186e-08	3
7600	 1	255.296	1.24038e-06	2.73364e-08	3
7600	 -2	600.734	6.59789e-07	0	1
7600	 2	600.734	5.976e-07	3.4886e-10	3
7600	 -3	444.46	1.15902e-06	0	1
7600	 3	444.46	1.0349e-06	0	1
7600	 -4	717.616	5.6742e-07	0	1
7600	 4	717.616	5.33846e-07	0	1
7600	 -5	412.277	6.85021e-07	0	1
7600	 5	412.277	6.41041e-07	0	1
7700	 0	272.428	3.00557e-07	0	1
7700	 0	272.428	3.05061e-07	0	1
7700	 -1	295.045	1.43525e-06	6.20587e-08	3
7700	 1	295.045	1.24237e-06	2.42303e-08	3
7700	 -2	694.663	6.50795e-07	0	1
7700	 2	694.663	6.00359e-07	3.25731e-10	3
7700	 -3	514.395	1.14298e-06	0	1
7700	 3	514.395	1.04016e-06	0	1
7700	 -4	831.479	5.62849e-07	0	1
7700	 4	831.479	5.37443e-07	0	1
7700	 -5	478.374	6.81196e-07	0	1
7700	 5	478.374	6.45134e-07	0	1
7800	 0	314.778	3.00441e-07	0	1
7800	 0	314.778	3.0843e-07	0	1
7800	 -1	341.006	1.40876e-06	5.28994e-08	3
7800	 1	341.006	1.24492e-06	2.14111e-08	3
7800	 -2	803.325	6.48032e-07	0	1
7800	 2	803.325	6.03237e-07	3.04083e-10	3
7800	 -3	595.357	1.13995e-06	0	1
7800	 3	595.357	1.046e-06	0	1
7800	 -4	963.425	5.67767e-07	0	1
7800	 4	963.425	5.405e-07	0	1
7800	 -5	555.062	6.8213e-07	0	1
7800	 5	555.062	6.48651e-07	0	1
7900	 0	363.738	3.0006e-07	0	1
7900	 0	363.738	3.07099e-07	0	1
7900	 -1	394.153	1.398e-06	4.35774e-08	3
7900	 1	394.153	1.24173e-06	1.8884e-08	3
7900	 -2	929.035	6.47169e-07	0	1
7900	 2	929.035	6.03455e-07	2.83833e-10	3
7900	 -3	689.089	1.137e-06	0	1
7900	 3	689.089	1.04945e-06	0	1
7900	 -4	1116.33	5.63243e-07	0	1
7900	 4	1116.33	5.44328e-07	0	1
7900	 -5	644.036	6.80061e-07	0	1
7900	 5	644.036	6.54014e-07	0	1
8000	 0	420.342	3.00337e-07	0	1
8000	 0	420.342	3.08528e-07	0	1
8000	 -1	455.613	1.38211e-06	4.53533e-08	3
8000	 1	455.613	1.24099e-06	1.66416e-08	3
8000	 -2	1074.48	6.4006e-07	0	1
8000	 2	1074.48	6.05984e-07	2.64902e-10	3
8000	 -3	797.608	1.12523e-06	0	1
8000	 3	797.608	1.05305e-06	0	1
8000	 -4	1293.52	5.6089e-07	0	1
8000	 4	1293.52	5.46222e-07	0	1
8000	 -5	747.264	6.78248e-07	0	1
8000	 5	747.264	6.54133e-07	0	1
8100	 0	485.788	3.00882e-07	0	1
8100	 0	485.788	3.0901e-07	0	1
8100	 -1	526.689	1.35846e-06	3.27746e-08	3
8100	 1	526.689	1.23909e-06	1.46672e-08	3
8100	 -2	1242.75	6.39359e-07	0	1
8100	 2	1242.75	6.03907e-07	2.47213e-10	3
8100	 -3	923.251	1.12308e-06	0	1
8100	 3	923.252	1.05316e-06	0	1
8100	 -4	1498.86	5.6398e-07	0	1
8100	 4	1498.86	5.46677e-07	0	1
8100	 -5	867.029	6.7776e-07	0	1
8100	 5	867.029	6.57651e-07	0	1
8200	 0	561.461	3.01022e-07	0	1
8200	 0	561.461	3.06117e-07	0	1
8200	 -1	608.891	1.34573e-06	3.50703e-08	3
8200	 1	608.891	1.23315e-06	1.29376e-08	3
8200	 -2	1437.45	6.34836e-07	0	1
8200	 2	1437.45	6.0311e-07	2.30694e-10	3
8200	 -3	1068.73	1.11437e-06	0	1
8200	 3	1068.73	1.0538e-06	0	1
8200	 -4	1736.82	5.60689e-07	0	1
8200	 4	1736.82	5.48845e-07	0	1
8200	 -5	1005.98	6.75304e-07	0	1
8200	 5	1005.98	6.59933e-07	0	1
8300	 0	648.964	3.01848e-07	0	1
8300	 0	648.964	3.08139e-07	0	1
8300	 -1	703.963	1.32209e-06	2.62818e-08	3
8300	 1	703.963	1.23228e-06	1.14263e-08	3
8300	 -2	1662.74	6.27052e-07	0	1
8300	 2	1662.74	6.0535e-07	2.15273e-10	3
8300	 -3	1237.16	1.1056e-06	0	1
8300	 3	1237.16	1.05677e-06	0	1
8300	 -4	2012.6	5.61455e-07	0	1
8300	 4	2012.6	5.50893e-07	0	1
8300	 -5	1167.19	6.78165e-07	0	1
8300	 5	1167.19	6.60564e-07	0	1
8400	 0	750.15	3.02152e-07	0	1
8400	 0	750.15	3.08689e-07	0	1
8400	 -1	813.927	1.31986e-06	2.86873e-08	3
8400	 1	813.927	1.22929e-06	1.01058e-08	3
8400	 -2	1923.43	6.25527e-07	0	1
8400	 2	1923.43	6.03701e-07	2.00884e-10	3
8400	 -3	1432.2	1.10046e-06	0	1
8400	 3	1432.2	1.05637e-06	0	1
8400	 -4	2332.2	5.61271e-07	0	1
8400	 4	2332.2	5.51161e-07	0	1
8400	 -5	1354.22	6.75355e-07	0	1
8400	 5	1354.22	6.62463e-07	0	1
8500	 0	867.166	3.02289e-07	0	1
8500	 0	867.166	3.06055e-07	0	1
8500	 -1	941.122	1.3093e-06	2.25769e-08	3
8500	 1	941.122	1.22308e-06	8.94951e-09	3
8500	 -2	2225.09	6.25407e-07	0	1
8500	 2	2225.09	6.01241e-07	1.87462e-10	3
8500	 -3	1658.04	1.09872e-06	0	1
8500	 3	1658.04	1.05449e-06	0	1
8500	 -4	2702.59	5.59837e-07	0	1
8500	 4	2702.59	5.51553e-07	0	1
8500	 -5	1571.22	6.7397e-07	0	1
8500	 5	1571.22	6.63771e-07	0	1
8600	 0	1002.49	3.0292e-07	0	1
8600	 0	1002.49	3.06599e-07	0	1
8600	 -1	1088.25	1.30479e-06	2.45978e-08	3
8600	 1	1088.25	1.22041e-06	7.93288e-09	3
8600	 -2	2574.19	6.19512e-07	0	1
8600	 2	2574.19	6.02213e-07	1.74948e-10	3
8600	 -3	1919.55	1.09458e-06	0	1
8600	 3	1919.55	1.05585e-06	0	1
8600	 -4	3131.85	5.62416e-07	0	1
8600	 4	3131.85	5.53018e-07	0	1
8600	 -5	1822.96	6.78742e-07	0	1
8600	 5	1822.96	6.64013e-07	0	1
8700	 0	1159.01	3.03164e-07	0	1
8700	 0	1159.01	3.06991e-07	0	1
8700	 -1	1258.45	1.30059e-06	2.33863e-08	3
8700	 1	1258.45	1.21727e-06	7.03437e-09	3
8700	 -2	2978.18	6.20445e-07	0	1
8700	 2	2978.18	6.0089e-07	1.63284e-10	3
8700	 -3	2222.37	1.09447e-06	0	1
8700	 3	2222.37	1.05516e-06	0	1
8700	 -4	3629.35	5.61914e-07	0	1
8700	 4	3629.35	5.53449e-07	0	1
8700	 -5	2115.04	6.77685e-07	0	1
8700	 5	2115.04	6.65445e-07	0	1
8800	 0	1340.03	3.0312e-07	0	1
8800	 0	1340.03	3.05749e-07	0	1
8800	 -1	1455.34	1.28983e-06	2.46861e-08	3
8800	 1	1455.34	1.2124e-06	6.23568e-09	3
8800	 -2	3445.74	6.16579e-07	0	1
8800	 2	3445.74	5.9913e-07	1.52415e-10	3
8800	 -3	2573.05	1.08774e-06	0	1
8800	 3	2573.05	1.05352e-06	0	1
8800	 -4	4205.94	5.60843e-07	0	1
8800	 4	4205.94	5.53516e-07	0	1
8800	 -5	2453.89	6.76119e-07	0	1
8800	 5	2453.89	6.6583e-07	0	1
8900	 0	1549.41	3.03337e-07	0	1
8900	 0	1549.41	3.05508e-07	0	1
8900	 -1	1683.13	1.28272e-06	2.56502e-08	3
8900	 1	1683.13	1.20894e-06	5.52175e-09	3
8900	 -2	3986.86	6.14239e-07	0	1
8900	 2	3986.86	5.98175e-07	1.42288e-10	3
8900	 -3	2979.16	1.08456e-06	0	1
8900	 3	2979.16	1.05271e-06	0	1
8900	 -4	4874.2	5.61197e-07	0	1
8900	 4	4874.2	5.53998e-07	0	1
8900	 -5	2847.01	6.76414e-07	0	1
8900	 5	2847.01	6.66494e-07	0	1
9000	 0	1791.61	3.03323e-07	0	1
9000	 0	1791.61	3.05565e-07	0	1
9000	 -1	1946.66	1.26729e-06	2.04838e-08	3
9000	 1	1946.66	1.20569e-06	4.88054e-09	3
9000	 -2	4613.15	6.10155e-07	0	1
9000	 2	4613.15	5.9765e-07	1.32857e-10	3
9000	 -3	3449.47	1.07989e-06	0	1
9000	 3	3449.47	1.05242e-06	0	1
9000	 -4	5648.72	5.61228e-07	0	1
9000	 4	5648.72	5.54697e-07	0	1
9000	 -5	3303.09	6.7733e-07	0	1
9000	 5	3303.09	6.67026e-07	0	1
