0 0 0
100 3.65921e-08 0
200 2.92188e-08 0
300 2.83752e-08 0
400 2.8536e-08 0
500 4488.44 4457.45
600 242.227 230.842
700 132.04 101.446
800 99.3119 60.9214
900 27.1662 16.6482
1000 40.6488 40.274
1100 19.889 0
1200 14.3193 14.1777
1300 9.86129 8.12809
1400 6.87925 2.45945
1500 4.46121 2.70738
1600 2.6044 1.00895
1700 1.94825 0.58572
1800 1.2205 0.807175
1900 0.786953 0
2000 0.577548 0.285166
2100 0.655556 0
2200 0.662993 0.646987
2300 0.562123 0.207838
2400 0.735284 0.714885
2500 0.952948 0.545326
2600 0.944917 0.595502
2700 1.02351 0.711917
2800 1.15333 0.86889
2900 0.87205 0.784248
3000 0.950128 0.956518
3100 1.01369 1.16838
3200 1.00987 1.29553
3300 0.837621 1.29632
3400 0.809312 1.26316
3500 0.823578 1.4064
3600 0.749165 1.4905
3700 0.694455 1.58263
3800 0.705998 1.63488
3900 0.63698 1.59092
4000 0.570644 1.51812
4100 0.573907 1.53734
4200 0.484502 1.37973
4300 0.486426 1.42517
4400 0.396069 1.23611
4500 0.602643 1.73912
4600 0.535385 1.5743
4700 0.466181 1.42809
4800 0.445567 1.40372
4900 0.385781 1.26423
5000 0.269599 0.933244
5100 0.318694 1.07988
5200 0.294572 1.01303
5300 0.244696 0.881408
5400 0.337692 1.2004
5500 0.395278 1.40061
5600 0.327776 1.24709
5700 0.499264 1.81684
5800 0.391419 1.57132
5900 0.372131 1.56949
6000 0.546071 2.20704
6100 0.459478 2.01691
6200 0.392381 1.90267
6300 0.512764 2.45253
6400 0.460842 2.39897
6500 0.441546 2.46442
6600 0.462126 2.69099
6700 0.473755 2.9017
6800 0.455383 2.99531
6900 0.441909 3.08346
7000 0.407258 3.06398
7100 0.450429 3.49184
7200 0.368575 3.1747
7300 0.341689 3.16268
7400 0.545549 4.66589
7500 0.477874 4.46198
7600 0.488475 4.74311
7700 0.472045 4.84297
7800 0.429993 4.75145
7900 0.384235 4.60282
8000 0.41602 5.08426
8100 0.334239 4.56273
8200 0.367417 5.1084
8300 0.305925 4.69106
8400 0.340226 5.32708
8500 0.294008 5.04322
8600 0.325224 5.72804
8700 0.325453 6.04447
8800 0.356814 6.78952
8900 0.390586 7.60942
9000 0.330183 7.14922
