0 0 0
100 3.65921e-08 0
200 2.92188e-08 0
300 2.83752e-08 0
400 2.8536e-08 0
500 4488.44 4455.89
600 242.227 230.386
700 132.04 99.8936
800 99.3119 58.9263
900 27.1662 16.1105
1000 40.6488 40.2552
1100 19.889 0
1200 14.3193 14.169
1300 9.86129 7.90609
1400 6.87925 2.27064
1500 4.46121 2.61591
1600 2.6044 0.963516
1700 1.94825 0.436595
1800 1.2205 0.783593
1900 0.786953 0
2000 0.577548 0.269394
2100 0.655556 0
2200 0.662993 0.582077
2300 0.562123 0.169122
2400 0.735284 0.359757
2500 0.952948 0.530937
2600 0.944917 0.533665
2700 1.02351 0.718664
2800 1.15333 0.953291
2900 0.87205 0.875963
3000 0.950128 1.02474
3100 1.01369 1.29534
3200 1.00987 1.38478
3300 0.837621 1.30531
3400 0.809312 1.36928
3500 0.823578 1.44958
3600 0.749165 1.47653
3700 0.694455 1.53144
3800 0.705998 1.51176
3900 0.63698 1.45382
4000 0.570644 1.39404
4100 0.573907 1.45245
4200 0.484502 1.3014
4300 0.486426 1.35404
4400 0.396069 1.21015
4500 0.602643 1.62981
4600 0.535385 1.54137
4700 0.466181 1.4519
4800 0.445567 1.43698
4900 0.385781 1.33438
5000 0.269599 1.07532
5100 0.318694 1.22424
5200 0.294572 1.20195
5300 0.244696 1.1172
5400 0.337692 1.41903
5500 0.395278 1.61746
5600 0.327776 1.50589
5700 0.499264 1.98161
5800 0.391419 1.81588
5900 0.372131 1.84475
6000 0.546071 2.36652
6100 0.459478 2.25636
6200 0.392381 2.19212
6300 0.512764 2.62919
6400 0.460842 2.61319
6500 0.441546 2.686
6600 0.462126 2.88185
6700 0.473755 3.071
6800 0.455383 3.17176
6900 0.441909 3.27629
7000 0.407258 3.30334
7100 0.450429 3.654
7200 0.368575 3.47367
7300 0.341689 3.51528
7400 0.545549 4.63343
7500 0.477874 4.55497
7600 0.488475 4.81799
7700 0.472045 4.95843
7800 0.429993 4.95593
7900 0.384235 4.87882
8000 0.41602 5.32331
8100 0.334239 4.91796
8200 0.367417 5.44834
8300 0.305925 5.09135
8400 0.340226 5.72467
8500 0.294008 5.45689
8600 0.325224 6.1653
8700 0.325453 6.48851
8800 0.356814 7.2232
8900 0.390586 7.97547
9000 0.330183 7.68423
