0	 0	1	0	0	1
100	 0	0	0	nan	1
100	 0	0	0	nan	1
100	 -1	0	0	nan	1
100	 1	0	0	nan	1
100	 -2	0	0	nan	1
100	 2	0	0	nan	1
100	 -3	0	0	nan	1
100	 3	0	0	nan	1
100	 -4	0	0	nan	1
100	 4	0	0	nan	1
100	 -5	0	0	nan	1
100	 5	0	0	nan	1
200	 0	0	0	nan	1
200	 0	0	0	nan	1
200	 -1	0	0	nan	1
200	 1	0	0	nan	1
200	 -2	0	0	nan	1
200	 2	0	0	nan	1
200	 -3	0	0	nan	1
200	 3	0	0	nan	1
200	 -4	0	0	nan	1
200	 4	0	0	nan	1
200	 -5	0	0	nan	1
200	 5	0	0	nan	1
300	 0	0	0	nan	1
300	 0	0	0	nan	1
300	 -1	0	0	nan	1
300	 1	0	0	nan	1
300	 -2	0	0	nan	1
300	 2	0	0	nan	1
300	 -3	0	0	nan	1
300	 3	0	0	nan	1
300	 -4	0	0	nan	1
300	 4	0	0	nan	1
300	 -5	0	0	nan	1
300	 5	0	0	nan	1
400	 0	0	0	nan	1
400	 0	0	0	nan	1
400	 -1	0	0	nan	1
400	 1	0	0	nan	1
400	 -2	0	0	nan	1
400	 2	0	0	nan	1
400	 -3	0	0	nan	1
400	 3	0	0	nan	1
400	 -4	0	0	nan	1
400	 4	0	0	nan	1
400	 -5	0	0	nan	1
400	 5	0	0	nan	1
500	 0	0	0	nan	1
500	 0	0	0	nan	1
500	 -1	0	0	nan	1
500	 1	0	0	nan	1
500	 -2	0	0	nan	1
500	 2	1	1.81411e-12	1.81411e-12	1
500	 -3	0	0	nan	1
500	 3	0	0	nan	1
500	 -4	0	0	nan	1
500	 4	0	0	nan	1
500	 -5	0	0	nan	1
500	 5	0	0	nan	1
600	 0	0	0	nan	1
600	 0	0	0	nan	1
600	 -1	0	0	nan	1
600	 1	0	0	nan	1
600	 -2	0	0	nan	1
600	 2	0	0	nan	1
600	 -3	0	0	nan	1
600	 3	0	0	nan	1
600	 -4	0	0	nan	1
600	 4	0	0	nan	1
600	 -5	0	0	nan	1
600	 5	0	0	nan	1
700	 0	0	0	nan	1
700	 0	0	0	nan	1
700	 -1	0	0	nan	1
700	 1	0	0	nan	1
700	 -2	0	0	nan	1
700	 2	0	0	nan	1
700	 -3	0	0	nan	1
700	 3	0	0	nan	1
700	 -4	0	0	nan	1
700	 4	0	0	nan	1
700	 -5	0	0	nan	1
700	 5	0	0	nan	1
800	 0	0	0	nan	1
800	 0	0	0	nan	1
800	 -1	0	0	nan	1
800	 1	0	0	nan	1
800	 -2	0	0	nan	1
800	 2	0	0	nan	1
800	 -3	0	0	nan	1
800	 3	0	0	nan	1
800	 -4	0	0	nan	1
800	 4	0	0	nan	1
800	 -5	0	0	nan	1
800	 5	0	0	nan	1
900	 0	0	0	nan	1
900	 0	0	0	nan	1
900	 -1	0	0	nan	1
900	 1	0	0	nan	1
900	 -2	0	0	nan	1
900	 2	0	0	nan	1
900	 -3	0	0	nan	1
900	 3	0	0	nan	1
900	 -4	0	0	nan	1
900	 4	0	0	nan	1
900	 -5	0	0	nan	1
900	 5	0	0	nan	1
1000	 0	0	0	nan	1
1000	 0	1	1.81411e-12	0	1
1000	 -1	0	0	nan	1
1000	 1	0	0	nan	1
1000	 -2	0	0	nan	1
1000	 2	0	0	nan	1
1000	 -3	0	0	nan	1
1000	 3	0	0	nan	1
1000	 -4	0	0	nan	1
1000	 4	0	0	nan	1
1000	 -5	0	0	nan	1
1000	 5	0	0	nan	1
1100	 0	0	0	nan	1
1100	 0	0	0	nan	1
1100	 -1	0	0	nan	1
1100	 1	0	0	nan	1
1100	 -2	0	0	nan	1
1100	 2	1	4.84186e-11	4.29644e-11	1
1100	 -3	0	0	nan	1
1100	 3	0	0	nan	1
1100	 -4	0	0	nan	1
1100	 4	0	0	nan	1
1100	 -5	0	0	nan	1
1100	 5	0	0	nan	1
1200	 0	0	0	nan	1
1200	 0	1	6.99103e-12	0	1
1200	 -1	0	0	nan	1
1200	 1	0	0	nan	1
1200	 -2	0	0	nan	1
1200	 2	0	0	nan	1
1200	 -3	0	0	nan	1
1200	 3	0	0	nan	1
1200	 -4	0	0	nan	1
1200	 4	1	6.99103e-12	0	1
1200	 -5	0	0	nan	1
1200	 5	0	0	nan	1
1300	 0	0	0	nan	1
1300	 0	0	0	nan	1
1300	 -1	0	0	nan	1
1300	 1	0	0	nan	1
1300	 -2	0	0	nan	1
1300	 2	1	1.0478e-10	8.42749e-11	1
1300	 -3	0	0	nan	1
1300	 3	0	0	nan	1
1300	 -4	0	0	nan	1
1300	 4	0	0	nan	1
1300	 -5	0	0	nan	1
1300	 5	0	0	nan	1
1400	 0	0	0	nan	1
1400	 0	0	0	nan	1
1400	 -1	0	0	nan	1
1400	 1	0	0	nan	1
1400	 -2	0	0	nan	1
1400	 2	0	0	nan	1
1400	 -3	0	0	nan	1
1400	 3	0	0	nan	1
1400	 -4	0	0	nan	1
1400	 4	0	0	nan	1
1400	 -5	0	0	nan	1
1400	 5	0	0	nan	1
1500	 0	0	0	nan	1
1500	 0	0	0	nan	1
1500	 -1	0	0	nan	1
1500	 1	0	0	nan	1
1500	 -2	0	0	nan	1
1500	 2	0	0	nan	1
1500	 -3	0	0	nan	1
1500	 3	0	0	nan	1
1500	 -4	0	0	nan	1
1500	 4	0	0	nan	1
1500	 -5	0	0	nan	1
1500	 5	0	0	nan	1
1600	 0	0	0	nan	1
1600	 0	0	0	nan	1
1600	 -1	0	0	nan	1
1600	 1	0	0	nan	1
1600	 -2	0	0	nan	1
1600	 2	0	0	nan	1
1600	 -3	0	0	nan	1
1600	 3	0	0	nan	1
1600	 -4	0	0	nan	1
1600	 4	1	4.59837e-11	0	1
1600	 -5	0	0	nan	1
1600	 5	0	0	nan	1
1700	 0	0	0	nan	1
1700	 0	0	0	nan	1
1700	 -1	0	0	nan	1
1700	 1	0	0	nan	1
1700	 -2	0	0	nan	1
1700	 2	2	2.14547e-10	1.24935e-10	1
1700	 -3	0	0	nan	1
1700	 3	0	0	nan	1
1700	 -4	0	0	nan	1
1700	 4	0	0	nan	1
1700	 -5	0	0	nan	1
1700	 5	0	0	nan	1
1800	 0	0	0	nan	1
1800	 0	1	9.30829e-11	0	1
1800	 -1	0	0	nan	1
1800	 1	0	0	nan	1
1800	 -2	0	0	nan	1
1800	 2	0	0	nan	1
1800	 -3	0	0	nan	1
1800	 3	1	2.74613e-10	0	1
1800	 -4	0	0	nan	1
1800	 4	1	9.85929e-11	0	1
1800	 -5	0	0	nan	1
1800	 5	0	0	nan	1
1900	 0	0	0	nan	1
1900	 0	0	0	nan	1
1900	 -1	0	0	nan	1
1900	 1	0	0	nan	1
1900	 -2	0	0	nan	1
1900	 2	1	8.47598e-10	3.93139e-10	1
1900	 -3	1	3.00244e-08	0	1
1900	 3	0	0	nan	1
1900	 -4	0	0	nan	1
1900	 4	0	0	nan	1
1900	 -5	0	0	nan	1
1900	 5	0	0	nan	1
2000	 0	0	0	nan	1
2000	 0	0	0	nan	1
2000	 -1	0	0	nan	1
2000	 1	0	0	nan	1
2000	 -2	0	0	nan	1
2000	 2	0	0	nan	1
2000	 -3	0	0	nan	1
2000	 3	0	0	nan	1
2000	 -4	0	0	nan	1
2000	 4	0	0	nan	1
2000	 -5	0	0	nan	1
2000	 5	0	0	nan	1
2100	 0	0	0	nan	1
2100	 0	0	0	nan	1
2100	 -1	0	0	nan	1
2100	 1	0	0	nan	1
2100	 -2	0	0	nan	1
2100	 2	1	1.66389e-09	5.92161e-10	1
2100	 -3	0	0	nan	1
2100	 3	2	5.13334e-10	0	1
2100	 -4	0	0	nan	1
2100	 4	0	0	nan	1
2100	 -5	0	0	nan	1
2100	 5	0	0	nan	1
2200	 0	0	0	nan	1
2200	 0	0	0	nan	1
2200	 -1	0	0	nan	1
2200	 1	0	0	nan	1
2200	 -2	0	0	nan	1
2200	 2	1	2.34722e-09	7.16849e-10	1
2200	 -3	0	0	nan	1
2200	 3	0	0	nan	1
2200	 -4	0	0	nan	1
2200	 4	0	0	nan	1
2200	 -5	1	7.57682e-09	0	1
2200	 5	0	0	nan	1
2300	 0	0	0	nan	1
2300	 0	1	4.13938e-10	0	1
2300	 -1	1	2.94535e-07	1.77134e-07	1
2300	 1	0	0	nan	1
2300	 -2	0	0	nan	1
2300	 2	0	0	nan	1
2300	 -3	2	5.04932e-08	0	1
2300	 3	0	0	nan	1
2300	 -4	0	0	nan	1
2300	 4	1	7.09828e-10	0	1
2300	 -5	0	0	nan	1
2300	 5	0	0	nan	1
2400	 0	0	0	nan	1
2400	 0	0	0	nan	1
2400	 -1	1	3.63621e-07	2.09754e-07	1
2400	 1	0	0	nan	1
2400	 -2	0	0	nan	1
2400	 2	0	0	nan	1
2400	 -3	0	0	nan	1
2400	 3	0	0	nan	1
2400	 -4	1	1.80049e-08	0	1
2400	 4	0	0	nan	1
2400	 -5	0	0	nan	1
2400	 5	0	0	nan	1
2500	 0	0	0	nan	1
2500	 0	0	0	nan	1
2500	 -1	0	0	nan	1
2500	 1	0	0	nan	1
2500	 -2	0	0	nan	1
2500	 2	0	0	nan	1
2500	 -3	0	0	nan	1
2500	 3	0	0	nan	1
2500	 -4	0	0	nan	1
2500	 4	0	0	nan	1
2500	 -5	0	0	nan	1
2500	 5	0	0	nan	1
2600	 0	0.133635	5.69526e-13	0	1
2600	 0	0.304531	3.10493e-09	0	1
2600	 -1	0.139459	5.21417e-06	3.38596e-06	1
2600	 1	0.317805	7.34397e-08	5.14527e-08	1
2600	 -2	0.304874	6.19678e-07	0	1
2600	 2	0.694756	1.38611e-08	2.05857e-09	1
2600	 -3	0.201985	1.10396e-06	0	1
2600	 3	0.46029	1.76881e-08	0	1
2600	 -4	0.281477	1.33671e-07	0	1
2600	 4	0.641438	5.11445e-09	0	1
2600	 -5	0.134529	2.53229e-07	0	1
2600	 5	0.30657	2.22801e-09	0	1
2700	 0	0.168765	3.48398e-12	0	1
2700	 0	0.32865	4.07425e-09	0	1
2700	 -1	0.1765	5.24695e-06	3.41715e-06	1
2700	 1	0.343712	8.72237e-08	5.85148e-08	1
2700	 -2	0.387509	6.15395e-07	0	1
2700	 2	0.754629	1.81986e-08	2.21789e-09	1
2700	 -3	0.258393	1.10313e-06	0	1
2700	 3	0.50319	2.38173e-08	0	1
2700	 -4	0.363192	1.44934e-07	0	1
2700	 4	0.707274	7.67679e-09	0	1
2700	 -5	0.17546	2.65505e-07	0	1
2700	 5	0.341687	3.65391e-09	0	1
2800	 0	0.209316	2.46633e-11	0	1
2800	 0	0.356222	5.56775e-09	0	1
2800	 -1	0.219339	5.46699e-06	3.61981e-06	1
2800	 1	0.373279	1.02125e-07	6.50917e-08	1
2800	 -2	0.483452	6.18033e-07	0	1
2800	 2	0.822758	2.37131e-08	2.36812e-09	1
2800	 -3	0.324268	1.11407e-06	0	1
2800	 3	0.551851	3.15781e-08	0	1
2800	 -4	0.459368	1.57272e-07	0	1
2800	 4	0.78177	1.12438e-08	0	1
2800	 -5	0.224106	2.78892e-07	0	1
2800	 5	0.381393	5.81026e-09	0	1
2900	 0	0.255502	1.00384e-10	0	1
2900	 0	0.388347	7.76283e-09	0	1
2900	 -1	0.268217	4.81169e-06	2.93354e-06	1
2900	 1	0.407673	1.17851e-07	7.07425e-08	1
2900	 -2	0.593314	6.26534e-07	0	1
2900	 2	0.901799	3.05172e-08	2.503e-09	1
2900	 -3	0.400105	1.13497e-06	0	1
2900	 3	0.608133	4.11078e-08	0	1
2900	 -4	0.570887	1.70715e-07	0	1
2900	 4	0.867711	1.59654e-08	0	1
2900	 -5	0.281023	2.93447e-07	0	1
2900	 5	0.427137	8.8675e-09	0	1
3000	 0	0.307677	2.85228e-10	0	1
3000	 0	0.426187	1.08094e-08	0	1
3000	 -1	0.323523	4.52837e-06	2.58329e-06	1
3000	 1	0.448137	1.34074e-07	7.50701e-08	1
3000	 -2	0.718027	6.51062e-07	0	1
3000	 2	0.994595	3.86532e-08	2.61738e-09	1
3000	 -3	0.486616	1.18054e-06	0	1
3000	 3	0.674049	5.24593e-08	0	1
3000	 -4	0.698937	1.85222e-07	0	1
3000	 4	0.968152	2.19332e-08	0	1
3000	 -5	0.346916	3.09086e-07	0	1
3000	 5	0.48054	1.29644e-08	0	1
3100	 0	0.366392	6.47717e-10	0	1
3100	 0	0.47094	1.48118e-08	0	1
3100	 -1	0.385853	4.89506e-06	2.44911e-06	1
3100	 1	0.495955	1.50492e-07	7.77828e-08	1
3100	 -2	0.858993	8.70477e-07	0	1
3100	 2	1.1041	4.80936e-08	2.70786e-09	1.22704
3100	 -3	0.584834	1.51294e-06	0	1
3100	 3	0.751714	6.56034e-08	0	1
3100	 -4	0.845177	2.00684e-07	0	1
3100	 4	1.08634	2.91747e-08	0	1
3100	 -5	0.42273	3.25625e-07	0	1
3100	 5	0.543354	1.81971e-08	0	1
3200	 0	0.432432	1.26557e-09	0	1
3200	 0	0.523844	1.98203e-08	0	1
3200	 -1	0.456051	4.9657e-06	2.35381e-06	1
3200	 1	0.552456	1.66871e-07	7.87308e-08	1
3200	 -2	1.01817	9.38976e-07	0	1
3200	 2	1.2334	5.87515e-08	2.77308e-09	1.29468
3200	 -3	0.696179	1.62251e-06	0	1
3200	 3	0.843344	8.04447e-08	0	1
3200	 -4	1.01184	2.16956e-07	0	1
3200	 4	1.22574	3.76585e-08	0	1
3200	 -5	0.509713	3.42837e-07	0	1
3200	 5	0.617461	2.46154e-08	0	1
3300	 0	0.506828	2.22088e-09	0	1
3300	 0	0.586198	2.58322e-08	0	1
3300	 -1	0.535223	4.74811e-06	1.90696e-06	1
3300	 1	0.619039	1.83073e-07	7.79136e-08	1
3300	 -2	1.19811	1.03601e-06	0	1
3300	 2	1.38574	7.04984e-08	2.81341e-09	1.36535
3300	 -3	0.822495	1.77327e-06	0	1
3300	 3	0.951299	9.68422e-08	0	1
3300	 -4	1.20182	2.3386e-07	0	1
3300	 4	1.39003	4.73065e-08	0	1
3300	 -5	0.609458	3.6047e-07	0	1
3300	 5	0.7049	3.22253e-08	0	1
3400	 0	0.590863	3.59527e-09	0	1
3400	 0	0.659411	3.27994e-08	0	1
3400	 -1	0.624744	4.662e-06	1.97671e-06	1
3400	 1	0.697223	1.99052e-07	7.54631e-08	1
3400	 -2	1.402	9.6176e-07	0	1
3400	 2	1.56465	8.31827e-08	2.83051e-09	1.43864
3400	 -3	0.966074	1.67454e-06	0	1
3400	 3	1.07815	1.1463e-07	0	1
3400	 -4	1.41868	2.51209e-07	0	1
3400	 4	1.58326	5.80087e-08	0	1
3400	 -5	0.723932	3.78289e-07	0	1
3400	 5	0.807918	4.09962e-08	0	1
3500	 0	0.686078	5.46537e-09	0	1
3500	 0	0.745042	4.06394e-08	0	1
3500	 -1	0.72627	4.60345e-06	1.94895e-06	1
3500	 1	0.788689	2.14841e-07	7.16126e-08	1
3500	 -2	1.63367	9.39472e-07	0	1
3500	 2	1.77407	9.66446e-08	2.8268e-09	1.51414
3500	 -3	1.12967	1.65159e-06	0	1
3500	 3	1.22676	1.33633e-07	0	1
3500	 -4	1.66672	2.68816e-07	0	1
3500	 4	1.80997	6.96364e-08	0	1
3500	 -5	0.855507	3.96079e-07	0	1
3500	 5	0.929034	5.08678e-08	0	1
3600	 0	0.794287	7.8988e-09	0	1
3600	 0	0.844859	4.92462e-08	0	1
3600	 -1	0.841749	4.62591e-06	1.71856e-06	1
3600	 1	0.895343	2.30533e-07	6.66605e-08	1
3600	 -2	1.89761	9.57278e-07	0	1
3600	 2	2.01843	1.10728e-07	2.80503e-09	1.59148
3600	 -3	1.31655	1.68625e-06	0	1
3600	 3	1.40037	1.53675e-07	0	1
3600	 -4	1.95105	2.86506e-07	0	1
3600	 4	2.07527	8.20521e-08	0	1
3600	 -5	1.007	4.13664e-07	0	1
3600	 5	1.07111	6.17577e-08	0	1
3700	 0	0.917601	1.09509e-08	0	1
3700	 0	0.960882	5.84998e-08	0	1
3700	 -1	0.973447	4.71856e-06	1.52617e-06	1
3700	 1	1.01936	2.46252e-07	6.09372e-08	1.17795
3700	 -2	2.1991	1.05326e-06	0	1
3700	 2	2.30282	1.25284e-07	2.76793e-09	1.67033
3700	 -3	1.5305	1.83773e-06	0	1
3700	 3	1.60269	1.74589e-07	0	1
3700	 -4	2.27761	3.07668e-07	0	1
3700	 4	2.38504	9.51163e-08	0	1
3700	 -5	1.1817	4.37741e-07	0	1
3700	 5	1.23744	7.35675e-08	0	1
3800	 0	1.05845	1.46623e-08	0	1
3800	 0	1.09544	6.82745e-08	0	1
3800	 -1	1.12398	4.69059e-06	1.33831e-06	1.23798
3800	 1	1.16326	2.62141e-07	5.47762e-08	1.25898
3800	 -2	2.5442	1.0169e-06	0	1
3800	 2	2.6331	1.4018e-07	2.7181e-09	1.75045
3800	 -3	1.77595	1.89085e-06	0	1
3800	 3	1.838	1.96213e-07	0	1
3800	 -4	2.65334	3.90702e-07	0	1
3800	 4	2.74605	1.08691e-07	0	1
3800	 -5	1.38347	5.80372e-07	0	1
3800	 5	1.43181	8.61879e-08	0	1
3900	 0	1.21965	1.90574e-08	0	1
3900	 0	1.25122	7.84447e-08	0	1
3900	 -1	1.29638	4.75309e-06	1.15069e-06	1.32495
3900	 1	1.32994	2.78343e-07	4.84919e-08	1.34046
3900	 -2	2.93994	1.15263e-06	0	1
3900	 2	3.01604	1.55295e-07	2.65786e-09	1.83161
3900	 -3	2.05798	2.11767e-06	0	1
3900	 3	2.11125	2.18397e-07	0	1
3900	 -4	3.08627	4.25197e-07	0	1
3900	 4	3.16616	1.22646e-07	0	1
3900	 -5	1.61677	6.29276e-07	0	1
3900	 5	1.65863	9.95046e-08	0	1
4000	 0	1.40442	2.41438e-08	0	1
4000	 0	1.43136	8.88903e-08	0	1
4000	 -1	1.49411	4.64383e-06	1.02842e-06	1.41084
4000	 1	1.52276	2.94991e-07	4.23648e-08	1.42229
4000	 -2	3.39441	1.15149e-06	0	1
4000	 2	3.4595	1.70524e-07	2.58926e-09	1.91359
4000	 -3	2.38248	2.16114e-06	0	1
4000	 3	2.42817	2.41e-07	0	1
4000	 -4	3.5857	4.68204e-07	0	1
4000	 4	3.65446	1.36857e-07	0	1
4000	 -5	1.88681	6.94332e-07	0	1
4000	 5	1.92299	1.13402e-07	0	1
4100	 0	1.61648	2.99119e-08	0	1
4100	 0	1.63944	9.94993e-08	0	1
4100	 -1	1.72117	4.53891e-06	1.05312e-06	1.49597
4100	 1	1.74562	3.12208e-07	3.66322e-08	1.50444
4100	 -2	3.91691	1.13308e-06	0	1
4100	 2	3.97256	1.85777e-07	2.51408e-09	1.99617
4100	 -3	2.75624	2.09466e-06	0	1
4100	 3	2.7954	2.63896e-07	0	1
4100	 -4	4.16237	4.54627e-07	0	1
4100	 4	4.2215	1.51211e-07	0	1
4100	 -5	2.19959	6.52276e-07	0	1
4100	 5	2.23084	1.27766e-07	0	1
4200	 0	1.86009	3.63357e-08	0	1
4200	 0	1.87966	1.1017e-07	0	1
4200	 -1	1.98216	4.24265e-06	9.11642e-07	1.58062
4200	 1	2.00302	3.30099e-07	3.14837e-08	1.58689
4200	 -2	4.5182	1.08548e-06	0	1
4200	 2	4.56575	2.00976e-07	2.43383e-09	2.07911
4200	 -3	3.18711	2.06278e-06	0	1
4200	 3	3.22065	2.86969e-07	0	1
4200	 -4	4.82871	4.91402e-07	0	1
4200	 4	4.87953	1.65606e-07	0	1
4200	 -5	2.5621	7.06067e-07	0	1
4200	 5	2.58906	1.42494e-07	0	1
4300	 0	2.14017	4.33743e-08	0	1
4300	 0	2.15685	1.20812e-07	0	1
4300	 -1	2.2824	4.17042e-06	8.69893e-07	1.66501
4300	 1	2.30019	3.48758e-07	2.7062e-08	1.66965
4300	 -2	5.21065	1.1183e-06	0	1
4300	 2	5.25127	2.16057e-07	2.34984e-09	2.16207
4300	 -3	3.68413	2.12454e-06	0	1
4300	 3	3.71285	3.10118e-07	0	1
4300	 -4	5.59909	5.1607e-07	0	1
4300	 4	5.64275	1.7995e-07	0	1
4300	 -5	2.98242	7.34666e-07	0	1
4300	 5	3.00567	1.57487e-07	0	1
4400	 0	2.46239	5.0973e-08	0	1
4400	 0	2.47661	1.31352e-07	0	1
4400	 -1	2.62798	4.0222e-06	7.31057e-07	1.74929
4400	 1	2.64316	3.68265e-07	2.34657e-08	1.75273
4400	 -2	6.00854	1.10812e-06	0	1
4400	 2	6.04324	2.32306e-07	2.2632e-09	2.24468
4400	 -3	4.25775	2.17263e-06	0	1
4400	 3	4.28235	3.35147e-07	0	1
4400	 -4	6.49015	5.97045e-07	0	1
4400	 4	6.52764	1.95408e-07	0	1
4400	 -5	3.46992	8.21588e-07	0	1
4400	 5	3.48996	1.72666e-07	0	1
4500	 0	2.83328	5.90655e-08	0	1
4500	 0	2.8454	1.41727e-07	0	1
4500	 -1	3.02597	4.20803e-06	8.54913e-07	1.83357
4500	 1	3.03892	3.88693e-07	2.07544e-08	1.83612
4500	 -2	6.92835	1.1686e-06	0	1
4500	 2	6.958	2.72052e-07	2.17488e-09	2.32644
4500	 -3	4.92006	2.20092e-06	0	1
4500	 3	4.94111	3.93473e-07	0	1
4500	 -4	7.52112	5.80023e-07	0	1
4500	 4	7.5533	2.32505e-07	0	1
4500	 -5	4.03548	7.62513e-07	0	1
4500	 5	4.05274	1.87963e-07	0	1
4600	 0	3.26037	6.75764e-08	0	1
4600	 0	3.2707	1.51887e-07	0	1
4600	 -1	3.48449	4.03623e-06	7.58995e-07	1.91789
4600	 1	3.49553	4.10106e-07	1.89548e-08	1.91978
4600	 -2	7.98911	1.15425e-06	0	1
4600	 2	8.01444	2.93486e-07	2.08569e-09	2.40674
4600	 -3	5.685	2.19741e-06	0	1
4600	 3	5.70302	4.26129e-07	0	1
4600	 -4	8.71427	6.16692e-07	0	1
4600	 4	8.74189	2.52575e-07	0	1
4600	 -5	4.69169	7.94065e-07	0	1
4600	 5	4.70656	2.03322e-07	0	1
4700	 0	3.75234	7.64241e-08	0	1
4700	 0	3.76115	1.61797e-07	0	1
4700	 -1	4.01292	3.83305e-06	6.63482e-07	2.0022
4700	 1	4.02234	4.3256e-07	1.80661e-08	2.0036
4700	 -2	9.21279	1.16665e-06	0	1
4700	 2	9.23443	3.18207e-07	1.99633e-09	2.48487
4700	 -3	6.56871	2.19301e-06	0	1
4700	 3	6.58413	4.6356e-07	0	1
4700	 -4	10.0954	6.36774e-07	0	1
4700	 4	10.1191	2.76355e-07	0	1
4700	 -5	5.45318	7.79306e-07	0	1
4700	 5	5.46598	2.20184e-07	0	1
4800	 0	4.31922	8.55236e-08	0	1
4800	 0	4.32674	1.73294e-07	0	1
4800	 -1	4.62209	3.67662e-06	6.15451e-07	2.0864
4800	 1	4.63013	4.57844e-07	1.80652e-08	2.08743
4800	 -2	10.6248	1.16706e-06	0	1
4800	 2	10.6433	3.22358e-07	1.9074e-09	2.56001
4800	 -3	7.58984	2.16075e-06	0	1
4800	 3	7.60305	4.71276e-07	0	1
4800	 -4	11.6943	6.31212e-07	0	1
4800	 4	11.7147	2.94696e-07	0	1
4800	 -5	6.33689	7.51894e-07	0	1
4800	 5	6.34792	2.62998e-07	0	1
4900	 0	4.97259	9.47892e-08	0	1
4900	 0	4.979	2.19246e-07	0	1
4900	 -1	5.32452	3.45783e-06	5.42754e-07	2.17026
4900	 1	5.33138	5.167e-07	1.891e-08	2.17102
4900	 -2	12.2544	1.14057e-06	0	1
4900	 2	12.2702	3.73637e-07	1.81938e-09	2.63125
4900	 -3	8.76998	2.09824e-06	0	1
4900	 3	8.78128	5.26317e-07	0	1
4900	 -4	13.5457	6.39817e-07	0	1
4900	 4	13.5631	3.32703e-07	0	1
4900	 -5	7.36251	7.33736e-07	0	1
4900	 5	7.372	2.86783e-07	0	1
5000	 0	5.7258	1.04138e-07	0	1
5000	 0	5.73127	2.68435e-07	0	1
5000	 -1	6.13464	3.28385e-06	4.76358e-07	2.25345
5000	 1	6.1405	5.79963e-07	2.05417e-08	2.25401
5000	 -2	14.1355	1.10016e-06	0	1
5000	 2	14.149	4.1015e-07	1.73272e-09	2.69765
5000	 -3	10.1341	2.03343e-06	0	1
5000	 3	10.1438	5.7517e-07	0	1
5000	 -4	15.6895	6.28806e-07	0	1
5000	 4	15.7044	3.68459e-07	0	1
5000	 -5	8.55283	7.36027e-07	0	1
5000	 5	8.561	3.33492e-07	0	1
5100	 0	6.59427	1.13881e-07	0	1
5100	 0	6.59894	3.00516e-07	0	1
5100	 -1	7.06914	3.14022e-06	4.5742e-07	2.33554
5100	 1	7.07414	6.29154e-07	2.28858e-08	2.33594
5100	 -2	16.3073	1.04472e-06	0	1
5100	 2	16.3188	4.4428e-07	1.64776e-09	2.75828
5100	 -3	11.711	1.92746e-06	0	1
5100	 3	11.7193	6.18131e-07	0	1
5100	 -4	18.1721	6.02742e-07	0	1
5100	 4	18.1849	3.86782e-07	0	1
5100	 -5	9.93433	7.14762e-07	0	1
5100	 5	9.94136	3.4125e-07	0	1
5200	 0	7.59583	1.30825e-07	0	1
5200	 0	7.59981	3.08193e-07	0	1
5200	 -1	8.14729	2.982e-06	4.11383e-07	2.41594
5200	 1	8.15156	6.66393e-07	2.58526e-08	2.41623
5200	 -2	18.815	1.02833e-06	0	1
5200	 2	18.8248	4.37165e-07	1.5648e-09	2.81232
5200	 -3	13.5342	1.87955e-06	0	1
5200	 3	13.5413	6.23498e-07	0	1
5200	 -4	21.0472	6.08698e-07	0	1
5200	 4	21.0582	3.83039e-07	0	1
5200	 -5	11.5377	7.07187e-07	0	1
5200	 5	11.5438	3.65034e-07	0	1
5300	 0	8.75105	1.49199e-07	0	1
5300	 0	8.75444	2.98268e-07	0	1
5300	 -1	9.39135	2.88149e-06	3.64934e-07	2.49397
5300	 1	9.395	6.92163e-07	2.93367e-08	2.49418
5300	 -2	21.711	1.01232e-06	0	1
5300	 2	21.7194	4.46271e-07	1.48409e-09	2.85911
5300	 -3	15.6422	1.8518e-06	0	1
5300	 3	15.6483	6.47369e-07	0	1
5300	 -4	24.3771	6.26313e-07	0	1
5300	 4	24.3866	3.9322e-07	0	1
5300	 -5	13.3986	7.24482e-07	0	1
5300	 5	13.4038	3.7813e-07	0	1
5400	 0	10.0837	1.69913e-07	0	1
5400	 0	10.0866	3.04003e-07	0	1
5400	 -1	10.8271	2.77908e-06	3.58547e-07	2.56881
5400	 1	10.8302	7.38828e-07	3.32177e-08	2.56896
5400	 -2	25.0558	9.83707e-07	0	1
5400	 2	25.063	4.66516e-07	1.4058e-09	2.89828
5400	 -3	18.0799	1.78403e-06	0	1
5400	 3	18.0851	6.84317e-07	0	1
5400	 -4	28.234	6.12007e-07	0	1
5400	 4	28.2421	4.11107e-07	0	1
5400	 -5	15.5584	7.18448e-07	0	1
5400	 5	15.5628	4.00241e-07	0	1
5500	 0	11.6212	1.86239e-07	0	1
5500	 0	11.6237	3.14575e-07	0	1
5500	 -1	12.4842	2.6877e-06	3.43741e-07	2.63959
5500	 1	12.4868	7.87942e-07	3.73611e-08	2.63969
5500	 -2	28.9193	9.4849e-07	0	1
5500	 2	28.9255	4.81624e-07	1.33011e-09	2.92979
5500	 -3	20.8989	1.71792e-06	0	1
5500	 3	20.9034	7.13482e-07	0	1
5500	 -4	32.7012	6.1926e-07	0	1
5500	 4	32.7082	4.18291e-07	0	1
5500	 -5	18.0649	7.19409e-07	0	1
5500	 5	18.0688	4.13113e-07	0	1
5600	 0	13.3954	2.00321e-07	0	1
5600	 0	13.3975	3.10179e-07	0	1
5600	 -1	14.397	2.58674e-06	2.99919e-07	2.70536
5600	 1	14.3993	8.22625e-07	4.16204e-08	2.70543
5600	 -2	33.3825	9.53372e-07	0	1
5600	 2	33.3878	4.79252e-07	1.25711e-09	2.954
5600	 -3	24.1592	1.69176e-06	0	1
5600	 3	24.1631	7.26622e-07	0	1
5600	 -4	37.8757	6.09942e-07	0	1
5600	 4	37.8817	4.23524e-07	0	1
5600	 -5	20.9739	6.99693e-07	0	1
5600	 5	20.9772	4.40312e-07	0	1
5700	 0	15.4428	2.13655e-07	0	1
5700	 0	15.4446	3.12766e-07	0	1
5700	 -1	16.6053	2.52564e-06	3.10344e-07	2.76524
5700	 1	16.6072	8.64476e-07	4.58416e-08	2.76528
5700	 -2	38.539	9.14078e-07	0	1
5700	 2	38.5435	4.95886e-07	1.18688e-09	2.97162
5700	 -3	27.9302	1.65315e-06	0	1
5700	 3	27.9334	7.55133e-07	0	1
5700	 -4	43.8695	6.22653e-07	0	1
5700	 4	43.8746	4.3671e-07	0	1
5700	 -5	24.3499	7.3493e-07	0	1
5700	 5	24.3528	4.56238e-07	0	1
5800	 0	17.8059	2.26421e-07	0	1
5800	 0	17.8074	3.28279e-07	0	1
5800	 -1	19.1549	2.43233e-06	2.57732e-07	2.81841
5800	 1	19.1566	9.18802e-07	4.98678e-08	2.81844
5800	 -2	44.4968	9.03464e-07	0	1
5800	 2	44.5007	5.14358e-07	1.11949e-09	2.98367
5800	 -3	32.2919	1.6207e-06	0	1
5800	 3	32.2947	7.88677e-07	0	1
5800	 -4	50.8126	6.166e-07	0	1
5800	 4	50.817	4.49497e-07	0	1
5800	 -5	28.2678	7.30979e-07	0	1
5800	 5	28.2703	4.76929e-07	0	1
5900	 0	20.5336	2.35614e-07	0	1
5900	 0	20.5349	3.30003e-07	0	1
5900	 -1	22.099	2.31748e-06	2.2858e-07	2.86426
5900	 1	22.1004	9.5653e-07	5.35462e-08	2.86428
5900	 -2	51.3812	8.78824e-07	0	1
5900	 2	51.3845	5.20436e-07	1.05495e-09	2.99133
5900	 -3	37.3373	1.57552e-06	0	1
5900	 3	37.3397	8.09233e-07	0	1
5900	 -4	58.8556	6.14897e-07	0	1
5900	 4	58.8594	4.55057e-07	0	1
5900	 -5	32.8145	7.30171e-07	0	1
5900	 5	32.8166	4.93675e-07	0	1
6000	 0	23.6824	2.4562e-07	0	1
6000	 0	23.6836	3.25734e-07	0	1
6000	 -1	25.4989	2.25958e-06	2.35928e-07	2.90247
6000	 1	25.5001	9.89552e-07	5.6735e-08	2.90248
6000	 -2	59.3369	8.58215e-07	0	1
6000	 2	59.3397	5.29932e-07	9.93267e-10	2.9958
6000	 -3	43.174	1.5289e-06	0	1
6000	 3	43.1761	8.34031e-07	0	1
6000	 -4	68.1728	6.0483e-07	0	1
6000	 4	68.1761	4.63111e-07	0	1
6000	 -5	38.0908	7.22368e-07	0	1
6000	 5	38.0926	5.06287e-07	0	1
6100	 0	27.3179	2.5552e-07	0	1
6100	 0	27.3189	3.22427e-07	0	1
6100	 -1	29.4254	2.13732e-06	1.95084e-07	2.93306
6100	 1	29.4265	1.02313e-06	5.93111e-08	2.93306
6100	 -2	68.5313	8.30515e-07	0	1
6100	 2	68.5337	5.35007e-07	9.34425e-10	2.99818
6100	 -3	49.9263	1.4907e-06	0	1
6100	 3	49.9281	8.52803e-07	0	1
6100	 -4	78.9665	6.11536e-07	0	1
6100	 4	78.9693	4.67272e-07	0	1
6100	 -5	44.2137	7.34969e-07	0	1
6100	 5	44.2153	5.19421e-07	0	1
6200	 0	31.5156	2.63551e-07	0	1
6200	 0	31.5164	3.18087e-07	0	1
6200	 -1	33.9607	2.10441e-06	1.6705e-07	2.95641
6200	 1	33.9616	1.05296e-06	6.11764e-08	2.95642
6200	 -2	79.158	8.44066e-07	0	1
6200	 2	79.1601	5.41347e-07	8.7839e-10	2.9993
6200	 -3	57.7383	1.49118e-06	0	1
6200	 3	57.7399	8.72991e-07	0	1
6200	 -4	91.4708	6.07472e-07	0	1
6200	 4	91.4731	4.73685e-07	0	1
6200	 -5	51.3189	7.25041e-07	0	1
6200	 5	51.3202	5.32876e-07	0	1
6300	 0	36.3628	2.70111e-07	0	1
6300	 0	36.3635	3.15388e-07	0	1
6300	 -1	39.1995	2.04103e-06	1.65991e-07	2.9733
6300	 1	39.2002	1.08151e-06	6.22638e-08	2.9733
6300	 -2	91.4412	8.20791e-07	0	1
6300	 2	91.4429	5.46544e-07	8.25117e-10	2.99977
6300	 -3	66.7768	1.45898e-06	0	1
6300	 3	66.7781	8.89816e-07	0	1
6300	 -4	105.957	6.14225e-07	0	1
6300	 4	105.959	4.80645e-07	0	1
6300	 -5	59.5639	7.33383e-07	0	1
6300	 5	59.565	5.49004e-07	0	1
6400	 0	41.9606	2.75299e-07	0	1
6400	 0	41.9612	3.20013e-07	0	1
6400	 -1	45.2514	1.97891e-06	1.43809e-07	2.98476
6400	 1	45.2521	1.11376e-06	6.25401e-08	2.98476
6400	 -2	105.64	8.06826e-07	0	1
6400	 2	105.641	5.65755e-07	7.74548e-10	2.99993
6400	 -3	77.2348	1.43219e-06	0	1
6400	 3	77.236	9.22152e-07	0	1
6400	 -4	122.74	6.12183e-07	0	1
6400	 4	122.742	4.94984e-07	0	1
6400	 -5	69.1313	7.31767e-07	0	1
6400	 5	69.1323	5.60074e-07	0	1
6500	 0	48.4258	2.79177e-07	0	1
6500	 0	48.4264	3.22e-07	0	1
6500	 -1	52.2433	1.92592e-06	1.29004e-07	2.99198
6500	 1	52.2438	1.14022e-06	6.20082e-08	2.99198
6500	 -2	122.054	7.92828e-07	0	1
6500	 2	122.055	5.70867e-07	7.26614e-10	2.99998
6500	 -3	89.3359	1.39954e-06	0	1
6500	 3	89.3368	9.38456e-07	0	1
6500	 -4	142.184	6.01394e-07	0	1
6500	 4	142.185	5.01202e-07	0	1
6500	 -5	80.2331	7.22075e-07	0	1
6500	 5	80.2339	5.75412e-07	0	1
6600	 0	55.8935	2.82358e-07	0	1
6600	 0	55.8939	3.21354e-07	0	1
6600	 -1	60.3216	1.8627e-06	1.19591e-07	2.99616
6600	 1	60.3221	1.16141e-06	6.07053e-08	2.99616
6600	 -2	141.03	7.81619e-07	0	1
6600	 2	141.031	5.77149e-07	6.81241e-10	3
6600	 -3	103.339	1.37932e-06	0	1
6600	 3	103.34	9.53791e-07	0	1
6600	 -4	164.711	6.0625e-07	0	1
6600	 4	164.712	5.05564e-07	0	1
6600	 -5	93.1151	7.21125e-07	0	1
6600	 5	93.1159	5.83036e-07	0	1
6700	 0	64.5197	2.86103e-07	0	1
6700	 0	64.52	3.20048e-07	0	1
6700	 -1	69.6561	1.8193e-06	1.10793e-07	2.99835
6700	 1	69.6565	1.18068e-06	5.86999e-08	2.99835
6700	 -2	162.97	7.66021e-07	0	1
6700	 2	162.971	5.81095e-07	6.38346e-10	3
6700	 -3	119.543	1.35215e-06	0	1
6700	 3	119.544	9.68002e-07	0	1
6700	 -4	190.811	6.02346e-07	0	1
6700	 4	190.812	5.13509e-07	0	1
6700	 -5	108.063	7.19698e-07	0	1
6700	 5	108.063	5.99755e-07	0	1
6800	 0	74.4849	2.88935e-07	0	1
6800	 0	74.4852	3.25215e-07	0	1
6800	 -1	80.4427	1.78196e-06	1.01171e-07	2.99938
6800	 1	80.443	1.20294e-06	5.60861e-08	2.99938
6800	 -2	188.338	7.57681e-07	0	1
6800	 2	188.339	5.94233e-07	5.97843e-10	3
6800	 -3	138.295	1.33584e-06	0	1
6800	 3	138.296	9.8857e-07	0	1
6800	 -4	221.051	5.98205e-07	0	1
6800	 4	221.052	5.22304e-07	0	1
6800	 -5	125.407	7.18213e-07	0	1
6800	 5	125.408	6.06826e-07	0	1
6900	 0	85.998	2.91729e-07	0	1
6900	 0	85.9982	3.30289e-07	0	1
6900	 -1	92.9082	1.72578e-06	9.20104e-08	2.9998
6900	 1	92.9085	1.22316e-06	5.2977e-08	2.9998
6900	 -2	217.671	7.40167e-07	0	1
6900	 2	217.672	5.99793e-07	5.59641e-10	3
6900	 -3	159.998	1.30993e-06	0	1
6900	 3	159.998	1.0034e-06	0	1
6900	 -4	256.088	5.98868e-07	0	1
6900	 4	256.089	5.2776e-07	0	1
6900	 -5	145.532	7.19811e-07	0	1
6900	 5	145.532	6.18624e-07	0	1
7000	 0	99.3002	2.93639e-07	0	1
7000	 0	99.3005	3.26916e-07	0	1
7000	 -1	107.315	1.68227e-06	8.28304e-08	2.99994
7000	 1	107.315	1.23264e-06	4.94965e-08	2.99994
7000	 -2	251.592	7.27993e-07	0	1
7000	 2	251.592	6.02238e-07	5.2365e-10	3
7000	 -3	185.115	1.28546e-06	0	1
7000	 3	185.116	1.01354e-06	0	1
7000	 -4	296.685	5.93219e-07	0	1
7000	 4	296.686	5.31437e-07	0	1
7000	 -5	168.882	7.13905e-07	0	1
7000	 5	168.883	6.25771e-07	0	1
7100	 0	114.671	2.96903e-07	0	1
7100	 0	114.671	3.25734e-07	0	1
7100	 -1	123.967	1.65069e-06	8.11092e-08	2.99999
7100	 1	123.967	1.24406e-06	4.57719e-08	2.99999
7100	 -2	290.819	7.20632e-07	0	1
7100	 2	290.819	6.06522e-07	4.89774e-10	3
7100	 -3	214.186	1.27121e-06	0	1
7100	 3	214.186	1.02521e-06	0	1
7100	 -4	343.723	5.91617e-07	0	1
7100	 4	343.724	5.35711e-07	0	1
7100	 -5	195.976	7.13549e-07	0	1
7100	 5	195.976	6.32555e-07	0	1
7200	 0	132.433	2.9956e-07	0	1
7200	 0	132.433	3.24754e-07	0	1
7200	 -1	143.214	1.6152e-06	7.10475e-08	3
7200	 1	143.214	1.25351e-06	4.19262e-08	3
7200	 -2	336.185	7.13394e-07	0	1
7200	 2	336.185	6.0926e-07	4.5792e-10	3
7200	 -3	247.834	1.26009e-06	0	1
7200	 3	247.834	1.03496e-06	0	1
7200	 -4	398.226	5.93949e-07	0	1
7200	 4	398.227	5.39233e-07	0	1
7200	 -5	227.412	7.15695e-07	0	1
7200	 5	227.413	6.39527e-07	0	1
7300	 0	152.959	3.01632e-07	0	1
7300	 0	152.959	3.22709e-07	0	1
7300	 -1	165.462	1.58572e-06	6.57583e-08	3
7300	 1	165.463	1.25986e-06	3.80719e-08	3
7300	 -2	388.654	7.06282e-07	0	1
7300	 2	388.654	6.12053e-07	4.27994e-10	3
7300	 -3	286.781	1.24678e-06	0	1
7300	 3	286.781	1.04429e-06	0	1
7300	 -4	461.38	5.92924e-07	0	1
7300	 4	461.381	5.43562e-07	0	1
7300	 -5	263.887	7.14542e-07	0	1
7300	 5	263.887	6.46295e-07	0	1
7400	 0	176.682	3.03533e-07	0	1
7400	 0	176.682	3.22502e-07	0	1
7400	 -1	191.183	1.57088e-06	7.29427e-08	3
7400	 1	191.183	1.26635e-06	3.43063e-08	3
7400	 -2	449.341	7.00472e-07	0	1
7400	 2	449.341	6.16216e-07	3.99903e-10	3
7400	 -3	331.863	1.23255e-06	0	1
7400	 3	331.863	1.05415e-06	0	1
7400	 -4	534.559	5.89216e-07	0	1
7400	 4	534.559	5.48083e-07	0	1
7400	 -5	306.206	7.10239e-07	0	1
7400	 5	306.207	6.5176e-07	0	1
7500	 0	204.101	3.0505e-07	0	1
7500	 0	204.101	3.22496e-07	0	1
7500	 -1	220.917	1.53659e-06	6.58394e-08	3
7500	 1	220.918	1.2713e-06	3.07081e-08	3
7500	 -2	519.536	6.91717e-07	0	1
7500	 2	519.536	6.18066e-07	3.73554e-10	3
7500	 -3	384.049	1.22001e-06	0	1
7500	 3	384.049	1.06109e-06	0	1
7500	 -4	619.356	5.91424e-07	0	1
7500	 4	619.356	5.51094e-07	0	1
7500	 -5	355.308	7.116e-07	0	1
7500	 5	355.308	6.57317e-07	0	1
7600	 0	235.793	3.0624e-07	0	1
7600	 0	235.793	3.21203e-07	0	1
7600	 -1	255.296	1.51614e-06	6.29175e-08	3
7600	 1	255.296	1.27348e-06	2.73364e-08	3
7600	 -2	600.734	6.87711e-07	0	1
7600	 2	600.734	6.20204e-07	3.4886e-10	3
7600	 -3	444.46	1.21089e-06	0	1
7600	 3	444.46	1.06807e-06	0	1
7600	 -4	717.616	5.89379e-07	0	1
7600	 4	717.616	5.55022e-07	0	1
7600	 -5	412.277	7.09308e-07	0	1
7600	 5	412.277	6.62573e-07	0	1
7700	 0	272.428	3.07494e-07	0	1
7700	 0	272.428	3.21336e-07	0	1
7700	 -1	295.045	1.49385e-06	5.90044e-08	3
7700	 1	295.045	1.27599e-06	2.42303e-08	3
7700	 -2	694.663	6.80899e-07	0	1
7700	 2	694.663	6.21967e-07	3.25731e-10	3
7700	 -3	514.395	1.19784e-06	0	1
7700	 3	514.395	1.07342e-06	0	1
7700	 -4	831.479	5.86902e-07	0	1
7700	 4	831.479	5.58013e-07	0	1
7700	 -5	478.374	7.06902e-07	0	1
7700	 5	478.374	6.67071e-07	0	1
7800	 0	314.778	3.08562e-07	0	1
7800	 0	314.778	3.22281e-07	0	1
7800	 -1	341.006	1.47178e-06	5.46612e-08	3
7800	 1	341.006	1.27808e-06	2.14111e-08	3
7800	 -2	803.325	6.76372e-07	0	1
7800	 2	803.325	6.23879e-07	3.04083e-10	3
7800	 -3	595.357	1.19044e-06	0	1
7800	 3	595.357	1.07882e-06	0	1
7800	 -4	963.425	5.88601e-07	0	1
7800	 4	963.425	5.60831e-07	0	1
7800	 -5	555.062	7.06998e-07	0	1
7800	 5	555.062	6.70942e-07	0	1
7900	 0	363.738	3.09429e-07	0	1
7900	 0	363.738	3.21558e-07	0	1
7900	 -1	394.153	1.45566e-06	5.09705e-08	3
7900	 1	394.153	1.27757e-06	1.8884e-08	3
7900	 -2	929.035	6.71791e-07	0	1
7900	 2	929.035	6.24705e-07	2.83833e-10	3
7900	 -3	689.089	1.18177e-06	0	1
7900	 3	689.089	1.08304e-06	0	1
7900	 -4	1116.33	5.85848e-07	0	1
7900	 4	1116.33	5.63938e-07	0	1
7900	 -5	644.036	7.05553e-07	0	1
7900	 5	644.036	6.75409e-07	0	1
8000	 0	420.342	3.10412e-07	0	1
8000	 0	420.342	3.21914e-07	0	1
8000	 -1	455.613	1.43761e-06	4.87824e-08	3
8000	 1	455.613	1.2775e-06	1.66416e-08	3
8000	 -2	1074.48	6.65937e-07	0	1
8000	 2	1074.48	6.25999e-07	2.64902e-10	3
8000	 -3	797.608	1.17184e-06	0	1
8000	 3	797.608	1.08651e-06	0	1
8000	 -4	1293.52	5.84613e-07	0	1
8000	 4	1293.52	5.65784e-07	0	1
8000	 -5	747.264	7.04689e-07	0	1
8000	 5	747.264	6.7731e-07	0	1
8100	 0	485.788	3.1141e-07	0	1
8100	 0	485.788	3.2155e-07	0	1
8100	 -1	526.689	1.42124e-06	4.47553e-08	3
8100	 1	526.689	1.27625e-06	1.46672e-08	3
8100	 -2	1242.75	6.63246e-07	0	1
8100	 2	1242.75	6.25102e-07	2.47213e-10	3
8100	 -3	923.251	1.16649e-06	0	1
8100	 3	923.252	1.08812e-06	0	1
8100	 -4	1498.86	5.85501e-07	0	1
8100	 4	1498.86	5.66951e-07	0	1
8100	 -5	867.029	7.04148e-07	0	1
8100	 5	867.029	6.80479e-07	0	1
8200	 0	561.461	3.1216e-07	0	1
8200	 0	561.461	3.19782e-07	0	1
8200	 -1	608.891	1.40641e-06	4.24866e-08	3
8200	 1	608.891	1.27299e-06	1.29376e-08	3
8200	 -2	1437.45	6.58874e-07	0	1
8200	 2	1437.45	6.24692e-07	2.30694e-10	3
8200	 -3	1068.73	1.15865e-06	0	1
8200	 3	1068.73	1.08962e-06	0	1
8200	 -4	1736.82	5.83747e-07	0	1
8200	 4	1736.82	5.68737e-07	0	1
8200	 -5	1005.98	7.03075e-07	0	1
8200	 5	1005.98	6.82853e-07	0	1
8300	 0	648.964	3.13098e-07	0	1
8300	 0	648.964	3.20268e-07	0	1
8300	 -1	703.963	1.39206e-06	3.92929e-08	3
8300	 1	703.963	1.27172e-06	1.14263e-08	3
8300	 -2	1662.74	6.54031e-07	0	1
8300	 2	1662.74	6.25571e-07	2.15273e-10	3
8300	 -3	1237.16	1.15214e-06	0	1
8300	 3	1237.16	1.09196e-06	0	1
8300	 -4	2012.6	5.84005e-07	0	1
8300	 4	2012.6	5.70376e-07	0	1
8300	 -5	1167.19	7.04271e-07	0	1
8300	 5	1167.19	6.8428e-07	0	1
8400	 0	750.15	3.13675e-07	0	1
8400	 0	750.15	3.19906e-07	0	1
8400	 -1	813.927	1.38251e-06	3.71575e-08	3
8400	 1	813.927	1.26905e-06	1.01058e-08	3
8400	 -2	1923.43	6.51882e-07	0	1
8400	 2	1923.43	6.24432e-07	2.00884e-10	3
8400	 -3	1432.2	1.14745e-06	0	1
8400	 3	1432.2	1.09233e-06	0	1
8400	 -4	2332.2	5.83772e-07	0	1
8400	 4	2332.2	5.71116e-07	0	1
8400	 -5	1354.22	7.03136e-07	0	1
8400	 5	1354.22	6.86229e-07	0	1
8500	 0	867.166	3.14086e-07	0	1
8500	 0	867.166	3.18291e-07	0	1
8500	 -1	941.122	1.37228e-06	3.45308e-08	3
8500	 1	941.122	1.26488e-06	8.94951e-09	3
8500	 -2	2225.09	6.49595e-07	0	1
8500	 2	2225.09	6.23062e-07	1.87462e-10	3
8500	 -3	1658.04	1.1433e-06	0	1
8500	 3	1658.04	1.09196e-06	0	1
8500	 -4	2702.59	5.83086e-07	0	1
8500	 4	2702.59	5.71855e-07	0	1
8500	 -5	1571.22	7.02585e-07	0	1
8500	 5	1571.22	6.87597e-07	0	1
8600	 0	1002.49	3.14618e-07	0	1
8600	 0	1002.49	3.18174e-07	0	1
8600	 -1	1088.25	1.36386e-06	3.24513e-08	3
8600	 1	1088.25	1.26217e-06	7.93288e-09	3
8600	 -2	2574.19	6.46367e-07	0	1
8600	 2	2574.19	6.23037e-07	1.74948e-10	3
8600	 -3	1919.55	1.13974e-06	0	1
8600	 3	1919.55	1.09275e-06	0	1
8600	 -4	3131.85	5.8387e-07	0	1
8600	 4	3131.85	5.73002e-07	0	1
8600	 -5	1822.96	7.04103e-07	0	1
8600	 5	1822.96	6.88564e-07	0	1
8700	 0	1159.01	3.14856e-07	0	1
8700	 0	1159.01	3.17989e-07	0	1
8700	 -1	1258.45	1.3551e-06	3.03458e-08	3
8700	 1	1258.45	1.25907e-06	7.03437e-09	3
8700	 -2	2978.18	6.44619e-07	0	1
8700	 2	2978.18	6.22038e-07	1.63284e-10	3
8700	 -3	2222.37	1.13663e-06	0	1
8700	 3	2222.37	1.09251e-06	0	1
8700	 -4	3629.35	5.83561e-07	0	1
8700	 4	3629.35	5.73675e-07	0	1
8700	 -5	2115.04	7.03671e-07	0	1
8700	 5	2115.04	6.89864e-07	0	1
8800	 0	1340.03	3.14907e-07	0	1
8800	 0	1340.03	3.17256e-07	0	1
8800	 -1	1455.34	1.34578e-06	2.85683e-08	3
8800	 1	1455.34	1.2553e-06	6.23568e-09	3
8800	 -2	3445.74	6.42069e-07	0	1
8800	 2	3445.74	6.20855e-07	1.52415e-10	3
8800	 -3	2573.05	1.13248e-06	0	1
8800	 3	2573.05	1.09175e-06	0	1
8800	 -4	4205.94	5.83076e-07	0	1
8800	 4	4205.94	5.74134e-07	0	1
8800	 -5	2453.89	7.03069e-07	0	1
8800	 5	2453.89	6.90629e-07	0	1
8900	 0	1549.41	3.14988e-07	0	1
8900	 0	1549.41	3.16952e-07	0	1
8900	 -1	1683.13	1.33738e-06	2.70707e-08	3
8900	 1	1683.13	1.25204e-06	5.52175e-09	3
8900	 -2	3986.86	6.39659e-07	0	1
8900	 2	3986.86	6.19945e-07	1.42288e-10	3
8900	 -3	2979.16	1.12914e-06	0	1
8900	 3	2979.16	1.09121e-06	0	1
8900	 -4	4874.2	5.83162e-07	0	1
8900	 4	4874.2	5.74701e-07	0	1
8900	 -5	2847.01	7.03157e-07	0	1
8900	 5	2847.01	6.91435e-07	0	1
9000	 0	1791.61	3.14918e-07	0	1
9000	 0	1791.61	3.16751e-07	0	1
9000	 -1	1946.66	1.32826e-06	2.45706e-08	3
9000	 1	1946.66	1.24883e-06	4.88054e-09	3
9000	 -2	4613.15	6.37212e-07	0	1
9000	 2	4613.15	6.1916e-07	1.32857e-10	3
9000	 -3	3449.47	1.12602e-06	0	1
9000	 3	3449.47	1.09074e-06	0	1
9000	 -4	5648.72	5.83038e-07	0	1
9000	 4	5648.72	5.75297e-07	0	1
9000	 -5	3303.09	7.0335e-07	0	1
9000	 5	3303.09	6.92112e-07	0	1
