0 0
100 0
200 0
300 0
400 0
500 1
600 0
700 0
800 0
900 0
1000 0
1100 0.887354
1200 0
1300 0.8043
1400 0
1500 0
1600 0
1700 0.58232
1800 0
1900 0.463827
2000 0
2100 0.355891
2200 0.305403
2300 0.601403
2400 0.62835
2500 0
2600 0.636385
2700 0.629349
2800 0.632658
2900 0.535288
3000 0.546583
3100 0.500646
3200 0.484243
3300 0.432428
3400 0.42087
3500 0.413207
3600 0.373926
3700 0.341032
3800 0.366111
3900 0.351226
4000 0.330785
4100 0.32766
4200 0.30986
4300 0.304843
4400 0.27853
4500 0.328682
4600 0.311128
4700 0.289309
4800 0.281698
4900 0.263356
5000 0.225698
5100 0.239465
5200 0.226751
5300 0.202877
5400 0.224847
5500 0.233051
5600 0.207481
5700 0.243344
5800 0.20791
5900 0.195043
6000 0.225146
6100 0.198566
6200 0.17445
6300 0.191007
6400 0.172757
6500 0.161124
6600 0.157342
6700 0.151614
6800 0.14137
6900 0.132777
7000 0.121468
7100 0.121616
7200 0.104647
7300 0.0959891
7400 0.116929
7500 0.104125
7600 0.100673
7700 0.0945163
7800 0.086238
7900 0.0783339
8000 0.0778984
8100 0.0677961
8200 0.0672879
8300 0.0599271
8400 0.0592801
8500 0.0537411
8600 0.0527506
8700 0.0501584
8800 0.0493983
8900 0.0489734
9000 0.0429688
