0 0
100 0
200 0
300 0
400 0
500 1
600 0
700 0
800 0
900 0
1000 0
1100 0.887354
1200 0
1300 0.8043
1400 0
1500 0
1600 0
1700 0.58232
1800 0
1900 0.463827
2000 0
2100 0.355891
2200 0.305403
2300 0.601403
2400 0.689868
2500 0
2600 0.565426
2700 0.569776
2800 0.580714
2900 0.461562
3000 0.519349
3100 0.534536
3200 0.516984
3300 0.472168
3400 0.431755
3500 0.417239
3600 0.391281
3700 0.373572
3800 0.41231
3900 0.403812
4000 0.37517
4100 0.351612
4200 0.316654
4300 0.311298
4400 0.277388
4500 0.343148
4600 0.315768
4700 0.287646
4800 0.271143
4900 0.241748
5000 0.173546
5100 0.194212
5200 0.179242
5300 0.149611
5400 0.188868
5500 0.20583
5600 0.171594
5700 0.226884
5800 0.184938
5900 0.172337
6000 0.219839
6100 0.190617
6200 0.162394
6300 0.190542
6400 0.169406
6500 0.156766
6600 0.155338
6700 0.151397
6800 0.140135
6900 0.131512
7000 0.118435
7100 0.121814
7200 0.0996465
7300 0.0895476
7400 0.123752
7500 0.107
7600 0.104015
7700 0.0968083
7800 0.0857695
7900 0.0741462
8000 0.0761912
8100 0.0598289
8200 0.0625226
8300 0.0504006
8400 0.0532911
8500 0.0443304
8600 0.0468524
8700 0.0448274
8800 0.0466989
8900 0.0482789
9000 0.0399339
