0 0 0
100 3.65921e-08 0
200 2.92188e-08 0
300 2.83752e-08 0
400 2.8536e-08 0
500 4488.44 4454.46
600 242.227 229.967
700 132.04 98.4668
800 99.3119 57.0958
900 27.1662 15.6128
1000 40.6488 40.2353
1100 19.889 0
1200 14.3193 14.1603
1300 9.86129 7.69657
1400 6.87925 2.0881
1500 4.46121 2.51416
1600 2.6044 0.894387
1700 1.94825 0.270256
1800 1.2205 0.754905
1900 0.786953 0
2000 0.577548 0.265445
2100 0.655556 0
2200 0.662993 0.465124
2300 0.562123 0.119333
2400 0.735284 0.0536025
2500 0.952948 0.500747
2600 0.944917 0.844254
2700 1.02351 0.998696
2800 1.15333 1.21922
2900 0.87205 1.13298
3000 0.950128 1.12845
3100 1.01369 1.19561
3200 1.00987 1.27421
3300 0.837621 1.14659
3400 0.809312 1.30111
3500 0.823578 1.40366
3600 0.749165 1.35771
3700 0.694455 1.32071
3800 0.705998 1.26845
3900 0.63698 1.19522
4000 0.570644 1.16896
4100 0.573907 1.30406
4200 0.484502 1.23842
4300 0.486426 1.2937
4400 0.396069 1.19667
4500 0.602643 1.52872
4600 0.535385 1.49663
4700 0.466181 1.44642
4800 0.445567 1.48471
4900 0.385781 1.45509
5000 0.269599 1.42443
5100 0.318694 1.52498
5200 0.294572 1.53901
5300 0.244696 1.53989
5400 0.337692 1.69928
5500 0.395278 1.83734
5600 0.327776 1.83168
5700 0.499264 2.1266
5800 0.391419 2.04608
5900 0.372131 2.0923
6000 0.546071 2.42157
6100 0.459478 2.35008
6200 0.392381 2.35542
6300 0.512764 2.63347
6400 0.460842 2.66307
6500 0.441546 2.75913
6600 0.462126 2.91661
6700 0.473755 3.07233
6800 0.455383 3.19584
6900 0.441909 3.30516
7000 0.407258 3.38547
7100 0.450429 3.64494
7200 0.368575 3.64588
7300 0.341689 3.76603
7400 0.545549 4.37405
7500 0.477874 4.4295
7600 0.488475 4.66002
7700 0.472045 4.83857
7800 0.429993 4.98087
7900 0.384235 5.1536
8000 0.41602 5.44076
8100 0.334239 5.57239
8200 0.367417 5.86297
8300 0.305925 6.05442
8400 0.340226 6.3688
8500 0.294008 6.61618
8600 0.325224 6.94145
8700 0.325453 7.26014
8800 0.356814 7.64073
8900 0.390586 8.0902
9000 0.330183 8.26822
