0	 0	1	0	0	1
100	 0	0	0	0	1
100	 0	0	0	0	1
100	 -1	0	0	0	1
100	 1	0	0	0	1
100	 -2	0	0	0	1
100	 2	0	0	0	1
100	 -3	0	0	0	1
100	 3	0	0	0	1
100	 -4	0	0	0	1
100	 4	0	0	0	1
100	 -5	0	0	0	1
100	 5	0	0	0	1
200	 0	0	0	0	1
200	 0	0	0	0	1
200	 -1	0	0	0	1
200	 1	0	0	0	1
200	 -2	0	0	0	1
200	 2	0	0	0	1
200	 -3	0	0	0	1
200	 3	0	0	0	1
200	 -4	0	0	0	1
200	 4	0	0	0	1
200	 -5	0	0	0	1
200	 5	0	0	0	1
300	 0	0	0	0	1
300	 0	0	0	0	1
300	 -1	0	0	0	1
300	 1	0	0	0	1
300	 -2	0	0	0	1
300	 2	0	0	0	1
300	 -3	0	0	0	1
300	 3	0	0	0	1
300	 -4	0	0	0	1
300	 4	0	0	0	1
300	 -5	0	0	0	1
300	 5	0	0	0	1
400	 0	0	0	0	1
400	 0	0	0	0	1
400	 -1	0	0	0	1
400	 1	0	0	0	1
400	 -2	0	0	0	1
400	 2	0	0	0	1
400	 -3	0	0	0	1
400	 3	0	0	0	1
400	 -4	0	0	0	1
400	 4	0	0	0	1
400	 -5	0	0	0	1
400	 5	0	0	0	1
500	 0	0	0	0	1
500	 0	0	0	0	1
500	 -1	0	0	0	1
500	 1	0	0	0	1
500	 -2	0	0	0	1
500	 2	1	1.81411e-12	1.81411e-12	1
500	 -3	0	0	0	1
500	 3	0	0	0	1
500	 -4	0	0	0	1
500	 4	0	0	0	1
500	 -5	0	0	0	1
500	 5	0	0	0	1
600	 0	0	0	0	1
600	 0	0	0	0	1
600	 -1	0	0	0	1
600	 1	0	0	0	1
600	 -2	0	0	0	1
600	 2	0	0	0	1
600	 -3	0	0	0	1
600	 3	0	0	0	1
600	 -4	0	0	0	1
600	 4	0	0	0	1
600	 -5	0	0	0	1
600	 5	0	0	0	1
700	 0	0	0	0	1
700	 0	0	0	0	1
700	 -1	0	0	0	1
700	 1	0	0	0	1
700	 -2	0	0	0	1
700	 2	0	0	0	1
700	 -3	0	0	0	1
700	 3	0	0	0	1
700	 -4	0	0	0	1
700	 4	0	0	0	1
700	 -5	0	0	0	1
700	 5	0	0	0	1
800	 0	0	0	0	1
800	 0	0	0	0	1
800	 -1	0	0	0	1
800	 1	0	0	0	1
800	 -2	0	0	0	1
800	 2	0	0	0	1
800	 -3	0	0	0	1
800	 3	0	0	0	1
800	 -4	0	0	0	1
800	 4	0	0	0	1
800	 -5	0	0	0	1
800	 5	0	0	0	1
900	 0	0	0	0	1
900	 0	0	0	0	1
900	 -1	0	0	0	1
900	 1	0	0	0	1
900	 -2	0	0	0	1
900	 2	0	0	0	1
900	 -3	0	0	0	1
900	 3	0	0	0	1
900	 -4	0	0	0	1
900	 4	0	0	0	1
900	 -5	0	0	0	1
900	 5	0	0	0	1
1000	 0	0	0	0	1
1000	 0	1	1.81411e-12	0	1
1000	 -1	0	0	0	1
1000	 1	0	0	0	1
1000	 -2	0	0	0	1
1000	 2	0	0	0	1
1000	 -3	0	0	0	1
1000	 3	0	0	0	1
1000	 -4	0	0	0	1
1000	 4	0	0	0	1
1000	 -5	0	0	0	1
1000	 5	0	0	0	1
1100	 0	0	0	0	1
1100	 0	0	0	0	1
1100	 -1	0	0	0	1
1100	 1	0	0	0	1
1100	 -2	0	0	0	1
1100	 2	1	4.84186e-11	4.29644e-11	1
1100	 -3	0	0	0	1
1100	 3	0	0	0	1
1100	 -4	0	0	0	1
1100	 4	0	0	0	1
1100	 -5	0	0	0	1
1100	 5	0	0	0	1
1200	 0	0	0	0	1
1200	 0	1	6.99103e-12	0	1
1200	 -1	0	0	0	1
1200	 1	0	0	0	1
1200	 -2	0	0	0	1
1200	 2	0	0	0	1
1200	 -3	0	0	0	1
1200	 3	0	0	0	1
1200	 -4	0	0	0	1
1200	 4	1	6.99103e-12	0	1
1200	 -5	0	0	0	1
1200	 5	0	0	0	1
1300	 0	0	0	0	1
1300	 0	0	0	0	1
1300	 -1	0	0	0	1
1300	 1	0	0	0	1
1300	 -2	0	0	0	1
1300	 2	1	1.0478e-10	8.42749e-11	1
1300	 -3	0	0	0	1
1300	 3	0	0	0	1
1300	 -4	0	0	0	1
1300	 4	0	0	0	1
1300	 -5	0	0	0	1
1300	 5	0	0	0	1
1400	 0	0	0	0	1
1400	 0	0	0	0	1
1400	 -1	0	0	0	1
1400	 1	0	0	0	1
1400	 -2	0	0	0	1
1400	 2	0	0	0	1
1400	 -3	0	0	0	1
1400	 3	0	0	0	1
1400	 -4	0	0	0	1
1400	 4	0	0	0	1
1400	 -5	0	0	0	1
1400	 5	0	0	0	1
1500	 0	0	0	0	1
1500	 0	0	0	0	1
1500	 -1	0	0	0	1
1500	 1	0	0	0	1
1500	 -2	0	0	0	1
1500	 2	0	0	0	1
1500	 -3	0	0	0	1
1500	 3	0	0	0	1
1500	 -4	0	0	0	1
1500	 4	0	0	0	1
1500	 -5	0	0	0	1
1500	 5	0	0	0	1
1600	 0	0	0	0	1
1600	 0	0	0	0	1
1600	 -1	0	0	0	1
1600	 1	0	0	0	1
1600	 -2	0	0	0	1
1600	 2	0	0	0	1
1600	 -3	0	0	0	1
1600	 3	0	0	0	1
1600	 -4	0	0	0	1
1600	 4	1	4.59837e-11	0	1
1600	 -5	0	0	0	1
1600	 5	0	0	0	1
1700	 0	0	0	0	1
1700	 0	0	0	0	1
1700	 -1	0	0	0	1
1700	 1	0	0	0	1
1700	 -2	0	0	0	1
1700	 2	2	2.14547e-10	1.24935e-10	1
1700	 -3	0	0	0	1
1700	 3	0	0	0	1
1700	 -4	0	0	0	1
1700	 4	0	0	0	1
1700	 -5	0	0	0	1
1700	 5	0	0	0	1
1800	 0	0	0	0	1
1800	 0	1	9.30829e-11	0	1
1800	 -1	0	0	0	1
1800	 1	0	0	0	1
1800	 -2	0	0	0	1
1800	 2	0	0	0	1
1800	 -3	0	0	0	1
1800	 3	1	2.74613e-10	0	1
1800	 -4	0	0	0	1
1800	 4	1	9.85929e-11	0	1
1800	 -5	0	0	0	1
1800	 5	0	0	0	1
1900	 0	0	0	0	1
1900	 0	0	0	0	1
1900	 -1	0	0	0	1
1900	 1	0	0	0	1
1900	 -2	0	0	0	1
1900	 2	1	8.47598e-10	3.93139e-10	1
1900	 -3	1	3.00244e-08	0	1
1900	 3	0	0	0	1
1900	 -4	0	0	0	1
1900	 4	0	0	0	1
1900	 -5	0	0	0	1
1900	 5	0	0	0	1
2000	 0	0	0	0	1
2000	 0	0	0	0	1
2000	 -1	0	0	0	1
2000	 1	0	0	0	1
2000	 -2	0	0	0	1
2000	 2	0	0	0	1
2000	 -3	0	0	0	1
2000	 3	0	0	0	1
2000	 -4	0	0	0	1
2000	 4	0	0	0	1
2000	 -5	0	0	0	1
2000	 5	0	0	0	1
2100	 0	0	0	0	1
2100	 0	0	0	0	1
2100	 -1	0	0	0	1
2100	 1	0	0	0	1
2100	 -2	0	0	0	1
2100	 2	1	1.66389e-09	5.92161e-10	1
2100	 -3	0	0	0	1
2100	 3	2	5.13334e-10	0	1
2100	 -4	0	0	0	1
2100	 4	0	0	0	1
2100	 -5	0	0	0	1
2100	 5	0	0	0	1
2200	 0	0	0	0	1
2200	 0	0	0	0	1
2200	 -1	0	0	0	1
2200	 1	0	0	0	1
2200	 -2	0	0	0	1
2200	 2	1	2.34722e-09	7.16849e-10	1
2200	 -3	0	0	0	1
2200	 3	0	0	0	1
2200	 -4	0	0	0	1
2200	 4	0	0	0	1
2200	 -5	1	7.57682e-09	0	1
2200	 5	0	0	0	1
2300	 0	0	0	0	1
2300	 0	1	4.13938e-10	0	1
2300	 -1	1	2.94535e-07	1.77134e-07	1
2300	 1	0	0	0	1
2300	 -2	0	0	0	1
2300	 2	0	0	0	1
2300	 -3	2	5.04932e-08	0	1
2300	 3	0	0	0	1
2300	 -4	0	0	0	1
2300	 4	1	7.09828e-10	0	1
2300	 -5	0	0	0	1
2300	 5	0	0	0	1
2400	 0	0	0	0	1
2400	 0	0	0	0	1
2400	 -1	1	4.1401e-07	2.60143e-07	1
2400	 1	0	0	0	1
2400	 -2	0	0	0	1
2400	 2	0	0	0	1
2400	 -3	0	0	0	1
2400	 3	0	0	0	1
2400	 -4	1	1.80049e-08	0	1
2400	 4	0	0	0	1
2400	 -5	0	0	0	1
2400	 5	0	0	0	1
2500	 0	0	0	0	1
2500	 0	0	0	0	1
2500	 -1	0	0	0	1
2500	 1	0	0	0	1
2500	 -2	0	0	0	1
2500	 2	0	0	0	1
2500	 -3	0	0	0	1
2500	 3	0	0	0	1
2500	 -4	0	0	0	1
2500	 4	0	0	0	1
2500	 -5	0	0	0	1
2500	 5	0	0	0	1
2600	 0	0.133635	5.69526e-13	0	1
2600	 0	0.304531	3.10493e-09	0	1
2600	 -1	0.139459	5.01791e-06	3.18971e-06	1
2600	 1	0.317805	7.34397e-08	5.14527e-08	1
2600	 -2	0.304874	6.19678e-07	0	1
2600	 2	0.694756	1.38611e-08	2.05857e-09	1
2600	 -3	0.201985	1.10396e-06	0	1
2600	 3	0.46029	1.76881e-08	0	1
2600	 -4	0.281477	1.33671e-07	0	1
2600	 4	0.641438	5.11445e-09	0	1
2600	 -5	0.134529	2.53229e-07	0	1
2600	 5	0.30657	2.22801e-09	0	1
2700	 0	0.168765	3.48398e-12	0	1
2700	 0	0.32865	4.07425e-09	0	1
2700	 -1	0.1765	4.93112e-06	3.10132e-06	1
2700	 1	0.343712	8.72237e-08	5.85148e-08	1
2700	 -2	0.387509	6.15395e-07	0	1
2700	 2	0.754629	1.81986e-08	2.21789e-09	1
2700	 -3	0.258393	1.10313e-06	0	1
2700	 3	0.50319	2.38173e-08	0	1
2700	 -4	0.363192	1.44934e-07	0	1
2700	 4	0.707274	7.67679e-09	0	1
2700	 -5	0.17546	2.65505e-07	0	1
2700	 5	0.341687	3.65391e-09	0	1
2800	 0	0.209316	2.46633e-11	0	1
2800	 0	0.356222	5.56775e-09	0	1
2800	 -1	0.219339	5.03261e-06	3.18543e-06	1
2800	 1	0.373279	1.02125e-07	6.50917e-08	1
2800	 -2	0.483452	6.18033e-07	0	1
2800	 2	0.822758	2.37131e-08	2.36812e-09	1
2800	 -3	0.324268	1.11407e-06	0	1
2800	 3	0.551851	3.15781e-08	0	1
2800	 -4	0.459368	1.57272e-07	0	1
2800	 4	0.78177	1.12438e-08	0	1
2800	 -5	0.224106	2.78892e-07	0	1
2800	 5	0.381393	5.81026e-09	0	1
2900	 0	0.255502	1.00384e-10	0	1
2900	 0	0.388347	7.76283e-09	0	1
2900	 -1	0.268217	4.43184e-06	2.36583e-06	1
2900	 1	0.407673	1.17851e-07	7.07425e-08	1
2900	 -2	0.593314	7.11461e-07	0	1
2900	 2	0.901799	3.05172e-08	2.503e-09	1
2900	 -3	0.400105	1.26091e-06	0	1
2900	 3	0.608133	4.11078e-08	0	1
2900	 -4	0.570887	1.70715e-07	0	1
2900	 4	0.867711	1.59654e-08	0	1
2900	 -5	0.281023	2.93447e-07	0	1
2900	 5	0.427137	8.8675e-09	0	1
3000	 0	0.307677	2.85228e-10	0	1
3000	 0	0.426187	1.08094e-08	0	1
3000	 -1	0.323523	4.37677e-06	2.39273e-06	1
3000	 1	0.448137	1.34074e-07	7.50701e-08	1
3000	 -2	0.718027	6.68619e-07	0	1
3000	 2	0.994595	3.86532e-08	2.61738e-09	1
3000	 -3	0.486616	1.20645e-06	0	1
3000	 3	0.674049	5.24593e-08	0	1
3000	 -4	0.698937	1.85222e-07	0	1
3000	 4	0.968152	2.19332e-08	0	1
3000	 -5	0.346916	3.09086e-07	0	1
3000	 5	0.48054	1.29644e-08	0	1
3100	 0	0.366392	6.47717e-10	0	1
3100	 0	0.47094	1.48118e-08	0	1
3100	 -1	0.385853	4.75581e-06	2.3808e-06	1
3100	 1	0.495955	1.50492e-07	7.77828e-08	1
3100	 -2	0.858993	8.38615e-07	0	1
3100	 2	1.1041	4.80936e-08	2.70786e-09	1.22704
3100	 -3	0.584834	1.46614e-06	0	1
3100	 3	0.751714	6.56034e-08	0	1
3100	 -4	0.845177	2.00684e-07	0	1
3100	 4	1.08634	2.91747e-08	0	1
3100	 -5	0.42273	3.25625e-07	0	1
3100	 5	0.543354	1.81971e-08	0	1
3200	 0	0.432432	1.26557e-09	0	1
3200	 0	0.523844	1.98203e-08	0	1
3200	 -1	0.456051	4.83581e-06	2.34615e-06	1
3200	 1	0.552456	1.66871e-07	7.87308e-08	1
3200	 -2	1.01817	8.84227e-07	0	1
3200	 2	1.2334	5.87515e-08	2.77308e-09	1.29468
3200	 -3	0.696179	1.54244e-06	0	1
3200	 3	0.843344	8.04447e-08	0	1
3200	 -4	1.01184	2.16956e-07	0	1
3200	 4	1.22574	3.76585e-08	0	1
3200	 -5	0.509713	3.42837e-07	0	1
3200	 5	0.617461	2.46154e-08	0	1
3300	 0	0.506828	2.22088e-09	0	1
3300	 0	0.586198	2.58322e-08	0	1
3300	 -1	0.535223	4.69865e-06	2.03552e-06	1
3300	 1	0.619039	1.83073e-07	7.79136e-08	1
3300	 -2	1.19811	9.56488e-07	0	1
3300	 2	1.38574	7.04984e-08	2.81341e-09	1.36535
3300	 -3	0.822495	1.65743e-06	0	1
3300	 3	0.951299	9.68422e-08	0	1
3300	 -4	1.20182	2.3386e-07	0	1
3300	 4	1.39003	4.73065e-08	0	1
3300	 -5	0.609458	3.6047e-07	0	1
3300	 5	0.7049	3.22253e-08	0	1
3400	 0	0.590863	3.59527e-09	0	1
3400	 0	0.659411	3.27994e-08	0	1
3400	 -1	0.624744	4.37233e-06	1.85012e-06	1
3400	 1	0.697223	1.99052e-07	7.54631e-08	1
3400	 -2	1.402	8.53151e-07	0	1
3400	 2	1.56465	8.31827e-08	2.83051e-09	1.43864
3400	 -3	0.966074	1.51692e-06	0	1
3400	 3	1.07815	1.1463e-07	0	1
3400	 -4	1.41868	2.51209e-07	0	1
3400	 4	1.58326	5.80087e-08	0	1
3400	 -5	0.723932	3.78289e-07	0	1
3400	 5	0.807918	4.09962e-08	0	1
3500	 0	0.686078	5.46537e-09	0	1
3500	 0	0.745042	4.06394e-08	0	1
3500	 -1	0.72627	4.55455e-06	1.8982e-06	1
3500	 1	0.788689	2.14841e-07	7.16126e-08	1
3500	 -2	1.63367	9.32578e-07	0	1
3500	 2	1.77407	9.66446e-08	2.8268e-09	1.51414
3500	 -3	1.12967	1.64162e-06	0	1
3500	 3	1.22676	1.33633e-07	0	1
3500	 -4	1.66672	2.68816e-07	0	1
3500	 4	1.80997	6.96364e-08	0	1
3500	 -5	0.855507	3.96079e-07	0	1
3500	 5	0.929034	5.08678e-08	0	1
3600	 0	0.794287	7.8988e-09	0	1
3600	 0	0.844859	4.92462e-08	0	1
3600	 -1	0.841749	4.68922e-06	1.77087e-06	1
3600	 1	0.895343	2.30533e-07	6.66605e-08	1
3600	 -2	1.89761	9.5003e-07	0	1
3600	 2	2.01843	1.10728e-07	2.80503e-09	1.59148
3600	 -3	1.31655	1.71407e-06	0	1
3600	 3	1.40037	1.53675e-07	0	1
3600	 -4	1.95105	3.12333e-07	0	1
3600	 4	2.07527	8.20521e-08	0	1
3600	 -5	1.007	4.63703e-07	0	1
3600	 5	1.07111	6.17577e-08	0	1
3700	 0	0.917601	1.09509e-08	0	1
3700	 0	0.960882	5.84998e-08	0	1
3700	 -1	0.973447	4.82807e-06	1.65994e-06	1
3700	 1	1.01936	2.46252e-07	6.09372e-08	1.17795
3700	 -2	2.1991	1.06214e-06	0	1
3700	 2	2.30282	1.25284e-07	2.76793e-09	1.67033
3700	 -3	1.5305	1.85873e-06	0	1
3700	 3	1.60269	1.74589e-07	0	1
3700	 -4	2.27761	3.13203e-07	0	1
3700	 4	2.38504	9.51163e-08	0	1
3700	 -5	1.1817	4.48409e-07	0	1
3700	 5	1.23744	7.35675e-08	0	1
3800	 0	1.05845	1.46623e-08	0	1
3800	 0	1.09544	6.82745e-08	0	1
3800	 -1	1.12398	4.82072e-06	1.55472e-06	1.23798
3800	 1	1.16326	2.62141e-07	5.47762e-08	1.25898
3800	 -2	2.5442	1.02699e-06	0	1
3800	 2	2.6331	1.4018e-07	2.7181e-09	1.75045
3800	 -3	1.77595	1.88989e-06	0	1
3800	 3	1.838	1.96213e-07	0	1
3800	 -4	2.65334	3.80387e-07	0	1
3800	 4	2.74605	1.08691e-07	0	1
3800	 -5	1.38347	5.60589e-07	0	1
3800	 5	1.43181	8.61879e-08	0	1
3900	 0	1.21965	1.90574e-08	0	1
3900	 0	1.25122	7.84447e-08	0	1
3900	 -1	1.29638	4.66021e-06	1.37388e-06	1.32495
3900	 1	1.32994	2.78343e-07	4.84919e-08	1.34046
3900	 -2	2.93994	1.08401e-06	0	1
3900	 2	3.01604	1.55295e-07	2.65786e-09	1.83161
3900	 -3	2.05798	1.99256e-06	0	1
3900	 3	2.11125	2.18397e-07	0	1
3900	 -4	3.08627	4.07135e-07	0	1
3900	 4	3.16616	1.22646e-07	0	1
3900	 -5	1.61677	5.94797e-07	0	1
3900	 5	1.65863	9.95046e-08	0	1
4000	 0	1.40442	2.41438e-08	0	1
4000	 0	1.43136	8.88903e-08	0	1
4000	 -1	1.49411	4.54841e-06	1.20193e-06	1.41084
4000	 1	1.52276	2.94991e-07	4.23648e-08	1.42229
4000	 -2	3.39441	1.07935e-06	0	1
4000	 2	3.4595	1.70524e-07	2.58926e-09	1.91359
4000	 -3	2.38248	2.03951e-06	0	1
4000	 3	2.42817	2.41e-07	0	1
4000	 -4	3.5857	4.55686e-07	0	1
4000	 4	3.65446	1.36857e-07	0	1
4000	 -5	1.88681	6.70542e-07	0	1
4000	 5	1.92299	1.13402e-07	0	1
4100	 0	1.61648	2.99119e-08	0	1
4100	 0	1.63944	9.94993e-08	0	1
4100	 -1	1.72117	4.50409e-06	1.12913e-06	1.49597
4100	 1	1.74562	3.12208e-07	3.66322e-08	1.50444
4100	 -2	3.91691	1.12998e-06	0	1
4100	 2	3.97256	1.85777e-07	2.51408e-09	1.99617
4100	 -3	2.75624	2.03959e-06	0	1
4100	 3	2.7954	2.63896e-07	0	1
4100	 -4	4.16237	4.21073e-07	0	1
4100	 4	4.2215	1.51211e-07	0	1
4100	 -5	2.19959	5.8878e-07	0	1
4100	 5	2.23084	1.27766e-07	0	1
4200	 0	1.86009	3.63357e-08	0	1
4200	 0	1.87966	1.1017e-07	0	1
4200	 -1	1.98216	4.27983e-06	9.6797e-07	1.58062
4200	 1	2.00302	3.30099e-07	3.14837e-08	1.58689
4200	 -2	4.5182	1.09149e-06	0	1
4200	 2	4.56575	2.00976e-07	2.43383e-09	2.07911
4200	 -3	3.18711	2.05919e-06	0	1
4200	 3	3.22065	2.86969e-07	0	1
4200	 -4	4.82871	4.93837e-07	0	1
4200	 4	4.87953	1.65606e-07	0	1
4200	 -5	2.5621	6.90989e-07	0	1
4200	 5	2.58906	1.42494e-07	0	1
4300	 0	2.14017	4.33743e-08	0	1
4300	 0	2.15685	1.20812e-07	0	1
4300	 -1	2.2824	4.32227e-06	9.21505e-07	1.66501
4300	 1	2.30019	3.48758e-07	2.7062e-08	1.66965
4300	 -2	5.21065	1.15407e-06	0	1
4300	 2	5.25127	2.25653e-07	2.34984e-09	2.16207
4300	 -3	3.68413	2.15626e-06	0	1
4300	 3	3.71285	3.2369e-07	0	1
4300	 -4	5.59909	5.05909e-07	0	1
4300	 4	5.64275	1.8888e-07	0	1
4300	 -5	2.98242	7.11363e-07	0	1
4300	 5	3.00567	1.57487e-07	0	1
4400	 0	2.46239	5.0973e-08	0	1
4400	 0	2.47661	1.31352e-07	0	1
4400	 -1	2.62798	4.09708e-06	7.59148e-07	1.74929
4400	 1	2.64316	3.68265e-07	2.34657e-08	1.75273
4400	 -2	6.00854	1.14233e-06	0	1
4400	 2	6.04324	2.34392e-07	2.2632e-09	2.24468
4400	 -3	4.25775	2.19128e-06	0	1
4400	 3	4.28235	3.3809e-07	0	1
4400	 -4	6.49015	5.73392e-07	0	1
4400	 4	6.52764	1.97339e-07	0	1
4400	 -5	3.46992	7.85236e-07	0	1
4400	 5	3.48996	1.72666e-07	0	1
4500	 0	2.83328	5.90655e-08	0	1
4500	 0	2.8454	1.41727e-07	0	1
4500	 -1	3.02597	4.26703e-06	9.18758e-07	1.83357
4500	 1	3.03892	3.88693e-07	2.07544e-08	1.83612
4500	 -2	6.92835	1.17642e-06	0	1
4500	 2	6.958	2.68119e-07	2.17488e-09	2.32644
4500	 -3	4.92006	2.18363e-06	0	1
4500	 3	4.94111	3.87934e-07	0	1
4500	 -4	7.52112	5.67501e-07	0	1
4500	 4	7.5533	2.28881e-07	0	1
4500	 -5	4.03548	7.28017e-07	0	1
4500	 5	4.05274	1.87963e-07	0	1
4600	 0	3.26037	6.75764e-08	0	1
4600	 0	3.2707	1.51887e-07	0	1
4600	 -1	3.48449	3.97749e-06	7.76261e-07	1.91789
4600	 1	3.49553	4.10106e-07	1.89548e-08	1.91978
4600	 -2	7.98911	1.12864e-06	0	1
4600	 2	8.01444	2.8653e-07	2.08569e-09	2.40674
4600	 -3	5.685	2.11991e-06	0	1
4600	 3	5.70302	4.16354e-07	0	1
4600	 -4	8.71427	5.81568e-07	0	1
4600	 4	8.74189	2.51963e-07	0	1
4600	 -5	4.69169	7.4376e-07	0	1
4600	 5	4.70656	2.14028e-07	0	1
4700	 0	3.75234	7.64241e-08	0	1
4700	 0	3.76115	1.75194e-07	0	1
4700	 -1	4.01292	3.78518e-06	6.56792e-07	2.0022
4700	 1	4.02234	4.45087e-07	1.80661e-08	2.0036
4700	 -2	9.21279	1.12717e-06	0	1
4700	 2	9.23443	3.24259e-07	1.99633e-09	2.48487
4700	 -3	6.56871	2.1125e-06	0	1
4700	 3	6.58413	4.64396e-07	0	1
4700	 -4	10.0954	5.99914e-07	0	1
4700	 4	10.1191	2.78144e-07	0	1
4700	 -5	5.45318	7.4903e-07	0	1
4700	 5	5.46598	2.2249e-07	0	1
4800	 0	4.31922	8.55236e-08	0	1
4800	 0	4.32674	1.87854e-07	0	1
4800	 -1	4.62209	3.69832e-06	6.02255e-07	2.0864
4800	 1	4.63013	4.71449e-07	1.80652e-08	2.08743
4800	 -2	10.6248	1.14352e-06	0	1
4800	 2	10.6433	3.16339e-07	1.9074e-09	2.56001
4800	 -3	7.58984	2.12668e-06	0	1
4800	 3	7.60305	4.61192e-07	0	1
4800	 -4	11.6943	6.15678e-07	0	1
4800	 4	11.7147	2.85815e-07	0	1
4800	 -5	6.33689	7.50551e-07	0	1
4800	 5	6.34792	2.66624e-07	0	1
4900	 0	4.97259	9.47892e-08	0	1
4900	 0	4.979	2.16281e-07	0	1
4900	 -1	5.32452	3.52621e-06	5.15862e-07	2.17026
4900	 1	5.33138	5.13931e-07	1.891e-08	2.17102
4900	 -2	12.2544	1.13441e-06	0	1
4900	 2	12.2702	3.62948e-07	1.81938e-09	2.63125
4900	 -3	8.76998	2.1062e-06	0	1
4900	 3	8.78128	5.14498e-07	0	1
4900	 -4	13.5457	6.3453e-07	0	1
4900	 4	13.5631	3.20941e-07	0	1
4900	 -5	7.36251	7.5347e-07	0	1
4900	 5	7.372	2.80931e-07	0	1
5000	 0	5.7258	1.06935e-07	0	1
5000	 0	5.73127	2.5516e-07	0	1
5000	 -1	6.13464	3.37099e-06	4.02768e-07	2.25345
5000	 1	6.1405	5.71171e-07	2.05417e-08	2.25401
5000	 -2	14.1355	1.11733e-06	0	1
5000	 2	14.149	3.96835e-07	1.73272e-09	2.69765
5000	 -3	10.1341	2.06933e-06	0	1
5000	 3	10.1438	5.62798e-07	0	1
5000	 -4	15.6895	6.20383e-07	0	1
5000	 4	15.7044	3.53855e-07	0	1
5000	 -5	8.55283	7.53879e-07	0	1
5000	 5	8.561	3.21614e-07	0	1
5100	 0	6.59427	1.17115e-07	0	1
5100	 0	6.59894	2.79245e-07	0	1
5100	 -1	7.06914	3.17279e-06	3.95312e-07	2.33554
5100	 1	7.07414	6.14055e-07	2.28858e-08	2.33594
5100	 -2	16.3073	1.05894e-06	0	1
5100	 2	16.3188	4.26173e-07	1.64776e-09	2.75828
5100	 -3	11.711	1.96846e-06	0	1
5100	 3	11.7193	6.02003e-07	0	1
5100	 -4	18.1721	6.17461e-07	0	1
5100	 4	18.1849	3.6731e-07	0	1
5100	 -5	9.93433	7.44035e-07	0	1
5100	 5	9.94136	3.23584e-07	0	1
5200	 0	7.59583	1.32726e-07	0	1
5200	 0	7.59981	2.76865e-07	0	1
5200	 -1	8.14729	2.9722e-06	3.4021e-07	2.41594
5200	 1	8.15156	6.40856e-07	2.58526e-08	2.41623
5200	 -2	18.815	1.04091e-06	0	1
5200	 2	18.8248	4.13853e-07	1.5648e-09	2.81232
5200	 -3	13.5342	1.90355e-06	0	1
5200	 3	13.5413	6.03114e-07	0	1
5200	 -4	21.0472	6.09057e-07	0	1
5200	 4	21.0582	3.66478e-07	0	1
5200	 -5	11.5377	7.17398e-07	0	1
5200	 5	11.5438	3.54025e-07	0	1
5300	 0	8.75105	1.48984e-07	0	1
5300	 0	8.75444	2.74252e-07	0	1
5300	 -1	9.39135	2.84297e-06	2.8044e-07	2.49397
5300	 1	9.395	6.71044e-07	2.93367e-08	2.49418
5300	 -2	21.711	1.02328e-06	0	1
5300	 2	21.7194	4.27931e-07	1.48409e-09	2.85911
5300	 -3	15.6422	1.87742e-06	0	1
5300	 3	15.6483	6.26189e-07	0	1
5300	 -4	24.3771	6.31039e-07	0	1
5300	 4	24.3866	3.78397e-07	0	1
5300	 -5	13.3986	7.36489e-07	0	1
5300	 5	13.4038	3.65819e-07	0	1
5400	 0	10.0837	1.66746e-07	0	1
5400	 0	10.0866	2.94341e-07	0	1
5400	 -1	10.8271	2.76407e-06	3.00535e-07	2.56881
5400	 1	10.8302	7.27118e-07	3.32177e-08	2.56896
5400	 -2	25.0558	1.00084e-06	0	1
5400	 2	25.063	4.57729e-07	1.4058e-09	2.89828
5400	 -3	18.0799	1.82671e-06	0	1
5400	 3	18.0851	6.73168e-07	0	1
5400	 -4	28.234	6.26794e-07	0	1
5400	 4	28.2421	4.04287e-07	0	1
5400	 -5	15.5584	7.36525e-07	0	1
5400	 5	15.5628	3.94453e-07	0	1
5500	 0	11.6212	1.79143e-07	0	1
5500	 0	11.6237	3.09073e-07	0	1
5500	 -1	12.4842	2.66921e-06	2.9718e-07	2.63959
5500	 1	12.4868	7.74255e-07	3.73611e-08	2.63969
5500	 -2	28.9193	9.4312e-07	0	1
5500	 2	28.9255	4.76442e-07	1.33011e-09	2.92979
5500	 -3	20.8989	1.73206e-06	0	1
5500	 3	20.9034	7.0489e-07	0	1
5500	 -4	32.7012	6.23622e-07	0	1
5500	 4	32.7082	4.16202e-07	0	1
5500	 -5	18.0649	7.35444e-07	0	1
5500	 5	18.0688	4.09982e-07	0	1
5600	 0	13.3954	1.92229e-07	0	1
5600	 0	13.3975	3.11147e-07	0	1
5600	 -1	14.397	2.56359e-06	2.44733e-07	2.70536
5600	 1	14.3993	8.12096e-07	4.16204e-08	2.70543
5600	 -2	33.3825	9.57281e-07	0	1
5600	 2	33.3878	4.81962e-07	1.25711e-09	2.954
5600	 -3	24.1592	1.7192e-06	0	1
5600	 3	24.1631	7.25309e-07	0	1
5600	 -4	37.8757	6.18635e-07	0	1
5600	 4	37.8817	4.22287e-07	0	1
5600	 -5	20.9739	7.1484e-07	0	1
5600	 5	20.9772	4.28927e-07	0	1
5700	 0	15.4428	2.05518e-07	0	1
5700	 0	15.4446	3.07608e-07	0	1
5700	 -1	16.6053	2.51101e-06	2.85017e-07	2.76524
5700	 1	16.6072	8.46508e-07	4.58416e-08	2.76528
5700	 -2	38.539	9.17029e-07	0	1
5700	 2	38.5435	4.89434e-07	1.18688e-09	2.97162
5700	 -3	27.9302	1.67152e-06	0	1
5700	 3	27.9334	7.4643e-07	0	1
5700	 -4	43.8695	6.30409e-07	0	1
5700	 4	43.8746	4.32228e-07	0	1
5700	 -5	24.3499	7.4099e-07	0	1
5700	 5	24.3528	4.48846e-07	0	1
5800	 0	17.8059	2.18683e-07	0	1
5800	 0	17.8074	3.16933e-07	0	1
5800	 -1	19.1549	2.38227e-06	2.20913e-07	2.81841
5800	 1	19.1566	8.94058e-07	4.98678e-08	2.81844
5800	 -2	44.4968	9.02822e-07	0	1
5800	 2	44.5007	5.07534e-07	1.11949e-09	2.98367
5800	 -3	32.2919	1.6273e-06	0	1
5800	 3	32.2947	7.77489e-07	0	1
5800	 -4	50.8126	6.22055e-07	0	1
5800	 4	50.817	4.45256e-07	0	1
5800	 -5	28.2678	7.29633e-07	0	1
5800	 5	28.2703	4.66185e-07	0	1
5900	 0	20.5336	2.29331e-07	0	1
5900	 0	20.5349	3.25728e-07	0	1
5900	 -1	22.099	2.26683e-06	1.91784e-07	2.86426
5900	 1	22.1004	9.38946e-07	5.35462e-08	2.86428
5900	 -2	51.3812	8.83399e-07	0	1
5900	 2	51.3845	5.18623e-07	1.05495e-09	2.99133
5900	 -3	37.3373	1.58493e-06	0	1
5900	 3	37.3397	8.02649e-07	0	1
5900	 -4	58.8556	6.19524e-07	0	1
5900	 4	58.8594	4.54959e-07	0	1
5900	 -5	32.8145	7.25572e-07	0	1
5900	 5	32.8166	4.87251e-07	0	1
6000	 0	23.6824	2.38533e-07	0	1
6000	 0	23.6836	3.27845e-07	0	1
6000	 -1	25.4989	2.21379e-06	2.2241e-07	2.90247
6000	 1	25.5001	9.76065e-07	5.6735e-08	2.90248
6000	 -2	59.3369	8.58972e-07	0	1
6000	 2	59.3397	5.2957e-07	9.93267e-10	2.9958
6000	 -3	43.174	1.53132e-06	0	1
6000	 3	43.1761	8.27173e-07	0	1
6000	 -4	68.1728	6.07018e-07	0	1
6000	 4	68.1761	4.64425e-07	0	1
6000	 -5	38.0908	7.14792e-07	0	1
6000	 5	38.0926	5.03277e-07	0	1
6100	 0	27.3179	2.48274e-07	0	1
6100	 0	27.3189	3.30506e-07	0	1
6100	 -1	29.4254	2.06569e-06	1.7601e-07	2.93306
6100	 1	29.4265	1.01415e-06	5.93111e-08	2.93306
6100	 -2	68.5313	8.18837e-07	0	1
6100	 2	68.5337	5.38621e-07	9.34425e-10	2.99818
6100	 -3	49.9263	1.47822e-06	0	1
6100	 3	49.9281	8.49262e-07	0	1
6100	 -4	78.9665	6.1281e-07	0	1
6100	 4	78.9693	4.7089e-07	0	1
6100	 -5	44.2137	7.29624e-07	0	1
6100	 5	44.2153	5.17584e-07	0	1
6200	 0	31.5156	2.56998e-07	0	1
6200	 0	31.5164	3.29454e-07	0	1
6200	 -1	33.9607	2.03291e-06	1.43849e-07	2.95641
6200	 1	33.9616	1.04718e-06	6.11764e-08	2.95642
6200	 -2	79.158	8.34507e-07	0	1
6200	 2	79.1601	5.4639e-07	8.7839e-10	2.9993
6200	 -3	57.7383	1.47321e-06	0	1
6200	 3	57.7399	8.71206e-07	0	1
6200	 -4	91.4708	5.99827e-07	0	1
6200	 4	91.4731	4.77515e-07	0	1
6200	 -5	51.3189	7.1103e-07	0	1
6200	 5	51.3202	5.3132e-07	0	1
6300	 0	36.3628	2.64871e-07	0	1
6300	 0	36.3635	3.25363e-07	0	1
6300	 -1	39.1995	1.95919e-06	1.57606e-07	2.9733
6300	 1	39.2002	1.07564e-06	6.22638e-08	2.9733
6300	 -2	91.4412	8.01108e-07	0	1
6300	 2	91.4429	5.49282e-07	8.25117e-10	2.99977
6300	 -3	66.7768	1.42811e-06	0	1
6300	 3	66.7781	8.86147e-07	0	1
6300	 -4	105.957	6.08967e-07	0	1
6300	 4	105.959	4.81473e-07	0	1
6300	 -5	59.5639	7.22023e-07	0	1
6300	 5	59.565	5.4536e-07	0	1
6400	 0	41.9606	2.71971e-07	0	1
6400	 0	41.9612	3.25001e-07	0	1
6400	 -1	45.2514	1.89533e-06	1.32809e-07	2.98476
6400	 1	45.2521	1.10559e-06	6.25401e-08	2.98476
6400	 -2	105.64	7.87245e-07	0	1
6400	 2	105.641	5.65473e-07	7.74548e-10	2.99993
6400	 -3	77.2348	1.39689e-06	0	1
6400	 3	77.236	9.16916e-07	0	1
6400	 -4	122.74	6.04737e-07	0	1
6400	 4	122.742	4.94137e-07	0	1
6400	 -5	69.1313	7.17563e-07	0	1
6400	 5	69.1323	5.56112e-07	0	1
6500	 0	48.4258	2.77684e-07	0	1
6500	 0	48.4264	3.2362e-07	0	1
6500	 -1	52.2433	1.85725e-06	1.18259e-07	2.99198
6500	 1	52.2438	1.1316e-06	6.20082e-08	2.99198
6500	 -2	122.054	7.7903e-07	0	1
6500	 2	122.055	5.6858e-07	7.26614e-10	2.99998
6500	 -3	89.3359	1.36948e-06	0	1
6500	 3	89.3368	9.31393e-07	0	1
6500	 -4	142.184	5.92843e-07	0	1
6500	 4	142.185	4.98723e-07	0	1
6500	 -5	80.2331	7.07089e-07	0	1
6500	 5	80.2339	5.70799e-07	0	1
6600	 0	55.8935	2.82156e-07	0	1
6600	 0	55.8939	3.22886e-07	0	1
6600	 -1	60.3216	1.79886e-06	1.12279e-07	2.99616
6600	 1	60.3221	1.15508e-06	6.07053e-08	2.99616
6600	 -2	141.03	7.6913e-07	0	1
6600	 2	141.031	5.75154e-07	6.81241e-10	3
6600	 -3	103.339	1.35145e-06	0	1
6600	 3	103.34	9.47675e-07	0	1
6600	 -4	164.711	6.00593e-07	0	1
6600	 4	164.712	5.02953e-07	0	1
6600	 -5	93.1151	7.08152e-07	0	1
6600	 5	93.1159	5.78772e-07	0	1
6700	 0	64.5197	2.86291e-07	0	1
6700	 0	64.52	3.20939e-07	0	1
6700	 -1	69.6561	1.75745e-06	1.05769e-07	2.99835
6700	 1	69.6565	1.17519e-06	5.86999e-08	2.99835
6700	 -2	162.97	7.47954e-07	0	1
6700	 2	162.971	5.78616e-07	6.38346e-10	3
6700	 -3	119.543	1.31773e-06	0	1
6700	 3	119.544	9.62029e-07	0	1
6700	 -4	190.811	5.95736e-07	0	1
6700	 4	190.812	5.11349e-07	0	1
6700	 -5	108.063	7.08407e-07	0	1
6700	 5	108.063	5.97291e-07	0	1
6800	 0	74.4849	2.8934e-07	0	1
6800	 0	74.4852	3.2714e-07	0	1
6800	 -1	80.4427	1.72736e-06	9.59193e-08	2.99938
6800	 1	80.443	1.19964e-06	5.60861e-08	2.99938
6800	 -2	188.338	7.43102e-07	0	1
6800	 2	188.339	5.93535e-07	5.97843e-10	3
6800	 -3	138.295	1.30366e-06	0	1
6800	 3	138.296	9.84495e-07	0	1
6800	 -4	221.051	5.88133e-07	0	1
6800	 4	221.052	5.20424e-07	0	1
6800	 -5	125.407	7.0445e-07	0	1
6800	 5	125.408	6.03346e-07	0	1
6900	 0	85.998	2.92319e-07	0	1
6900	 0	85.9982	3.31961e-07	0	1
6900	 -1	92.9082	1.66546e-06	8.67731e-08	2.9998
6900	 1	92.9085	1.22076e-06	5.2977e-08	2.9998
6900	 -2	217.671	7.21379e-07	0	1
6900	 2	217.672	5.96752e-07	5.59641e-10	3
6900	 -3	159.998	1.27404e-06	0	1
6900	 3	159.998	9.97394e-07	0	1
6900	 -4	256.088	5.90383e-07	0	1
6900	 4	256.089	5.24147e-07	0	1
6900	 -5	145.532	7.08521e-07	0	1
6900	 5	145.532	6.15963e-07	0	1
7000	 0	99.3002	2.94232e-07	0	1
7000	 0	99.3005	3.26258e-07	0	1
7000	 -1	107.315	1.62471e-06	7.61504e-08	2.99994
7000	 1	107.315	1.22892e-06	4.94965e-08	2.99994
7000	 -2	251.592	7.09342e-07	0	1
7000	 2	251.592	5.98259e-07	5.2365e-10	3
7000	 -3	185.115	1.24928e-06	0	1
7000	 3	185.116	1.00697e-06	0	1
7000	 -4	296.685	5.83734e-07	0	1
7000	 4	296.686	5.27269e-07	0	1
7000	 -5	168.882	7.02144e-07	0	1
7000	 5	168.883	6.22528e-07	0	1
7100	 0	114.671	2.97823e-07	0	1
7100	 0	114.671	3.24361e-07	0	1
7100	 -1	123.967	1.60137e-06	7.80578e-08	2.99999
7100	 1	123.967	1.24081e-06	4.57719e-08	2.99999
7100	 -2	290.819	7.02719e-07	0	1
7100	 2	290.819	6.02377e-07	4.89774e-10	3
7100	 -3	214.186	1.23625e-06	0	1
7100	 3	214.186	1.01881e-06	0	1
7100	 -4	343.723	5.80638e-07	0	1
7100	 4	343.724	5.31291e-07	0	1
7100	 -5	195.976	7.0243e-07	0	1
7100	 5	195.976	6.29199e-07	0	1
7200	 0	132.433	3.00421e-07	0	1
7200	 0	132.433	3.22809e-07	0	1
7200	 -1	143.214	1.56538e-06	6.33132e-08	3
7200	 1	143.214	1.25034e-06	4.19262e-08	3
7200	 -2	336.185	6.96629e-07	0	1
7200	 2	336.185	6.04404e-07	4.5792e-10	3
7200	 -3	247.834	1.22951e-06	0	1
7200	 3	247.834	1.02804e-06	0	1
7200	 -4	398.226	5.85826e-07	0	1
7200	 4	398.227	5.33707e-07	0	1
7200	 -5	227.412	7.07612e-07	0	1
7200	 5	227.413	6.3522e-07	0	1
7300	 0	152.959	3.02262e-07	0	1
7300	 0	152.959	3.1851e-07	0	1
7300	 -1	165.462	1.53864e-06	5.7012e-08	3
7300	 1	165.463	1.25488e-06	3.80719e-08	3
7300	 -2	388.654	6.9038e-07	0	1
7300	 2	388.654	6.05733e-07	4.27994e-10	3
7300	 -3	286.781	1.21798e-06	0	1
7300	 3	286.781	1.03647e-06	0	1
7300	 -4	461.38	5.8494e-07	0	1
7300	 4	461.381	5.37641e-07	0	1
7300	 -5	263.887	7.0688e-07	0	1
7300	 5	263.887	6.42271e-07	0	1
7400	 0	176.682	3.03915e-07	0	1
7400	 0	176.682	3.17189e-07	0	1
7400	 -1	191.183	1.54059e-06	7.63537e-08	3
7400	 1	191.183	1.26046e-06	3.43063e-08	3
7400	 -2	449.341	6.86349e-07	0	1
7400	 2	449.341	6.10221e-07	3.99903e-10	3
7400	 -3	331.863	1.20488e-06	0	1
7400	 3	331.863	1.04659e-06	0	1
7400	 -4	534.559	5.79483e-07	0	1
7400	 4	534.559	5.42188e-07	0	1
7400	 -5	306.206	7.00924e-07	0	1
7400	 5	306.207	6.46712e-07	0	1
7500	 0	204.101	3.05104e-07	0	1
7500	 0	204.101	3.17192e-07	0	1
7500	 -1	220.917	1.50262e-06	6.58526e-08	3
7500	 1	220.918	1.26532e-06	3.07081e-08	3
7500	 -2	519.536	6.7753e-07	0	1
7500	 2	519.536	6.11523e-07	3.73554e-10	3
7500	 -3	384.049	1.19474e-06	0	1
7500	 3	384.049	1.053e-06	0	1
7500	 -4	619.356	5.84628e-07	0	1
7500	 4	619.356	5.447e-07	0	1
7500	 -5	355.308	7.04635e-07	0	1
7500	 5	355.308	6.52166e-07	0	1
7600	 0	235.793	3.05617e-07	0	1
7600	 0	235.793	3.14831e-07	0	1
7600	 -1	255.296	1.4868e-06	6.33871e-08	3
7600	 1	255.296	1.26585e-06	2.73364e-08	3
7600	 -2	600.734	6.75718e-07	0	1
7600	 2	600.734	6.13341e-07	3.4886e-10	3
7600	 -3	444.46	1.18856e-06	0	1
7600	 3	444.46	1.05973e-06	0	1
7600	 -4	717.616	5.81914e-07	0	1
7600	 4	717.616	5.48987e-07	0	1
7600	 -5	412.277	7.01565e-07	0	1
7600	 5	412.277	6.57614e-07	0	1
7700	 0	272.428	3.06344e-07	0	1
7700	 0	272.428	3.15341e-07	0	1
7700	 -1	295.045	1.46467e-06	5.86728e-08	3
7700	 1	295.045	1.26804e-06	2.42303e-08	3
7700	 -2	694.663	6.68198e-07	0	1
7700	 2	694.663	6.15451e-07	3.25731e-10	3
7700	 -3	514.395	1.17458e-06	0	1
7700	 3	514.395	1.06488e-06	0	1
7700	 -4	831.479	5.78569e-07	0	1
7700	 4	831.479	5.52138e-07	0	1
7700	 -5	478.374	6.9859e-07	0	1
7700	 5	478.374	6.61815e-07	0	1
7800	 0	314.778	3.06851e-07	0	1
7800	 0	314.778	3.17372e-07	0	1
7800	 -1	341.006	1.44157e-06	5.25529e-08	3
7800	 1	341.006	1.2703e-06	2.14111e-08	3
7800	 -2	803.325	6.64709e-07	0	1
7800	 2	803.325	6.17748e-07	3.04083e-10	3
7800	 -3	595.357	1.16964e-06	0	1
7800	 3	595.357	1.07042e-06	0	1
7800	 -4	963.425	5.81956e-07	0	1
7800	 4	963.425	5.55037e-07	0	1
7800	 -5	555.062	6.99209e-07	0	1
7800	 5	555.062	6.65532e-07	0	1
7900	 0	363.738	3.07087e-07	0	1
7900	 0	363.738	3.16348e-07	0	1
7900	 -1	394.153	1.42887e-06	4.71199e-08	3
7900	 1	394.153	1.26847e-06	1.8884e-08	3
7900	 -2	929.035	6.61683e-07	0	1
7900	 2	929.035	6.18322e-07	2.83833e-10	3
7900	 -3	689.089	1.1634e-06	0	1
7900	 3	689.089	1.07428e-06	0	1
7900	 -4	1116.33	5.78156e-07	0	1
7900	 4	1116.33	5.58524e-07	0	1
7900	 -5	644.036	6.97408e-07	0	1
7900	 5	644.036	6.70407e-07	0	1
8000	 0	420.342	3.07695e-07	0	1
8000	 0	420.342	3.17307e-07	0	1
8000	 -1	455.613	1.41168e-06	4.63963e-08	3
8000	 1	455.613	1.26812e-06	1.66416e-08	3
8000	 -2	1074.48	6.55199e-07	0	1
8000	 2	1074.48	6.20218e-07	2.64902e-10	3
8000	 -3	797.608	1.15269e-06	0	1
8000	 3	797.608	1.07779e-06	0	1
8000	 -4	1293.52	5.76433e-07	0	1
8000	 4	1293.52	5.60335e-07	0	1
8000	 -5	747.264	6.96194e-07	0	1
8000	 5	747.264	6.71367e-07	0	1
8100	 0	485.788	3.08429e-07	0	1
8100	 0	485.788	3.17261e-07	0	1
8100	 -1	526.689	1.39342e-06	3.96321e-08	3
8100	 1	526.689	1.26642e-06	1.46672e-08	3
8100	 -2	1242.75	6.53584e-07	0	1
8100	 2	1242.75	6.18614e-07	2.47213e-10	3
8100	 -3	923.251	1.14904e-06	0	1
8100	 3	923.252	1.07853e-06	0	1
8100	 -4	1498.86	5.78358e-07	0	1
8100	 4	1498.86	5.61074e-07	0	1
8100	 -5	867.029	6.95626e-07	0	1
8100	 5	867.029	6.74676e-07	0	1
8200	 0	561.461	3.08853e-07	0	1
8200	 0	561.461	3.14819e-07	0	1
8200	 -1	608.891	1.37938e-06	3.88769e-08	3
8200	 1	608.891	1.2617e-06	1.29376e-08	3
8200	 -2	1437.45	6.49181e-07	0	1
8200	 2	1437.45	6.17935e-07	2.30694e-10	3
8200	 -3	1068.73	1.14091e-06	0	1
8200	 3	1068.73	1.07951e-06	0	1
8200	 -4	1736.82	5.75822e-07	0	1
8200	 4	1736.82	5.62987e-07	0	1
8200	 -5	1005.98	6.93922e-07	0	1
8200	 5	1005.98	6.76925e-07	0	1
8300	 0	648.964	3.09718e-07	0	1
8300	 0	648.964	3.16043e-07	0	1
8300	 -1	703.963	1.36236e-06	3.40653e-08	3
8300	 1	703.963	1.26057e-06	1.14263e-08	3
8300	 -2	1662.74	6.43175e-07	0	1
8300	 2	1662.74	6.19481e-07	2.15273e-10	3
8300	 -3	1237.16	1.13377e-06	0	1
8300	 3	1237.16	1.08214e-06	0	1
8300	 -4	2012.6	5.76424e-07	0	1
8300	 4	2012.6	5.64796e-07	0	1
8300	 -5	1167.19	6.9601e-07	0	1
8300	 5	1167.19	6.77881e-07	0	1
8400	 0	750.15	3.10121e-07	0	1
8400	 0	750.15	3.16044e-07	0	1
8400	 -1	813.927	1.35613e-06	3.33874e-08	3
8400	 1	813.927	1.25761e-06	1.01058e-08	3
8400	 -2	1923.43	6.41612e-07	0	1
8400	 2	1923.43	6.18009e-07	2.00884e-10	3
8400	 -3	1432.2	1.12931e-06	0	1
8400	 3	1432.2	1.08205e-06	0	1
8400	 -4	2332.2	5.7623e-07	0	1
8400	 4	2332.2	5.65267e-07	0	1
8400	 -5	1354.22	6.94081e-07	0	1
8400	 5	1354.22	6.7978e-07	0	1
8500	 0	867.166	3.10357e-07	0	1
8500	 0	867.166	3.13872e-07	0	1
8500	 -1	941.122	1.34659e-06	2.99213e-08	3
8500	 1	941.122	1.25231e-06	8.94951e-09	3
8500	 -2	2225.09	6.40295e-07	0	1
8500	 2	2225.09	6.16085e-07	1.87462e-10	3
8500	 -3	1658.04	1.12626e-06	0	1
8500	 3	1658.04	1.08087e-06	0	1
8500	 -4	2702.59	5.75186e-07	0	1
8500	 4	2702.59	5.65809e-07	0	1
8500	 -5	1571.22	6.93117e-07	0	1
8500	 5	1571.22	6.81034e-07	0	1
8600	 0	1002.49	3.109e-07	0	1
8600	 0	1002.49	3.14077e-07	0	1
8600	 -1	1088.25	1.34006e-06	2.90502e-08	3
8600	 1	1088.25	1.24955e-06	7.93288e-09	3
8600	 -2	2574.19	6.36189e-07	0	1
8600	 2	2574.19	6.16519e-07	1.74948e-10	3
8600	 -3	1919.55	1.12294e-06	0	1
8600	 3	1919.55	1.08188e-06	0	1
8600	 -4	3131.85	5.76834e-07	0	1
8600	 4	3131.85	5.67094e-07	0	1
8600	 -5	1822.96	6.96122e-07	0	1
8600	 5	1822.96	6.8162e-07	0	1
8700	 0	1159.01	3.1109e-07	0	1
8700	 0	1159.01	3.14164e-07	0	1
8700	 -1	1258.45	1.33321e-06	2.73207e-08	3
8700	 1	1258.45	1.24632e-06	7.03437e-09	3
8700	 -2	2978.18	6.35584e-07	0	1
8700	 2	2978.18	6.15348e-07	1.63284e-10	3
8700	 -3	2222.37	1.12113e-06	0	1
8700	 3	2222.37	1.08137e-06	0	1
8700	 -4	3629.35	5.76432e-07	0	1
8700	 4	3629.35	5.67648e-07	0	1
8700	 -5	2115.04	6.95383e-07	0	1
8700	 5	2115.04	6.82951e-07	0	1
8800	 0	1340.03	3.11053e-07	0	1
8800	 0	1340.03	3.13221e-07	0	1
8800	 -1	1455.34	1.32349e-06	2.65155e-08	3
8800	 1	1455.34	1.24195e-06	6.23568e-09	3
8800	 -2	3445.74	6.32666e-07	0	1
8800	 2	3445.74	6.13892e-07	1.52415e-10	3
8800	 -3	2573.05	1.11614e-06	0	1
8800	 3	2573.05	1.08015e-06	0	1
8800	 -4	4205.94	5.7567e-07	0	1
8800	 4	4205.94	5.67914e-07	0	1
8800	 -5	2453.89	6.94322e-07	0	1
8800	 5	2453.89	6.83493e-07	0	1
8900	 0	1549.41	3.1116e-07	0	1
8900	 0	1549.41	3.12985e-07	0	1
8900	 -1	1683.13	1.31553e-06	2.59113e-08	3
8900	 1	1683.13	1.23853e-06	5.52175e-09	3
8900	 -2	3986.86	6.30234e-07	0	1
8900	 2	3986.86	6.12956e-07	1.42288e-10	3
8900	 -3	2979.16	1.11286e-06	0	1
8900	 3	2979.16	1.07944e-06	0	1
8900	 -4	4874.2	5.75903e-07	0	1
8900	 4	4874.2	5.68431e-07	0	1
8900	 -5	2847.01	6.94509e-07	0	1
8900	 5	2847.01	6.84195e-07	0	1
9000	 0	1791.61	3.11082e-07	0	1
9000	 0	1791.61	3.12914e-07	0	1
9000	 -1	1946.66	1.3044e-06	2.24862e-08	3
9000	 1	1946.66	1.23521e-06	4.88054e-09	3
9000	 -2	4613.15	6.27273e-07	0	1
9000	 2	4613.15	6.12272e-07	1.32857e-10	3
9000	 -3	3449.47	1.10938e-06	0	1
9000	 3	3449.47	1.07899e-06	0	1
9000	 -4	5648.72	5.75841e-07	0	1
9000	 4	5648.72	5.69059e-07	0	1
9000	 -5	3303.09	6.95029e-07	0	1
9000	 5	3303.09	6.84768e-07	0	1
