0	 0	21.8082	0	0	1
100	 0	0	0	0	1
100	 0	0	0	0	1
100	 -1	0	0	0	1
100	 1	0	0	0	1
100	 -2	0	0	0	1
100	 2	0	0	0	1
100	 -3	0	0	0	1
100	 3	0	0	0	1
100	 -4	0	0	0	1
100	 4	0	0	0	1
100	 -5	0	0	0	1
100	 5	0	0	0	1
100	 -6	0	0	0	1
100	 6	0	0	0	1
200	 0	0	0	0	1
200	 0	0	0	0	1
200	 -1	0	0	0	1
200	 1	0	0	0	1
200	 -2	0	0	0	1
200	 2	0	0	0	1
200	 -3	0	0	0	1
200	 3	0	0	0	1
200	 -4	0	0	0	1
200	 4	0	0	0	1
200	 -5	0	0	0	1
200	 5	0	0	0	1
200	 -6	0	0	0	1
200	 6	0	0	0	1
300	 0	0	0	0	1
300	 0	0	0	0	1
300	 -1	0	0	0	1
300	 1	0	0	0	1.38437
300	 -2	0	0	0	1
300	 2	0	0	0	1
300	 -3	0	0	0	1
300	 3	0	0	0	1
300	 -4	0	0	0	1
300	 4	0	0	0	1
300	 -5	0	0	0	1
300	 5	0	0	0	1
300	 -6	0	0	0	1
300	 6	0	0	0	1
400	 0	0	0	0	1
400	 0	0	0	0	1
400	 -1	0	0	0	1
400	 1	0	0	0	2.02156
400	 -2	0	0	0	1
400	 2	0	0	0	1
400	 -3	0	0	0	1
400	 3	0	0	0	1
400	 -4	0	0	0	1
400	 4	0	0	0	1
400	 -5	0	0	0	1
400	 5	0	0	0	1
400	 -6	0	0	0	1
400	 6	0	0	0	1
500	 0	0	0	0	1
500	 0	0	0	0	1
500	 -1	0	0	0	1
500	 1	0	0	0	2.32321
500	 -2	0	0	0	1
500	 2	1	8.01073e-14	4.00536e-11	1.21546
500	 -3	0	0	0	1
500	 3	0	0	0	1
500	 -4	0	0	0	1
500	 4	0	0	0	1
500	 -5	0	0	0	1
500	 5	0	0	0	1
500	 -6	0	0	0	1
500	 6	0	0	0	1
600	 0	0	0	0	1
600	 0	0	0	0	1
600	 -1	0	0	0	1
600	 1	0	0	0	2.47589
600	 -2	0	0	0	1
600	 2	0	0	0	1.83288
600	 -3	0	0	0	1
600	 3	0	0	0	1
600	 -4	0	0	0	1
600	 4	0	0	0	1
600	 -5	0	0	0	1
600	 5	0	0	0	1
600	 -6	0	0	0	1
600	 6	0	0	0	1
700	 0	0	0	0	1
700	 0	0	0	0	1
700	 -1	0	0	0	1
700	 1	0	0	0	2.55834
700	 -2	0	0	0	1
700	 2	0	0	0	2.20491
700	 -3	0	0	0	1
700	 3	0	0	0	1
700	 -4	0	0	0	1
700	 4	0	0	0	1
700	 -5	0	0	0	1
700	 5	0	0	0	1
700	 -6	0	0	0	1
700	 6	0	0	0	1
800	 0	0	0	0	1
800	 0	0	0	0	1
800	 -1	0	0	0	1
800	 1	0	0	0	2.60701
800	 -2	0	0	0	1
800	 2	0	0	0	2.43825
800	 -3	0	0	0	1
800	 3	0	0	0	1
800	 -4	0	0	0	1
800	 4	0	0	0	1
800	 -5	0	0	0	1
800	 5	0	0	0	1
800	 -6	0	0	0	1
800	 6	0	0	0	1
900	 0	0	0	0	1
900	 0	0	0	0	1
900	 -1	0	0	0	1
900	 1	0	0	0	2.63904
900	 -2	0	0	0	1
900	 2	0	0	0	2.58691
900	 -3	0	0	0	1
900	 3	0	0	0	1
900	 -4	0	0	0	1
900	 4	0	0	0	1
900	 -5	0	0	0	1
900	 5	0	0	0	1
900	 -6	0	0	0	1
900	 6	0	0	0	1
1000	 0	0	0	0	1
1000	 0	0	0	0	1
1000	 -1	0	0	0	1
1000	 1	0	0	0	2.66281
1000	 -2	0	0	0	1
1000	 2	0	0	0	2.68446
1000	 -3	0	0	0	1
1000	 3	0	0	0	1
1000	 -4	0	0	0	1
1000	 4	0	0	0	1
1000	 -5	0	0	0	1
1000	 5	0	0	0	1
1000	 -6	0	0	0	1
1000	 6	0	0	0	1
1100	 0	0	0	0	1
1100	 0	1	3.81321e-14	0	1
1100	 -1	0	0	0	1
1100	 1	0	0	0	2.68261
1100	 -2	0	0	0	1
1100	 2	0	0	0	2.75116
1100	 -3	0	0	0	1
1100	 3	0	0	0	1
1100	 -4	0	0	0	1
1100	 4	0	0	0	1
1100	 -5	0	0	0	1
1100	 5	0	0	0	1
1100	 -6	0	0	0	1
1100	 6	0	0	0	1
1200	 0	0	0	0	1
1200	 0	0	0	0	1
1200	 -1	0	0	0	1
1200	 1	0	0	0	2.70062
1200	 -2	0	0	0	1
1200	 2	1	2.71602e-12	1.34705e-09	2.79891
1200	 -3	0	0	0	1
1200	 3	0	0	0	1
1200	 -4	0	0	0	1
1200	 4	1	7.86102e-15	0	1
1200	 -5	0	0	0	1
1200	 5	0	0	0	1
1200	 -6	0	0	0	1
1200	 6	0	0	0	1
1300	 0	0	0	0	1
1300	 0	1	1.20931e-13	0	1
1300	 -1	0	0	0	1
1300	 1	0	0	0	2.71794
1300	 -2	0	0	0	1
1300	 2	1	3.76223e-12	1.8607e-09	2.83461
1300	 -3	0	0	0	1
1300	 3	0	0	0	1
1300	 -4	0	0	0	1
1300	 4	0	0	0	1
1300	 -5	0	0	0	1
1300	 5	0	0	0	1
1300	 -6	0	0	0	1
1300	 6	0	0	0	1
1400	 0	0	0	0	1
1400	 0	0	0	0	1
1400	 -1	0	0	0	1
1400	 1	0	0	0	2.73504
1400	 -2	0	0	0	1
1400	 2	0	0	0	2.86234
1400	 -3	0	0	0	1
1400	 3	0	0	0	1
1400	 -4	0	0	0	1
1400	 4	0	0	0	1
1400	 -5	0	0	0	1
1400	 5	0	0	0	1
1400	 -6	0	0	0	1
1400	 6	0	0	0	1
1500	 0	0	0	0	1
1500	 0	0	0	0	1
1500	 -1	0	0	0	1
1500	 1	0	0	0	2.75206
1500	 -2	0	0	0	1
1500	 2	0	0	0	2.88452
1500	 -3	0	0	0	1
1500	 3	0	0	0	1
1500	 -4	0	0	0	1
1500	 4	0	0	0	1
1500	 -5	0	0	0	1
1500	 5	0	0	0	1
1500	 -6	0	0	0	1
1500	 6	0	0	0	1
1600	 0	0	0	0	1
1600	 0	0	0	0	1
1600	 -1	0	0	0	1
1600	 1	0	0	0	2.77187
1600	 -2	0	0	0	1
1600	 2	0	0	0	2.9038
1600	 -3	0	0	0	1
1600	 3	0	0	0	1
1600	 -4	0	0	0	1
1600	 4	0	0	0	1
1600	 -5	0	0	0	1
1600	 5	0	0	0	1
1600	 -6	0	0	0	1
1600	 6	0	0	0	1
1700	 0	0	0	0	1
1700	 0	0	0	0	1
1700	 -1	0	0	0	1
1700	 1	0	0	0	2.79871
1700	 -2	0	0	0	1
1700	 2	1	1.13794e-11	5.51687e-09	2.92277
1700	 -3	0	0	0	1
1700	 3	0	0	0	1
1700	 -4	0	0	0	1
1700	 4	1	7.42855e-14	0	1
1700	 -5	0	0	0	1
1700	 5	0	0	0	1
1700	 -6	0	0	0	1
1700	 6	0	0	0	1
1800	 0	0	0	0	1
1800	 0	1	9.09741e-13	0	1
1800	 -1	0	0	0	1.32818
1800	 1	0	0	0	2.82758
1800	 -2	0	0	0	1
1800	 2	1	1.44793e-11	6.96213e-09	2.93993
1800	 -3	0	0	0	1
1800	 3	1	3.8615e-13	0	1
1800	 -4	0	0	0	1
1800	 4	0	0	0	1
1800	 -5	0	0	0	1
1800	 5	0	0	0	1
1800	 -6	0	0	0	1
1800	 6	0	0	0	1
1900	 0	0	0	0	1
1900	 0	0	0	0	1
1900	 -1	0	0	0	1.54767
1900	 1	0	0	0	2.85559
1900	 -2	0	0	0	1
1900	 2	0	0	0	2.95451
1900	 -3	1	4.16443e-11	0	1
1900	 3	0	0	0	1
1900	 -4	0	0	0	1
1900	 4	1	1.52299e-13	0	1
1900	 -5	0	0	0	1
1900	 5	0	0	0	1
1900	 -6	0	0	0	1
1900	 6	0	0	0	1
2000	 0	0	0	0	1
2000	 0	0	0	0	1
2000	 -1	0	0	0	1.76226
2000	 1	0	0	0	2.88119
2000	 -2	0	0	0	1
2000	 2	1	2.2756e-11	1.07052e-08	2.96632
2000	 -3	0	0	0	1
2000	 3	0	0	0	1
2000	 -4	0	0	0	1
2000	 4	0	0	0	1
2000	 -5	0	0	0	1
2000	 5	0	0	0	1
2000	 -6	0	0	0	1
2000	 6	0	0	0	1
2100	 0	0	0	0	1
2100	 0	0	0	0	1
2100	 -1	0	0	0	1.97074
2100	 1	0	0	0	2.90365
2100	 -2	0	0	0	1
2100	 2	0	0	0	2.97553
2100	 -3	0	0	0	1
2100	 3	1	1.43164e-12	0	1
2100	 -4	0	0	0	1
2100	 4	0	0	0	1
2100	 -5	0	0	0	1
2100	 5	0	0	0	1
2100	 -6	0	0	0	1
2100	 6	0	0	0	1
2200	 0	0	0	0	1
2200	 0	0	0	0	1
2200	 -1	0	0	0	2.17016
2200	 1	0	0	0	2.92277
2200	 -2	0	0	0	1
2200	 2	1	3.47811e-11	1.58273e-08	2.98248
2200	 -3	0	0	0	1
2200	 3	1	2.18847e-12	0	1
2200	 -4	0	0	0	1
2200	 4	0	0	0	1
2200	 -5	1	6.40426e-12	0	1
2200	 5	0	0	0	1
2200	 -6	0	0	0	1
2200	 6	0	0	0	1
2300	 0	0	0	0	1
2300	 0	0	0	0	1
2300	 -1	1	1.38038e-08	4.03447e-06	2.35564
2300	 1	0	0	0	2.93871
2300	 -2	0	0	0	1
2300	 2	1	4.27529e-11	1.90067e-08	2.98762
2300	 -3	2	1.38876e-10	0	1
2300	 3	0	0	0	1
2300	 -4	0	0	0	1
2300	 4	1	7.64476e-13	0	1
2300	 -5	0	0	0	1
2300	 5	0	0	0	1
2300	 -6	0	0	0	1
2300	 6	0	0	0	1
2400	 0	0	0	0	1
2400	 0	1	5.15905e-12	0	1
2400	 -1	1	1.64588e-08	4.79742e-06	2.52115
2400	 1	0	0	0	2.95187
2400	 -2	0	0	0	1
2400	 2	0	0	0	2.99138
2400	 -3	0	0	0	1
2400	 3	0	0	0	1
2400	 -4	1	1.83509e-11	0	1
2400	 4	0	0	0	1
2400	 -5	0	0	0	1
2400	 5	0	0	0	1
2400	 -6	0	0	0	1
2400	 6	0	0	0	1
2500	 0	0	0	0	1
2500	 0	0	0	0	1
2500	 -1	0	0	0	2.66123
2500	 1	0	0	0	2.96271
2500	 -2	0	0	0	1
2500	 2	0	0	0	2.99411
2500	 -3	0	0	0	1
2500	 3	0	0	0	1
2500	 -4	0	0	0	1
2500	 4	0	0	0	1
2500	 -5	0	0	0	1
2500	 5	0	0	0	1
2500	 -6	0	0	0	1
2500	 6	0	0	0	1
2600	 0	8.4546	7.61084e-16	0	1
2600	 0	19.2666	9.0722e-12	0	1
2600	 -1	16.9252	2.2953e-08	3.93011e-07	2.77275
2600	 1	38.5697	1.21006e-09	9.24574e-09	2.97169
2600	 -2	26.3842	3.66112e-10	0	1
2600	 2	60.1252	7.89563e-11	5.25195e-10	2.99609
2600	 -3	24.5135	3.05838e-10	0	1
2600	 3	55.8621	1.1278e-11	0	1
2600	 -4	24.3594	3.81758e-11	0	1
2600	 4	55.511	3.5693e-12	0	1
2600	 -5	16.3269	2.82167e-11	0	1
2600	 5	37.2062	5.90592e-13	0	1
2600	 -6	12.3232	7.89734e-16	0	1
2600	 6	28.0824	2.46516e-13	0	1
2700	 0	10.5639	3.62207e-13	0	1
2700	 0	20.5719	1.30494e-11	0	1
2700	 -1	21.4894	2.68733e-08	3.61298e-07	2.85589
2700	 1	41.8481	1.49227e-09	1.0481e-08	2.97912
2700	 -2	33.4404	4.6276e-10	0	1
2700	 2	65.1212	9.73143e-11	5.67454e-10	2.99752
2700	 -3	31.4602	3.9123e-10	0	1
2700	 3	61.265	1.66985e-11	0	1
2700	 -4	31.3419	5.36067e-11	0	1
2700	 4	61.0347	5.99352e-12	0	1
2700	 -5	21.3628	3.87208e-11	0	1
2700	 5	41.6015	1.13108e-12	0	1
2700	 -6	16.2348	4.89082e-14	0	1
2700	 6	31.6153	4.98843e-13	0	1
2800	 0	12.9686	5.19283e-12	0	1
2800	 0	22.0704	2.151e-11	0	1
2800	 -1	26.7866	3.13052e-08	3.36538e-07	2.91384
2800	 1	45.5865	1.81065e-09	1.16237e-08	2.98522
2800	 -2	41.6068	5.84154e-10	0	1
2800	 2	70.808	1.21857e-10	6.07536e-10	2.99851
2800	 -3	39.601	4.99136e-10	0	1
2800	 3	67.3945	2.56033e-11	0	1
2800	 -4	39.534	7.57393e-11	0	1
2800	 4	67.2805	1.06094e-11	0	1
2800	 -5	27.3689	5.34023e-11	0	1
2800	 5	46.5774	2.59762e-12	0	1
2800	 -6	20.9241	6.81839e-13	0	1
2800	 6	35.6094	1.17826e-12	0	1
2900	 0	15.675	2.83195e-11	0	1
2900	 0	23.8249	4.22759e-11	0	1
2900	 -1	32.8506	3.63103e-08	3.17065e-07	2.95161
2900	 1	49.9308	2.16793e-09	1.25963e-08	2.99009
2900	 -2	50.9297	7.45041e-10	0	1
2900	 2	77.4097	1.58984e-10	6.43805e-10	2.99918
2900	 -3	49.0039	6.41857e-10	0	1
2900	 3	74.4828	4.28368e-11	0	1
2900	 -4	49.0045	1.11595e-10	0	1
2900	 4	74.4837	2.07421e-11	0	1
2900	 -5	34.4191	7.67984e-11	0	1
2900	 5	52.3147	7.02655e-12	0	1
2900	 -6	26.4539	3.72258e-12	0	1
2900	 6	40.2082	3.21383e-12	0	1
3000	 0	18.6981	9.99368e-11	0	1
3000	 0	25.9002	9.19198e-11	0	1
3000	 -1	39.733	4.19699e-08	3.01512e-07	2.97459
3000	 1	55.0373	2.57334e-09	1.33303e-08	2.99379
3000	 -2	61.483	9.73707e-10	0	1
3000	 2	85.1648	2.22062e-10	6.74887e-10	2.99959
3000	 -3	59.7631	8.42534e-10	0	1
3000	 3	82.7825	7.87587e-11	0	1
3000	 -4	59.8483	1.75439e-10	0	1
3000	 4	82.9005	4.34952e-11	0	1
3000	 -5	42.606	1.18272e-10	0	1
3000	 5	59.0169	1.89527e-11	0	1
3000	 -6	32.9013	1.31928e-11	0	1
3000	 6	45.5741	8.686e-12	0	1
3100	 0	22.065	2.73927e-10	0	1
3100	 0	28.3612	2.00451e-10	0	1
3100	 -1	47.5113	4.83925e-08	2.88792e-07	2.98762
3100	 1	61.0685	3.04751e-09	1.37762e-08	2.99641
3100	 -2	73.3806	1.31791e-09	0	1
3100	 2	94.3194	3.35206e-10	6.99865e-10	2.99982
3100	 -3	72.0125	1.13989e-09	0	1
3100	 3	92.5609	1.5227e-10	0	1
3100	 -4	72.2003	2.9205e-10	0	1
3100	 4	92.8024	9.18427e-11	0	1
3100	 -5	52.0521	1.94222e-10	0	1
3100	 5	66.905	4.68242e-11	0	1
3100	 -6	40.3668	3.63466e-11	0	1
3100	 6	51.8853	2.14894e-11	0	1
3200	 0	25.8161	6.35981e-10	0	1
3200	 0	31.2733	4.1705e-10	0	1
3200	 -1	56.2937	5.57221e-08	2.78055e-07	2.99446
3200	 1	68.1936	3.62857e-09	1.39097e-08	2.99812
3200	 -2	86.7834	1.85145e-09	0	1
3200	 2	105.128	5.37915e-10	7.18331e-10	2.99993
3200	 -3	85.9343	1.5935e-09	0	1
3200	 3	104.1	2.94532e-10	0	1
3200	 -4	86.2442	5.00386e-10	0	1
3200	 4	104.475	1.8722e-10	0	1
3200	 -5	62.9176	3.30579e-10	0	1
3200	 5	76.2177	1.04765e-10	0	1
3200	 -6	48.9812	8.48462e-11	0	1
3200	 6	59.3353	4.8164e-11	0	1
3300	 0	30.0055	1.31268e-09	0	1
3300	 0	34.7044	8.17009e-10	0	1
3300	 -1	66.2212	6.41476e-08	2.68654e-07	2.99775
3300	 1	76.5915	4.3796e-09	1.37332e-08	2.99912
3300	 -2	101.903	2.68156e-09	0	1
3300	 2	117.861	8.90701e-10	7.30338e-10	2.99998
3300	 -3	101.764	2.28975e-09	0	1
3300	 3	117.701	5.53498e-10	0	1
3300	 -4	102.218	8.57736e-10	0	1
3300	 4	118.225	3.62699e-10	0	1
3300	 -5	75.406	5.65647e-10	0	1
3300	 5	87.2147	2.14742e-10	0	1
3300	 -6	58.9099	1.76108e-10	0	1
3300	 6	68.1353	9.89246e-11	0	1
3400	 0	34.7011	2.48175e-09	0	1
3400	 0	38.7269	1.51008e-09	0	1
3400	 -1	77.4692	7.39131e-08	2.60108e-07	2.99918
3400	 1	86.4566	5.39777e-09	1.32717e-08	2.99964
3400	 -2	119.001	3.95724e-09	0	1
3400	 2	132.807	1.48186e-09	7.36278e-10	2.99999
3400	 -3	119.795	3.34855e-09	0	1
3400	 3	133.692	9.99369e-10	0	1
3400	 -4	120.416	1.44445e-09	0	1
3400	 4	134.386	6.66837e-10	0	1
3400	 -5	89.7686	9.5335e-10	0	1
3400	 5	100.183	4.09213e-10	0	1
3400	 -6	70.3571	3.34852e-10	0	1
3400	 6	78.5195	1.88924e-10	0	1
3500	 0	39.9844	4.38366e-09	0	1
3500	 0	43.4208	2.65042e-09	0	1
3500	 -1	90.2486	8.53296e-08	2.5207e-07	2.99974
3500	 1	98.0049	6.8251e-09	1.2568e-08	2.99987
3500	 -2	138.395	5.87872e-09	0	1
3500	 2	150.29	2.43558e-09	7.36745e-10	3
3500	 -3	140.377	4.93099e-09	0	1
3500	 3	152.441	1.73115e-09	0	1
3500	 -4	141.196	2.36935e-09	0	1
3500	 4	153.331	1.16832e-09	0	1
3500	 -5	106.308	1.56697e-09	0	1
3500	 5	115.445	7.34327e-10	0	1
3500	 -6	83.5691	5.94893e-10	0	1
3500	 6	90.7514	3.3979e-10	0	1
3600	 0	45.9509	7.33491e-09	0	1
3600	 0	48.8766	4.44849e-09	0	1
3600	 -1	104.808	9.87884e-08	2.44297e-07	2.99993
3600	 1	111.481	8.86118e-09	1.16755e-08	2.99996
3600	 -2	160.458	8.70829e-09	0	1
3600	 2	170.674	3.92161e-09	7.32424e-10	3
3600	 -3	163.926	7.24811e-09	0	1
3600	 3	174.363	2.88446e-09	0	1
3600	 -4	164.976	3.776e-09	0	1
3600	 4	175.48	1.96153e-09	0	1
3600	 -5	125.383	2.50349e-09	0	1
3600	 5	133.366	1.25377e-09	0	1
3600	 -6	98.8383	1.00122e-09	0	1
3600	 6	105.131	5.81483e-10	0	1
3700	 0	52.7113	1.17433e-08	0	1
3700	 0	55.1975	7.18505e-09	0	1
3700	 -1	121.436	1.14777e-07	2.36624e-07	2.99998
3700	 1	127.164	1.17782e-08	1.06529e-08	2.99999
3700	 -2	185.623	1.27828e-08	0	1
3700	 2	194.378	6.1667e-09	7.24015e-10	3
3700	 -3	190.928	1.0571e-08	0	1
3700	 3	199.934	4.64081e-09	0	1
3700	 -4	192.25	5.84989e-09	0	1
3700	 4	201.318	3.1732e-09	0	1
3700	 -5	147.415	3.88858e-09	0	1
3700	 5	154.369	2.05341e-09	0	1
3700	 -6	116.509	1.61245e-09	0	1
3700	 6	122.004	9.54534e-10	0	1
3800	 0	60.3927	1.81254e-08	0	1
3800	 0	62.5029	1.12278e-08	0	1
3800	 -1	140.469	1.33895e-07	2.28952e-07	3
3800	 1	145.377	1.59382e-08	9.55855e-09	3
3800	 -2	214.391	1.85279e-08	0	1
3800	 2	221.883	9.46816e-09	7.12177e-10	3
3800	 -3	221.947	1.52426e-08	0	1
3800	 3	229.702	7.23863e-09	0	1
3800	 -4	223.588	8.82687e-09	0	1
3800	 4	231.401	4.97029e-09	0	1
3800	 -5	172.897	5.88248e-09	0	1
3800	 5	178.939	3.24677e-09	0	1
3800	 -6	136.983	2.50362e-09	0	1
3800	 6	141.77	1.51273e-09	0	1
3900	 0	69.141	2.71271e-08	0	1
3900	 0	70.9308	1.70508e-08	0	1
3900	 -1	162.291	1.56877e-07	2.21222e-07	3
3900	 1	166.492	2.18137e-08	8.44745e-09	3
3900	 -2	247.342	2.6475e-08	0	1
3900	 2	253.745	1.42099e-08	6.97511e-10	3
3900	 -3	257.634	2.1691e-08	0	1
3900	 3	264.303	1.09862e-08	0	1
3900	 -4	259.653	1.30029e-08	0	1
3900	 4	266.375	7.56941e-09	0	1
3900	 -5	202.401	8.68685e-09	0	1
3900	 5	207.64	4.98163e-09	0	1
3900	 -6	160.731	3.76958e-09	0	1
3900	 6	164.891	2.32631e-09	0	1
4000	 0	79.1234	3.95469e-08	0	1
4000	 0	80.6407	2.52577e-08	0	1
4000	 -1	187.349	1.84615e-07	2.13413e-07	3
4000	 1	190.942	3.00109e-08	7.3681e-09	3
4000	 -2	285.141	3.72802e-08	0	1
4000	 2	290.61	2.08811e-08	6.80547e-10	3
4000	 -3	298.743	3.04454e-08	0	1
4000	 3	304.472	1.62772e-08	0	1
4000	 -4	301.211	1.87454e-08	0	1
4000	 4	306.987	1.12479e-08	0	1
4000	 -5	236.59	1.25527e-08	0	1
4000	 5	241.127	7.44778e-09	0	1
4000	 -6	188.296	5.52888e-09	0	1
4000	 6	191.907	3.48579e-09	0	1
4100	 0	90.5315	5.63632e-08	0	1
4100	 0	91.8176	3.66085e-08	0	1
4100	 -1	216.154	2.18183e-07	2.05522e-07	3
4100	 1	219.225	4.12976e-08	6.36125e-09	3
4100	 -2	328.555	5.17469e-08	0	1
4100	 2	333.223	3.00986e-08	6.61748e-10	3
4100	 -3	346.145	4.21544e-08	0	1
4100	 3	351.062	2.36084e-08	0	1
4100	 -4	349.145	2.65066e-08	0	1
4100	 4	354.105	1.63569e-08	0	1
4100	 -5	276.237	1.77899e-08	0	1
4100	 5	280.162	1.08863e-08	0	1
4100	 -6	220.313	7.92835e-09	0	1
4100	 6	223.443	5.10648e-09	0	1
4200	 0	103.585	7.87665e-08	0	1
4200	 0	104.675	5.2051e-08	0	1
4200	 -1	249.296	2.58874e-07	1.97565e-07	3
4200	 1	251.92	5.66346e-08	5.4592e-09	3
4200	 -2	378.467	7.08517e-08	0	1
4200	 2	382.451	4.26323e-08	6.41515e-10	3
4200	 -3	400.843	5.76071e-08	0	1
4200	 3	405.062	3.36009e-08	0	1
4200	 -4	404.477	3.68392e-08	0	1
4200	 4	408.734	2.33368e-08	0	1
4200	 -5	322.235	2.4778e-08	0	1
4200	 5	325.627	1.56002e-08	0	1
4200	 -6	257.519	1.11485e-08	0	1
4200	 6	260.229	7.33383e-09	0	1
4300	 0	118.537	1.08195e-07	0	1
4300	 0	119.461	7.27576e-08	0	1
4300	 -1	287.457	3.0823e-07	1.89567e-07	3
4300	 1	289.698	7.72134e-08	4.68595e-09	3
4300	 -2	435.895	9.5775e-08	0	1
4300	 2	439.293	5.94356e-08	6.20193e-10	3
4300	 -3	463.999	7.7758e-08	0	1
4300	 3	467.617	4.70247e-08	0	1
4300	 -4	468.39	5.04141e-08	0	1
4300	 4	472.042	3.27351e-08	0	1
4300	 -5	375.622	3.39791e-08	0	1
4300	 5	378.55	2.19675e-08	0	1
4300	 -6	300.768	1.541e-08	0	1
4300	 6	303.113	1.03497e-08	0	1
4400	 0	135.678	1.46379e-07	0	1
4400	 0	136.461	1.00167e-07	0	1
4400	 -1	331.421	3.6809e-07	1.81558e-07	3
4400	 1	333.335	1.04499e-07	4.05785e-09	3
4400	 -2	502.01	1.27935e-07	0	1
4400	 2	504.91	8.16799e-08	5.98079e-10	3
4400	 -3	536.955	1.03756e-07	0	1
4400	 3	540.056	6.48271e-08	0	1
4400	 -4	542.249	6.80419e-08	0	1
4400	 4	545.381	4.52274e-08	0	1
4400	 -5	437.6	4.59527e-08	0	1
4400	 5	440.127	3.04559e-08	0	1
4400	 -6	351.054	2.09807e-08	0	1
4400	 6	353.082	1.43799e-08	0	1
4500	 0	155.34	1.95387e-07	0	1
4500	 0	156.005	1.36035e-07	0	1
4500	 -1	382.092	4.40634e-07	1.73572e-07	3
4500	 1	383.727	1.40278e-07	3.58448e-09	3
4500	 -2	578.168	1.69031e-07	0	1
4500	 2	580.642	1.10795e-07	5.75428e-10	3
4500	 -3	621.26	1.36976e-07	0	1
4500	 3	623.919	8.81661e-08	0	1
4500	 -4	627.634	9.06971e-08	0	1
4500	 4	630.319	6.1642e-08	0	1
4500	 -5	509.564	6.13733e-08	0	1
4500	 5	511.744	4.164e-08	0	1
4500	 -6	409.531	2.81848e-08	0	1
4500	 6	411.283	1.97024e-08	0	1
4600	 0	177.91	2.57687e-07	0	1
4600	 0	178.474	1.82487e-07	0	1
4600	 -1	440.515	5.28441e-07	1.65643e-07	3
4600	 1	441.912	1.86718e-07	3.26976e-09	3
4600	 -2	665.928	2.21084e-07	0	1
4600	 2	668.039	1.48515e-07	5.5246e-10	3
4600	 -3	718.708	1.7906e-07	0	1
4600	 3	720.986	1.18448e-07	0	1
4600	 -4	726.373	1.19547e-07	0	1
4600	 4	728.675	8.29876e-08	0	1
4600	 -5	593.132	8.10508e-08	0	1
4600	 5	595.013	5.62216e-08	0	1
4600	 -6	477.539	3.74127e-08	0	1
4600	 6	479.053	2.6658e-08	0	1
4700	 0	203.829	3.36204e-07	0	1
4700	 0	204.308	2.42086e-07	0	1
4700	 -1	507.897	6.34553e-07	1.57803e-07	3
4700	 1	509.089	2.46431e-07	3.11293e-09	3
4700	 -2	767.093	2.86499e-07	0	1
4700	 2	768.895	1.96933e-07	5.29365e-10	3
4700	 -3	831.371	2.3196e-07	0	1
4700	 3	833.324	1.5737e-07	0	1
4700	 -4	840.582	1.55983e-07	0	1
4700	 4	842.556	1.10486e-07	0	1
4700	 -5	690.184	1.05954e-07	0	1
4700	 5	691.805	7.50528e-08	0	1
4700	 -6	556.636	4.91328e-08	0	1
4700	 6	557.943	3.56613e-08	0	1
4800	 0	233.609	4.34405e-07	0	1
4800	 0	234.015	3.17902e-07	0	1
4800	 -1	585.629	7.62545e-07	1.50083e-07	3
4800	 1	586.648	3.22547e-07	3.10942e-09	3
4800	 -2	883.746	3.68119e-07	0	1
4800	 2	885.283	2.58558e-07	5.06305e-10	3
4800	 -3	961.649	2.97988e-07	0	1
4800	 3	963.322	2.06974e-07	0	1
4800	 -4	972.71	2.01661e-07	0	1
4800	 4	974.402	1.4561e-07	0	1
4800	 -5	802.898	1.37237e-07	0	1
4800	 5	804.294	9.9163e-08	0	1
4800	 -6	648.632	6.3905e-08	0	1
4800	 6	649.76	4.72146e-08	0	1
4900	 0	267.835	5.56375e-07	0	1
4900	 0	268.181	4.13598e-07	0	1
4900	 -1	675.32	9.16615e-07	1.4251e-07	3
4900	 1	676.19	4.18799e-07	3.25149e-09	3
4900	 -2	1018.29	4.69301e-07	0	1
4900	 2	1019.6	3.36388e-07	4.83418e-10	3
4900	 -3	1112.31	3.79875e-07	0	1
4900	 3	1113.75	2.69697e-07	0	1
4900	 -4	1125.59	2.58545e-07	0	1
4900	 4	1127.04	1.90123e-07	0	1
4900	 -5	933.801	1.76272e-07	0	1
4900	 5	935.005	1.29789e-07	0	1
4900	 -6	755.63	8.23971e-08	0	1
4900	 6	756.603	6.19232e-08	0	1
5000	 0	307.188	7.0692e-07	0	1
5000	 0	307.481	5.33525e-07	0	1
5000	 -1	778.827	1.10167e-06	1.35109e-07	3
5000	 1	779.571	5.39616e-07	3.52861e-09	3
5000	 -2	1173.5	5.93997e-07	0	1
5000	 2	1174.62	4.33984e-07	4.60823e-10	3
5000	 -3	1286.58	4.80841e-07	0	1
5000	 3	1287.81	3.48443e-07	0	1
5000	 -4	1302.51	3.28955e-07	0	1
5000	 4	1303.75	2.46134e-07	0	1
5000	 -5	1085.83	2.24686e-07	0	1
5000	 5	1086.87	1.68412e-07	0	1
5000	 -6	880.072	1.05403e-07	0	1
5000	 6	880.912	8.05135e-08	0	1
5100	 0	352.449	8.9168e-07	0	1
5100	 0	352.698	6.82825e-07	0	1
5100	 -1	898.298	1.32346e-06	1.27902e-07	3
5100	 1	898.933	6.90227e-07	3.92764e-09	3
5100	 -2	1352.59	7.46842e-07	0	1
5100	 2	1353.55	5.55565e-07	4.38619e-10	3
5100	 -3	1488.15	6.04668e-07	0	1
5100	 3	1489.21	4.46652e-07	0	1
5100	 -4	1507.27	4.15627e-07	0	1
5100	 4	1508.33	3.16148e-07	0	1
5100	 -5	1262.39	2.844e-07	0	1
5100	 5	1263.28	2.16795e-07	0	1
5100	 -6	1024.8	1.33863e-07	0	1
5100	 6	1025.52	1.03853e-07	0	1
5200	 0	404.519	1.11725e-06	0	1
5200	 0	404.731	8.67559e-07	0	1
5200	 -1	1036.21	1.58865e-06	1.20906e-07	3
5200	 1	1036.76	8.76787e-07	4.43289e-09	3
5200	 -2	1559.27	9.33267e-07	0	1
5200	 2	1560.08	7.06104e-07	4.16891e-10	3
5200	 -3	1721.34	7.55791e-07	0	1
5200	 3	1722.25	5.68388e-07	0	1
5200	 -4	1744.26	5.21781e-07	0	1
5200	 4	1745.17	4.03132e-07	0	1
5200	 -5	1467.42	3.57683e-07	0	1
5200	 5	1468.19	2.77035e-07	0	1
5200	 -6	1193.11	1.68891e-07	0	1
5200	 6	1193.73	1.32976e-07	0	1
5300	 0	464.44	1.39134e-06	0	1
5300	 0	464.62	1.09484e-06	0	1
5300	 -1	1195.44	1.90504e-06	1.14136e-07	3
5300	 1	1195.9	1.1065e-06	5.02611e-09	3
5300	 -2	1797.81	1.15962e-06	0	1
5300	 2	1798.51	8.9145e-07	3.95706e-10	3
5300	 -3	1991.12	9.39399e-07	0	1
5300	 3	1991.89	7.18433e-07	0	1
5300	 -4	2018.59	6.51195e-07	0	1
5300	 4	2019.37	5.1059e-07	0	1
5300	 -5	1705.53	4.472e-07	0	1
5300	 5	1706.19	3.5161e-07	0	1
5300	 -6	1388.84	2.11799e-07	0	1
5300	 6	1389.38	1.69109e-07	0	1
5400	 0	533.412	1.72293e-06	0	1
5400	 0	533.566	1.37301e-06	0	1
5400	 -1	1379.29	2.28164e-06	1.07604e-07	3
5400	 1	1379.68	1.38778e-06	5.68651e-09	3
5400	 -2	2073.19	1.4333e-06	0	1
5400	 2	2073.78	1.11846e-06	3.75122e-10	3
5400	 -3	2303.24	1.16155e-06	0	1
5400	 3	2303.91	9.02405e-07	0	1
5400	 -4	2336.16	8.08297e-07	0	1
5400	 4	2336.83	6.4265e-07	0	1
5400	 -5	1982.02	5.56087e-07	0	1
5400	 5	1982.59	4.43449e-07	0	1
5400	 -6	1616.44	2.64135e-07	0	1
5400	 6	1616.9	2.13703e-07	0	1
5500	 0	612.822	2.12247e-06	0	1
5500	 0	612.953	1.7118e-06	0	1
5500	 -1	1591.59	2.72894e-06	1.01318e-07	3
5500	 1	1591.93	1.73042e-06	6.39097e-09	3
5500	 -2	2391.12	1.76293e-06	0	1
5500	 2	2391.63	1.39516e-06	3.55184e-10	3
5500	 -3	2664.38	1.4293e-06	0	1
5500	 3	2664.95	1.12688e-06	0	1
5500	 -4	2703.81	9.98266e-07	0	1
5500	 4	2704.39	8.0416e-07	0	1
5500	 -5	2303.08	6.88015e-07	0	1
5500	 5	2303.57	5.56e-07	0	1
5500	 -6	1881.08	3.27718e-07	0	1
5500	 6	1881.49	2.68473e-07	0	1
5600	 0	704.27	2.60211e-06	0	1
5600	 0	704.381	2.12258e-06	0	1
5600	 -1	1836.77	3.25906e-06	9.52847e-08	3
5600	 1	1837.06	2.1458e-06	7.11447e-09	3
5600	 -2	2758.22	2.15852e-06	0	1
5600	 2	2758.65	1.73091e-06	3.35925e-10	3
5600	 -3	3082.24	1.75089e-06	0	1
5600	 3	3082.73	1.39955e-06	0	1
5600	 -4	3129.46	1.22715e-06	0	1
5600	 4	3129.96	1.0008e-06	0	1
5600	 -5	2675.86	8.47285e-07	0	1
5600	 5	2676.28	6.93313e-07	0	1
5600	 -6	2188.79	4.04683e-07	0	1
5600	 6	2189.14	3.35439e-07	0	1
5700	 0	809.602	3.17593e-06	0	1
5700	 0	809.696	2.61857e-06	0	1
5700	 -1	2119.95	3.88604e-06	8.95076e-08	3
5700	 1	2120.2	2.64707e-06	7.83068e-09	3
5700	 -2	3182.15	2.63173e-06	0	1
5700	 2	3182.52	2.13664e-06	3.1737e-10	3
5700	 -3	3565.77	2.13585e-06	0	1
5700	 3	3566.19	1.72939e-06	0	1
5700	 -4	3622.29	1.50201e-06	0	1
5700	 4	3622.72	1.23924e-06	0	1
5700	 -5	3108.69	1.03892e-06	0	1
5700	 5	3109.06	8.60147e-07	0	1
5700	 -6	2546.55	4.97533e-07	0	1
5700	 6	2546.85	4.16977e-07	0	1
5800	 0	930.952	3.86027e-06	0	1
5800	 0	931.032	3.21517e-06	0	1
5800	 -1	2447.05	4.62612e-06	8.39882e-08	3
5800	 1	2447.26	3.24949e-06	8.51291e-09	3
5800	 -2	3671.77	3.19606e-06	0	1
5800	 2	3672.08	2.62507e-06	2.99539e-10	3
5800	 -3	4125.3	2.59532e-06	0	1
5800	 3	4125.66	2.12686e-06	0	1
5800	 -4	4192.93	1.83106e-06	0	1
5800	 4	4193.3	1.52726e-06	0	1
5800	 -5	3611.22	1.26881e-06	0	1
5800	 5	3611.53	1.06207e-06	0	1
5800	 -6	2962.48	6.09199e-07	0	1
5800	 6	2962.74	5.15881e-07	0	1
5900	 0	1070.78	4.67406e-06	0	1
5900	 0	1070.85	3.93028e-06	0	1
5900	 -1	2824.9	5.49804e-06	7.87263e-08	3
5900	 1	2825.08	3.97067e-06	9.13521e-09	3
5900	 -2	4237.3	3.86716e-06	0	1
5900	 2	4237.57	3.211e-06	2.8244e-10	3
5900	 -3	4772.8	3.14216e-06	0	1
5900	 3	4773.11	2.60418e-06	0	1
5900	 -4	4853.7	2.22387e-06	0	1
5900	 4	4854.01	1.87395e-06	0	1
5900	 -5	4194.65	1.54378e-06	0	1
5900	 5	4194.92	1.30562e-06	0	1
5900	 -6	3446.02	7.43113e-07	0	1
5900	 6	3446.24	6.3543e-07	0	1
6000	 0	1231.94	5.63923e-06	0	1
6000	 0	1231.99	4.7847e-06	0	1
6000	 -1	3261.41	6.52348e-06	7.37199e-08	3
6000	 1	3261.56	4.83097e-06	9.67356e-09	3
6000	 -2	4890.58	4.66319e-06	0	1
6000	 2	4890.82	3.91166e-06	2.66078e-10	3
6000	 -3	5522.13	3.79135e-06	0	1
6000	 3	5522.39	3.17554e-06	0	1
6000	 -4	5618.85	2.6916e-06	0	1
6000	 4	5619.12	2.28995e-06	0	1
6000	 -5	4871.97	1.87185e-06	0	1
6000	 5	4872.2	1.59844e-06	0	1
6000	 -6	4008.11	9.03284e-07	0	1
6000	 6	4008.3	7.79469e-07	0	1
6100	 0	1417.7	6.78115e-06	0	1
6100	 0	1417.75	5.8026e-06	0	1
6100	 -1	3765.73	7.72744e-06	6.89654e-08	3
6100	 1	3765.86	5.85394e-06	1.01072e-08	3
6100	 -2	5645.31	5.60517e-06	0	1
6100	 2	5645.51	4.74709e-06	2.50452e-10	3
6100	 -3	6389.34	4.56021e-06	0	1
6100	 3	6389.56	3.85749e-06	0	1
6100	 -4	6504.92	3.24719e-06	0	1
6100	 4	6505.15	2.78766e-06	0	1
6100	 -5	5658.26	2.26232e-06	0	1
6100	 5	5658.46	1.94946e-06	0	1
6100	 -6	4661.51	1.0944e-06	0	1
6100	 6	4661.67	9.52509e-07	0	1
6200	 0	1631.87	8.12918e-06	0	1
6200	 0	1631.91	7.01206e-06	0	1
6200	 -1	4348.44	9.13883e-06	6.44582e-08	3
6200	 1	4348.55	7.06679e-06	1.04195e-08	3
6200	 -2	6517.32	6.71747e-06	0	1
6200	 2	6517.49	5.74058e-06	2.35555e-10	3
6200	 -3	7393	5.46887e-06	0	1
6200	 3	7393.19	4.66929e-06	0	1
6200	 -4	7531.06	3.90572e-06	0	1
6200	 4	7531.26	3.38155e-06	0	1
6200	 -5	6571.04	2.72605e-06	0	1
6200	 5	6571.21	2.36913e-06	0	1
6200	 -6	5420.99	1.32193e-06	0	1
6200	 6	5421.13	1.15983e-06	0	1
6300	 0	1878.82	9.71733e-06	0	1
6300	 0	1878.86	8.44574e-06	0	1
6300	 -1	5021.76	1.0791e-05	6.01927e-08	3
6300	 1	5021.85	8.50101e-06	1.05994e-08	3
6300	 -2	7524.91	8.02828e-06	0	1
6300	 2	7525.06	6.91922e-06	2.21378e-10	3
6300	 -3	8554.63	6.54065e-06	0	1
6300	 3	8554.79	5.63335e-06	0	1
6300	 -4	8719.46	4.6847e-06	0	1
6300	 4	8719.63	4.08853e-06	0	1
6300	 -5	7630.59	3.27568e-06	0	1
6300	 5	7630.74	2.86969e-06	0	1
6300	 -6	6303.75	1.59227e-06	0	1
6300	 6	6303.87	1.40763e-06	0	1
6400	 0	2163.63	1.15849e-05	0	1
6400	 0	2163.66	1.01415e-05	0	1
6400	 -1	5799.83	1.27226e-05	5.61622e-08	3
6400	 1	5799.92	1.01931e-05	1.06413e-08	3
6400	 -2	8689.27	9.57028e-06	0	1
6400	 2	8689.39	8.31452e-06	2.07908e-10	3
6400	 -3	9899.12	7.80256e-06	0	1
6400	 3	9899.26	6.77575e-06	0	1
6400	 -4	10095.8	5.6045e-06	0	1
6400	 4	10096	4.92831e-06	0	1
6400	 -5	8860.49	3.92595e-06	0	1
6400	 5	8860.62	3.4654e-06	0	1
6400	 -6	7329.75	1.91287e-06	0	1
6400	 6	7329.86	1.70316e-06	0	1
6500	 0	2492.13	1.37775e-05	0	1
6500	 0	2492.16	1.21435e-05	0	1
6500	 -1	6699.02	1.4978e-05	5.23597e-08	3
6500	 1	6699.09	1.21853e-05	1.0546e-08	3
6500	 -2	10034.9	1.13813e-05	0	1
6500	 2	10035	9.9631e-06	1.95129e-10	3
6500	 -3	11455.3	9.28594e-06	0	1
6500	 3	11455.4	8.12686e-06	0	1
6500	 -4	11689.9	6.68878e-06	0	1
6500	 4	11690	5.92386e-06	0	1
6500	 -5	10288.1	4.69401e-06	0	1
6500	 5	10288.2	4.17295e-06	0	1
6500	 -6	8522.19	2.29244e-06	0	1
6500	 6	8522.28	2.05489e-06	0	1
6600	 0	2871.1	1.63477e-05	0	1
6600	 0	2871.12	1.45027e-05	0	1
6600	 -1	7738.24	1.76087e-05	4.87772e-08	3
6600	 1	7738.3	1.45267e-05	1.03199e-08	3
6600	 -2	11590.1	1.35052e-05	0	1
6600	 2	11590.2	1.19075e-05	1.83022e-10	3
6600	 -3	13256.6	1.10271e-05	0	1
6600	 3	13256.7	9.72198e-06	0	1
6600	 -4	13536.3	7.96505e-06	0	1
6600	 4	13536.4	7.102e-06	0	1
6600	 -5	11945.1	5.59982e-06	0	1
6600	 5	11945.2	5.01185e-06	0	1
6600	 -6	9908.02	2.74114e-06	0	1
6600	 6	9908.09	2.47275e-06	0	1
6700	 0	3308.34	1.93566e-05	0	1
6700	 0	3308.36	1.72788e-05	0	1
6700	 -1	8939.37	2.06742e-05	4.54066e-08	3
6700	 1	8939.42	1.72742e-05	9.97491e-09	3
6700	 -2	13387.8	1.59927e-05	0	1
6700	 2	13387.9	1.41973e-05	1.71567e-10	3
6700	 -3	15341.6	1.30682e-05	0	1
6700	 3	15341.7	1.16022e-05	0	1
6700	 -4	15674.9	9.46527e-06	0	1
6700	 4	15675	8.49399e-06	0	1
6700	 -5	13868.3	6.66663e-06	0	1
6700	 5	13868.4	6.00484e-06	0	1
6700	 -6	11518.5	3.2708e-06	0	1
6700	 6	11518.6	2.96837e-06	0	1
6800	 0	3812.89	2.28747e-05	0	1
6800	 0	3812.91	2.05406e-05	0	1
6800	 -1	10327.7	2.42433e-05	4.22395e-08	3
6800	 1	10327.8	2.04939e-05	9.52702e-09	3
6800	 -2	15465.8	1.89025e-05	0	1
6800	 2	15465.8	1.68899e-05	1.60743e-10	3
6800	 -3	17755.2	1.54581e-05	0	1
6800	 3	17755.3	1.38154e-05	0	1
6800	 -4	18152.1	1.12266e-05	0	1
6800	 4	18152.1	1.01362e-05	0	1
6800	 -5	16100.5	7.92152e-06	0	1
6800	 5	16100.6	7.17851e-06	0	1
6800	 -6	13390.1	3.89525e-06	0	1
6800	 6	13390.1	3.55532e-06	0	1
6900	 0	4395.18	2.69837e-05	0	1
6900	 0	4395.19	2.43684e-05	0	1
6900	 -1	11932.6	2.83954e-05	3.92672e-08	3
6900	 1	11932.6	2.42629e-05	8.99554e-09	3
6900	 -2	17868	2.2303e-05	0	1
6900	 2	17868	2.00523e-05	1.50527e-10	3
6900	 -3	20549.1	1.82533e-05	0	1
6900	 3	20549.2	1.6417e-05	0	1
6900	 -4	21021.5	1.32922e-05	0	1
6900	 4	21021.6	1.20712e-05	0	1
6900	 -5	18691.2	9.396e-06	0	1
6900	 5	18691.3	8.56387e-06	0	1
6900	 -6	15564.9	4.6306e-06	0	1
6900	 6	15564.9	4.24948e-06	0	1
7000	 0	5067.27	3.17784e-05	0	1
7000	 0	5067.28	2.88553e-05	0	1
7000	 -1	13787.8	3.32224e-05	3.6481e-08	3
7000	 1	13787.8	2.86702e-05	8.40157e-09	3
7000	 -2	20645.2	2.62729e-05	0	1
7000	 2	20645.2	2.37619e-05	1.40896e-10	3
7000	 -3	23783.5	2.15196e-05	0	1
7000	 3	23783.5	1.94718e-05	0	1
7000	 -4	24345.4	1.57122e-05	0	1
7000	 4	24345.5	1.43483e-05	0	1
7000	 -5	21697.9	1.11267e-05	0	1
7000	 5	21698	1.01971e-05	0	1
7000	 -6	18092	5.49563e-06	0	1
7000	 6	18092.1	5.06941e-06	0	1
7100	 0	5843.1	3.73683e-05	0	1
7100	 0	5843.11	3.41092e-05	0	1
7100	 -1	15932.5	3.88305e-05	3.3872e-08	3
7100	 1	15932.5	3.38198e-05	7.76674e-09	3
7100	 -2	23856.2	3.09037e-05	0	1
7100	 2	23856.2	2.81091e-05	1.31825e-10	3
7100	 -3	27527.8	2.53331e-05	0	1
7100	 3	27527.8	2.30549e-05	0	1
7100	 -4	28196	1.8545e-05	0	1
7100	 4	28196	1.70253e-05	0	1
7100	 -5	25187.4	1.31564e-05	0	1
7100	 5	25187.4	1.21204e-05	0	1
7100	 -6	21028.5	6.51225e-06	0	1
7100	 6	21028.5	6.03677e-06	0	1
7200	 0	6738.79	4.38802e-05	0	1
7200	 0	6738.8	4.02557e-05	0	1
7200	 -1	18412.1	4.53427e-05	3.14315e-08	3
7200	 1	18412.1	3.98323e-05	7.11191e-09	3
7200	 -2	27568.9	3.63014e-05	0	1
7200	 2	27568.9	3.31987e-05	1.2329e-10	3
7200	 -3	31862.5	2.9782e-05	0	1
7200	 3	31862.5	2.72535e-05	0	1
7200	 -4	32656.6	2.18582e-05	0	1
7200	 4	32656.6	2.0169e-05	0	1
7200	 -5	29237	1.55348e-05	0	1
7200	 5	29237	1.43831e-05	0	1
7200	 -6	24440.4	7.70599e-06	0	1
7200	 6	24440.5	7.17688e-06	0	1
7300	 0	7772.98	5.14612e-05	0	1
7300	 0	7772.98	4.74403e-05	0	1
7300	 -1	21278.9	5.29013e-05	2.91511e-08	3
7300	 1	21279	4.68476e-05	6.45615e-09	3
7300	 -2	31862	4.25889e-05	0	1
7300	 2	31862	3.91522e-05	1.15267e-10	3
7300	 -3	36880.9	3.49689e-05	0	1
7300	 3	36880.9	3.21693e-05	0	1
7300	 -4	37824.1	2.57306e-05	0	1
7300	 4	37824.2	2.38577e-05	0	1
7300	 -5	33936.6	1.83196e-05	0	1
7300	 5	33936.6	1.70424e-05	0	1
7300	 -6	28404.8	9.10663e-06	0	1
7300	 6	28404.8	8.5193e-06	0	1
7400	 0	8967.2	6.02813e-05	0	1
7400	 0	8967.21	5.58318e-05	0	1
7400	 -1	24593.7	6.16707e-05	2.70221e-08	3
7400	 1	24593.8	5.50285e-05	5.8159e-09	3
7400	 -2	36826.6	4.99084e-05	0	1
7400	 2	36826.6	4.6111e-05	1.07733e-10	3
7400	 -3	42690.9	4.10125e-05	0	1
7400	 3	42690.9	3.792e-05	0	1
7400	 -4	43810.8	3.02537e-05	0	1
7400	 4	43810.9	2.81821e-05	0	1
7400	 -5	39390.4	2.15782e-05	0	1
7400	 5	39390.4	2.01653e-05	0	1
7400	 -6	33010.8	1.07488e-05	0	1
7400	 6	33010.8	1.00985e-05	0	1
7500	 0	10346.4	7.05377e-05	0	1
7500	 0	10346.4	6.56264e-05	0	1
7500	 -1	28426.7	7.18414e-05	2.50363e-08	3
7500	 1	28426.7	6.45636e-05	5.20447e-09	3
7500	 -2	42568	5.84249e-05	0	1
7500	 2	42568.1	5.42391e-05	1.00662e-10	3
7500	 -3	49417.7	4.80505e-05	0	1
7500	 3	49417.7	4.46428e-05	0	1
7500	 -4	50746.7	3.55337e-05	0	1
7500	 4	50746.7	3.32481e-05	0	1
7500	 -5	45719.4	2.53889e-05	0	1
7500	 5	45719.4	2.38298e-05	0	1
7500	 -6	38362.1	1.26731e-05	0	1
7500	 6	38362.2	1.19548e-05	0	1
7600	 0	11939.3	8.24588e-05	0	1
7600	 0	11939.3	7.70514e-05	0	1
7600	 -1	32858.9	8.36338e-05	2.31857e-08	3
7600	 1	32858.9	7.5672e-05	4.63181e-09	3
7600	 -2	49208.2	6.83297e-05	0	1
7600	 2	49208.2	6.37269e-05	9.40318e-11	3
7600	 -3	57206.1	5.62429e-05	0	1
7600	 3	57206.1	5.24968e-05	0	1
7600	 -4	58782.4	4.16943e-05	0	1
7600	 4	58782.4	3.91788e-05	0	1
7600	 -5	53063.8	2.98428e-05	0	1
7600	 5	53063.8	2.81267e-05	0	1
7600	 -6	44579.3	1.49264e-05	0	1
7600	 6	44579.4	1.41351e-05	0	1
7700	 0	13779.3	9.6309e-05	0	1
7700	 0	13779.3	9.03706e-05	0	1
7700	 -1	37984.4	9.73029e-05	2.14625e-08	3
7700	 1	37984.4	8.86077e-05	4.10451e-09	3
7700	 -2	56888.2	7.98444e-05	0	1
7700	 2	56888.3	7.47954e-05	8.78193e-11	3
7700	 -3	66223.8	6.5775e-05	0	1
7700	 3	66223.8	6.16669e-05	0	1
7700	 -4	68092.5	4.88788e-05	0	1
7700	 4	68092.5	4.61173e-05	0	1
7700	 -5	61586.5	3.50461e-05	0	1
7700	 5	61586.5	3.31618e-05	0	1
7700	 -6	51802.3	1.75638e-05	0	1
7700	 6	51802.3	1.66943e-05	0	1
7800	 0	15904.8	0.000112395	0	1
7800	 0	15904.8	0.00010589	0	1
7800	 -1	43911.9	0.000113144	1.98592e-08	3
7800	 1	43911.9	0.000103665	3.62608e-09	3
7800	 -2	65771.5	9.32258e-05	0	1
7800	 2	65771.5	8.77011e-05	8.2002e-11	3
7800	 -3	76665.1	7.68619e-05	0	1
7800	 3	76665.1	7.23678e-05	0	1
7800	 -4	78879.5	5.72541e-05	0	1
7800	 4	78879.5	5.423e-05	0	1
7800	 -5	71476.2	4.11221e-05	0	1
7800	 5	71476.2	3.90582e-05	0	1
7800	 -6	60193.4	2.06492e-05	0	1
7800	 6	60193.4	1.96961e-05	0	1
7900	 0	18360.5	0.000131071	0	1
7900	 0	18360.5	0.000123964	0	1
7900	 -1	50767.2	0.000131499	1.83685e-08	3
7900	 1	50767.2	0.000121185	3.19738e-09	3
7900	 -2	76046.9	0.000108772	0	1
7900	 2	76046.9	0.000102741	7.65583e-11	3
7900	 -3	88755.1	8.97529e-05	0	1
7900	 3	88755.1	8.48485e-05	0	1
7900	 -4	91377.9	6.70138e-05	0	1
7900	 4	91377.9	6.37107e-05	0	1
7900	 -5	82952.2	4.82143e-05	0	1
7900	 5	82952.2	4.59596e-05	0	1
7900	 -6	69941.4	2.42571e-05	0	1
7900	 6	69941.4	2.3215e-05	0	1
8000	 0	21197.8	0.000152748	0	1
8000	 0	21197.8	0.000145004	0	1
8000	 -1	58695.8	0.000152763	1.69835e-08	3
8000	 1	58695.8	0.000141564	2.81711e-09	3
8000	 -2	87933.4	0.000126827	0	1
8000	 2	87933.4	0.000120261	7.14672e-11	3
8000	 -3	102754	0.000104737	0	1
8000	 3	102754	9.93985e-05	0	1
8000	 -4	105860	7.8383e-05	0	1
8000	 4	105860	7.47842e-05	0	1
8000	 -5	96268.7	5.64899e-05	0	1
8000	 5	96268.7	5.40328e-05	0	1
8000	 -6	81265.5	2.84743e-05	0	1
8000	 6	81265.5	2.73379e-05	0	1
8100	 0	24476.3	0.000177902	0	1
8100	 0	24476.3	0.000169485	0	1
8100	 -1	67866.3	0.000177394	1.56976e-08	3
8100	 1	67866.3	0.000165258	2.48238e-09	3
8100	 -2	101684	0.000147792	0	1
8100	 2	101684	0.000140661	6.67085e-11	3
8100	 -3	118965	0.000122151	0	1
8100	 3	118965	0.000116353	0	1
8100	 -4	122639	9.16229e-05	0	1
8100	 4	122639	8.77121e-05	0	1
8100	 -5	111721	6.61428e-05	0	1
8100	 5	111721	6.34721e-05	0	1
8100	 -6	94420.2	3.34017e-05	0	1
8100	 6	94420.2	3.21658e-05	0	1
8200	 0	28265	0.000207084	0	1
8200	 0	28265	0.000197961	0	1
8200	 -1	78473.5	0.000205922	1.45045e-08	3
8200	 1	78473.5	0.000192797	2.18922e-09	3
8200	 -2	117592	0.000172129	0	1
8200	 2	117592	0.000164404	6.22628e-11	3
8200	 -3	137737	0.000142382	0	1
8200	 3	137737	0.000136102	0	1
8200	 -4	142083	0.000107037	0	1
8200	 4	142083	0.000102798	0	1
8200	 -5	129650	7.73991e-05	0	1
8200	 5	129650	7.45035e-05	0	1
8200	 -6	109701	3.91571e-05	0	1
8200	 6	109701	3.78164e-05	0	1
8300	 0	32643.5	0.000240933	0	1
8300	 0	32643.5	0.000231068	0	1
8300	 -1	90743.1	0.00023896	1.33981e-08	3
8300	 1	90743.1	0.000224794	1.93313e-09	3
8300	 -2	135997	0.000200376	0	1
8300	 2	135997	0.000192027	5.81114e-11	3
8300	 -3	159474	0.000165881	0	1
8300	 3	159474	0.000159095	0	1
8300	 -4	164613	0.000124978	0	1
8300	 4	164613	0.000120394	0	1
8300	 -5	150455	9.05211e-05	0	1
8300	 5	150455	8.73895e-05	0	1
8300	 -6	127451	4.58774e-05	0	1
8300	 6	127451	4.44267e-05	0	1
8400	 0	37704.2	0.000280185	0	1
8400	 0	37704.2	0.000269547	0	1
8400	 -1	104936	0.000277216	1.23727e-08	3
8400	 1	104936	0.000261957	1.70943e-09	3
8400	 -2	157292	0.000233152	0	1
8400	 2	157292	0.000224152	5.42366e-11	3
8400	 -3	184647	0.000193172	0	1
8400	 3	184647	0.000185856	0	1
8400	 -4	190720	0.000145854	0	1
8400	 4	190720	0.00014091	0	1
8400	 -5	174594	0.000105814	0	1
8400	 5	174594	0.000102436	0	1
8400	 -6	148069	5.37218e-05	0	1
8400	 6	148069	5.21561e-05	0	1
8500	 0	43553.6	0.000325695	0	1
8500	 0	43553.6	0.000314251	0	1
8500	 -1	121355	0.00032151	1.14229e-08	3
8500	 1	121355	0.000305104	1.51358e-09	3
8500	 -2	181931	0.000271179	0	1
8500	 2	181931	0.000261499	5.06214e-11	3
8500	 -3	213799	0.000224858	0	1
8500	 3	213799	0.000216989	0	1
8500	 -4	220973	0.000170141	0	1
8500	 4	220973	0.000164821	0	1
8500	 -5	202604	0.000123632	0	1
8500	 5	202604	0.000119996	0	1
8500	 -6	172019	6.28757e-05	0	1
8500	 6	172019	6.119e-05	0	1
8600	 0	50315.3	0.00037845	0	1
8600	 0	50315.3	0.000366167	0	1
8600	 -1	140349	0.00037279	1.05437e-08	3
8600	 1	140349	0.000355182	1.34143e-09	3
8600	 -2	210441	0.000315288	0	1
8600	 2	210441	0.000304899	4.72496e-11	3
8600	 -3	247559	0.000261642	0	1
8600	 3	247559	0.000253197	0	1
8600	 -4	256031	0.000198387	0	1
8600	 4	256031	0.000192676	0	1
8600	 -5	235103	0.000144388	0	1
8600	 5	235103	0.000140483	0	1
8600	 -6	199836	7.35546e-05	0	1
8600	 6	199836	7.17439e-05	0	1
8700	 0	58132	0.000439593	0	1
8700	 0	58132	0.000426439	0	1
8700	 -1	162324	0.00043215	9.73007e-09	3
8700	 1	162324	0.000413282	1.18932e-09	3
8700	 -2	243432	0.000366442	0	1
8700	 2	243432	0.000355316	4.41059e-11	3
8700	 -3	286657	0.000304334	0	1
8700	 3	286657	0.000295289	0	1
8700	 -4	296657	0.000231232	0	1
8700	 4	296657	0.000225114	0	1
8700	 -5	272812	0.000168558	0	1
8700	 5	272812	0.000164374	0	1
8700	 -6	232147	8.6009e-05	0	1
8700	 6	232147	8.40682e-05	0	1
8800	 0	67168.9	0.000510444	0	1
8800	 0	67168.9	0.000496383	0	1
8800	 -1	187747	0.000500856	8.97758e-09	3
8800	 1	187747	0.000480667	1.05413e-09	3
8800	 -2	281609	0.000425756	0	1
8800	 2	281609	0.000413863	4.11757e-11	3
8800	 -3	331938	0.000353876	0	1
8800	 3	331938	0.000344204	0	1
8800	 -4	343738	0.000269416	0	1
8800	 4	343738	0.000262873	0	1
8800	 -5	316565	0.000196699	0	1
8800	 5	316565	0.000192224	0	1
8800	 -6	269675	0.00010053	0	1
8800	 6	269675	9.84541e-05	0	1
8900	 0	77617.3	0.000592528	0	1
8900	 0	77617.3	0.000577524	0	1
8900	 -1	217162	0.00058037	8.28192e-09	3
8900	 1	217162	0.000558793	9.33316e-10	3
8900	 -2	325789	0.00049452	0	1
8900	 2	325789	0.000481825	3.84453e-11	3
8900	 -3	384381	0.000411353	0	1
8900	 3	384381	0.000401028	0	1
8900	 -4	398299	0.000313797	0	1
8900	 4	398299	0.000306811	0	1
8900	 -5	367330	0.000229455	0	1
8900	 5	367330	0.000224676	0	1
8900	 -6	313263	0.000117457	0	1
8900	 6	313263	0.000115239	0	1
9000	 0	89698.3	0.00068761	0	1
9000	 0	89698.3	0.000671619	0	1
9000	 -1	251196	0.000672381	7.63906e-09	3
9000	 1	251196	0.00111577	5.05309e-07	3
9000	 -2	376918	0.000574223	0	1
9000	 2	376918	0.000560689	3.59016e-11	3
9000	 -3	445119	0.000478025	0	1
9000	 3	445119	0.000467016	0	1
9000	 -4	461529	0.000365368	0	1
9000	 4	461529	0.00035792	0	1
9000	 -5	426231	0.000267573	0	1
9000	 5	426231	0.000262476	0	1
9000	 -6	363888	0.000137182	0	1
9000	 6	363888	0.000134817	0	1
