0 0.0160639 0
100 0.00324651 3.02155e-06
200 0.00738055 3.48715e-05
300 0.0166312 0.000142594
400 0.0226488 0.000376132
500 0.238887 0.000777304
600 0.0708936 0.00137457
700 0.0519071 0.00218155
800 0.0521216 0.00319779
900 0.0493349 0.00441081
1000 0.0513099 0.00579871
1100 0.0532059 0.00733292
1200 0.0648446 0.00898072
1300 0.0668766 0.0107075
1400 0.0750449 0.0124786
1500 0.0682134 0.0142607
1600 0.0668688 0.0160227
1700 0.0714311 0.0177364
1800 0.0665985 0.0193772
1900 0.0641423 0.0209234
2000 0.0637366 0.0223568
2100 0.104636 0.0236623
2200 0.0950096 0.0248279
2300 0.0933838 0.0258439
2400 0.0818205 0.0267037
2500 0.0736174 0.0274028
2600 0.160959 0.0279392
2700 0.134567 0.0283134
2800 0.118512 0.0285281
2900 0.106223 0.0285884
3000 0.0959428 0.0285016
3100 0.0870978 0.0282769
3200 0.0795326 0.0279253
3300 0.073053 0.0274594
3400 0.0673966 0.0268928
3500 0.0623556 0.0262397
3600 0.0578157 0.0255145
3700 0.0537194 0.0247315
3800 0.0500225 0.0239044
3900 0.0466745 0.023046
4000 0.0436203 0.0221677
4100 0.0408088 0.02128
4200 0.0381987 0.0203918
4300 0.0357599 0.0195108
4400 0.0334725 0.0186431
4500 0.0313235 0.0177939
4600 0.029305 0.016967
4700 0.0274115 0.0161653
4800 0.0256383 0.0153906
4900 0.0239811 0.014644
5000 0.0224347 0.0139257
5100 0.020993 0.0132348
5200 0.0196488 0.01257
5300 0.0183938 0.0119287
5400 0.0172185 0.011308
5500 0.0161129 0.010704
5600 0.0150661 0.0101124
5700 0.0140674 0.00952854
5800 0.0131066 0.00894802
5900 0.0121745 0.00836712
6000 0.0112642 0.00778351
6100 0.0103719 0.00719707
6200 0.00949744 0.00661053
6300 0.00864468 0.00602975
6400 0.00782126 0.00546342
6500 0.00211525 0
6600 0.00214478 0.000257701
6700 0.00195198 0.000278698
6800 0.00147551 1.69732e-06
6900 0.00128861 0
7000 0.00111955 1.98598e-06
7100 0.000960497 0
7200 0.000819538 2.32062e-06
7300 0.000689975 2.50748e-06
7400 0.000570945 0
7500 0.000467292 0
7600 0.000376088 0
7700 0.000300266 3.41091e-06
7800 0.00023273 3.6823e-06
7900 0.000172052 0
8000 0.000125169 0
8100 8.75978e-05 0
8200 5.84385e-05 0
8300 3.66938e-05 0
8400 2.12867e-05 0
8500 1.73733e-05 6.2878e-06
8600 4.94041e-06 0
8700 1.7251e-06 0
8800 3.88639e-07 0
8900 3.10364e-08 0
9000 0 0
