0 0.0124796 0
100 0.00264683 1.73242e-06
200 0.00605709 1.99941e-05
300 0.0134777 8.17607e-05
400 0.0178802 0.000215676
500 0.21384 0.000445731
600 0.0697456 0.00078827
700 0.0501511 0.00125113
800 0.0426801 0.0018341
900 0.0390889 0.00253006
1000 0.0399458 0.00332651
1100 0.0404901 0.00420712
1200 0.0499205 0.0051532
1300 0.0501138 0.00614494
1400 0.0603114 0.00716252
1500 0.0508165 0.00818685
1600 0.0488821 0.00920018
1700 0.0500392 0.0101864
1800 0.049015 0.0111313
1900 0.042644 0.0120226
2000 0.0415189 0.0128498
2100 0.075844 0.0136042
2200 0.0669262 0.0142789
2300 0.0616345 0.0148684
2400 0.0551217 0.0153688
2500 0.0478215 0.0157775
2600 0.1009 0.0160933
2700 0.0821543 0.0163164
2800 0.0710094 0.0164483
2900 0.0625486 0.0164918
3000 0.0555766 0.016451
3100 0.0496731 0.0163311
3200 0.0446675 0.0161385
3300 0.0403878 0.0158802
3400 0.0366546 0.0155639
3500 0.0333431 0.0151977
3600 0.0303917 0.0147899
3700 0.027771 0.0143486
3800 0.0254547 0.0138817
3900 0.0234084 0.0133964
4000 0.0215923 0.0128994
4100 0.0199681 0.0123966
4200 0.0185033 0.0118932
4300 0.0171726 0.0113936
4400 0.015957 0.0109012
4500 0.0148429 0.0104192
4600 0.0138198 0.00994964
4700 0.0128798 0.00949426
4800 0.0120161 0.00905415
4900 0.0112228 0.00862989
5000 0.0104942 0.00822156
5100 0.00982461 0.00782874
5200 0.0092083 0.00745053
5300 0.00863919 0.00708553
5400 0.00811101 0.00673188
5500 0.00761724 0.00638728
5600 0.00715131 0.00604909
5700 0.0067067 0.0057145
5800 0.00627732 0.00538076
5900 0.00585783 0.0050455
6000 0.00544415 0.00470718
6100 0.00503399 0.00436555
6200 0.00462732 0.00402213
6300 0.00422653 0.00368033
6400 0.00383624 0.00334537
6500 0.00043899 0
6600 0.0160969 0.0157064
6700 0.000413394 6.81344e-05
6800 0.00442851 0.00412521
6900 0.000264904 3.68447e-07
7000 0.0011305 0.000901609
7100 0.000196305 0
7200 0.00062917 0.00046248
7300 0.000159286 1.93226e-05
7400 0.000116039 0
7500 9.48172e-05 0
7600 7.61937e-05 0
7700 0.0113001 0.0112401
7800 0.00248874 0.00244247
7900 5.69425e-05 2.22362e-05
8000 2.52152e-05 0
8100 1.76253e-05 0
8200 1.17464e-05 0
8300 7.37031e-06 0
8400 4.27407e-06 0
8500 0.00479617 0.00479394
8600 9.91831e-07 0
8700 3.46313e-07 0
8800 7.80148e-08 0
8900 6.22961e-09 0
9000 0.379204 0.379204
