0 0 0
100 7.85304e-09 0
200 1.73309e-08 0
300 2.69059e-08 0
400 3.68078e-08 0
500 0 0
600 0 0
700 4.97185 4.66326
800 7.82187 7.48558
900 4.81278 4.57148
1000 4.21762 0.591444
1100 3.57007 0
1200 1.71162 0.758898
1300 2.03592 0.105926
1400 2.38396 2.00745
1500 7.73439 6.65078
1600 0.248388 0
1700 0 0
1800 0.211454 0
1900 0 0
2000 0 0
2100 0 0
2200 0.43744 0
2300 0 0
2400 0.103207 0
2500 0.371371 0
2600 6.21509 8.5363
2700 0.100432 0
2800 0.103743 0
2900 0.379394 0
3000 0.325603 0
3100 0.255206 0
3200 0.224505 0
3300 0.255188 0
3400 0.238421 0
3500 0.249581 0
3600 0.4334 0.165249
3700 0.315566 0.163466
3800 0.201168 0
3900 0.666722 0.474048
4000 0.268966 0.213426
4100 0.148176 0
4200 0.377051 0.34399
4300 0.260609 0.299697
4400 0.147455 0.0945726
4500 0.22172 0.258548
4600 0.904881 1.11592
4700 0.208073 0.283119
4800 0.437129 0.601431
4900 0.646004 0.919736
5000 0.483212 0.792155
5100 0.326916 0.597675
5200 0.448236 0.768567
5300 0.429699 0.845491
5400 0.876026 1.53588
5500 0.65324 1.31141
5600 0.497223 1.07511
5700 0.423094 1.05006
5800 0.322769 0.790955
5900 0.422299 1.12435
6000 0.227397 0.716341
6100 0.316907 0.973204
6200 0.242368 0.865941
6300 0.461889 1.53787
6400 0.25102 1.00949
6500 0.393633 1.63528
6600 0.165637 0.885687
6700 0.103088 0.652117
6800 0.120566 0.815619
6900 0.162559 1.139
