0 0 0
100 7.85304e-09 0
200 1.73309e-08 0
300 2.69059e-08 0
400 3.68078e-08 0
500 0 0
600 0 0
700 4.97185 4.77772
800 7.82187 7.61173
900 4.81278 4.72898
1000 4.21762 0.601515
1100 3.57007 0
1200 1.71162 1.00484
1300 2.03592 0.307287
1400 2.38396 2.23451
1500 7.73439 6.90989
1600 0.248388 0
1700 0 0
1800 0.211454 0
1900 0 0
2000 0 0
2100 0 0
2200 0.43744 0
2300 0 0
2400 0.103207 0
2500 0.371371 0
2600 6.21509 9.21451
2700 0.100432 0
2800 0.103743 0
2900 0.379394 0
3000 0.325603 0
3100 0.255206 0
3200 0.224505 0
3300 0.255188 0
3400 0.238421 0
3500 0.249581 0
3600 0.4334 0.241898
3700 0.315566 0.197408
3800 0.201168 0
3900 0.666722 0.440828
4000 0.268966 0.149966
4100 0.148176 0
4200 0.377051 0.287824
4300 0.260609 0.208221
4400 0.147455 0
4500 0.22172 0.15443
4600 0.904881 1.06039
4700 0.208073 0.168381
4800 0.437129 0.500973
4900 0.646004 0.77271
5000 0.483212 0.688443
5100 0.326916 0.514895
5200 0.448236 0.659572
5300 0.429699 0.770196
5400 0.876026 1.37562
5500 0.65324 1.19103
5600 0.497223 0.916513
5700 0.423094 0.921052
5800 0.322769 0.618392
5900 0.422299 0.921214
6000 0.227397 0.56129
6100 0.316907 0.73226
6200 0.242368 0.637322
6300 0.461889 1.09759
6400 0.25102 0.681008
6500 0.393633 1.05682
6600 0.165637 0.529554
6700 0.103088 0.372261
6800 0.120566 0.431583
6900 0.162559 0.570676
