0 0 0
100 7.85304e-09 0
200 1.73309e-08 0
300 2.69059e-08 0
400 3.68078e-08 0
500 0 0
600 0 0
700 4.97185 4.7724
800 7.82187 7.60689
900 4.81278 4.72285
1000 4.21762 0.614293
1100 3.57007 0
1200 1.71162 0.997336
1300 2.03592 0.300699
1400 2.38396 2.22849
1500 7.73439 6.89963
1600 0.248388 0
1700 0 0
1800 0.211454 0
1900 0 0
2000 0 0
2100 0 0
2200 0.43744 0
2300 0 0
2400 0.103207 0
2500 0.371371 0
2600 6.21509 9.21254
2700 0.100432 0
2800 0.103743 0
2900 0.379394 0
3000 0.325603 0
3100 0.255206 0
3200 0.224505 0
3300 0.255188 0
3400 0.238421 0
3500 0.249581 0
3600 0.4334 0.239602
3700 0.315566 0
3800 0.201168 0
3900 0.666722 0.792269
4000 0.268966 0.05267
4100 0.148176 0
4200 0.377051 0.40037
4300 0.260609 0.0257323
4400 0.147455 0
4500 0.22172 0.0868006
4600 0.904881 1.30064
4700 0.208073 0.137631
4800 0.437129 0.615774
4900 0.646004 0.814801
5000 0.483212 0.690264
5100 0.326916 0.473362
5200 0.448236 0.703934
5300 0.429699 0.753654
5400 0.876026 1.495
5500 0.65324 1.19358
5600 0.497223 0.969369
5700 0.423094 0.873358
5800 0.322769 0.642491
5900 0.422299 0.921374
6000 0.227397 0.51274
6100 0.316907 0.761062
6200 0.242368 0.622035
6300 0.461889 1.10888
6400 0.25102 0.67937
6500 0.393633 1.05202
6600 0.165637 0.530515
6700 0.103088 0.363723
6800 0.120566 0.433974
6900 0.162559 0.574033
