0 0
100 0
200 0
300 0
400 0
500 1
600 0
700 0
800 0
900 0
1000 0
1100 0.902021
1200 0
1300 0
1400 0
1500 0
1600 0
1700 0
1800 0
1900 0
2000 0
2100 0.711484
2200 0
2300 0.675441
2400 0
2500 0
2600 0.62326
2700 0.606664
2800 0.590571
2900 0.574938
3000 0.559677
3100 0.544664
3200 0.529763
3300 0.514863
3400 0.499901
3500 0.484877
3600 0.469861
3700 0.454955
3800 0.440304
3900 0.426054
4000 0.412338
4100 0.39926
4200 0.386889
4300 0.375249
4400 0.364323
4500 0.395436
4600 0.39754
4700 0.399327
4800 0.400807
4900 0.401962
5000 0.402763
5100 0.403179
5200 0.40318
5300 0.402746
5400 0.401863
5500 0.400523
5600 0.398723
5700 0.396459
5800 0.393732
5900 0.390543
6000 0.386894
6100 0.382796
6200 0.378265
6300 0.373327
6400 0.368021
6500 0.362394
6600 0.356501
6700 0.350398
6800 0.344139
6900 0.337763
