0 0
100 0
200 0
300 0
400 0
500 1
600 0
700 0
800 0
900 0
1000 0
1100 0.902021
1200 0
1300 0
1400 0
1500 0
1600 0
1700 0
1800 0
1900 0
2000 0
2100 0.70468
2200 0
2300 0.666143
2400 0
2500 0
2600 0.609818
2700 0.592032
2800 0.575028
2900 0.558836
3000 0.543397
3100 0.424511
3200 0.412533
3300 0.400698
3400 0.388619
3500 0.376088
3600 0.49629
3700 0.46433
3800 0.369794
3900 0.475348
4000 0.419703
4100 0.301344
4200 0.396738
4300 0.402394
4400 0.279165
4500 0.39051
4600 0.5374
4700 0.382284
4800 0.440236
4900 0.521822
5000 0.459807
5100 0.412866
5200 0.479491
5300 0.450951
5400 0.500672
5500 0.490989
5600 0.455719
5700 0.429534
5800 0.409132
5900 0.422087
6000 0.363962
6100 0.390329
6200 0.371382
6300 0.402354
6400 0.345071
6500 0.374168
6600 0.312219
6700 0.283424
6800 0.277819
6900 0.283188
