0	 0	1	0	0	1
100	 0	0	0	-4.04259e+307	1
100	 0	0	0	-4.04259e+307	1
100	 -1	0	0	-4.04259e+307	1
100	 1	0	0	-4.04259e+307	1
100	 -2	0	0	-4.04259e+307	1
100	 2	0	0	-4.04259e+307	1
100	 -3	0	0	-4.04259e+307	1
100	 3	0	0	-4.04259e+307	1
100	 -4	0	0	-4.04259e+307	1
100	 4	0	0	-4.04259e+307	1
100	 -5	0	0	-4.04259e+307	1
100	 5	0	0	-4.04259e+307	1
200	 0	0	0	-4.04259e+307	1
200	 0	0	0	-4.04259e+307	1
200	 -1	0	0	-4.04259e+307	1
200	 1	0	0	-4.04259e+307	1
200	 -2	0	0	-4.04259e+307	1
200	 2	0	0	-4.04259e+307	1
200	 -3	0	0	-4.04259e+307	1
200	 3	0	0	-4.04259e+307	1
200	 -4	0	0	-4.04259e+307	1
200	 4	0	0	-4.04259e+307	1
200	 -5	0	0	-4.04259e+307	1
200	 5	0	0	-4.04259e+307	1
300	 0	0	0	-4.04259e+307	1
300	 0	0	0	-4.04259e+307	1
300	 -1	0	0	-4.04259e+307	1
300	 1	0	0	-4.04259e+307	1
300	 -2	0	0	-4.04259e+307	1
300	 2	0	0	-4.04259e+307	1
300	 -3	0	0	-4.04259e+307	1
300	 3	0	0	-4.04259e+307	1
300	 -4	0	0	-4.04259e+307	1
300	 4	0	0	-4.04259e+307	1
300	 -5	0	0	-4.04259e+307	1
300	 5	0	0	-4.04259e+307	1
400	 0	0	0	-4.04259e+307	1
400	 0	0	0	-4.04259e+307	1
400	 -1	0	0	-4.04259e+307	1
400	 1	0	0	-4.04259e+307	1
400	 -2	0	0	-4.04259e+307	1
400	 2	0	0	-4.04259e+307	1
400	 -3	0	0	-4.04259e+307	1
400	 3	0	0	-4.04259e+307	1
400	 -4	0	0	-4.04259e+307	1
400	 4	0	0	-4.04259e+307	1
400	 -5	0	0	-4.04259e+307	1
400	 5	0	0	-4.04259e+307	1
500	 0	0	0	-4.04259e+307	1
500	 0	0	0	-4.04259e+307	1
500	 -1	0	0	-4.04259e+307	1
500	 1	0	0	-4.04259e+307	1
500	 -2	0	0	-4.04259e+307	1
500	 2	1	7.40557e-13	7.40557e-13	1
500	 -3	0	0	-4.04259e+307	1
500	 3	0	0	-4.04259e+307	1
500	 -4	0	0	-4.04259e+307	1
500	 4	0	0	-4.04259e+307	1
500	 -5	0	0	-4.04259e+307	1
500	 5	0	0	-4.04259e+307	1
600	 0	0	0	-4.04259e+307	1
600	 0	0	0	-4.04259e+307	1
600	 -1	0	0	-4.04259e+307	1
600	 1	0	0	-4.04259e+307	1
600	 -2	0	0	-4.04259e+307	1
600	 2	0	0	-4.04259e+307	1
600	 -3	0	0	-4.04259e+307	1
600	 3	0	0	-4.04259e+307	1
600	 -4	0	0	-4.04259e+307	1
600	 4	0	0	-4.04259e+307	1
600	 -5	0	0	-4.04259e+307	1
600	 5	0	0	-4.04259e+307	1
700	 0	0	0	-4.04259e+307	1
700	 0	0	0	-4.04259e+307	1
700	 -1	0	0	-4.04259e+307	1
700	 1	0	0	-4.04259e+307	1
700	 -2	0	0	-4.04259e+307	1
700	 2	0	0	-4.04259e+307	1
700	 -3	0	0	-4.04259e+307	1
700	 3	0	0	-4.04259e+307	1
700	 -4	0	0	-4.04259e+307	1
700	 4	0	0	-4.04259e+307	1
700	 -5	0	0	-4.04259e+307	1
700	 5	0	0	-4.04259e+307	1
800	 0	0	0	-4.04259e+307	1
800	 0	0	0	-4.04259e+307	1
800	 -1	0	0	-4.04259e+307	1
800	 1	0	0	-4.04259e+307	1
800	 -2	0	0	-4.04259e+307	1
800	 2	0	0	-4.04259e+307	1
800	 -3	0	0	-4.04259e+307	1
800	 3	0	0	-4.04259e+307	1
800	 -4	0	0	-4.04259e+307	1
800	 4	0	0	-4.04259e+307	1
800	 -5	0	0	-4.04259e+307	1
800	 5	0	0	-4.04259e+307	1
900	 0	0	0	-4.04259e+307	1
900	 0	0	0	-4.04259e+307	1
900	 -1	0	0	-4.04259e+307	1
900	 1	0	0	-4.04259e+307	1
900	 -2	0	0	-4.04259e+307	1
900	 2	0	0	-4.04259e+307	1
900	 -3	0	0	-4.04259e+307	1
900	 3	0	0	-4.04259e+307	1
900	 -4	0	0	-4.04259e+307	1
900	 4	0	0	-4.04259e+307	1
900	 -5	0	0	-4.04259e+307	1
900	 5	0	0	-4.04259e+307	1
1000	 0	0	0	-4.04259e+307	1
1000	 0	0	0	-4.04259e+307	1
1000	 -1	0	0	-4.04259e+307	1
1000	 1	0	0	-4.04259e+307	1
1000	 -2	0	0	-4.04259e+307	1
1000	 2	0	0	-4.04259e+307	1
1000	 -3	0	0	-4.04259e+307	1
1000	 3	0	0	-4.04259e+307	1
1000	 -4	0	0	-4.04259e+307	1
1000	 4	0	0	-4.04259e+307	1
1000	 -5	0	0	-4.04259e+307	1
1000	 5	0	0	-4.04259e+307	1
1100	 0	0	0	-4.04259e+307	1
1100	 0	0	0	-4.04259e+307	1
1100	 -1	0	0	-4.04259e+307	1
1100	 1	0	0	-4.04259e+307	1
1100	 -2	0	0	-4.04259e+307	1
1100	 2	1	1.93899e-11	1.74901e-11	1
1100	 -3	0	0	-4.04259e+307	1
1100	 3	0	0	-4.04259e+307	1
1100	 -4	0	0	-4.04259e+307	1
1100	 4	0	0	-4.04259e+307	1
1100	 -5	0	0	-4.04259e+307	1
1100	 5	0	0	-4.04259e+307	1
1200	 0	0	0	-4.04259e+307	1
1200	 0	0	0	-4.04259e+307	1
1200	 -1	0	0	-4.04259e+307	1
1200	 1	0	0	-4.04259e+307	1
1200	 -2	0	0	-4.04259e+307	1
1200	 2	0	0	-4.04259e+307	1
1200	 -3	0	0	-4.04259e+307	1
1200	 3	0	0	-4.04259e+307	1
1200	 -4	0	0	-4.04259e+307	1
1200	 4	0	0	-4.04259e+307	1
1200	 -5	0	0	-4.04259e+307	1
1200	 5	0	0	-4.04259e+307	1
1300	 0	0	0	-4.04259e+307	1
1300	 0	0	0	-4.04259e+307	1
1300	 -1	0	0	-4.04259e+307	1
1300	 1	0	0	-4.04259e+307	1
1300	 -2	0	0	-4.04259e+307	1
1300	 2	0	0	-4.04259e+307	1
1300	 -3	0	0	-4.04259e+307	1
1300	 3	0	0	-4.04259e+307	1
1300	 -4	0	0	-4.04259e+307	1
1300	 4	0	0	-4.04259e+307	1
1300	 -5	0	0	-4.04259e+307	1
1300	 5	0	0	-4.04259e+307	1
1400	 0	0	0	-4.04259e+307	1
1400	 0	1	7.90697e-12	0	1
1400	 -1	0	0	-4.04259e+307	1
1400	 1	0	0	-4.04259e+307	1
1400	 -2	0	0	-4.04259e+307	1
1400	 2	0	0	-4.04259e+307	1
1400	 -3	0	0	-4.04259e+307	1
1400	 3	0	0	-4.04259e+307	1
1400	 -4	0	0	-4.04259e+307	1
1400	 4	1	7.90697e-12	0	1
1400	 -5	0	0	-4.04259e+307	1
1400	 5	0	0	-4.04259e+307	1
1500	 0	0	0	-4.04259e+307	1
1500	 0	0	0	-4.04259e+307	1
1500	 -1	0	0	-4.04259e+307	1
1500	 1	0	0	-4.04259e+307	1
1500	 -2	0	0	-4.04259e+307	1
1500	 2	0	0	-4.04259e+307	1
1500	 -3	0	0	-4.04259e+307	1
1500	 3	0	0	-4.04259e+307	1
1500	 -4	0	0	-4.04259e+307	1
1500	 4	0	0	-4.04259e+307	1
1500	 -5	0	0	-4.04259e+307	1
1500	 5	0	0	-4.04259e+307	1
1600	 0	0	0	-4.04259e+307	1
1600	 0	1	1.82306e-11	0	1
1600	 -1	0	0	-4.04259e+307	1
1600	 1	0	0	-4.04259e+307	1
1600	 -2	0	0	-4.04259e+307	1
1600	 2	0	0	-4.04259e+307	1
1600	 -3	0	0	-4.04259e+307	1
1600	 3	1	3.46279e-11	0	1
1600	 -4	0	0	-4.04259e+307	1
1600	 4	0	0	-4.04259e+307	1
1600	 -5	0	0	-4.04259e+307	1
1600	 5	0	0	-4.04259e+307	1
1700	 0	0	0	-4.04259e+307	1
1700	 0	0	0	-4.04259e+307	1
1700	 -1	0	0	-4.04259e+307	1
1700	 1	0	0	-4.04259e+307	1
1700	 -2	0	0	-4.04259e+307	1
1700	 2	0	0	-4.04259e+307	1
1700	 -3	0	0	-4.04259e+307	1
1700	 3	0	0	-4.04259e+307	1
1700	 -4	0	0	-4.04259e+307	1
1700	 4	0	0	-4.04259e+307	1
1700	 -5	0	0	-4.04259e+307	1
1700	 5	0	0	-4.04259e+307	1
1800	 0	0	0	-4.04259e+307	1
1800	 0	1	3.71094e-11	0	1
1800	 -1	0	0	-4.04259e+307	1
1800	 1	0	0	-4.04259e+307	1
1800	 -2	0	0	-4.04259e+307	1
1800	 2	0	0	-4.04259e+307	1
1800	 -3	0	0	-4.04259e+307	1
1800	 3	0	0	-4.04259e+307	1
1800	 -4	0	0	-4.04259e+307	1
1800	 4	0	0	-4.04259e+307	1
1800	 -5	0	0	-4.04259e+307	1
1800	 5	0	0	-4.04259e+307	1
1900	 0	0	0	-4.04259e+307	1
1900	 0	0	0	-4.04259e+307	1
1900	 -1	0	0	-4.04259e+307	1
1900	 1	0	0	-4.04259e+307	1
1900	 -2	0	0	-4.04259e+307	1
1900	 2	0	0	-4.04259e+307	1
1900	 -3	0	0	-4.04259e+307	1
1900	 3	0	0	-4.04259e+307	1
1900	 -4	0	0	-4.04259e+307	1
1900	 4	0	0	-4.04259e+307	1
1900	 -5	0	0	-4.04259e+307	1
1900	 5	0	0	-4.04259e+307	1
2000	 0	0	0	-4.04259e+307	1
2000	 0	0	0	-4.04259e+307	1
2000	 -1	0	0	-4.04259e+307	1
2000	 1	0	0	-4.04259e+307	1
2000	 -2	0	0	-4.04259e+307	1
2000	 2	0	0	-4.04259e+307	1
2000	 -3	0	0	-4.04259e+307	1
2000	 3	0	0	-4.04259e+307	1
2000	 -4	0	0	-4.04259e+307	1
2000	 4	0	0	-4.04259e+307	1
2000	 -5	0	0	-4.04259e+307	1
2000	 5	0	0	-4.04259e+307	1
2100	 0	0	0	-4.04259e+307	1
2100	 0	1	9.11208e-11	0	1
2100	 -1	1	6.54001e-08	4.61904e-08	1
2100	 1	0	0	-4.04259e+307	1
2100	 -2	0	0	-4.04259e+307	1
2100	 2	1	6.02667e-10	2.38781e-10	1
2100	 -3	0	0	-4.04259e+307	1
2100	 3	1	3.6108e-10	0	1
2100	 -4	0	0	-4.04259e+307	1
2100	 4	0	0	-4.04259e+307	1
2100	 -5	0	0	-4.04259e+307	1
2100	 5	0	0	-4.04259e+307	1
2200	 0	0	0	-4.04259e+307	1
2200	 0	0	0	-4.04259e+307	1
2200	 -1	0	0	-4.04259e+307	1
2200	 1	0	0	-4.04259e+307	1
2200	 -2	0	0	-4.04259e+307	1
2200	 2	0	0	-4.04259e+307	1
2200	 -3	0	0	-4.04259e+307	1
2200	 3	0	0	-4.04259e+307	1
2200	 -4	0	0	-4.04259e+307	1
2200	 4	0	0	-4.04259e+307	1
2200	 -5	0	0	-4.04259e+307	1
2200	 5	0	0	-4.04259e+307	1
2300	 0	0	0	-4.04259e+307	1
2300	 0	0	0	-4.04259e+307	1
2300	 -1	1	9.8402e-08	6.55498e-08	1
2300	 1	0	0	-4.04259e+307	1
2300	 -2	0	0	-4.04259e+307	1
2300	 2	0	0	-4.04259e+307	1
2300	 -3	0	0	-4.04259e+307	1
2300	 3	0	0	-4.04259e+307	1
2300	 -4	0	0	-4.04259e+307	1
2300	 4	0	0	-4.04259e+307	1
2300	 -5	0	0	-4.04259e+307	1
2300	 5	0	0	-4.04259e+307	1
2400	 0	0	0	-4.04259e+307	1
2400	 0	0	0	-4.04259e+307	1
2400	 -1	0	0	-4.04259e+307	1
2400	 1	0	0	-4.04259e+307	1
2400	 -2	0	0	-4.04259e+307	1
2400	 2	0	0	-4.04259e+307	1
2400	 -3	1	4.1866e-08	0	1
2400	 3	0	0	-4.04259e+307	1
2400	 -4	0	0	-4.04259e+307	1
2400	 4	0	0	-4.04259e+307	1
2400	 -5	0	0	-4.04259e+307	1
2400	 5	0	0	-4.04259e+307	1
2500	 0	0	0	-4.04259e+307	1
2500	 0	0	0	-4.04259e+307	1
2500	 -1	0	0	-4.04259e+307	1
2500	 1	0	0	-4.04259e+307	1
2500	 -2	0	0	-4.04259e+307	1
2500	 2	0	0	-4.04259e+307	1
2500	 -3	0	0	-4.04259e+307	1
2500	 3	0	0	-4.04259e+307	1
2500	 -4	0	0	-4.04259e+307	1
2500	 4	0	0	-4.04259e+307	1
2500	 -5	0	0	-4.04259e+307	1
2500	 5	0	0	-4.04259e+307	1
2600	 0	0.0411896	3.57209e-12	0	1
2600	 0	0.292653	1.65669e-09	0	1
2600	 -1	0.041355	4.15784e-06	2.52604e-06	1
2600	 1	0.293829	4.46657e-08	3.51101e-08	1
2600	 -2	0.0836804	7.33132e-07	0	1
2600	 2	0.594552	5.75246e-09	9.63079e-10	1
2600	 -3	0.0493692	1.34609e-06	0	1
2600	 3	0.35077	7.55753e-09	0	1
2600	 -4	0.0589413	1.31491e-07	0	1
2600	 4	0.41878	9.10687e-10	0	1
2600	 -5	0.0232187	2.19948e-07	0	1
2600	 5	0.16497	4.09524e-10	0	1
2700	 0	0.0557252	9.16497e-12	0	1
2700	 0	0.307755	2.49672e-09	0	1
2700	 -1	0.0561466	3.64431e-06	2.14576e-06	1
2700	 1	0.310082	5.65181e-08	4.31796e-08	1
2700	 -2	0.114414	6.59807e-07	0	1
2700	 2	0.631877	7.69873e-09	1.05873e-09	1
2700	 -3	0.0682188	1.20938e-06	0	1
2700	 3	0.376753	1.00581e-08	0	1
2700	 -4	0.082602	1.32704e-07	0	1
2700	 4	0.456188	1.1298e-09	0	1
2700	 -5	0.033118	2.11729e-07	0	1
2700	 5	0.182901	5.85587e-10	0	1
2800	 0	0.0741165	3.38755e-11	0	1
2800	 0	0.322445	3.78213e-09	0	1
2800	 -1	0.0749134	3.2335e-06	1.84521e-06	1
2800	 1	0.325912	7.08224e-08	5.23701e-08	1
2800	 -2	0.153626	5.99631e-07	0	1
2800	 2	0.66835	1.03082e-08	1.16325e-09	1
2800	 -3	0.0924717	1.09786e-06	0	1
2800	 3	0.402299	1.32999e-08	0	1
2800	 -4	0.113394	1.33352e-07	0	1
2800	 4	0.493322	1.45312e-09	0	1
2800	 -5	0.0461885	2.03636e-07	0	1
2800	 5	0.200943	8.33621e-10	0	1
2900	 0	0.0966979	1.08268e-10	0	1
2900	 0	0.336714	5.65585e-09	0	1
2900	 -1	0.0980178	2.91197e-06	1.61096e-06	1
2900	 1	0.341309	8.78655e-08	6.26311e-08	1
2900	 -2	0.20216	5.51811e-07	0	1
2900	 2	0.703944	1.37507e-08	1.27721e-09	1
2900	 -3	0.122735	1.00955e-06	0	1
2900	 3	0.427379	1.74597e-08	0	1
2900	 -4	0.152238	1.34119e-07	0	1
2900	 4	0.530111	1.93072e-09	0	1
2900	 -5	0.0629046	1.9663e-07	0	1
2900	 5	0.219041	1.18496e-09	0	1
3000	 0	0.123581	2.71963e-10	0	1
3000	 0	0.350822	8.27073e-09	0	1
3000	 -1	0.125595	2.66655e-06	1.43083e-06	1
3000	 1	0.356539	1.07832e-07	7.37947e-08	1
3000	 -2	0.260392	5.15234e-07	0	1
3000	 2	0.739201	1.81997e-08	1.40016e-09	1
3000	 -3	0.159331	9.42109e-07	0	1
3000	 3	0.45231	2.27196e-08	0	1
3000	 -4	0.199704	1.35545e-07	0	1
3000	 4	0.56692	2.6241e-09	0	1
3000	 -5	0.0836011	1.91338e-07	0	1
3000	 5	0.237327	1.68343e-09	0	1
3100	 0	0.154647	5.70214e-10	0	1
3100	 0	0.36531	1.17775e-08	0	1
3100	 -1	0.157544	1.98624e-06	7.95478e-07	1
3100	 1	0.372152	1.30726e-07	8.55355e-08	1
3100	 -2	0.328197	4.88629e-07	0	1
3100	 2	0.775272	2.38117e-08	1.53029e-09	1
3100	 -3	0.202267	8.93018e-07	0	1
3100	 3	0.477797	2.92443e-08	0	1
3100	 -4	0.255956	1.38011e-07	0	1
3100	 4	0.604624	3.60562e-09	0	1
3100	 -5	0.108439	1.88097e-07	0	1
3100	 5	0.256156	2.38675e-09	0	1
3200	 0	0.189604	1.05377e-09	0	1
3200	 0	0.380944	1.63068e-08	0	1
3200	 -1	0.193582	1.89371e-06	7.29624e-07	1
3200	 1	0.388936	1.56304e-07	9.73547e-08	1
3200	 -2	0.405054	4.70688e-07	0	1
3200	 2	0.813816	3.06997e-08	1.66442e-09	1
3200	 -3	0.25129	8.59747e-07	0	1
3200	 3	0.504881	3.71531e-08	0	1
3200	 -4	0.320811	1.41751e-07	0	1
3200	 4	0.644559	4.95587e-09	0	1
3200	 -5	0.137423	1.87022e-07	0	1
3200	 5	0.276103	3.36619e-09	0	1
3300	 0	0.228092	1.78005e-09	0	1
3300	 0	0.398613	2.19489e-08	0	1
3300	 -1	0.233353	1.83516e-06	6.81681e-07	1
3300	 1	0.407808	1.84049e-07	1.08608e-07	1
3300	 -2	0.490272	4.60152e-07	0	1
3300	 2	0.856799	3.89079e-08	1.79829e-09	1
3300	 -3	0.306028	8.39895e-07	0	1
3300	 3	0.534815	4.64935e-08	0	1
3300	 -4	0.393898	1.46876e-07	0	1
3300	 4	0.688376	6.75904e-09	0	1
3300	 -5	0.170463	1.88084e-07	0	1
3300	 5	0.297901	4.70389e-09	0	1
3400	 0	0.269799	2.81399e-09	0	1
3400	 0	0.419224	2.87376e-08	0	1
3400	 -1	0.276548	1.80447e-06	6.47785e-07	1
3400	 1	0.42971	2.13219e-07	1.18582e-07	1
3400	 -2	0.583236	4.55868e-07	0	1
3400	 2	0.906252	4.83961e-08	1.92718e-09	1
3400	 -3	0.366138	8.31268e-07	0	1
3400	 3	0.568919	5.72271e-08	0	1
3400	 -4	0.474864	1.53406e-07	0	1
3400	 4	0.73786	9.09695e-09	0	1
3400	 -5	0.207464	1.9116e-07	0	1
3400	 5	0.322365	6.48796e-09	0	1
3500	 0	0.314553	4.22764e-09	0	1
3500	 0	0.443611	3.66453e-08	0	1
3500	 -1	0.322994	1.79646e-06	6.24858e-07	1
3500	 1	0.455515	2.42945e-07	1.26598e-07	1
3500	 -2	0.683611	4.56818e-07	0	1
3500	 2	0.964091	5.90418e-08	2.04678e-09	1
3500	 -3	0.431442	8.31927e-07	0	1
3500	 3	0.608459	6.92325e-08	0	1
3500	 -4	0.563546	1.61294e-07	0	1
3500	 4	0.794764	1.20434e-08	0	1
3500	 -5	0.248403	1.96084e-07	0	1
3500	 5	0.350321	8.80626e-09	0	1
3600	 0	0.362363	6.09867e-09	0	1
3600	 0	0.472503	4.5588e-08	0	1
3600	 -1	0.372706	1.95256e-06	9.67082e-07	1
3600	 1	0.48599	2.72366e-07	1.32119e-07	1
3600	 -2	0.791453	3.62856e-07	0	1
3600	 2	1.03202	7.06577e-08	2.15369e-09	1.18556
3600	 -3	0.502001	6.83687e-07	0	1
3600	 3	0.654585	8.23251e-08	0	1
3600	 -4	0.660086	1.7045e-07	0	1
3600	 4	0.860721	1.56602e-08	0	1
3600	 -5	0.293386	2.02673e-07	0	1
3600	 5	0.382562	1.174e-08	0	1
3700	 0	0.413429	8.50775e-09	0	1
3700	 0	0.506522	5.54413e-08	0	1
3700	 -1	0.425894	1.62148e-06	6.0269e-07	1
3700	 1	0.521794	3.00749e-07	1.34816e-07	1
3700	 -2	0.907232	3.72394e-07	0	1
3700	 2	1.11152	8.3019e-08	2.24584e-09	1.23114
3700	 -3	0.578142	6.99834e-07	0	1
3700	 3	0.708324	9.62863e-08	0	1
3700	 -4	0.764972	1.80764e-07	0	1
3700	 4	0.937223	1.99946e-08	0	1
3700	 -5	0.342672	2.10759e-07	0	1
3700	 5	0.419833	1.53587e-08	0	1
3800	 0	0.468122	1.15355e-08	0	1
3800	 0	0.54621	6.60576e-08	0	1
3800	 -1	0.482947	1.65781e-06	5.99934e-07	1
3800	 1	0.563509	3.27559e-07	1.34594e-07	1
3800	 -2	1.0318	3.84578e-07	0	1
3800	 2	1.20392	9.58925e-08	2.32242e-09	1.27995
3800	 -3	0.660437	7.20374e-07	0	1
3800	 3	0.770606	1.10892e-07	0	1
3800	 -4	0.879026	1.92117e-07	0	1
3800	 4	1.02566	2.50784e-08	0	1
3800	 -5	0.396675	2.20189e-07	0	1
3800	 5	0.462845	1.97159e-08	0	1
3900	 0	0.526955	1.52591e-08	0	1
3900	 0	0.592075	7.72816e-08	0	1
3900	 -1	0.544401	2.65012e-06	1.54834e-06	1
3900	 1	0.611677	3.52494e-07	1.31577e-07	1
3900	 -2	1.16634	3.99083e-07	0	1
3900	 2	1.31047	1.09059e-07	2.38362e-09	1.33152
3900	 -3	0.749675	7.4463e-07	0	1
3900	 3	0.842318	1.25936e-07	0	1
3900	 -4	1.00337	2.04391e-07	0	1
3900	 4	1.12737	3.09281e-08	0	1
3900	 -5	0.45595	2.30839e-07	0	1
3900	 5	0.512296	2.48476e-08	0	1
4000	 0	0.590556	1.97488e-08	0	1
4000	 0	0.64462	8.89623e-08	0	1
4000	 -1	0.610912	1.81327e-06	6.63551e-07	1
4000	 1	0.66684	3.7546e-07	1.26065e-07	1
4000	 -2	1.31229	4.1564e-07	0	1
4000	 2	1.43243	1.22331e-07	2.43031e-09	1.38539
4000	 -3	0.84683	7.72044e-07	0	1
4000	 3	0.924356	1.41243e-07	0	1
4000	 -4	1.1394	2.17483e-07	0	1
4000	 4	1.24371	3.75447e-08	0	1
4000	 -5	0.521188	2.42615e-07	0	1
4000	 5	0.568902	3.0771e-08	0	1
4100	 0	0.659646	2.50645e-08	0	1
4100	 0	0.704384	1.00959e-07	0	1
4100	 -1	0.683239	2.00534e-06	6.09794e-07	1
4100	 1	0.729577	3.9654e-07	1.18479e-07	1
4100	 -2	1.47133	5.24356e-07	0	1
4100	 2	1.57112	1.35558e-07	2.46376e-09	1.44113
4100	 -3	0.953032	9.41622e-07	0	1
4100	 3	1.01767	1.56679e-07	0	1
4100	 -4	1.28873	2.313e-07	0	1
4100	 4	1.37613	4.49136e-08	0	1
4100	 -5	0.593196	2.55446e-07	0	1
4100	 5	0.633427	3.74858e-08	0	1
4200	 0	0.735033	3.12525e-08	0	1
4200	 0	0.771963	1.13148e-07	0	1
4200	 -1	0.762228	2.16455e-06	1.01253e-06	1
4200	 1	0.800525	4.15946e-07	1.09312e-07	1
4200	 -2	1.64534	4.06275e-07	0	1
4200	 2	1.72801	1.4863e-07	2.48536e-09	1.49835
4200	 -3	1.06956	7.61137e-07	0	1
4200	 3	1.1233	1.72152e-07	0	1
4200	 -4	1.4532	2.4577e-07	0	1
4200	 4	1.52622	5.30053e-08	0	1
4200	 -5	0.672897	2.69286e-07	0	1
4200	 5	0.706706	4.49758e-08	0	1
4300	 0	0.817599	3.83423e-08	0	1
4300	 0	0.848031	1.25422e-07	0	1
4300	 -1	0.848812	1.85221e-06	6.46251e-07	1
4300	 1	0.880405	4.33971e-07	9.90772e-08	1
4300	 -2	1.8364	4.26711e-07	0	1
4300	 2	1.90476	1.61483e-07	2.49649e-09	1.55676
4300	 -3	1.19783	7.94273e-07	0	1
4300	 3	1.24241	1.8761e-07	0	1
4300	 -4	1.63488	2.60836e-07	0	1
4300	 4	1.69573	6.17768e-08	0	1
4300	 -5	0.761329	2.84105e-07	0	1
4300	 5	0.789666	5.32121e-08	0	1
4400	 0	0.908311	4.63437e-08	0	1
4400	 0	0.933357	1.37691e-07	0	1
4400	 -1	0.944008	2.43646e-06	6.28126e-07	1
4400	 1	0.970038	4.50953e-07	8.82725e-08	1
4400	 -2	2.04679	7.00489e-07	0	1
4400	 2	2.10323	1.74087e-07	2.49843e-09	1.61611
4400	 -3	1.3394	1.21433e-06	0	1
4400	 3	1.37633	2.03044e-07	0	1
4400	 -4	1.83604	2.76459e-07	0	1
4400	 4	1.88667	7.11733e-08	0	1
4400	 -5	0.859647	2.99884e-07	0	1
4400	 5	0.883351	6.21579e-08	0	1
4500	 0	1.00822	5.52442e-08	0	1
4500	 0	1.02882	1.4989e-07	0	1
4500	 -1	1.04893	1.98388e-06	7.04784e-07	1.19556
4500	 1	1.07036	4.67242e-07	7.73514e-08	1.208
4500	 -2	2.27899	4.87274e-07	0	1
4500	 2	2.32555	1.86452e-07	2.49234e-09	1.6762
4500	 -3	1.49599	8.37379e-07	0	1
4500	 3	1.52655	2.18477e-07	0	1
4500	 -4	2.05921	2.54451e-07	0	1
4500	 4	2.10127	8.11317e-08	0	1
4500	 -5	0.969136	2.35526e-07	0	1
4500	 5	0.988933	7.17728e-08	0	1
4600	 0	1.11848	6.50077e-08	0	1
4600	 0	1.13541	1.61973e-07	0	1
4600	 -1	1.16479	2.94968e-06	1.64798e-06	1.25979
4600	 1	1.18242	4.8318e-07	6.6704e-08	1.26896
4600	 -2	2.53575	4.95384e-07	0	1
4600	 2	2.57412	1.98617e-07	2.47923e-09	1.73691
4600	 -3	1.66949	8.50019e-07	0	1
4600	 3	1.69475	2.33969e-07	0	1
4600	 -4	2.30715	2.7045e-07	0	1
4600	 4	2.34207	9.15844e-08	0	1
4600	 -5	1.09122	2.52178e-07	0	1
4600	 5	1.10774	8.20184e-08	0	1
4700	 0	1.24035	7.55733e-08	0	1
4700	 0	1.25425	1.73916e-07	0	1
4700	 -1	1.29294	2.37496e-06	7.39287e-07	1.32334
4700	 1	1.30743	4.99085e-07	5.66459e-08	1.33011
4700	 -2	2.82007	6.46567e-07	0	1
4700	 2	2.85168	2.10648e-07	2.45998e-09	1.79811
4700	 -3	1.86198	1.07951e-06	0	1
4700	 3	1.88285	2.49603e-07	0	1
4700	 -4	2.58297	2.56621e-07	0	1
4700	 4	2.61192	1.02464e-07	0	1
4700	 -5	1.2275	2.69935e-07	0	1
4700	 5	1.24126	9.28634e-08	0	1
4800	 0	1.3752	8.68561e-08	0	1
4800	 0	1.38662	1.85719e-07	0	1
4800	 -1	1.43482	2.43259e-06	1.06203e-06	1.3864
4800	 1	1.44673	5.15248e-07	4.74151e-08	1.39139
4800	 -2	3.13525	5.2334e-07	0	1
4800	 2	3.16129	2.22631e-07	2.43535e-09	1.85972
4800	 -3	2.07575	8.93548e-07	0	1
4800	 3	2.09299	2.65488e-07	0	1
4800	 -4	2.89005	2.7322e-07	0	1
4800	 4	2.91405	1.13709e-07	0	1
4800	 -5	1.37971	2.88748e-07	0	1
4800	 5	1.39117	1.04287e-07	0	1
4900	 0	1.52457	9.87488e-08	0	1
4900	 0	1.53395	1.97402e-07	0	1
4900	 -1	1.59206	2.52791e-06	1.163e-06	1.4491
4900	 1	1.60186	5.31928e-07	3.91757e-08	1.45279
4900	 -2	3.48495	5.4189e-07	0	1
4900	 2	3.50639	2.34665e-07	2.40603e-09	1.92163
4900	 -3	2.31336	9.22501e-07	0	1
4900	 3	2.32759	2.81746e-07	0	1
4900	 -4	3.23218	2.90454e-07	0	1
4900	 4	3.25207	1.25264e-07	0	1
4900	 -5	1.54983	3.08549e-07	0	1
4900	 5	1.55936	1.1628e-07	0	1
5000	 0	1.69014	1.11126e-07	0	1
5000	 0	1.69785	2.09002e-07	0	1
5000	 -1	1.76645	2.88299e-06	1.05145e-06	1.51156
5000	 1	1.7745	5.49357e-07	3.20254e-08	1.51429
5000	 -2	3.87321	7.1976e-07	0	1
5000	 2	3.89086	2.46857e-07	2.3726e-09	1.98377
5000	 -3	2.57761	1.24265e-06	0	1
5000	 3	2.58936	2.98512e-07	0	1
5000	 -4	3.61356	3.45062e-07	0	1
5000	 4	3.63004	1.37089e-07	0	1
5000	 -5	1.74003	4.0563e-07	0	1
5000	 5	1.74796	1.28851e-07	0	1
5100	 0	1.87377	1.23848e-07	0	1
5100	 0	1.88009	2.20572e-07	0	1
5100	 -1	1.95995	2.99448e-06	8.96539e-07	1.57387
5100	 1	1.96657	5.67742e-07	2.60072e-08	1.57589
5100	 -2	4.30449	8.74507e-07	0	1
5100	 2	4.31903	2.59315e-07	2.33558e-09	2.04603
5100	 -3	2.87162	1.42413e-06	0	1
5100	 3	2.88132	3.1592e-07	0	1
5100	 -4	4.03886	3.26645e-07	0	1
5100	 4	4.0525	1.49157e-07	0	1
5100	 -5	1.95274	3.50728e-07	0	1
5100	 5	1.95934	1.42015e-07	0	1
5200	 0	2.0775	1.3677e-07	0	1
5200	 0	2.0827	1.94442e-07	0	1
5200	 -1	2.17477	2.57838e-06	9.94764e-07	1.63612
5200	 1	2.18021	5.51228e-07	2.11227e-08	1.63761
5200	 -2	4.78377	6.39713e-07	0	1
5200	 2	4.79573	2.55755e-07	2.29545e-09	2.10831
5200	 -3	3.19888	1.074e-06	0	1
5200	 3	3.20688	3.34103e-07	0	1
5200	 -4	4.51327	3.5751e-07	0	1
5200	 4	4.52456	1.61453e-07	0	1
5200	 -5	2.19069	3.72866e-07	0	1
5200	 5	2.19617	1.558e-07	0	1
5300	 0	2.30364	1.49744e-07	0	1
5300	 0	2.30791	2.05055e-07	0	1
5300	 -1	2.41332	3.09332e-06	9.86351e-07	1.69835
5300	 1	2.41779	5.71068e-07	1.73451e-08	1.69946
5300	 -2	5.31655	7.79706e-07	0	1
5300	 2	5.3264	2.6861e-07	2.25263e-09	2.17047
5300	 -3	3.56323	1.42992e-06	0	1
5300	 3	3.56983	3.53182e-07	0	1
5300	 -4	5.04258	4.492e-07	0	1
5300	 4	5.05192	1.73978e-07	0	1
5300	 -5	2.45689	6.05453e-07	0	1
5300	 5	2.46144	1.70237e-07	0	1
5400	 0	2.55471	1.62636e-07	0	1
5400	 0	2.55822	1.85229e-07	0	1
5400	 -1	2.6783	3.24915e-06	1.29666e-06	1.76063
5400	 1	2.68198	5.63201e-07	1.46326e-08	1.76145
5400	 -2	5.90894	7.77252e-07	0	1
5400	 2	5.91706	2.68774e-07	2.20749e-09	2.23233
5400	 -3	3.96896	1.29289e-06	0	1
5400	 3	3.97441	3.73259e-07	0	1
5400	 -4	5.63322	3.72506e-07	0	1
5400	 4	5.64095	1.86743e-07	0	1
5400	 -5	2.75473	4.31642e-07	0	1
5400	 5	2.75851	1.85356e-07	0	1
5500	 0	2.83353	1.75322e-07	0	1
5500	 0	2.83642	1.95577e-07	0	1
5500	 -1	2.97272	3.15008e-06	1.10742e-06	1.82296
5500	 1	2.97574	5.85565e-07	1.29385e-08	1.82357
5500	 -2	6.56777	8.45977e-07	0	1
5500	 2	6.57445	2.70568e-07	2.1604e-09	2.29372
5500	 -3	4.42086	1.38867e-06	0	1
5500	 3	4.42535	3.76661e-07	0	1
5500	 -4	6.29239	4.67491e-07	0	1
5500	 4	6.29879	1.87289e-07	0	1
5500	 -5	3.08797	4.41813e-07	0	1
5500	 5	3.09111	2.0118e-07	0	1
5600	 0	3.14323	1.87703e-07	0	1
5600	 0	3.1456	2.06371e-07	0	1
5600	 -1	3.29989	2.92374e-06	9.6805e-07	1.88536
5600	 1	3.30237	6.09878e-07	1.22195e-08	1.88581
5600	 -2	7.30059	7.646e-07	0	1
5600	 2	7.30609	2.84727e-07	2.11168e-09	2.35439
5600	 -3	4.92424	1.33241e-06	0	1
5600	 3	4.92795	3.98539e-07	0	1
5600	 -4	7.02809	4.53209e-07	0	1
5600	 4	7.03339	2.00328e-07	0	1
5600	 -5	3.46085	5.5253e-07	0	1
5600	 5	3.46345	2.1772e-07	0	1
5700	 0	3.48729	1.93086e-07	0	1
5700	 0	3.48924	2.5477e-07	0	1
5700	 -1	3.66352	3.34643e-06	8.90166e-07	1.94782
5700	 1	3.66556	6.68938e-07	1.24412e-08	1.94815
5700	 -2	8.11585	9.64848e-07	0	1
5700	 2	8.12037	3.14333e-07	2.06161e-09	2.41409
5700	 -3	5.48502	1.57288e-06	0	1
5700	 3	5.48809	4.18892e-07	0	1
5700	 -4	7.84928	4.348e-07	0	1
5700	 4	7.85366	2.12387e-07	0	1
5700	 -5	3.87806	4.81972e-07	0	1
5700	 5	3.88023	2.33305e-07	0	1
5800	 0	3.86957	1.98194e-07	0	1
5800	 0	3.87117	2.27169e-07	0	1
5800	 -1	4.06773	2.82236e-06	7.69784e-07	2.0103
5800	 1	4.06941	6.56701e-07	1.35799e-08	2.01054
5800	 -2	9.0229	8.43663e-07	0	1
5800	 2	9.02663	3.11521e-07	2.01047e-09	2.47251
5800	 -3	6.10982	1.3917e-06	0	1
5800	 3	6.11235	4.39744e-07	0	1
5800	 -4	8.76591	4.59945e-07	0	1
5800	 4	8.76953	2.24434e-07	0	1
5800	 -5	4.34489	4.88222e-07	0	1
5800	 5	4.34668	2.49119e-07	0	1
5900	 0	4.29438	2.03056e-07	0	1
5900	 0	4.29569	2.68704e-07	0	1
5900	 -1	4.51711	3.1318e-06	8.28866e-07	2.07273
5900	 1	4.51849	7.11308e-07	1.56216e-08	2.07292
5900	 -2	10.0322	9.5201e-07	0	1
5900	 2	10.0353	3.38548e-07	1.95852e-09	2.52932
5900	 -3	6.80599	1.56451e-06	0	1
5900	 3	6.80808	4.60981e-07	0	1
5900	 -4	9.78911	4.45401e-07	0	1
5900	 4	9.79211	2.36425e-07	0	1
5900	 -5	4.8672	5.15193e-07	0	1
5900	 5	4.86869	2.6506e-07	0	1
6000	 0	4.7665	2.07723e-07	0	1
6000	 0	4.76758	3.56552e-07	0	1
6000	 -1	5.01675	3.39192e-06	6.63997e-07	2.13504
6000	 1	5.01789	8.10989e-07	1.85586e-08	2.13517
6000	 -2	11.1554	1.01712e-06	0	1
6000	 2	11.1579	3.97361e-07	1.90597e-09	2.58415
6000	 -3	7.58174	1.80657e-06	0	1
6000	 3	7.58346	5.00015e-07	0	1
6000	 -4	10.9313	6.00748e-07	0	1
6000	 4	10.9338	2.60474e-07	0	1
6000	 -5	5.45159	7.2739e-07	0	1
6000	 5	5.45283	2.81026e-07	0	1
6100	 0	5.29126	2.12259e-07	0	1
6100	 0	5.29214	2.65688e-07	0	1
6100	 -1	5.57234	2.89283e-06	7.04612e-07	2.19708
6100	 1	5.57328	7.42045e-07	2.23839e-08	2.19718
6100	 -2	12.4054	8.9446e-07	0	1
6100	 2	12.4075	3.56102e-07	1.85305e-09	2.63663
6100	 -3	8.44619	1.48838e-06	0	1
6100	 3	8.44761	5.04168e-07	0	1
6100	 -4	12.2064	4.7574e-07	0	1
6100	 4	12.2084	2.60076e-07	0	1
6100	 -5	6.10541	5.44304e-07	0	1
6100	 5	6.10644	2.96917e-07	0	1
6200	 0	5.87458	2.23383e-07	0	1
6200	 0	5.87531	3.57897e-07	0	1
6200	 -1	6.19019	3.01072e-06	6.32093e-07	2.25871
6200	 1	6.19096	8.5085e-07	2.70831e-08	2.25878
6200	 -2	13.7966	9.48348e-07	0	1
6200	 2	13.7984	4.06203e-07	1.79994e-09	2.68635
6200	 -3	9.40955	1.62065e-06	0	1
6200	 3	9.41073	5.28655e-07	0	1
6200	 -4	13.6297	6.06198e-07	0	1
6200	 4	13.6314	2.72951e-07	0	1
6200	 -5	6.83688	6.34967e-07	0	1
6200	 5	6.83773	3.14251e-07	0	1
6300	 0	6.52307	2.27541e-07	0	1
6300	 0	6.52367	3.32176e-07	0	1
6300	 -1	6.87734	3.03295e-06	7.19519e-07	2.31973
6300	 1	6.87798	8.46924e-07	3.26274e-08	2.31978
6300	 -2	15.3452	9.03706e-07	0	1
6300	 2	15.3466	4.38739e-07	1.74683e-09	2.73295
6300	 -3	10.4832	1.57303e-06	0	1
6300	 3	10.4842	6.00328e-07	0	1
6300	 -4	15.2187	5.68526e-07	0	1
6300	 4	15.2201	3.18575e-07	0	1
6300	 -5	7.65519	6.67226e-07	0	1
6300	 5	7.6559	3.3018e-07	0	1
6400	 0	7.24406	2.31768e-07	0	1
6400	 0	7.24456	2.92942e-07	0	1
6400	 -1	7.64163	3.0447e-06	5.79589e-07	2.37991
6400	 1	7.64215	8.31624e-07	3.89647e-08	2.37995
6400	 -2	17.069	9.19195e-07	0	1
6400	 2	17.0702	4.00577e-07	1.69387e-09	2.77606
6400	 -3	11.6798	1.58151e-06	0	1
6400	 3	11.6806	5.76807e-07	0	1
6400	 -4	16.9926	5.75255e-07	0	1
6400	 4	16.9937	2.98397e-07	0	1
6400	 -5	8.57062	6.55768e-07	0	1
6400	 5	8.5712	3.45903e-07	0	1
6500	 0	8.04574	2.54962e-07	0	1
6500	 0	8.04615	3.39703e-07	0	1
6500	 -1	8.49178	3.02571e-06	6.25273e-07	2.43897
6500	 1	8.49221	9.06839e-07	4.60137e-08	2.439
6500	 -2	18.988	9.702e-07	0	1
6500	 2	18.9889	4.32011e-07	1.64122e-09	2.81537
6500	 -3	13.0134	1.64052e-06	0	1
6500	 3	13.0141	6.04008e-07	0	1
6500	 -4	18.9728	6.01805e-07	0	1
6500	 4	18.9738	3.11281e-07	0	1
6500	 -5	9.59464	6.67678e-07	0	1
6500	 5	9.59513	3.65799e-07	0	1
6600	 0	8.93719	2.59749e-07	0	1
6600	 0	8.93753	3.22393e-07	0	1
6600	 -1	9.43749	2.9399e-06	4.83109e-07	2.49661
6600	 1	9.43785	9.17307e-07	5.3658e-08	2.49663
6600	 -2	21.1243	9.6393e-07	0	1
6600	 2	21.1251	4.5027e-07	1.589e-09	2.85063
6600	 -3	14.4999	1.64979e-06	0	1
6600	 3	14.5004	6.4992e-07	0	1
6600	 -4	21.1834	6.17184e-07	0	1
6600	 4	21.1842	3.37942e-07	0	1
6600	 -5	10.7401	7.01685e-07	0	1
6600	 5	10.7405	3.82426e-07	0	1
6700	 0	9.92856	2.63492e-07	0	1
6700	 0	9.92883	4.3923e-07	0	1
6700	 -1	10.4896	3.00562e-06	4.21729e-07	2.55248
6700	 1	10.4899	1.05584e-06	6.17444e-08	2.5525
6700	 -2	23.5028	1.01525e-06	0	1
6700	 2	23.5035	4.97506e-07	1.53734e-09	2.88166
6700	 -3	16.1567	1.72654e-06	0	1
6700	 3	16.1571	6.55327e-07	0	1
6700	 -4	23.6513	6.5917e-07	0	1
6700	 4	23.6519	3.36701e-07	0	1
6700	 -5	12.0214	7.12058e-07	0	1
6700	 5	12.0217	3.98711e-07	0	1
6800	 0	11.0311	2.75527e-07	0	1
6800	 0	11.0313	3.48629e-07	0	1
6800	 -1	11.6601	2.93844e-06	4.05534e-07	2.60623
6800	 1	11.6604	1.00251e-06	7.00837e-08	2.60624
6800	 -2	26.151	9.69485e-07	0	1
6800	 2	26.1515	4.71402e-07	1.48633e-09	2.90842
6800	 -3	18.0035	1.71157e-06	0	1
6800	 3	18.0039	6.82523e-07	0	1
6800	 -4	26.4063	6.7407e-07	0	1
6800	 4	26.4068	3.49431e-07	0	1
6800	 -5	13.4544	7.99112e-07	0	1
6800	 5	13.4547	4.16673e-07	0	1
6900	 0	12.2574	2.79866e-07	0	1
6900	 0	12.2576	4.83615e-07	0	1
6900	 -1	12.9625	2.83596e-06	3.99086e-07	2.65747
6900	 1	12.9627	1.16121e-06	7.84553e-08	2.65748
6900	 -2	29.0997	9.5722e-07	0	1
6900	 2	29.1001	5.42949e-07	1.43608e-09	2.93095
6900	 -3	20.0621	1.66907e-06	0	1
6900	 3	20.0624	7.12624e-07	0	1
6900	 -4	29.4818	6.79621e-07	0	1
6900	 4	29.4822	3.64417e-07	0	1
6900	 -5	15.0573	7.73997e-07	0	1
6900	 5	15.0575	4.33157e-07	0	1
