0 0
100 0
200 0
300 0
400 0
500 0
600 0
700 0
800 0
900 0
1000 0
1100 0
1200 0
1300 0
1400 0
1500 0
1600 0
1700 0
1800 0
1900 0
2000 0
2100 0
2200 0
2300 0
2400 0
2500 0
2600 0.609818
2700 0.592032
2800 0.575028
2900 0.558836
3000 0.543397
3100 0.424511
3200 0.412533
3300 0.400698
3400 0.388619
3500 0.376088
3600 0.498003
3700 0.384618
3800 0.369794
3900 0.593874
4000 0.342029
4100 0.300826
4200 0.446722
4300 0.323932
4400 0.239912
4500 0.356837
4600 0.655378
4700 0.343001
4800 0.516841
4900 0.571807
5000 0.468351
5100 0.370161
5200 0.518546
5300 0.442611
5400 0.5612
5500 0.511386
5600 0.49604
5700 0.39803
5800 0.422695
5900 0.41509
6000 0.308595
6100 0.402244
6200 0.348703
6300 0.406793
6400 0.327194
6500 0.361827
6600 0.296589
6700 0.254685
6800 0.260852
6900 0.266344
