0 0
100 0
200 0
300 0
400 0
500 0
600 0
700 0
800 0
900 0
1000 0
1100 0
1200 0
1300 0
1400 0
1500 0
1600 0
1700 0
1800 0
1900 0
2000 0
2100 0
2200 0
2300 0
2400 0
2500 0
2600 0.609818
2700 0.592032
2800 0.575028
2900 0.558836
3000 0.543397
3100 0.424511
3200 0.412533
3300 0.400698
3400 0.388619
3500 0.376088
3600 0.493167
3700 0.384618
3800 0.369794
3900 0.566965
4000 0.360099
4100 0.302288
4200 0.446873
4300 0.331843
4400 0.249367
4500 0.375855
4600 0.596459
4700 0.356946
4800 0.500003
4900 0.536851
5000 0.452451
5100 0.391823
5200 0.496496
5300 0.4352
5400 0.532628
5500 0.490865
5600 0.47619
5700 0.407691
5800 0.422063
5900 0.419247
6000 0.333069
6100 0.402558
6200 0.361562
6300 0.403701
6400 0.341884
6500 0.368896
6600 0.308904
6700 0.273164
6800 0.274345
6900 0.279131
