0 0 9.84595e-23 0
100 3.53047e-19 1.63531e-22 1.18248e-25
200 5.88568e-19 2.67875e-22 5.91392e-26
300 8.24252e-19 4.32767e-22 3.94429e-26
400 1.06017e-18 6.89548e-22 2.95997e-26
500 1.29636e-18 1.08359e-21 2.36978e-26
600 1.53284e-18 1.67939e-21 1.97666e-26
700 1.76963e-18 2.56702e-21 1.69615e-26
800 2.00669e-18 3.86986e-21 1.48603e-26
900 2.24395e-18 5.75374e-21 1.32282e-26
1000 2.48129e-18 8.43712e-21 1.19246e-26
1100 2.71851e-18 1.22019e-20 1.086e-26
1200 2.95537e-18 1.7404e-20 9.97448e-27
1300 3.19151e-18 2.44828e-20 9.22685e-27
1400 3.42651e-18 3.39673e-20 8.58755e-27
1500 3.65984e-18 4.64783e-20 8.03493e-27
1600 3.8909e-18 6.27232e-20 7.55274e-27
1700 4.11902e-18 8.34825e-20 7.12857e-27
1800 4.34345e-18 1.09585e-19 6.75277e-27
1900 4.56348e-18 1.41872e-19 6.41771e-27
2000 4.7784e-18 1.81147e-19 6.1173e-27
2100 4.98763e-18 2.28115e-19 5.84661e-27
2200 5.19072e-18 2.83313e-19 5.60159e-27
2300 5.38751e-18 3.47031e-19 5.37891e-27
2400 5.57815e-18 4.19236e-19 5.1758e-27
2500 5.76318e-18 4.99502e-19 4.98992e-27
2600 5.94359e-18 5.86956e-19 4.81931e-27
2700 6.12086e-18 6.80241e-19 4.66227e-27
2800 6.29696e-18 7.77516e-19 4.51739e-27
2900 6.47433e-18 8.76485e-19 4.3834e-27
3000 6.65573e-18 9.74471e-19 4.25925e-27
3100 4.20673e-18 1.06852e-18 4.144e-27
3200 4.31036e-18 1.15554e-18 4.03683e-27
3300 4.42643e-18 1.23247e-18 3.93702e-27
3400 4.5579e-18 1.29645e-18 3.84395e-27
3500 4.70729e-18 1.34501e-18 3.75706e-27
3600 7.835e-18 1.37622e-18 3.67584e-27
3700 7.5304e-18 1.38879e-18 3.59987e-27
3800 5.28023e-18 1.38222e-18 3.52874e-27
3900 9.67978e-18 1.35678e-18 3.46211e-27
4000 8.37585e-18 1.31352e-18 3.39965e-27
4100 6.04511e-18 1.25419e-18 3.34109e-27
4200 9.54392e-18 1.18112e-18 3.28616e-27
4300 9.43755e-18 1.09711e-18 3.23465e-27
4400 6.96089e-18 1.00521e-18 3.18633e-27
4500 9.40341e-18 9.08572e-19 3.14101e-27
4600 1.55646e-17 8.10309e-19 3.09854e-27
4700 9.97806e-18 7.13334e-19 3.05874e-27
4800 1.25759e-17 6.20272e-19 3.02148e-27
4900 1.48353e-17 5.33398e-19 2.98662e-27
5000 1.46387e-17 4.54632e-19 2.95406e-27
5100 1.39315e-17 3.85561e-19 2.92368e-27
5200 1.47321e-17 3.27519e-19 2.89538e-27
5300 1.59167e-17 2.81688e-19 2.86908e-27
5400 2.02698e-17 2.49228e-19 2.8447e-27
5500 1.92511e-17 2.31414e-19 2.82216e-27
5600 1.7465e-17 2.29782e-19 2.80138e-27
5700 1.80864e-17 2.46251e-19 2.78233e-27
5800 1.59115e-17 2.83232e-19 2.76493e-27
5900 1.82779e-17 3.43686e-19 2.74914e-27
6000 1.61263e-17 4.31135e-19 2.73491e-27
6100 1.71101e-17 5.49612e-19 2.7222e-27
6200 1.67105e-17 7.03528e-19 2.71099e-27
6300 1.9683e-17 8.97472e-19 2.70123e-27
6400 1.71459e-17 1.13592e-18 2.6929e-27
6500 1.95706e-17 1.42288e-18 2.68597e-27
6600 1.60401e-17 1.76147e-18 2.68043e-27
6700 1.49707e-17 2.1535e-18 2.67625e-27
6800 1.52162e-17 2.59898e-18 2.67343e-27
6900 1.59726e-17 3.09579e-18 2.67195e-27
