0 0 0
100 6.45598e-05 7.79648e-11
200 0.000288549 8.99548e-10
300 0.000141055 3.67781e-09
400 0.00183495 9.70026e-09
500 0.116583 2.00446e-08
600 0.0319839 3.5444e-08
700 0.115859 5.62488e-08
800 0.117132 8.24469e-08
900 0.0586492 1.13716e-07
1000 0.0126876 1.49492e-07
1100 0.233697 1.89039e-07
1200 0.023737 2.31513e-07
1300 0.000260578 2.76023e-07
1400 0.000283315 3.21677e-07
1500 0.000208638 3.67616e-07
1600 0.0189978 4.1304e-07
1700 1.40573e-05 4.57227e-07
1800 0.122679 4.99538e-07
1900 0.000147197 5.39419e-07
2000 1.53229e-06 5.76401e-07
2100 0.0126076 6.10097e-07
2200 1.98825e-06 6.40194e-07
2300 1.95765e-06 6.6645e-07
2400 1.92873e-06 6.88686e-07
2500 1.89798e-06 7.06792e-07
2600 2.53416e-06 7.20717e-07
2700 2.3004e-06 7.30469e-07
2800 2.15721e-06 7.36121e-07
2900 2.04342e-06 7.37801e-07
3000 1.94338e-06 7.35695e-07
3100 1.85102e-06 7.30041e-07
3200 1.76356e-06 7.21122e-07
3300 1.67966e-06 7.09261e-07
3400 1.59877e-06 6.94806e-07
3500 1.52072e-06 6.78122e-07
3600 1.44554e-06 6.59582e-07
3700 1.37336e-06 6.39552e-07
3800 1.30429e-06 6.18382e-07
3900 1.23839e-06 5.96402e-07
4000 1.17567e-06 5.73909e-07
4100 1.11607e-06 5.5117e-07
4200 1.05946e-06 5.28416e-07
4300 1.00568e-06 5.05841e-07
4400 9.54538e-07 4.83608e-07
4500 9.05819e-07 4.61846e-07
4600 8.59317e-07 4.40655e-07
4700 8.1483e-07 4.2011e-07
4800 7.72168e-07 4.00258e-07
4900 7.31154e-07 3.81125e-07
5000 6.91629e-07 3.62714e-07
5100 6.53444e-07 3.45006e-07
5200 6.16463e-07 3.27962e-07
5300 5.80559e-07 3.11519e-07
5400 5.45613e-07 2.95594e-07
5500 5.11514e-07 2.80088e-07
5600 4.78161e-07 2.64885e-07
5700 4.45464e-07 2.49862e-07
5800 4.13356e-07 2.34901e-07
5900 3.818e-07 2.199e-07
6000 3.50805e-07 2.04796e-07
6100 3.2044e-07 1.89581e-07
6200 2.90849e-07 1.74326e-07
6300 2.62249e-07 1.59181e-07
6400 2.34922e-07 1.44377e-07
6500 7.89903e-08 0
6600 6.84138e-08 0
6700 0.161041 0.161041
6800 5.01318e-08 0
6900 0.0353917 0.0353916
7000 3.54516e-08 0
7100 2.93557e-08 0
7200 2.40235e-08 0
7300 1.68999e-07 1.49594e-07
7400 1.54538e-08 0
7500 1.21183e-08 0
7600 9.33917e-09 0
7700 0.0957671 0.0957671
7800 5.19839e-09 0
7900 9.2876e-08 8.91535e-08
8000 9.02882e-08 8.77107e-08
8100 1.71918e-09 0
8200 1.10118e-09 0
8300 6.74144e-10 0
8400 3.897e-10 0
8500 1.02464e-07 1.02258e-07
8600 9.32731e-11 0
8700 3.30852e-11 0
8800 7.56467e-12 0
8900 6.12545e-13 0
9000 0.707774 0.707774
