0 0 0
100 0.20536 2.84885e-06
200 0.109412 3.28697e-05
300 0.112131 0.000134388
400 0.112108 0.00035445
500 0.115411 0.000732433
600 0.113934 0.00129513
700 0.108353 0.00205534
800 0.101345 0.00301263
900 0.0946717 0.00415522
1000 0.0890654 0.00546249
1100 0.0846823 0.00690752
1200 0.081422 0.00845953
1300 0.0790906 0.010086
1400 0.0774761 0.0117542
1500 0.0763862 0.0134328
1600 0.0757456 0.0150926
1700 0.0755125 0.0167072
1800 0.0753987 0.0182532
1900 0.0752504 0.0197105
2000 0.0749894 0.0210618
2100 0.0745797 0.0222931
2200 0.0740103 0.0233929
2300 0.0732838 0.0243522
2400 0.0724091 0.0251648
2500 0.0713968 0.0258264
2600 0.0702556 0.0263352
2700 0.0689919 0.0266915
2800 0.06761 0.026898
2900 0.0661139 0.0269594
3000 0.0645086 0.0268825
3100 0.0628017 0.0266759
3200 0.0610037 0.02635
3300 0.0591284 0.0259166
3400 0.0571919 0.0253884
3500 0.0552115 0.0247788
3600 0.0532052 0.0241013
3700 0.0511899 0.0233694
3800 0.0491809 0.0225958
3900 0.0471912 0.0217927
4000 0.0452312 0.0209708
4100 0.0433083 0.0201399
4200 0.0414273 0.0193084
4300 0.0395906 0.0184835
4400 0.037799 0.0176711
4500 0.0360517 0.016876
4600 0.0343472 0.0161016
4700 0.0326839 0.0153509
4800 0.0310597 0.0146255
4900 0.0294729 0.0139264
5000 0.027922 0.0132536
5100 0.0264055 0.0126066
5200 0.0249223 0.0119838
5300 0.0234709 0.011383
5400 0.0220502 0.0108011
5500 0.0206586 0.0102345
5600 0.0192947 0.00967895
5700 0.017957 0.00913001
5800 0.0166444 0.00858333
5900 0.0153563 0.0080352
6000 0.0140938 0.00748329
6100 0.0128596 0.00692735
6200 0.0116591 0.0063699
6300 0.0105001 0.00581652
6400 0.00939298 0.00527556
6500 0.00834918 0.004757
6600 0.0073795 0.00427078
6700 0.00649231 0.00382492
6800 0.00569224 0.00342427
6900 0.00497995 0.00307022
7000 0.0043528 0.00276134
7100 0.00380619 0.00249466
7200 0.00333502 0.00226711
7300 0.00293524 0.00207697
7400 0.00260585 0.0019258
7500 0.00235088 0.00182039
7600 0.00213972 0.00173302
7700 0.00195581 0.00165
7800 0.00179514 0.00157022
7900 0.00165369 0.00149243
8000 0.00152736 0.00141516
8100 0.0014124 0.00133712
8200 0.00130633 0.00125803
8300 0.00120987 0.0011806
8400 0.00112944 0.001113
8500 0.00107716 0.00106884
8600 0.00106016 0.00105655
8700 0.00105505 0.00105381
8800 0.000995831 0.000995558
8900 0.000881755 0.000881733
9000 0.00401596 0.00401596
