0	 0	1	0	0	1
100	 0	9.66582e-05	0	0	1
100	 0	0.223588	0	0	1
100	 -1	1.82055e-13	3.09695e-15	5.10332	1
100	 1	4.21127e-10	3.31248e-18	2.35972e-06	1
100	 -2	3.4457e-38	0	0	1
100	 2	7.97054e-35	5.78932e-18	3.6317e+19	1
100	 -3	6.27039e-80	0	0	1
100	 3	1.45046e-76	0	0	1
100	 -4	6.9649e-138	0	0	1
100	 4	1.61111e-134	0	0	1
100	 -5	7.43837e-213	0	0	1
100	 5	1.72063e-209	0	0	1
200	 0	0.000150163	3.91264e-24	0	1
200	 0	0.257365	5.87637e-27	0	1
200	 -1	4.85376e-07	4.19981e-14	2.55302e-05	1
200	 1	0.000831889	4.21766e-17	1.48349e-11	1
200	 -2	4.52737e-13	5.60368e-22	0	1
200	 2	7.75948e-10	9.39552e-17	5.97081e-05	1
200	 -3	1.17585e-23	7.5284e-31	0	1
200	 3	2.01529e-20	1.74146e-27	0	1
200	 -4	5.39827e-38	1.10824e-55	0	1
200	 4	9.25214e-35	2.56356e-52	0	1
200	 -5	6.90076e-57	1.65006e-97	0	1
200	 5	1.18273e-53	3.81689e-94	0	1
300	 0	0.0002089	7.72902e-18	0	1
300	 0	0.265294	1.27765e-20	0	1
300	 -1	1.08178e-05	2.05297e-13	5.41499e-06	1
300	 1	0.0137381	2.27078e-16	4.64164e-12	1
300	 -2	2.92581e-08	1.55563e-18	0	1
300	 2	3.71564e-05	4.91577e-16	6.31603e-09	1
300	 -3	4.46798e-13	3.03704e-24	0	1
300	 3	5.67413e-10	3.44008e-21	0	1
300	 -4	2.44966e-19	1.45615e-30	0	1
300	 4	3.11095e-16	2.49567e-27	0	1
300	 -5	7.59585e-28	3.09425e-41	0	1
300	 5	9.64637e-25	5.30326e-38	0	1
400	 0	0.000259147	2.30725e-16	0	1
400	 0	0.243874	4.00915e-19	0	1
400	 -1	4.18224e-05	6.50644e-13	4.27132e-06	1
400	 1	0.0393576	8.45888e-16	5.79897e-12	1
400	 -2	1.88557e-06	4.62746e-17	0	1
400	 2	0.00177444	1.61516e-15	4.18328e-10	1
400	 -3	3.01697e-09	4.94079e-20	0	1
400	 3	2.83916e-06	1.12115e-19	0	1
400	 -4	1.1108e-12	6.79879e-25	0	1
400	 4	1.04534e-09	1.19549e-22	0	1
400	 -5	1.48528e-17	1.43851e-30	0	1
400	 5	1.39774e-14	1.49315e-27	0	1
500	 0	0.000311139	2.55536e-15	0	1
500	 0	0.216993	4.699e-18	0	1
500	 -1	9.31575e-05	1.61853e-12	4.58116e-06	1
500	 1	0.0649695	2.55036e-15	1.02177e-11	1
500	 -2	1.61982e-05	5.15533e-16	0	1
500	 2	0.0112969	4.10978e-15	1.60585e-10	1
500	 -3	2.26332e-07	3.01782e-18	0	1
500	 3	0.000157847	1.36694e-18	0	1
500	 -4	1.70145e-09	2.94739e-21	0	1
500	 4	1.18662e-06	7.63548e-21	0	1
500	 -5	1.09565e-12	8.90893e-25	0	1
500	 5	7.64122e-10	7.4998e-24	0	1
600	 0	0.000375482	1.50144e-14	0	1
600	 0	0.194093	3.06502e-17	0	1
600	 -1	0.000163283	3.44686e-12	5.34263e-06	1
600	 1	0.0844041	6.68305e-15	1.99611e-11	1
600	 -2	6.14156e-05	3.07326e-15	0	1
600	 2	0.0317468	8.89256e-15	1.1864e-10	1
600	 -3	2.84892e-06	4.97844e-17	0	1
600	 3	0.00147266	8.6477e-18	0	1
600	 -4	1.11412e-07	2.03475e-19	0	1
600	 4	5.75909e-05	1.38518e-19	0	1
600	 -5	5.91147e-10	1.0154e-21	0	1
600	 5	3.05575e-07	5.40783e-22	0	1
700	 0	0.000460773	5.99818e-14	0	1
700	 0	0.176569	1.4038e-16	0	1
700	 -1	0.000254759	6.58623e-12	6.28107e-06	1
700	 1	0.0976241	1.58199e-14	3.96975e-11	1
700	 -2	0.00015588	1.25652e-14	0	1
700	 2	0.0597334	1.72017e-14	1.16989e-10	1
700	 -3	1.51945e-05	4.05213e-16	0	1
700	 3	0.00582255	3.70643e-17	0	1
700	 -4	1.62774e-06	3.95625e-18	0	1
700	 4	0.000623753	1.20131e-18	0	1
700	 -5	3.10566e-08	6.23507e-20	0	1
700	 5	1.19009e-05	1.15118e-20	0	1
800	 0	0.000576171	1.85619e-13	0	1
800	 0	0.163714	5.06935e-16	0	1
800	 -1	0.00037473	1.16161e-11	7.23311e-06	1
800	 1	0.106476	3.46284e-14	7.7618e-11	1
800	 -2	0.000317854	4.00815e-14	0	1
800	 2	0.0903155	3.06557e-14	1.32224e-10	1
800	 -3	5.07751e-05	2.11193e-15	0	1
800	 3	0.0144273	1.23467e-16	0	1
800	 -4	1.05759e-05	3.86654e-17	0	1
800	 4	0.00300506	6.56762e-18	0	1
800	 -5	4.67048e-07	1.25273e-18	0	1
800	 5	0.000132708	1.21353e-19	0	1
900	 0	0.000733341	4.79713e-13	0	1
900	 0	0.154556	1.54015e-15	0	1
900	 -1	0.000534761	1.92623e-11	8.07721e-06	1
900	 1	0.112704	7.11668e-14	1.4711e-10	1
900	 -2	0.000570569	1.07336e-13	0	1
900	 2	0.120251	5.13294e-14	1.5938e-10	1
900	 -3	0.000128767	8.15306e-15	0	1
900	 3	0.0271384	3.45443e-16	0	1
900	 -4	4.26173e-05	2.39631e-16	0	1
900	 4	0.00898188	2.64122e-17	0	1
900	 -5	3.36853e-06	1.30891e-17	0	1
900	 5	0.000709939	8.046e-19	0	1
1000	 0	0.000948121	1.0852e-12	0	1
1000	 0	0.148278	4.10122e-15	0	1
1000	 -1	0.000751514	3.04161e-11	8.72784e-06	1
1000	 1	0.11753	1.38773e-13	2.68907e-10	1
1000	 -2	0.000947597	2.52471e-13	0	1
1000	 2	0.148196	8.18588e-14	1.97542e-10	1
1000	 -3	0.000274891	2.54305e-14	0	1
1000	 3	0.0429906	8.51483e-16	0	1
1000	 -4	0.000127273	1.08234e-15	0	1
1000	 4	0.0199044	8.56597e-17	0	1
1000	 -5	1.53258e-05	8.72571e-17	0	1
1000	 5	0.00239683	3.88338e-18	0	1
1100	 0	0.0012424	2.2169e-12	0	1
1100	 0	0.144263	9.84526e-15	0	1
1100	 -1	0.00104833	4.61555e-11	9.13659e-06	1
1100	 1	0.121729	2.58704e-13	4.73613e-10	1
1100	 -2	0.00149816	5.37337e-13	0	1
1100	 2	0.173962	1.2559e-13	2.46976e-10	1
1100	 -3	0.00052451	6.7728e-14	0	1
1100	 3	0.0609044	1.90817e-15	0	1
1100	 -4	0.000312161	3.88511e-15	0	1
1100	 4	0.0362472	2.37543e-16	0	1
1100	 -5	5.14799e-05	4.21786e-16	0	1
1100	 5	0.00597768	1.49355e-17	0	1
1200	 0	0.00164647	4.17924e-12	0	1
1200	 0	0.142059	2.17466e-14	0	1
1200	 -1	0.0014577	6.77672e-11	9.29002e-06	1
1200	 1	0.125771	4.63691e-13	8.04413e-10	1
1200	 -2	0.00229346	1.05629e-12	0	1
1200	 2	0.197881	1.86793e-13	3.08319e-10	1
1200	 -3	0.000927633	1.59803e-13	0	1
1200	 3	0.0800367	3.97376e-15	0	1
1200	 -4	0.00066937	1.17277e-14	0	1
1200	 4	0.0577537	5.85825e-16	0	1
1200	 -5	0.000140484	1.60698e-15	0	1
1200	 5	0.012121	4.85332e-17	0	1
1300	 0	0.00220217	7.38489e-12	0	1
1300	 0	0.14133	4.48819e-14	0	1
1300	 -1	0.00202458	9.67715e-11	9.20348e-06	1
1300	 1	0.129932	8.02538e-13	1.31976e-09	1
1300	 -2	0.00343486	1.94648e-12	0	1
1300	 2	0.220441	2.70979e-13	3.82302e-10	1
1300	 -3	0.00155575	3.42738e-13	0	1
1300	 3	0.099844	7.81251e-15	0	1
1300	 -4	0.00130556	3.0941e-14	0	1
1300	 4	0.0837873	1.32071e-15	0	1
1300	 -5	0.000330957	5.10531e-15	0	1
1300	 5	0.02124	1.38632e-16	0	1
1400	 0	0.00296673	1.23742e-11	0	1
1400	 0	0.141819	8.75704e-14	0	1
1400	 -1	0.00281081	1.34949e-10	8.91261e-06	1
1400	 1	0.134365	1.34584e-12	2.09572e-09	1
1400	 -2	0.00506463	3.39969e-12	0	1
1400	 2	0.242105	3.8536e-13	4.69655e-10	1
1400	 -3	0.00251074	6.80665e-13	0	1
1400	 3	0.120021	1.46718e-14	0	1
1400	 -4	0.0023767	7.33216e-14	0	1
1400	 4	0.113613	2.7765e-15	0	1
1400	 -5	0.000700448	1.4068e-14	0	1
1400	 5	0.0334835	3.57913e-16	0	1
1500	 0	0.00401761	1.98357e-11	0	1
1500	 0	0.143318	1.62998e-13	0	1
1500	 -1	0.00390046	1.84367e-10	8.46459e-06	1
1500	 1	0.139139	2.1928e-12	3.22778e-09	1
1500	 -2	0.00737943	5.67565e-12	0	1
1500	 2	0.263243	5.39515e-13	5.71117e-10	1
1500	 -3	0.00393612	1.26897e-12	0	1
1500	 3	0.140411	2.65541e-14	0	1
1500	 -4	0.00410809	1.59216e-13	0	1
1500	 4	0.146546	5.52394e-15	0	1
1500	 -5	0.00136791	3.45926e-14	0	1
1500	 5	0.0487967	8.5218e-16	0	1
1600	 0	0.00550702	3.06274e-11	0	1
1600	 0	0.146961	2.91479e-13	0	1
1600	 -1	0.00544723	2.47412e-10	7.85029e-06	1
1600	 1	0.145365	3.47898e-12	4.79525e-09	1
1600	 -2	0.0106981	9.11695e-12	0	1
1600	 2	0.28549	7.4634e-13	6.84155e-10	1
1600	 -3	0.00603521	2.24407e-12	0	1
1600	 3	0.161056	4.66304e-14	0	1
1600	 -4	0.0067877	3.21608e-13	0	1
1600	 4	0.181137	1.05167e-14	0	1
1600	 -5	0.00248153	7.75208e-14	0	1
1600	 5	0.0662223	1.89945e-15	0	1
1700	 0	0.0077366	4.57994e-11	0	1
1700	 0	0.154954	5.03524e-13	0	1
1700	 -1	0.00774756	3.26822e-10	7.0406e-06	1
1700	 1	0.155173	5.38466e-12	6.79614e-09	1
1700	 -2	0.0155958	1.41655e-11	0	1
1700	 2	0.312363	1.0234e-12	7.99933e-10	1
1700	 -3	0.00912979	3.79483e-12	0	1
1700	 3	0.182858	7.98601e-14	0	1
1700	 -4	0.0107874	6.11331e-13	0	1
1700	 4	0.216058	1.93222e-14	0	1
1700	 -5	0.00419471	1.60866e-13	0	1
1700	 5	0.0840146	4.00857e-15	0	1
1800	 0	0.0109846	6.66177e-11	0	1
1800	 0	0.165832	8.43912e-13	0	1
1800	 -1	0.0110986	4.25719e-10	6.18517e-06	1
1800	 1	0.167554	8.14329e-12	9.29408e-09	1
1800	 -2	0.0227434	2.13806e-11	0	1
1800	 2	0.343353	1.39477e-12	9.18379e-10	1
1800	 -3	0.0136749	6.17581e-12	0	1
1800	 3	0.206448	1.33908e-13	0	1
1800	 -4	0.0167445	1.10349e-12	0	1
1800	 4	0.252788	3.44797e-14	0	1
1800	 -5	0.00680803	3.12943e-13	0	1
1800	 5	0.102779	8.0792e-15	0	1
1900	 0	0.0156265	9.45901e-11	0	1
1900	 0	0.178817	1.37697e-12	0	1
1900	 -1	0.0158978	5.4765e-10	5.36914e-06	1
1900	 1	0.181921	1.20493e-11	1.23516e-08	1
1900	 -2	0.0330292	3.14593e-11	0	1
1900	 2	0.377959	1.89363e-12	1.04016e-09	1
1900	 -3	0.0202736	9.72229e-12	0	1
1900	 3	0.231994	2.20481e-13	0	1
1900	 -4	0.0255171	1.9052e-12	0	1
1900	 4	0.291996	6.00471e-14	0	1
1900	 -5	0.010738	5.76228e-13	0	1
1900	 5	0.122876	1.56542e-14	0	1
2000	 0	0.0221421	1.31494e-10	0	1
2000	 0	0.193444	2.19323e-12	0	1
2000	 -1	0.0226516	6.96623e-10	4.63527e-06	1
2000	 1	0.197896	1.74649e-11	1.60246e-08	1
2000	 -2	0.0475856	4.52584e-11	0	1
2000	 2	0.415731	2.56566e-12	1.16628e-09	1
2000	 -3	0.0296983	1.48675e-11	0	1
2000	 3	0.259459	3.57259e-13	0	1
2000	 -4	0.0382174	3.1646e-12	0	1
2000	 4	0.333886	1.02425e-13	0	1
2000	 -5	0.0165345	1.012e-12	0	1
2000	 5	0.144454	2.93087e-14	0	1
2100	 0	0.0311038	1.79406e-10	0	1
2100	 0	0.20937	3.4177e-12	0	1
2100	 -1	0.0319664	8.77161e-10	4.00119e-06	1
2100	 1	0.215177	2.48237e-11	2.03598e-08	1
2100	 -2	0.0677753	6.38195e-11	0	1
2100	 2	0.456218	3.47367e-12	1.29798e-09	1
2100	 -3	0.0428873	2.21619e-11	0	1
2100	 3	0.288688	5.70627e-13	0	1
2100	 -4	0.0562161	5.08145e-12	0	1
2100	 4	0.378409	1.7158e-13	0	1
2100	 -5	0.0248883	1.70579e-12	0	1
2100	 5	0.167531	5.3241e-14	0	1
2200	 0	0.0431451	2.40739e-10	0	1
2200	 0	0.226334	5.21981e-12	0	1
2200	 -1	0.0445157	1.09434e-09	3.46938e-06	1
2200	 1	0.233524	3.46333e-11	2.53872e-08	1
2200	 -2	0.0951246	8.83966e-11	0	1
2200	 2	0.499011	4.70357e-12	1.43654e-09	1
2200	 -3	0.060905	3.22955e-11	0	1
2200	 3	0.3195	8.9952e-13	0	1
2200	 -4	0.0810941	7.91928e-12	0	1
2200	 4	0.425409	2.82834e-13	0	1
2200	 -5	0.0366125	2.7738e-12	0	1
2200	 5	0.192065	9.41535e-14	0	1
2300	 0	0.0589051	3.18275e-10	0	1
2300	 0	0.244186	7.82505e-12	0	1
2300	 -1	0.0609829	1.35386e-09	3.0336e-06	1
2300	 1	0.2528	4.74725e-11	3.11059e-08	1
2300	 -2	0.131199	1.20487e-10	0	1
2300	 2	0.543877	6.37219e-12	1.58281e-09	1
2300	 -3	0.0848613	4.61222e-11	0	1
2300	 3	0.351786	1.40071e-12	0	1
2300	 -4	0.114535	1.20192e-11	0	1
2300	 4	0.474794	4.5945e-13	0	1
2300	 -5	0.0525946	4.37016e-12	0	1
2300	 5	0.218027	1.62545e-13	0	1
2400	 0	0.0789603	4.15207e-10	0	1
2400	 0	0.262952	1.15285e-11	0	1
2400	 -1	0.0819893	1.66209e-09	2.68306e-06	1
2400	 1	0.273039	6.39871e-11	3.74619e-08	1
2400	 -2	0.177447	1.61865e-10	0	1
2400	 2	0.59093	8.63715e-12	1.73666e-09	1
2400	 -3	0.115805	6.46877e-11	0	1
2400	 3	0.38565	2.15599e-12	0	1
2400	 -4	0.158171	1.78156e-11	0	1
2400	 4	0.526738	7.36283e-13	0	1
2400	 -5	0.0737221	6.69539e-12	0	1
2400	 5	0.245508	2.74569e-13	0	1
2500	 0	0.103766	5.35186e-10	0	1
2500	 0	0.282892	1.67098e-11	0	1
2500	 -1	0.108032	2.02615e-09	2.40514e-06	1
2500	 1	0.294522	8.48824e-11	4.43223e-08	1
2500	 -2	0.235051	2.14619e-10	0	1
2500	 2	0.640806	1.17094e-11	1.89642e-09	1
2500	 -3	0.154621	8.92601e-11	0	1
2500	 3	0.421534	3.28177e-12	0	1
2500	 -4	0.213435	2.58541e-11	0	1
2500	 4	0.581875	1.16486e-12	0	1
2500	 -5	0.100805	1.00059e-11	0	1
2500	 5	0.27482	4.54659e-13	0	1
2600	 0	0.133635	6.82368e-10	0	1
2600	 0	0.304531	2.385e-11	0	1
2600	 -1	0.139459	2.45395e-09	2.18711e-06	1
2600	 1	0.317805	1.10915e-10	5.14527e-08	1
2600	 -2	0.304874	2.81195e-10	0	1
2600	 2	0.694756	1.58684e-11	2.05857e-09	1
2600	 -3	0.201985	1.21364e-10	0	1
2600	 3	0.46029	4.94161e-12	0	1
2600	 -4	0.281477	3.68112e-11	0	1
2600	 4	0.641438	1.82027e-12	0	1
2600	 -5	0.134529	1.46246e-11	0	1
2600	 5	0.30657	7.39146e-13	0	1
2700	 0	0.168765	8.61465e-10	0	1
2700	 0	0.32865	3.35496e-11	0	1
2700	 -1	0.1765	2.95431e-09	2.0171e-06	1
2700	 1	0.343712	1.42886e-10	5.85148e-08	1
2700	 -2	0.387509	3.64441e-10	0	1
2700	 2	0.754629	2.14815e-11	2.21789e-09	1
2700	 -3	0.258393	1.62819e-10	0	1
2700	 3	0.50319	7.36241e-12	0	1
2700	 -4	0.363192	5.15164e-11	0	1
2700	 4	0.707274	2.81041e-12	0	1
2700	 -5	0.17546	2.09531e-11	0	1
2700	 5	0.341687	1.18114e-12	0	1
2800	 0	0.209316	1.07781e-09	0	1
2800	 0	0.356222	4.65479e-11	0	1
2800	 -1	0.219339	3.53704e-09	1.88459e-06	1
2800	 1	0.373279	1.8164e-10	6.50917e-08	1
2800	 -2	0.483452	4.67654e-10	0	1
2800	 2	0.822758	2.9026e-11	2.36812e-09	1
2800	 -3	0.324268	2.15779e-10	0	1
2800	 3	0.551851	1.08547e-11	0	1
2800	 -4	0.459368	7.0977e-11	0	1
2800	 4	0.78177	4.28791e-12	0	1
2800	 -5	0.224106	2.94851e-11	0	1
2800	 5	0.381393	1.85697e-12	0	1
2900	 0	0.255502	1.33741e-09	0	1
2900	 0	0.388347	6.37439e-11	0	1
2900	 -1	0.268217	4.213e-09	1.78068e-06	1
2900	 1	0.407673	2.2807e-10	7.07425e-08	1
2900	 -2	0.593314	5.94639e-10	0	1
2900	 2	0.901799	3.91166e-11	2.503e-09	1
2900	 -3	0.400105	2.82784e-10	0	1
2900	 3	0.608133	1.58377e-11	0	1
2900	 -4	0.570887	9.6406e-11	0	1
2900	 4	0.867711	6.46544e-12	0	1
2900	 -5	0.281023	4.08214e-11	0	1
2900	 5	0.427137	2.87449e-12	0	1
3000	 0	0.307677	1.64702e-09	0	1
3000	 0	0.426187	8.62191e-11	0	1
3000	 -1	0.323523	4.99425e-09	1.69798e-06	1
3000	 1	0.448137	2.83138e-10	7.50701e-08	1
3000	 -2	0.718027	7.49771e-10	0	1
3000	 2	0.994595	5.25371e-11	2.61738e-09	1
3000	 -3	0.486616	3.66804e-10	0	1
3000	 3	0.674049	2.28704e-11	0	1
3000	 -4	0.698937	1.29252e-10	0	1
3000	 4	0.968152	9.63485e-12	0	1
3000	 -5	0.346916	5.56866e-11	0	1
3000	 5	0.48054	4.3836e-12	0	1
3100	 0	0.366392	2.01424e-09	0	1
3100	 0	0.47094	1.15262e-10	0	1
3100	 -1	0.385853	5.89411e-09	1.63057e-06	1
3100	 1	0.495955	3.47909e-10	7.77828e-08	1
3100	 -2	0.858993	9.38054e-10	0	1
3100	 2	1.1041	7.02773e-11	2.70786e-09	1.22704
3100	 -3	0.584834	4.71301e-10	0	1
3100	 3	0.751714	3.26874e-11	0	1
3100	 -4	0.845177	1.71235e-10	0	1
3100	 4	1.08634	1.41906e-11	0	1
3100	 -5	0.42273	7.49484e-11	0	1
3100	 5	0.543354	6.58923e-12	0	1
3200	 0	0.432432	2.44756e-09	0	1
3200	 0	0.523844	1.52398e-10	0	1
3200	 -1	0.456051	6.92735e-09	1.57383e-06	1
3200	 1	0.552456	4.23614e-10	7.87308e-08	1
3200	 -2	1.01817	1.16521e-09	0	1
3200	 2	1.2334	9.35763e-11	2.77308e-09	1.29468
3200	 -3	0.696179	6.00293e-10	0	1
3200	 3	0.843344	4.62432e-11	0	1
3200	 -4	1.01184	2.24383e-10	0	1
3200	 4	1.22574	2.0658e-11	0	1
3200	 -5	0.509713	9.96388e-11	0	1
3200	 5	0.617461	9.76721e-12	0	1
3300	 0	0.506828	2.95648e-09	0	1
3300	 0	0.586198	1.99424e-10	0	1
3300	 -1	0.535223	8.11026e-09	1.52418e-06	1
3300	 1	0.619039	5.11727e-10	7.79136e-08	1
3300	 -2	1.19811	1.43774e-09	0	1
3300	 2	1.38574	1.23973e-10	2.81341e-09	1.36535
3300	 -3	0.822495	7.58423e-10	0	1
3300	 3	0.951299	6.47621e-11	0	1
3300	 -4	1.20182	2.91078e-10	0	1
3300	 4	1.39003	2.9727e-11	0	1
3300	 -5	0.609458	1.30978e-10	0	1
3300	 5	0.7049	1.42833e-11	0	1
3400	 0	0.590863	3.55163e-09	0	1
3400	 0	0.659411	2.58449e-10	0	1
3400	 -1	0.624744	9.46088e-09	1.47898e-06	1
3400	 1	0.697223	6.14079e-10	7.54631e-08	1
3400	 -2	1.402	1.76304e-09	0	1
3400	 2	1.56465	1.63363e-10	2.83051e-09	1.43864
3400	 -3	0.966074	9.51041e-10	0	1
3400	 3	1.07815	8.97976e-11	0	1
3400	 -4	1.41868	3.74106e-10	0	1
3400	 4	1.58326	4.22922e-11	0	1
3400	 -5	0.723932	1.70404e-10	0	1
3400	 5	0.807918	2.06159e-11	0	1
3500	 0	0.686078	4.24486e-09	0	1
3500	 0	0.745042	3.31953e-10	0	1
3500	 -1	0.72627	1.09991e-08	1.4363e-06	1
3500	 1	0.788689	7.33003e-10	7.16126e-08	1
3500	 -2	1.63367	2.1495e-09	0	1
3500	 2	1.77407	2.14068e-10	2.8268e-09	1.51414
3500	 -3	1.12967	1.1843e-09	0	1
3500	 3	1.22676	1.233e-10	0	1
3500	 -4	1.66672	4.76711e-10	0	1
3500	 4	1.80997	5.94985e-11	0	1
3500	 -5	0.855507	2.196e-10	0	1
3500	 5	0.929034	2.93825e-11	0	1
3600	 0	0.794287	5.04937e-09	0	1
3600	 0	0.844859	4.22854e-10	0	1
3600	 -1	0.841749	1.27469e-08	1.39479e-06	1
3600	 1	0.895343	8.71509e-10	6.66605e-08	1
3600	 -2	1.89761	2.60664e-09	0	1
3600	 2	2.01843	2.78917e-10	2.80503e-09	1.59148
3600	 -3	1.31655	1.46525e-09	0	1
3600	 3	1.40037	1.67698e-10	0	1
3600	 -4	1.95105	6.02663e-10	0	1
3600	 4	2.07527	8.27958e-11	0	1
3600	 -5	1.007	2.80535e-10	0	1
3600	 5	1.07111	4.13703e-11	0	1
3700	 0	0.917601	5.97991e-09	0	1
3700	 0	0.960882	5.346e-10	0	1
3700	 -1	0.973447	1.47286e-08	1.35355e-06	1
3700	 1	1.01936	1.0335e-09	6.09372e-08	1.17795
3700	 -2	2.1991	3.14519e-09	0	1
3700	 2	2.30282	3.61336e-10	2.76793e-09	1.67033
3700	 -3	1.5305	1.80197e-09	0	1
3700	 3	1.60269	2.25984e-10	0	1
3700	 -4	2.27761	7.56333e-10	0	1
3700	 4	2.38504	1.14e-10	0	1
3700	 -5	1.1817	3.55504e-10	0	1
3700	 5	1.23744	5.75729e-11	0	1
3800	 0	1.05845	7.0529e-09	0	1
3800	 0	1.09544	6.71286e-10	0	1
3800	 -1	1.12398	1.6971e-08	1.31203e-06	1.23798
3800	 1	1.16326	1.224e-09	5.47762e-08	1.25898
3800	 -2	2.5442	3.77732e-09	0	1
3800	 2	2.6331	4.65466e-10	2.7181e-09	1.75045
3800	 -3	1.77595	2.20372e-09	0	1
3800	 3	1.838	3.01828e-10	0	1
3800	 -4	2.65334	9.42777e-10	0	1
3800	 4	2.74605	1.55368e-10	0	1
3800	 -5	1.38347	4.47178e-10	0	1
3800	 5	1.43181	7.92309e-11	0	1
3900	 0	1.21965	8.28664e-09	0	1
3900	 0	1.25122	8.37801e-10	0	1
3900	 -1	1.29638	1.95038e-08	1.26991e-06	1.32495
3900	 1	1.32994	1.44949e-09	4.84919e-08	1.34046
3900	 -2	2.93994	4.51679e-09	0	1
3900	 2	3.01604	5.96293e-10	2.65786e-09	1.83161
3900	 -3	2.05798	2.68104e-09	0	1
3900	 3	2.11125	3.99693e-10	0	1
3900	 -4	3.08627	1.16784e-09	0	1
3900	 4	3.16616	2.09674e-10	0	1
3900	 -5	1.61677	5.58655e-10	0	1
3900	 5	1.65863	1.0788e-10	0	1
4000	 0	1.40442	9.70156e-09	0	1
4000	 0	1.43136	1.04001e-09	0	1
4000	 -1	1.49411	2.23599e-08	1.22707e-06	1.41084
4000	 1	1.52276	1.7182e-09	4.23648e-08	1.42229
4000	 -2	3.39441	5.37912e-09	0	1
4000	 2	3.4595	7.59806e-10	2.58926e-09	1.91359
4000	 -3	2.38248	3.24601e-09	0	1
4000	 3	2.42817	5.24985e-10	0	1
4000	 -4	3.5857	1.43826e-09	0	1
4000	 4	3.65446	2.80313e-10	0	1
4000	 -5	1.88681	6.93532e-10	0	1
4000	 5	1.92299	1.45407e-10	0	1
4100	 0	1.61648	1.13204e-08	0	1
4100	 0	1.63944	1.28496e-09	0	1
4100	 -1	1.72117	2.55755e-08	1.18353e-06	1.49597
4100	 1	1.74562	2.0405e-09	3.66322e-08	1.50444
4100	 -2	3.91691	6.38189e-09	0	1
4100	 2	3.97256	9.63191e-10	2.51408e-09	1.99617
4100	 -3	2.75624	3.9124e-09	0	1
4100	 3	2.7954	6.84218e-10	0	1
4100	 -4	4.16237	1.76182e-09	0	1
4100	 4	4.2215	3.71408e-10	0	1
4100	 -5	2.19959	8.55974e-10	0	1
4100	 5	2.23084	1.94112e-10	0	1
4200	 0	1.86009	1.31687e-08	0	1
4200	 0	1.87966	1.5812e-09	0	1
4200	 -1	1.98216	2.91912e-08	1.13938e-06	1.58062
4200	 1	2.00302	2.42939e-09	3.14837e-08	1.58689
4200	 -2	4.5182	7.54496e-09	0	1
4200	 2	4.56575	1.21505e-09	2.43383e-09	2.07911
4200	 -3	3.18711	4.69595e-09	0	1
4200	 3	3.22065	8.85213e-10	0	1
4200	 -4	4.82871	2.14749e-09	0	1
4200	 4	4.87953	4.87936e-10	0	1
4200	 -5	2.5621	1.0508e-09	0	1
4200	 5	2.58906	2.56783e-10	0	1
4300	 0	2.14017	1.52748e-08	0	1
4300	 0	2.15685	1.93903e-09	0	1
4300	 -1	2.2824	3.32515e-08	1.09477e-06	1.66501
4300	 1	2.30019	2.90097e-09	2.7062e-08	1.66965
4300	 -2	5.21065	8.8908e-09	0	1
4300	 2	5.25127	1.52568e-09	2.34984e-09	2.16207
4300	 -3	3.68413	5.6146e-09	0	1
4300	 3	3.71285	1.13733e-09	0	1
4300	 -4	5.59909	2.60559e-09	0	1
4300	 4	5.64275	6.35886e-10	0	1
4300	 -5	2.98242	1.2836e-09	0	1
4300	 5	3.00567	3.36785e-10	0	1
4400	 0	2.46239	1.76705e-08	0	1
4400	 0	2.47661	2.37092e-09	0	1
4400	 -1	2.62798	3.78062e-08	1.04991e-06	1.74929
4400	 1	2.64316	3.47509e-09	2.34657e-08	1.75273
4400	 -2	6.00854	1.04448e-08	0	1
4400	 2	6.04324	1.90736e-09	2.2632e-09	2.24468
4400	 -3	4.25775	6.68888e-09	0	1
4400	 3	4.28235	1.45174e-09	0	1
4400	 -4	6.49015	3.14803e-09	0	1
4400	 4	6.52764	8.22429e-10	0	1
4400	 -5	3.46992	1.56082e-09	0	1
4400	 5	3.48996	4.38156e-10	0	1
4500	 0	2.83328	2.03914e-08	0	1
4500	 0	2.8454	2.89194e-09	0	1
4500	 -1	3.02597	4.29107e-08	1.005e-06	1.83357
4500	 1	3.03892	4.17603e-09	2.07544e-08	1.83612
4500	 -2	6.92835	1.22358e-08	0	1
4500	 2	6.958	2.37476e-09	2.17488e-09	2.32644
4500	 -3	4.92006	7.94219e-09	0	1
4500	 3	4.94111	1.84176e-09	0	1
4500	 -4	7.52112	3.78852e-09	0	1
4500	 4	7.5533	1.05613e-09	0	1
4500	 -5	4.03548	1.88993e-09	0	1
4500	 5	4.05274	5.65727e-10	0	1
4600	 0	3.26037	2.34773e-08	0	1
4600	 0	3.2707	3.52028e-09	0	1
4600	 -1	3.48449	4.86265e-08	9.60231e-07	1.91789
4600	 1	3.49553	5.03336e-09	1.89548e-08	1.91978
4600	 -2	7.98911	1.42964e-08	0	1
4600	 2	8.01444	2.94535e-09	2.08569e-09	2.40674
4600	 -3	5.685	9.40129e-09	0	1
4600	 3	5.70302	2.32322e-09	0	1
4600	 -4	8.71427	4.54284e-09	0	1
4600	 4	8.74189	1.34717e-09	0	1
4600	 -5	4.69169	2.27954e-09	0	1
4600	 5	4.70656	7.2526e-10	0	1
4700	 0	3.75234	2.6973e-08	0	1
4700	 0	3.76115	4.27783e-09	0	1
4700	 -1	4.01292	5.50223e-08	9.15822e-07	2.0022
4700	 1	4.02234	6.0829e-09	1.80661e-08	2.0036
4700	 -2	9.21279	1.66635e-08	0	1
4700	 2	9.23443	3.63993e-09	1.99633e-09	2.48487
4700	 -3	6.56871	1.10967e-08	0	1
4700	 3	6.58413	2.9149e-09	0	1
4700	 -4	10.0954	5.42918e-09	0	1
4700	 4	10.1191	1.70768e-09	0	1
4700	 -5	5.45318	2.73963e-09	0	1
4700	 5	5.46598	9.23608e-10	0	1
4800	 0	4.31922	3.09286e-08	0	1
4800	 0	4.32674	5.19086e-09	0	1
4800	 -1	4.62209	6.21748e-08	8.71957e-07	2.0864
4800	 1	4.63013	7.36785e-09	1.80652e-08	2.08743
4800	 -2	10.6248	1.93791e-08	0	1
4800	 2	10.6433	4.48321e-09	1.9074e-09	2.56001
4800	 -3	7.58984	1.30635e-08	0	1
4800	 3	7.60305	3.63909e-09	0	1
4800	 -4	11.6943	6.46847e-09	0	1
4800	 4	11.7147	2.15203e-09	0	1
4800	 -5	6.33689	3.28172e-09	0	1
4800	 5	6.34792	1.16891e-09	0	1
4900	 0	4.97259	3.54004e-08	0	1
4900	 0	4.979	6.29084e-09	0	1
4900	 -1	5.32452	7.01698e-08	8.28809e-07	2.17026
4900	 1	5.33138	8.94009e-09	1.891e-08	2.17102
4900	 -2	12.2544	2.24908e-08	0	1
4900	 2	12.2702	5.50454e-09	1.81938e-09	2.63125
4900	 -3	8.76998	1.53415e-08	0	1
4900	 3	8.78128	4.52217e-09	0	1
4900	 -4	13.5457	7.68483e-09	0	1
4900	 4	13.5631	2.69721e-09	0	1
4900	 -5	7.36251	3.91911e-09	0	1
4900	 5	7.372	1.47081e-09	0	1
5000	 0	5.7258	4.0452e-08	0	1
5000	 0	5.73127	7.61536e-09	0	1
5000	 -1	6.13464	7.91033e-08	7.86534e-07	2.25345
5000	 1	6.1405	1.08616e-08	2.05417e-08	2.25401
5000	 -2	14.1355	2.60525e-08	0	1
5000	 2	14.149	6.73867e-09	1.73272e-09	2.69765
5000	 -3	10.1341	1.79764e-08	0	1
5000	 3	10.1438	5.59534e-09	0	1
5000	 -4	15.6895	9.10601e-09	0	1
5000	 4	15.7044	3.36337e-09	0	1
5000	 -5	8.55283	4.66718e-09	0	1
5000	 5	8.561	1.84073e-09	0	1
5100	 0	6.59427	4.61548e-08	0	1
5100	 0	6.59894	9.20919e-09	0	1
5100	 -1	7.06914	8.90828e-08	7.45267e-07	2.33554
5100	 1	7.07414	1.32063e-08	2.28858e-08	2.33594
5100	 -2	16.3073	3.01257e-08	0	1
5100	 2	16.3188	8.22678e-09	1.64776e-09	2.75828
5100	 -3	11.711	2.10205e-08	0	1
5100	 3	11.7193	6.89548e-09	0	1
5100	 -4	18.1721	1.0764e-08	0	1
5100	 4	18.1849	4.17429e-09	0	1
5100	 -5	9.93433	5.54367e-09	0	1
5100	 5	9.94136	2.29216e-09	0	1
5200	 0	7.59583	5.25892e-08	0	1
5200	 0	7.59981	1.11256e-08	0	1
5200	 -1	8.14729	1.00229e-07	7.05122e-07	2.41594
5200	 1	8.15156	1.60615e-08	2.58526e-08	2.41623
5200	 -2	18.815	3.47803e-08	0	1
5200	 2	18.8248	1.00175e-08	1.5648e-09	2.81232
5200	 -3	13.5342	2.45336e-08	0	1
5200	 3	13.5413	8.46614e-09	0	1
5200	 -4	21.0472	1.26956e-08	0	1
5200	 4	21.0582	5.15804e-09	0	1
5200	 -5	11.5377	6.5691e-09	0	1
5200	 5	11.5438	2.84104e-09	0	1
5300	 0	8.75105	5.98461e-08	0	1
5300	 0	8.75444	1.34276e-08	0	1
5300	 -1	9.39135	1.12678e-07	6.66197e-07	2.49397
5300	 1	9.395	1.95301e-08	2.93367e-08	2.49418
5300	 -2	21.711	4.00956e-08	0	1
5300	 2	21.7194	1.21684e-08	1.48409e-09	2.85911
5300	 -3	15.6422	2.85842e-08	0	1
5300	 3	15.6483	1.03586e-08	0	1
5300	 -4	24.3771	1.49433e-08	0	1
5300	 4	24.3866	6.34774e-09	0	1
5300	 -5	13.3986	7.76714e-09	0	1
5300	 5	13.4038	3.50619e-09	0	1
5400	 0	10.0837	6.80281e-08	0	1
5400	 0	10.0866	1.61901e-08	0	1
5400	 -1	10.8271	1.26582e-07	6.28568e-07	2.56881
5400	 1	10.8302	2.37329e-08	3.32177e-08	2.56896
5400	 -2	25.0558	4.61621e-08	0	1
5400	 2	25.063	1.47472e-08	1.4058e-09	2.89828
5400	 -3	18.0799	3.32507e-08	0	1
5400	 3	18.0851	1.26335e-08	0	1
5400	 -4	28.234	1.75559e-08	0	1
5400	 4	28.2421	7.78241e-09	0	1
5400	 -5	15.5584	9.16514e-09	0	1
5400	 5	15.5628	4.30977e-09	0	1
5500	 0	11.6212	7.7251e-08	0	1
5500	 0	11.6237	1.95011e-08	0	1
5500	 -1	12.4842	1.42113e-07	5.92297e-07	2.63959
5500	 1	12.4868	2.88103e-08	3.73611e-08	2.63969
5500	 -2	28.9193	5.30828e-08	0	1
5500	 2	28.9255	1.78337e-08	1.33011e-09	2.92979
5500	 -3	20.8989	3.86231e-08	0	1
5500	 3	20.9034	1.53619e-08	0	1
5500	 -4	32.7012	2.05897e-08	0	1
5500	 4	32.7082	9.50799e-09	0	1
5500	 -5	18.0649	1.07947e-08	0	1
5500	 5	18.0688	5.27792e-09	0	1
5600	 0	13.3954	8.7646e-08	0	1
5600	 0	13.3975	2.34646e-08	0	1
5600	 -1	14.397	1.59465e-07	5.57426e-07	2.70536
5600	 1	14.3993	3.49253e-08	4.16204e-08	2.70543
5600	 -2	33.3825	6.09753e-08	0	1
5600	 2	33.3878	2.15218e-08	1.25711e-09	2.954
5600	 -3	24.1592	4.48041e-08	0	1
5600	 3	24.1631	1.86276e-08	0	1
5600	 -4	37.8757	2.41096e-08	0	1
5600	 4	37.8817	1.15786e-08	0	1
5600	 -5	20.9739	1.26922e-08	0	1
5600	 5	20.9772	6.44138e-09	0	1
5700	 0	15.4428	9.9362e-08	0	1
5700	 0	15.4446	2.82027e-08	0	1
5700	 -1	16.6053	1.78857e-07	5.23987e-07	2.76524
5700	 1	16.6072	4.22656e-08	4.58416e-08	2.76528
5700	 -2	38.539	6.99734e-08	0	1
5700	 2	38.5435	2.59219e-08	1.18688e-09	2.97162
5700	 -3	27.9302	5.19121e-08	0	1
5700	 3	27.9334	2.25291e-08	0	1
5700	 -4	43.8695	2.81903e-08	0	1
5700	 4	43.8746	1.40577e-08	0	1
5700	 -5	24.3499	1.48999e-08	0	1
5700	 5	24.3528	7.83631e-09	0	1
5800	 0	17.8059	1.12567e-07	0	1
5800	 0	17.8074	3.38585e-08	0	1
5800	 -1	19.1549	2.00536e-07	4.91995e-07	2.81841
5800	 1	19.1566	5.10465e-08	4.98678e-08	2.81844
5800	 -2	44.4968	8.02302e-08	0	1
5800	 2	44.5007	3.11634e-08	1.11949e-09	2.98367
5800	 -3	32.2919	6.00825e-08	0	1
5800	 3	32.2947	2.71818e-08	0	1
5800	 -4	50.8126	3.2918e-08	0	1
5800	 4	50.817	1.702e-08	0	1
5800	 -5	28.2678	1.74665e-08	0	1
5800	 5	28.2703	9.50524e-09	0	1
5900	 0	20.5336	1.27453e-07	0	1
5900	 0	20.5349	4.05992e-08	0	1
5900	 -1	22.099	2.24783e-07	4.61456e-07	2.86426
5900	 1	22.1004	6.1514e-08	5.35462e-08	2.86428
5900	 -2	51.3812	9.19206e-08	0	1
5900	 2	51.3845	3.73977e-08	1.05495e-09	2.99133
5900	 -3	37.3373	6.94708e-08	0	1
5900	 3	37.3397	3.27213e-08	0	1
5900	 -4	58.8556	3.83921e-08	0	1
5900	 4	58.8594	2.05531e-08	0	1
5900	 -5	32.8145	2.04481e-08	0	1
5900	 5	32.8166	1.14981e-08	0	1
6000	 0	23.6824	1.44238e-07	0	1
6000	 0	23.6836	4.86197e-08	0	1
6000	 -1	25.4989	2.51916e-07	4.32364e-07	2.90247
6000	 1	25.5001	7.3948e-08	5.6735e-08	2.90248
6000	 -2	59.3369	1.05244e-07	0	1
6000	 2	59.3397	4.48022e-08	9.93267e-10	2.9958
6000	 -3	43.174	8.02557e-08	0	1
6000	 3	43.1761	3.93062e-08	0	1
6000	 -4	68.1728	4.47272e-08	0	1
6000	 4	68.1761	2.47599e-08	0	1
6000	 -5	38.0908	2.39098e-08	0	1
6000	 5	38.0926	1.38734e-08	0	1
6100	 0	27.3179	1.63168e-07	0	1
6100	 0	27.3189	5.81462e-08	0	1
6100	 -1	29.4254	2.82295e-07	4.04704e-07	2.93306
6100	 1	29.4265	8.86659e-08	5.93111e-08	2.93306
6100	 -2	68.5313	1.2043e-07	0	1
6100	 2	68.5337	5.35838e-08	9.34425e-10	2.99818
6100	 -3	49.9263	9.26426e-08	0	1
6100	 3	49.9281	4.71222e-08	0	1
6100	 -4	78.9665	5.20556e-08	0	1
6100	 4	78.9693	2.97607e-08	0	1
6100	 -5	44.2137	2.79267e-08	0	1
6100	 5	44.2153	1.66999e-08	0	1
6200	 0	31.5156	1.84526e-07	0	1
6200	 0	31.5164	6.94408e-08	0	1
6200	 -1	33.9607	3.1633e-07	3.78456e-07	2.95641
6200	 1	33.9616	1.06028e-07	6.11764e-08	2.95642
6200	 -2	79.158	1.3774e-07	0	1
6200	 2	79.1601	6.39835e-08	8.7839e-10	2.9993
6200	 -3	57.7383	1.06868e-07	0	1
6200	 3	57.7399	5.63864e-08	0	1
6200	 -4	91.4708	6.05302e-08	0	1
6200	 4	91.4731	3.56966e-08	0	1
6200	 -5	51.3189	3.25858e-08	0	1
6200	 5	51.3202	2.0058e-08	0	1
6300	 0	36.3628	2.08633e-07	0	1
6300	 0	36.3635	8.2806e-08	0	1
6300	 -1	39.1995	3.54488e-07	3.5359e-07	2.9733
6300	 1	39.2002	1.26443e-07	6.22638e-08	2.9733
6300	 -2	91.4412	1.57475e-07	0	1
6300	 2	91.4429	7.62819e-08	8.25117e-10	2.99977
6300	 -3	66.7768	1.23202e-07	0	1
6300	 3	66.7781	6.73522e-08	0	1
6300	 -4	105.957	7.03272e-08	0	1
6300	 4	105.959	4.27326e-08	0	1
6300	 -5	59.5639	3.79877e-08	0	1
6300	 5	59.565	2.4042e-08	0	1
6400	 0	41.9606	2.35856e-07	0	1
6400	 0	41.9612	9.85897e-08	0	1
6400	 -1	45.2514	3.97299e-07	3.30072e-07	2.98476
6400	 1	45.2521	1.50372e-07	6.25401e-08	2.98476
6400	 -2	105.64	1.79978e-07	0	1
6400	 2	105.641	9.08049e-08	7.74548e-10	2.99993
6400	 -3	77.2348	1.4196e-07	0	1
6400	 3	77.236	8.03152e-08	0	1
6400	 -4	122.74	8.16506e-08	0	1
6400	 4	122.742	5.10615e-08	0	1
6400	 -5	69.1313	4.42486e-08	0	1
6400	 5	69.1323	2.87622e-08	0	1
6500	 0	48.4258	2.66614e-07	0	1
6500	 0	48.4264	1.17192e-07	0	1
6500	 -1	52.2433	4.45369e-07	3.07864e-07	2.99198
6500	 1	52.2438	1.78344e-07	6.20082e-08	2.99198
6500	 -2	122.054	2.05645e-07	0	1
6500	 2	122.055	1.0793e-07	7.26614e-10	2.99998
6500	 -3	89.3359	1.635e-07	0	1
6500	 3	89.3368	9.56194e-08	0	1
6500	 -4	142.184	9.4736e-08	0	1
6500	 4	142.185	6.09085e-08	0	1
6500	 -5	80.2331	5.15033e-08	0	1
6500	 5	80.2339	3.43473e-08	0	1
6600	 0	55.8935	3.01387e-07	0	1
6600	 0	55.8939	1.3907e-07	0	1
6600	 -1	60.3216	4.9939e-07	2.86924e-07	2.99616
6600	 1	60.3221	2.10956e-07	6.07053e-08	2.99616
6600	 -2	141.03	2.34931e-07	0	1
6600	 2	141.031	1.28094e-07	6.81241e-10	3
6600	 -3	103.339	1.88238e-07	0	1
6600	 3	103.34	1.13665e-07	0	1
6600	 -4	164.711	1.09856e-07	0	1
6600	 4	164.712	7.25363e-08	0	1
6600	 -5	93.1151	5.99079e-08	0	1
6600	 5	93.1159	4.09478e-08	0	1
6700	 0	64.5197	3.40722e-07	0	1
6700	 0	64.52	1.64748e-07	0	1
6700	 -1	69.6561	5.60153e-07	2.67207e-07	2.99835
6700	 1	69.6565	2.48896e-07	5.86999e-08	2.99835
6700	 -2	162.97	2.68358e-07	0	1
6700	 2	162.971	1.51804e-07	6.38346e-10	3
6700	 -3	119.543	2.16653e-07	0	1
6700	 3	119.544	1.34918e-07	0	1
6700	 -4	190.811	1.27325e-07	0	1
6700	 4	190.812	8.62513e-08	0	1
6700	 -5	108.063	6.96429e-08	0	1
6700	 5	108.063	4.87395e-08	0	1
6800	 0	74.4849	3.8525e-07	0	1
6800	 0	74.4852	1.94824e-07	0	1
6800	 -1	80.4427	6.28561e-07	2.48667e-07	2.99938
6800	 1	80.443	2.92951e-07	5.60861e-08	2.99938
6800	 -2	188.338	3.06526e-07	0	1
6800	 2	188.339	1.79641e-07	5.97843e-10	3
6800	 -3	138.295	2.49297e-07	0	1
6800	 3	138.296	1.59916e-07	0	1
6800	 -4	221.051	1.47508e-07	0	1
6800	 4	221.052	1.0241e-07	0	1
6800	 -5	125.407	8.09177e-08	0	1
6800	 5	125.408	5.7927e-08	0	1
6900	 0	85.998	4.35691e-07	0	1
6900	 0	85.9982	2.29983e-07	0	1
6900	 -1	92.9082	7.05652e-07	2.31254e-07	2.9998
6900	 1	92.9085	3.44026e-07	5.2977e-08	2.9998
6900	 -2	217.671	3.50126e-07	0	1
6900	 2	217.672	2.1228e-07	5.59641e-10	3
6900	 -3	159.998	2.86809e-07	0	1
6900	 3	159.998	1.89287e-07	0	1
6900	 -4	256.088	1.70828e-07	0	1
6900	 4	256.089	1.21428e-07	0	1
6900	 -5	145.532	9.39749e-08	0	1
6900	 5	145.532	6.8749e-08	0	1
7000	 0	99.3002	4.92872e-07	0	1
7000	 0	99.3005	2.71005e-07	0	1
7000	 -1	107.315	7.9261e-07	2.14921e-07	2.99994
7000	 1	107.315	4.03167e-07	4.94965e-08	2.99994
7000	 -2	251.592	3.99955e-07	0	1
7000	 2	251.592	2.50497e-07	5.2365e-10	3
7000	 -3	185.115	3.29924e-07	0	1
7000	 3	185.116	2.23754e-07	0	1
7000	 -4	296.685	1.97772e-07	0	1
7000	 4	296.686	1.43787e-07	0	1
7000	 -5	168.882	1.09096e-07	0	1
7000	 5	168.883	8.14834e-08	0	1
7100	 0	114.671	5.57743e-07	0	1
7100	 0	114.671	3.18785e-07	0	1
7100	 -1	123.967	8.90799e-07	1.99618e-07	2.99999
7100	 1	123.967	4.71585e-07	4.57719e-08	2.99999
7100	 -2	290.819	4.56929e-07	0	1
7100	 2	290.819	2.95184e-07	4.89774e-10	3
7100	 -3	214.186	3.79493e-07	0	1
7100	 3	214.186	2.64157e-07	0	1
7100	 -4	343.723	2.28907e-07	0	1
7100	 4	343.724	1.70048e-07	0	1
7100	 -5	195.976	1.26606e-07	0	1
7100	 5	195.976	9.64531e-08	0	1
7200	 0	132.433	6.31396e-07	0	1
7200	 0	132.433	3.74346e-07	0	1
7200	 -1	143.214	1.00178e-06	1.85295e-07	3
7200	 1	143.214	5.50682e-07	4.19262e-08	3
7200	 -2	336.185	5.22107e-07	0	1
7200	 2	336.185	3.47372e-07	4.5792e-10	3
7200	 -3	247.834	4.36498e-07	0	1
7200	 3	247.834	3.11464e-07	0	1
7200	 -4	398.226	2.64889e-07	0	1
7200	 4	398.227	2.00861e-07	0	1
7200	 -5	227.412	1.46885e-07	0	1
7200	 5	227.413	1.14034e-07	0	1
7300	 0	152.959	7.15086e-07	0	1
7300	 0	152.959	4.38862e-07	0	1
7300	 -1	165.462	1.12735e-06	1.71904e-07	3
7300	 1	165.463	6.42085e-07	3.80719e-08	3
7300	 -2	388.654	5.96707e-07	0	1
7300	 2	388.654	4.08246e-07	4.27994e-10	3
7300	 -3	286.781	5.02077e-07	0	1
7300	 3	286.781	3.66798e-07	0	1
7300	 -4	461.38	3.06477e-07	0	1
7300	 4	461.381	2.36981e-07	0	1
7300	 -5	263.887	1.7037e-07	0	1
7300	 5	263.887	1.34662e-07	0	1
7400	 0	176.682	8.10255e-07	0	1
7400	 0	176.682	5.13681e-07	0	1
7400	 -1	191.183	1.26958e-06	1.59395e-07	3
7400	 1	191.183	7.47682e-07	3.43063e-08	3
7400	 -2	449.341	6.82136e-07	0	1
7400	 2	449.341	4.79172e-07	3.99903e-10	3
7400	 -3	331.863	5.77542e-07	0	1
7400	 3	331.863	4.31452e-07	0	1
7400	 -4	534.559	3.5455e-07	0	1
7400	 4	534.559	2.79282e-07	0	1
7400	 -5	306.206	1.9757e-07	0	1
7400	 5	306.207	1.58843e-07	0	1
7500	 0	204.101	9.18567e-07	0	1
7500	 0	204.101	6.00356e-07	0	1
7500	 -1	220.917	1.43082e-06	1.47722e-07	3
7500	 1	220.918	8.69663e-07	3.07081e-08	3
7500	 -2	519.536	7.80018e-07	0	1
7500	 2	519.536	5.61725e-07	3.73554e-10	3
7500	 -3	384.049	6.64413e-07	0	1
7500	 3	384.049	5.06924e-07	0	1
7500	 -4	619.356	4.10131e-07	0	1
7500	 4	619.356	3.28777e-07	0	1
7500	 -5	355.308	2.29075e-07	0	1
7500	 5	355.308	1.87166e-07	0	1
7600	 0	235.793	1.04193e-06	0	1
7600	 0	235.793	7.00676e-07	0	1
7600	 -1	255.296	1.61383e-06	1.36839e-07	3
7600	 1	255.296	1.01057e-06	2.73364e-08	3
7600	 -2	600.734	8.92225e-07	0	1
7600	 2	600.734	6.57719e-07	3.4886e-10	3
7600	 -3	444.46	7.64446e-07	0	1
7600	 3	444.46	5.94941e-07	0	1
7600	 -4	717.616	4.74399e-07	0	1
7600	 4	717.616	3.86641e-07	0	1
7600	 -5	412.277	2.6557e-07	0	1
7600	 5	412.277	2.2031e-07	0	1
7700	 0	272.428	1.18255e-06	0	1
7700	 0	272.428	8.16707e-07	0	1
7700	 -1	295.045	1.82173e-06	1.26701e-07	3
7700	 1	295.045	1.17335e-06	2.42303e-08	3
7700	 -2	694.663	1.02092e-06	0	1
7700	 2	694.663	7.6925e-07	3.25731e-10	3
7700	 -3	514.395	8.79674e-07	0	1
7700	 3	514.395	6.975e-07	0	1
7700	 -4	831.479	5.48727e-07	0	1
7700	 4	831.479	4.54231e-07	0	1
7700	 -5	478.374	3.0785e-07	0	1
7700	 5	478.374	2.59066e-07	0	1
7800	 0	314.778	1.34297e-06	0	1
7800	 0	314.778	9.50835e-07	0	1
7800	 -1	341.006	2.05815e-06	1.17263e-07	3
7800	 1	341.006	1.36141e-06	2.14111e-08	3
7800	 -2	803.325	1.1686e-06	0	1
7800	 2	803.325	8.98733e-07	3.04083e-10	3
7800	 -3	595.357	1.01245e-06	0	1
7800	 3	595.357	8.16907e-07	0	1
7800	 -4	963.425	6.34703e-07	0	1
7800	 4	963.425	5.3312e-07	0	1
7800	 -5	555.062	3.56835e-07	0	1
7800	 5	555.062	3.04349e-07	0	1
7900	 0	363.738	1.52611e-06	0	1
7900	 0	363.738	1.10582e-06	0	1
7900	 -1	394.153	2.32726e-06	1.08486e-07	3
7900	 1	394.153	1.57869e-06	1.8884e-08	3
7900	 -2	929.035	1.33816e-06	0	1
7900	 2	929.035	1.04896e-06	2.83833e-10	3
7900	 -3	689.089	1.16549e-06	0	1
7900	 3	689.089	9.55829e-07	0	1
7900	 -4	1116.33	7.34168e-07	0	1
7900	 4	1116.33	6.25129e-07	0	1
7900	 -5	644.036	4.13594e-07	0	1
7900	 5	644.036	3.57218e-07	0	1
8000	 0	420.342	1.73534e-06	0	1
8000	 0	420.342	1.28486e-06	0	1
8000	 -1	455.613	2.63385e-06	1.00327e-07	3
8000	 1	455.613	1.82977e-06	1.66416e-08	3
8000	 -2	1074.48	1.53291e-06	0	1
8000	 2	1074.48	1.22316e-06	2.64902e-10	3
8000	 -3	797.608	1.34194e-06	0	1
8000	 3	797.608	1.11735e-06	0	1
8000	 -4	1293.52	8.49257e-07	0	1
8000	 4	1293.52	7.32366e-07	0	1
8000	 -5	747.264	4.79369e-07	0	1
8000	 5	747.264	4.18901e-07	0	1
8100	 0	485.788	1.97454e-06	0	1
8100	 0	485.788	1.49165e-06	0	1
8100	 -1	526.689	2.98346e-06	9.27501e-08	3
8100	 1	526.689	2.11991e-06	1.46672e-08	3
8100	 -2	1242.75	1.75672e-06	0	1
8100	 2	1242.75	1.42505e-06	2.47213e-10	3
8100	 -3	923.251	1.54545e-06	0	1
8100	 3	923.252	1.30502e-06	0	1
8100	 -4	1498.86	9.82443e-07	0	1
8100	 4	1498.86	8.57271e-07	0	1
8100	 -5	867.029	5.55597e-07	0	1
8100	 5	867.029	4.90823e-07	0	1
8200	 0	561.461	2.2482e-06	0	1
8200	 0	561.461	1.73048e-06	0	1
8200	 -1	608.891	3.38248e-06	8.57169e-08	3
8200	 1	608.891	2.45521e-06	1.29376e-08	3
8200	 -2	1437.45	2.01402e-06	0	1
8200	 2	1437.45	1.65895e-06	2.30694e-10	3
8200	 -3	1068.73	1.78023e-06	0	1
8200	 3	1068.73	1.52298e-06	0	1
8200	 -4	1736.82	1.13659e-06	0	1
8200	 4	1736.82	1.00267e-06	0	1
8200	 -5	1005.98	6.43947e-07	0	1
8200	 5	1005.98	5.74631e-07	0	1
8300	 0	648.964	2.56148e-06	0	1
8300	 0	648.964	2.00629e-06	0	1
8300	 -1	703.963	3.83824e-06	7.9193e-08	3
8300	 1	703.963	2.84271e-06	1.14263e-08	3
8300	 -2	1662.74	2.30996e-06	0	1
8300	 2	1662.74	1.92984e-06	2.15273e-10	3
8300	 -3	1237.16	2.05115e-06	0	1
8300	 3	1237.16	1.77598e-06	0	1
8300	 -4	2012.6	1.31503e-06	0	1
8300	 4	2012.6	1.17183e-06	0	1
8300	 -5	1167.19	7.46354e-07	0	1
8300	 5	1167.19	6.72235e-07	0	1
8400	 0	750.15	2.92033e-06	0	1
8400	 0	750.15	2.32483e-06	0	1
8400	 -1	813.927	4.35924e-06	7.3145e-08	3
8400	 1	813.927	3.29053e-06	1.01058e-08	3
8400	 -2	1923.43	2.65045e-06	0	1
8400	 2	1923.43	2.24349e-06	2.00884e-10	3
8400	 -3	1432.2	2.36385e-06	0	1
8400	 3	1432.2	2.06955e-06	0	1
8400	 -4	2332.2	1.52161e-06	0	1
8400	 4	2332.2	1.36855e-06	0	1
8400	 -5	1354.22	8.65062e-07	0	1
8400	 5	1354.22	7.85851e-07	0	1
8500	 0	867.166	3.33163e-06	0	1
8500	 0	867.166	2.69272e-06	0	1
8500	 -1	941.122	4.95523e-06	6.75415e-08	3
8500	 1	941.122	3.80807e-06	8.94951e-09	3
8500	 -2	2225.09	3.04236e-06	0	1
8500	 2	2225.09	2.60656e-06	1.87462e-10	3
8500	 -3	1658.04	2.72486e-06	0	1
8500	 3	1658.04	2.41008e-06	0	1
8500	 -4	2702.59	1.76078e-06	0	1
8500	 4	2702.59	1.59722e-06	0	1
8500	 -5	1571.22	1.00267e-06	0	1
8500	 5	1571.22	9.18045e-07	0	1
8600	 0	1002.49	3.80329e-06	0	1
8600	 0	1002.49	3.11764e-06	0	1
8600	 -1	1088.25	5.63749e-06	6.23524e-08	3
8600	 1	1088.25	4.40617e-06	7.93288e-09	3
8600	 -2	2574.19	3.49359e-06	0	1
8600	 2	2574.19	3.02678e-06	1.74948e-10	3
8600	 -3	1919.55	3.14171e-06	0	1
8600	 3	1919.55	2.80496e-06	0	1
8600	 -4	3131.85	2.03772e-06	0	1
8600	 4	3131.85	1.86293e-06	0	1
8600	 -5	1822.96	1.1622e-06	0	1
8600	 5	1822.96	1.07179e-06	0	1
8700	 0	1159.01	4.34444e-06	0	1
8700	 0	1159.01	3.60846e-06	0	1
8700	 -1	1258.45	6.41901e-06	5.75496e-08	3
8700	 1	1258.45	5.09735e-06	7.03437e-09	3
8700	 -2	2978.18	4.01329e-06	0	1
8700	 2	2978.18	3.51308e-06	1.63284e-10	3
8700	 -3	2222.37	3.62315e-06	0	1
8700	 3	2222.37	3.26276e-06	0	1
8700	 -4	3629.35	2.35842e-06	0	1
8700	 4	3629.35	2.17157e-06	0	1
8700	 -5	2115.04	1.34715e-06	0	1
8700	 5	2115.04	1.25055e-06	0	1
8800	 0	1340.03	4.96563e-06	0	1
8800	 0	1340.03	4.17542e-06	0	1
8800	 -1	1455.34	7.31477e-06	5.31066e-08	3
8800	 1	1455.34	5.89609e-06	6.23568e-09	3
8800	 -2	3445.74	4.612e-06	0	1
8800	 2	3445.74	4.07579e-06	1.52415e-10	3
8800	 -3	2573.05	4.17925e-06	0	1
8800	 3	2573.05	3.79339e-06	0	1
8800	 -4	4205.94	2.7298e-06	0	1
8800	 4	4205.94	2.53e-06	0	1
8800	 -5	2453.89	1.56156e-06	0	1
8800	 5	2453.89	1.45831e-06	0	1
8900	 0	1549.41	5.679e-06	0	1
8900	 0	1549.41	4.83039e-06	0	1
8900	 -1	1683.13	8.34207e-06	4.89981e-08	3
8900	 1	1683.13	6.81914e-06	5.52175e-09	3
8900	 -2	3986.86	5.30194e-06	0	1
8900	 2	3986.86	4.72687e-06	1.42288e-10	3
8900	 -3	2979.16	4.82171e-06	0	1
8900	 3	2979.16	4.40835e-06	0	1
8900	 -4	4874.2	3.15991e-06	0	1
8900	 4	4874.2	2.94613e-06	0	1
8900	 -5	2847.01	1.81014e-06	0	1
8900	 5	2847.01	1.69973e-06	0	1
9000	 0	1791.61	6.49856e-06	0	1
9000	 0	1791.61	5.58705e-06	0	1
9000	 -1	1946.66	9.52082e-06	4.52006e-08	3
9000	 1	1946.66	7.88581e-06	4.88054e-09	3
9000	 -2	4613.15	6.09718e-06	0	1
9000	 2	4613.15	5.48017e-06	1.32857e-10	3
9000	 -3	3449.47	5.56402e-06	0	1
9000	 3	3449.47	5.12095e-06	0	1
9000	 -4	5648.72	3.65805e-06	0	1
9000	 4	5648.72	3.42916e-06	0	1
9000	 -5	3303.09	2.09834e-06	0	1
9000	 5	3303.09	1.98018e-06	0	1
