0 0 0
100 0.000220175 7.59526e-08
200 0.000440957 8.76332e-07
300 0.00108781 3.58289e-06
400 0.00667123 9.44991e-06
500 0.342449 1.95272e-05
600 0.098513 3.45292e-05
700 0.340986 5.47971e-05
800 0.409067 8.0319e-05
900 0.13649 0.000110781
1000 0.0149411 0.000145634
1100 0.85997 0.00018416
1200 0.0241947 0.000225538
1300 0.0265669 0.000268899
1400 0.0278875 0.000313375
1500 0.0134416 0.000358128
1600 0.0246138 0.00040238
1700 0.0116603 0.000445427
1800 0.121492 0.000486645
1900 0.0114576 0.000525497
2000 0.00149274 0.000561525
2100 0.0174716 0.000594352
2200 0.00193693 0.000623672
2300 0.00190713 0.000649249
2400 0.00187895 0.000670912
2500 0.00184899 0.000688551
2600 0.00246876 0.000702116
2700 0.00224103 0.000711617
2800 0.00210154 0.000717122
2900 0.00199068 0.000718759
3000 0.00189322 0.000716707
3100 0.00180325 0.000711199
3200 0.00171804 0.000702511
3300 0.00163631 0.000690956
3400 0.00155751 0.000676874
3500 0.00148147 0.000660621
3600 0.00140823 0.000642559
3700 0.00133792 0.000623046
3800 0.00127063 0.000602422
3900 0.00120643 0.000581009
4000 0.00114533 0.000559097
4100 0.00108727 0.000536945
4200 0.00103212 0.000514778
4300 0.000979728 0.000492786
4400 0.000929902 0.000471126
4500 0.000882441 0.000449926
4600 0.000837139 0.000429283
4700 0.0007938 0.000409267
4800 0.000752239 0.000389927
4900 0.000712284 0.000371288
5000 0.000673779 0.000353352
5100 0.000636579 0.000336102
5200 0.000600552 0.000319498
5300 0.000565575 0.000303479
5400 0.000531531 0.000287965
5500 0.000498313 0.000272859
5600 0.00046582 0.000258048
5700 0.000433967 0.000243413
5800 0.000402688 0.000228838
5900 0.000371946 0.000214225
6000 0.000341751 0.00019951
6100 0.00031217 0.000184689
6200 0.000283342 0.000169826
6300 0.00025548 0.000155073
6400 0.000228859 0.00014065
6500 7.69517e-05 0
6600 6.66481e-05 0
6700 0.157151 0.157094
6800 4.88379e-05 0
6900 0.0345195 0.0344782
7000 3.45367e-05 0
7100 2.85981e-05 0
7200 2.34035e-05 0
7300 0.000164638 0.000145733
7400 1.5055e-05 0
7500 1.18055e-05 0
7600 9.09814e-06 0
7700 0.0933023 0.0932954
7800 5.06422e-06 0
7900 9.0479e-05 8.68526e-05
8000 8.79579e-05 8.5447e-05
8100 1.67481e-06 0
8200 1.07276e-06 0
8300 6.56745e-07 0
8400 3.79642e-07 0
8500 9.98195e-05 9.9619e-05
8600 9.08658e-08 0
8700 3.22313e-08 0
8800 7.36944e-09 0
8900 5.96736e-10 0
9000 0.689507 0.689507
