0 3.09647e-19 6.3136e-22 0
100 9.29086e-19 9.93743e-22 2.89466e-25
200 1.54896e-18 1.54262e-21 1.44782e-25
300 2.16957e-18 2.36176e-21 9.65765e-26
400 2.7912e-18 3.56615e-21 7.249e-26
500 3.41415e-18 5.31071e-21 5.80514e-26
600 4.03871e-18 7.8e-21 4.84368e-26
700 4.66519e-18 1.12986e-20 4.15787e-26
800 5.29387e-18 1.61416e-20 3.64436e-26
900 5.92507e-18 2.27434e-20 3.24572e-26
1000 6.5591e-18 3.16048e-20 2.92749e-26
1100 7.19625e-18 4.33152e-20 2.66775e-26
1200 7.83684e-18 5.85486e-20 2.45188e-26
1300 8.48119e-18 7.80516e-20 2.26977e-26
1400 9.12962e-18 1.02621e-19 2.11418e-26
1500 9.78246e-18 1.3307e-19 1.97982e-26
1600 1.044e-17 1.70181e-19 1.86271e-26
1700 1.11027e-17 2.14651e-19 1.75982e-26
1800 1.17708e-17 2.6702e-19 1.66878e-26
1900 1.24446e-17 3.27599e-19 1.58773e-26
2000 1.31246e-17 3.96398e-19 1.51518e-26
2100 1.3811e-17 4.73053e-19 1.44992e-26
2200 1.45043e-17 5.56772e-19 1.39096e-26
2300 1.52049e-17 6.46301e-19 1.33749e-26
2400 1.59131e-17 7.39915e-19 1.28882e-26
2500 1.66293e-17 8.35448e-19 1.2444e-26
2600 1.7354e-17 9.30354e-19 1.20374e-26
2700 1.80875e-17 1.02181e-18 1.16642e-26
2800 1.88304e-17 1.10684e-18 1.1321e-26
2900 1.9583e-17 1.18249e-18 1.10048e-26
3000 2.03457e-17 1.24599e-18 1.07129e-26
3100 2.11192e-17 1.29491e-18 1.04431e-26
3200 2.19038e-17 1.32737e-18 1.01933e-26
3300 2.27001e-17 1.34211e-18 9.96194e-27
3400 2.35086e-17 1.33866e-18 9.74739e-27
3500 2.43298e-17 1.31732e-18 9.54831e-27
3600 2.51643e-17 1.27924e-18 9.36351e-27
3700 2.60125e-17 1.22633e-18 9.19193e-27
3800 2.68753e-17 1.16123e-18 9.03263e-27
3900 2.7753e-17 1.08719e-18 8.88477e-27
4000 2.86465e-17 1.00799e-18 8.7476e-27
4100 2.95562e-17 9.27813e-19 8.62044e-27
4200 3.0483e-17 8.51185e-19 8.5027e-27
4300 3.14275e-17 7.82923e-19 8.39383e-27
4400 3.23905e-17 7.28114e-19 8.29335e-27
4500 3.33727e-17 6.92136e-19 8.20082e-27
4600 3.43749e-17 6.80704e-19 8.11586e-27
4700 3.53979e-17 6.99923e-19 8.03811e-27
4800 3.64426e-17 7.56334e-19 7.96726e-27
4900 3.751e-17 8.56926e-19 7.90304e-27
5000 3.86008e-17 1.00909e-18 7.84518e-27
5100 3.97162e-17 1.22048e-18 7.79348e-27
5200 4.08571e-17 1.49877e-18 7.74772e-27
5300 4.20246e-17 1.85132e-18 7.70775e-27
5400 4.32197e-17 2.28467e-18 7.67341e-27
5500 4.44437e-17 2.80403e-18 7.64458e-27
5600 4.56978e-17 3.41258e-18 7.62114e-27
5700 4.69831e-17 4.11085e-18 7.603e-27
5800 4.83011e-17 4.89615e-18 7.59009e-27
5900 4.96532e-17 5.762e-18 7.58235e-27
6000 5.10407e-17 6.69791e-18 7.57975e-27
6100 5.24652e-17 7.68926e-18 7.58227e-27
6200 5.39283e-17 8.7176e-18 7.58989e-27
6300 5.54317e-17 9.76118e-18 7.60262e-27
6400 5.69771e-17 1.07959e-17 7.62048e-27
6500 3.49777e-14 1.58439e-13 0
6600 0 0 0
6700 6.18846e-17 4.62861e-14 0
6800 6.36176e-17 0 0
6900 6.54029e-17 9.31306e-15 0
7000 6.72429e-17 1.54861e-17 7.83877e-27
7100 6.914e-17 0 0
7200 7.1097e-17 0 0
7300 7.31167e-17 1.61933e-17 8.02392e-27
7400 7.52019e-17 1.61855e-17 8.09789e-27
7500 7.73558e-17 1.60805e-17 8.17831e-27
7600 7.95817e-17 4.36788e-14 0
7700 8.18831e-17 1.81336e-14 0
7800 8.42637e-17 0 0
7900 8.67273e-17 1.50965e-17 8.56958e-27
8000 8.92782e-17 1.48089e-17 8.68624e-27
8100 9.19207e-17 1.45361e-17 8.81111e-27
8200 9.46595e-17 1.42874e-17 8.94457e-27
8300 9.74995e-17 1.40677e-17 9.08704e-27
8400 1.00446e-16 2.7656e-14 0
8500 1.03505e-16 1.37148e-17 9.40086e-27
8600 1.06681e-16 1.35727e-17 9.57322e-27
8700 1.09982e-16 1.34432e-17 9.75661e-27
8800 1.13414e-16 1.33168e-17 9.95165e-27
8900 1.16984e-16 1.31833e-17 1.0159e-26
9000 1.207e-16 8.39279e-14 0
