20	8.24E-06	3.42E-06
40	1.92E+00	7.17E-02
60	1.79E-01	8.52E-03
80	5.85E-01	2.47E-02
100	8.31E-04	2.83E-04
120	1.02E+00	3.84E-02
140	2.69E-03	7.95E-04
160	3.11E-01	1.32E-02
180	1.77E-02	2.61E-03
200	1.17E-02	2.62E-03
220	1.26E-02	2.86E-03
240	6.52E-02	3.01E-03
260	1.71E-02	3.92E-03
280	4.16E-02	3.86E-03
300	3.36E-02	7.42E-03
320	3.16E-02	6.77E-03
340	2.99E-02	6.22E-03
360	2.86E-02	5.76E-03
380	2.74E-02	5.36E-03
400	2.63E-02	5.02E-03
420	2.55E-02	4.73E-03
440	2.48E-02	4.48E-03
460	2.42E-02	4.27E-03
480	2.37E-02	4.08E-03
500	2.33E-02	3.93E-03
520	2.30E-02	3.80E-03
540	2.28E-02	3.69E-03
560	2.27E-02	3.60E-03
580	2.26E-02	3.52E-03
600	2.25E-02	3.46E-03
620	2.25E-02	3.41E-03
640	2.26E-02	3.39E-03
660	2.26E-02	3.38E-03
680	2.27E-02	3.38E-03
700	2.28E-02	3.38E-03
720	2.30E-02	3.38E-03
740	2.31E-02	3.39E-03
760	2.33E-02	3.39E-03
780	2.35E-02	3.40E-03
800	2.36E-02	3.41E-03
820	2.38E-02	3.42E-03
840	2.40E-02	3.43E-03
860	2.42E-02	3.44E-03
880	2.44E-02	3.44E-03
900	2.45E-02	3.45E-03
920	2.47E-02	3.45E-03
940	2.49E-02	3.45E-03
960	2.51E-02	3.45E-03
980	2.52E-02	3.45E-03
1000	2.54E-02	3.44E-03
1020	2.55E-02	3.43E-03
1040	2.57E-02	3.42E-03
1060	2.58E-02	3.40E-03
1080	2.59E-02	3.38E-03
1100	2.60E-02	3.36E-03
1120	2.61E-02	3.33E-03
1140	2.62E-02	3.31E-03
1160	2.63E-02	3.28E-03
1180	2.63E-02	3.24E-03
1200	2.64E-02	3.21E-03
1220	2.64E-02	3.17E-03
1240	2.64E-02	3.13E-03
1260	2.64E-02	3.08E-03
1280	2.64E-02	3.03E-03
1300	2.64E-02	2.98E-03
1320	2.64E-02	2.93E-03
1340	2.64E-02	2.88E-03
1360	2.63E-02	2.82E-03
1380	2.62E-02	2.77E-03
1400	2.62E-02	2.71E-03
1420	2.61E-02	2.65E-03
1440	2.60E-02	2.58E-03
1460	2.59E-02	2.52E-03
1480	2.58E-02	2.45E-03
1500	2.56E-02	2.39E-03
1520	2.55E-02	2.32E-03
1540	2.53E-02	2.25E-03
1560	2.52E-02	2.18E-03
1580	2.50E-02	2.11E-03
1600	2.48E-02	2.04E-03
1620	2.46E-02	1.97E-03
1640	2.44E-02	1.90E-03
1660	2.42E-02	1.83E-03
1680	2.40E-02	1.76E-03
1700	2.38E-02	1.69E-03
1720	2.36E-02	1.62E-03
1740	2.33E-02	1.55E-03
1760	2.31E-02	1.48E-03
1780	2.28E-02	1.41E-03
1800	2.26E-02	1.34E-03
1820	2.23E-02	1.28E-03
1840	2.20E-02	1.22E-03
1860	2.18E-02	1.16E-03
1880	2.15E-02	1.10E-03
1900	2.12E-02	1.05E-03
1920	2.09E-02	9.88E-04
1940	2.06E-02	9.30E-04
1960	2.03E-02	8.73E-04
1980	2.00E-02	8.17E-04
2000	1.97E-02	7.62E-04
2020	1.94E-02	7.07E-04
2040	1.91E-02	6.54E-04
2060	1.88E-02	6.01E-04
2080	1.85E-02	5.50E-04
2100	1.82E-02	5.00E-04
2120	1.79E-02	4.50E-04
2140	1.75E-02	4.03E-04
2160	1.72E-02	3.56E-04
2180	1.69E-02	3.13E-04
2200	1.66E-02	2.78E-04
2220	1.63E-02	2.44E-04
2240	1.60E-02	2.19E-04
2260	1.56E-02	2.14E-04
2280	1.53E-02	2.17E-04
2300	1.50E-02	2.19E-04
2320	1.47E-02	2.27E-04
2340	1.44E-02	2.41E-04
2360	1.41E-02	2.62E-04
2380	1.38E-02	2.88E-04
2400	1.34E-02	3.14E-04
2420	1.31E-02	3.37E-04
2440	1.28E-02	3.60E-04
2460	1.25E-02	3.81E-04
2480	1.22E-02	4.01E-04
2500	1.19E-02	4.20E-04
2520	1.17E-02	4.42E-04
2540	1.14E-02	4.62E-04
2560	1.11E-02	4.81E-04
2580	1.08E-02	4.98E-04
2600	1.05E-02	5.14E-04
2620	1.03E-02	5.29E-04
2640	9.99E-03	5.43E-04
2660	9.72E-03	5.55E-04
2680	9.46E-03	5.66E-04
2700	9.21E-03	5.76E-04
2720	8.95E-03	5.85E-04
2740	8.71E-03	5.92E-04
2760	8.47E-03	5.99E-04
2780	8.23E-03	6.05E-04
2800	8.00E-03	6.09E-04
2820	7.77E-03	6.13E-04
2840	7.55E-03	6.16E-04
2860	7.33E-03	6.18E-04
2880	7.12E-03	6.20E-04
2900	6.91E-03	6.20E-04
2920	6.71E-03	6.20E-04
2940	6.51E-03	6.19E-04
2960	6.31E-03	6.18E-04
2980	6.13E-03	6.16E-04
3000	5.94E-03	6.14E-04
3020	5.77E-03	6.11E-04
3040	5.59E-03	6.08E-04
3060	5.43E-03	6.04E-04
3080	5.26E-03	6.00E-04
3100	5.11E-03	5.95E-04
3120	4.95E-03	5.91E-04
3140	4.80E-03	5.86E-04
3160	4.66E-03	5.80E-04
3180	4.52E-03	5.75E-04
3200	4.39E-03	5.70E-04
3220	4.26E-03	5.64E-04
3240	4.13E-03	5.58E-04
3260	4.01E-03	5.52E-04
3280	3.89E-03	5.46E-04
3300	3.78E-03	5.40E-04
3320	3.67E-03	5.34E-04
3340	3.57E-03	5.28E-04
3360	3.47E-03	5.22E-04
3380	3.37E-03	5.17E-04
3400	3.28E-03	5.11E-04
3420	3.19E-03	5.05E-04
3440	3.10E-03	4.99E-04
3460	3.02E-03	4.94E-04
3480	2.94E-03	4.88E-04
3500	2.86E-03	4.83E-04
3520	2.79E-03	4.78E-04
3540	2.72E-03	4.73E-04
3560	2.65E-03	4.68E-04
3580	2.59E-03	4.63E-04
3600	2.53E-03	4.59E-04
3620	2.47E-03	4.55E-04
3640	2.42E-03	4.50E-04
3660	2.36E-03	4.46E-04
3680	2.31E-03	4.42E-04
3700	2.26E-03	4.39E-04
3720	2.22E-03	4.35E-04
3740	2.17E-03	4.32E-04
3760	2.13E-03	4.29E-04
3780	2.09E-03	4.26E-04
3800	2.05E-03	4.23E-04
3820	2.01E-03	4.20E-04
3840	1.98E-03	4.18E-04
3860	1.94E-03	4.16E-04
3880	1.91E-03	4.14E-04
3900	1.88E-03	4.12E-04
3920	1.85E-03	4.10E-04
3940	1.82E-03	4.09E-04
3960	1.79E-03	4.08E-04
3980	1.77E-03	4.07E-04
4000	1.74E-03	4.06E-04
4020	1.72E-03	4.05E-04
4040	1.69E-03	4.05E-04
4060	1.67E-03	4.04E-04
4080	1.65E-03	4.04E-04
4100	1.63E-03	4.03E-04
4120	1.61E-03	4.03E-04
4140	1.59E-03	4.02E-04
4160	1.57E-03	4.02E-04
4180	1.56E-03	4.02E-04
4200	1.54E-03	4.02E-04
4220	1.53E-03	4.02E-04
4240	1.51E-03	4.03E-04
4260	1.50E-03	4.03E-04
4280	1.49E-03	4.04E-04
4300	1.47E-03	4.05E-04
4320	1.46E-03	4.06E-04
4340	1.45E-03	4.07E-04
4360	1.45E-03	4.09E-04
4380	1.44E-03	4.11E-04
4400	1.44E-03	4.14E-04
4420	1.44E-03	4.18E-04
4440	1.44E-03	4.22E-04
4460	1.44E-03	4.27E-04
4480	1.45E-03	4.34E-04
4500	1.47E-03	4.43E-04
4520	1.21E-05	7.28E-06
4540	3.32E-07	1.24E-07
4560	2.37E-07	8.83E-08
4580	1.65E-07	6.16E-08
4600	1.12E-07	4.18E-08
4620	4.19E-03	2.57E-03
4640	4.67E-08	1.74E-08
4660	8.66E-03	5.31E-03
4680	8.83E-03	5.42E-03
4700	7.81E-09	2.90E-09
4720	3.36E-09	1.25E-09
4740	1.15E-09	4.26E-10
4760	2.63E-10	9.73E-11
4780	2.28E-11	8.41E-12
4800	4.99E-03	3.06E-03
