0 0 9.83206e-23 0
100 5.25527e-19 1.61795e-22 1.36725e-25
200 8.76123e-19 2.6259e-22 6.83807e-26
300 1.22695e-18 4.20317e-22 4.56075e-26
400 1.57809e-18 6.63539e-22 3.4227e-26
500 1.9296e-18 1.0331e-21 2.74036e-26
600 2.28151e-18 1.58639e-21 2.28588e-26
700 2.63379e-18 2.40252e-21 1.96161e-26
800 2.98638e-18 3.58849e-21 1.71871e-26
900 3.33913e-18 5.28623e-21 1.53007e-26
1000 3.69182e-18 7.68014e-21 1.37941e-26
1100 4.04413e-18 1.10048e-20 1.25637e-26
1200 4.39561e-18 1.55519e-20 1.15405e-26
1300 4.74571e-18 2.16756e-20 1.06767e-26
1400 5.09374e-18 2.97955e-20 9.93822e-27
1500 5.43887e-18 4.03942e-20 9.29992e-27
1600 5.78021e-18 5.40102e-20 8.74307e-27
1700 6.11672e-18 7.12233e-20 8.25332e-27
1800 6.44739e-18 9.26312e-20 7.81949e-27
1900 6.77119e-18 1.18818e-19 7.43279e-27
2000 7.08726e-18 1.50312e-19 7.08616e-27
2100 7.39488e-18 1.87541e-19 6.77389e-27
2200 7.69368e-18 2.30774e-19 6.49133e-27
2300 7.98374e-18 2.8007e-19 6.2346e-27
2400 8.26564e-18 3.35225e-19 6.00052e-27
2500 8.54057e-18 3.95726e-19 5.78637e-27
2600 8.81041e-18 4.60725e-19 5.58989e-27
2700 9.07775e-18 5.29027e-19 5.40912e-27
2800 9.34589e-18 5.99105e-19 5.24241e-27
2900 9.61852e-18 6.6914e-19 5.08833e-27
3000 9.90002e-18 7.3709e-19 4.94563e-27
3100 1.0195e-17 8.00779e-19 4.81324e-27
3200 1.0508e-17 8.58015e-19 4.69021e-27
3300 1.08434e-17 9.06705e-19 4.57572e-27
3400 1.12052e-17 9.44991e-19 4.46904e-27
3500 1.15966e-17 9.71358e-19 4.36952e-27
3600 1.202e-17 9.84743e-19 4.27659e-27
3700 1.24767e-17 9.84601e-19 4.18974e-27
3800 1.2967e-17 9.70947e-19 4.10852e-27
3900 1.349e-17 9.44352e-19 4.03253e-27
4000 1.40437e-17 9.05916e-19 3.96139e-27
4100 1.46252e-17 8.57191e-19 3.89478e-27
4200 1.52312e-17 8.00089e-19 3.83241e-27
4300 1.58574e-17 7.36776e-19 3.77402e-27
4400 1.64998e-17 6.6955e-19 3.71935e-27
4500 1.71538e-17 6.00737e-19 3.66819e-27
4600 2.2027e-17 5.32601e-19 3.62035e-27
4700 2.47337e-17 4.67277e-19 3.57565e-27
4800 1.28625e-17 4.06739e-19 3.53392e-27
4900 4.2639e-17 3.52807e-19 3.49501e-27
5000 1.17709e-17 3.07178e-19 3.4588e-27
5100 1.51803e-17 2.71508e-19 3.42516e-27
5200 3.03686e-17 2.47497e-19 3.39398e-27
5300 3.79565e-17 2.37013e-19 3.36515e-27
5400 2.47286e-17 2.42208e-19 3.3386e-27
5500 4.57511e-17 2.65632e-19 3.31422e-27
5600 5.0728e-17 3.1033e-19 3.29196e-27
5700 4.5267e-17 3.79891e-19 3.27174e-27
5800 4.6286e-17 4.78459e-19 3.25351e-27
5900 3.62872e-17 6.1067e-19 3.2372e-27
6000 4.58662e-17 7.81512e-19 3.22277e-27
6100 1.35364e-16 9.96106e-19 3.21017e-27
6200 6.23409e-17 1.25939e-18 3.19938e-27
6300 9.60813e-17 1.57576e-18 3.19035e-27
6400 9.32646e-17 1.94857e-18 3.18307e-27
6500 7.18066e-17 2.37974e-18 3.1775e-27
6600 5.75565e-17 2.86918e-18 3.17362e-27
6700 8.66745e-17 3.41448e-18 3.17143e-27
6800 6.15879e-17 4.0105e-18 3.17092e-27
6900 6.00273e-17 4.64924e-18 3.17207e-27
7000 6.36158e-17 5.31985e-18 3.17488e-27
7100 6.99721e-17 6.00886e-18 3.17936e-27
7200 7.86865e-17 6.70067e-18 3.18551e-27
7300 6.7374e-17 7.37822e-18 3.19335e-27
7400 6.47333e-17 8.02386e-18 3.20287e-27
7500 7.83016e-17 8.6204e-18 3.21411e-27
7600 8.29069e-17 9.15209e-18 3.22708e-27
7700 7.51481e-17 9.60569e-18 3.2418e-27
7800 7.98749e-17 9.97134e-18 3.25831e-27
7900 8.44104e-17 1.02432e-17 3.27664e-27
8000 9.77457e-17 1.042e-17 3.29682e-27
8100 9.12795e-17 1.05048e-17 3.3189e-27
8200 1.0131e-16 1.05051e-17 3.34292e-27
8300 9.55245e-17 1.04318e-17 3.36893e-27
8400 9.55648e-17 1.0299e-17 3.39699e-27
8500 9.67913e-17 1.01225e-17 3.42716e-27
8600 9.92515e-17 9.91868e-18 3.4595e-27
8700 8.80341e-17 9.70378e-18 3.49408e-27
8800 1.0245e-16 9.49256e-18 3.53098e-27
8900 1.10376e-16 9.29757e-18 3.57028e-27
9000 1.292e-16 9.1285e-18 3.61206e-27
9100 1.32439e-16 8.99183e-18 3.65643e-27
9200 1.18215e-16 8.8907e-18 3.70349e-27
9300 1.24126e-16 8.82503e-18 3.75333e-27
9400 1.35604e-16 8.79184e-18 3.80609e-27
9500 1.23974e-16 8.78575e-18 3.86187e-27
9600 1.32648e-16 8.79954e-18 3.92081e-27
9700 1.29826e-16 8.82479e-18 3.98306e-27
9800 1.26074e-16 8.85246e-18 4.04875e-27
9900 1.19459e-16 8.87352e-18 4.11804e-27
10000 1.14554e-16 8.87944e-18 4.1911e-27
