0 1.7526e-19 9.83206e-23 0
100 5.25851e-19 1.61795e-22 1.36725e-25
200 8.76648e-19 2.6259e-22 6.83807e-26
300 1.22779e-18 4.20317e-22 4.56075e-26
400 1.57942e-18 6.63539e-22 3.4227e-26
500 1.93167e-18 1.0331e-21 2.74036e-26
600 2.28468e-18 1.58639e-21 2.28588e-26
700 2.6386e-18 2.40252e-21 1.96161e-26
800 2.99356e-18 3.58849e-21 1.71871e-26
900 3.3497e-18 5.28623e-21 1.53007e-26
1000 3.70718e-18 7.68014e-21 1.37941e-26
1100 4.06614e-18 1.10048e-20 1.25637e-26
1200 4.42671e-18 1.55519e-20 1.15405e-26
1300 4.78906e-18 2.16756e-20 1.06767e-26
1400 5.15333e-18 2.97955e-20 9.93822e-27
1500 5.51966e-18 4.03942e-20 9.29992e-27
1600 5.88823e-18 5.40102e-20 8.74307e-27
1700 6.25917e-18 7.12233e-20 8.25332e-27
1800 6.63265e-18 9.26312e-20 7.81949e-27
1900 7.00883e-18 1.18818e-19 7.43279e-27
2000 7.38788e-18 1.50312e-19 7.08616e-27
2100 7.76996e-18 1.87541e-19 6.77389e-27
2200 8.15523e-18 2.30774e-19 6.49133e-27
2300 8.54388e-18 2.8007e-19 6.2346e-27
2400 8.93609e-18 3.35225e-19 6.00052e-27
2500 9.33202e-18 3.95726e-19 5.78637e-27
2600 9.73186e-18 4.60725e-19 5.58989e-27
2700 1.01358e-17 5.29027e-19 5.40912e-27
2800 1.05441e-17 5.99105e-19 5.24241e-27
2900 1.09568e-17 6.6914e-19 5.08833e-27
3000 1.13742e-17 7.3709e-19 4.94563e-27
3100 1.17966e-17 8.00779e-19 4.81324e-27
3200 1.2224e-17 8.58015e-19 4.69021e-27
3300 1.26568e-17 9.06705e-19 4.57572e-27
3400 1.30952e-17 9.44991e-19 4.46904e-27
3500 1.35393e-17 9.71358e-19 4.36952e-27
3600 1.39895e-17 9.84743e-19 4.27659e-27
3700 1.44459e-17 9.84601e-19 4.18974e-27
3800 1.49089e-17 9.70947e-19 4.10852e-27
3900 1.53787e-17 9.44352e-19 4.03253e-27
4000 1.58555e-17 9.05916e-19 3.96139e-27
4100 1.63396e-17 8.57191e-19 3.89478e-27
4200 1.68314e-17 8.00089e-19 3.83241e-27
4300 1.7331e-17 7.36776e-19 3.77402e-27
4400 1.78389e-17 6.6955e-19 3.71935e-27
4500 1.83553e-17 6.00737e-19 3.66819e-27
4600 1.88806e-17 5.32601e-19 3.62035e-27
4700 1.9415e-17 4.67277e-19 3.57565e-27
4800 1.9959e-17 4.06739e-19 3.53392e-27
4900 2.05129e-17 3.52807e-19 3.49501e-27
5000 2.1077e-17 3.07178e-19 3.4588e-27
5100 2.16518e-17 2.71508e-19 3.42516e-27
5200 2.22377e-17 2.47497e-19 3.39398e-27
5300 2.2835e-17 2.37013e-19 3.36515e-27
5400 2.34443e-17 2.42208e-19 3.3386e-27
5500 2.40659e-17 2.65632e-19 3.31422e-27
5600 2.47004e-17 3.1033e-19 3.29196e-27
5700 2.53482e-17 3.79891e-19 3.27174e-27
5800 2.60098e-17 4.78459e-19 3.25351e-27
5900 2.66857e-17 6.1067e-19 3.2372e-27
6000 2.73766e-17 7.81512e-19 3.22277e-27
6100 2.80829e-17 9.96106e-19 3.21017e-27
6200 2.88053e-17 1.25939e-18 3.19938e-27
6300 2.95444e-17 1.57576e-18 3.19035e-27
6400 3.03008e-17 1.94857e-18 3.18307e-27
6500 3.10752e-17 2.37974e-18 3.1775e-27
6600 3.18684e-17 2.86918e-18 3.17362e-27
6700 3.2681e-17 3.41448e-18 3.17143e-27
6800 3.35138e-17 4.0105e-18 3.17092e-27
6900 3.43677e-17 4.64924e-18 3.17207e-27
7000 3.52434e-17 5.31985e-18 3.17488e-27
7100 3.61418e-17 6.00886e-18 3.17936e-27
7200 3.7064e-17 6.70067e-18 3.18551e-27
7300 3.80108e-17 7.37822e-18 3.19335e-27
7400 3.89832e-17 8.02386e-18 3.20287e-27
7500 3.99823e-17 8.6204e-18 3.21411e-27
7600 4.10093e-17 9.15209e-18 3.22708e-27
7700 4.20653e-17 9.60569e-18 3.2418e-27
7800 4.31514e-17 9.97134e-18 3.25831e-27
7900 4.42691e-17 1.02432e-17 3.27664e-27
8000 4.54196e-17 1.042e-17 3.29682e-27
8100 4.66044e-17 1.05048e-17 3.3189e-27
8200 4.78249e-17 1.05051e-17 3.34292e-27
8300 4.90828e-17 1.04318e-17 3.36893e-27
8400 5.03797e-17 1.0299e-17 3.39699e-27
8500 5.17173e-17 1.01225e-17 3.42716e-27
8600 5.30975e-17 9.91868e-18 3.4595e-27
8700 5.45221e-17 9.70378e-18 3.49408e-27
8800 5.59934e-17 9.49256e-18 3.53098e-27
8900 5.75133e-17 9.29757e-18 3.57028e-27
9000 5.90842e-17 9.1285e-18 3.61206e-27
9100 6.07086e-17 8.99183e-18 3.65643e-27
9200 6.23888e-17 8.8907e-18 3.70349e-27
9300 6.41276e-17 8.82503e-18 3.75333e-27
9400 6.5928e-17 8.79184e-18 3.80609e-27
9500 6.77927e-17 8.78575e-18 3.86187e-27
9600 6.97252e-17 8.79954e-18 3.92081e-27
9700 7.17286e-17 8.82479e-18 3.98306e-27
9800 7.38067e-17 8.85246e-18 4.04875e-27
9900 7.59632e-17 8.87352e-18 4.11804e-27
10000 7.82021e-17 8.87944e-18 4.1911e-27
