0 0
100 0
200 0
300 0
400 0
500 0
600 1
700 0
800 0
900 0
1000 0
1100 0
1200 0
1300 0.905835
1400 0
1500 0
1600 0
1700 0
1800 0
1900 0.670723
2000 0
2100 0
2200 0.500629
2300 0
2400 0.707983
2500 0.688789
2600 0.670141
2700 0.65221
2800 0.635125
2900 0.618927
3000 0.603564
3100 0.588886
3200 0.574676
3300 0.560719
3400 0.546839
3500 0.532947
3600 0.519047
3700 0.505222
3800 0.491617
3900 0.478396
4000 0.465723
4100 0.453778
4200 0.442581
4300 0.432192
4400 0.422581
4500 0.413656
4600 0.40528
4700 0.436189
4800 0.443156
4900 0.449125
5000 0.454058
5100 0.457909
5200 0.460623
5300 0.46215
5400 0.462457
5500 0.461528
5600 0.459375
5700 0.456032
5800 0.451578
5900 0.446127
6000 0.43982
6100 0.432831
6200 0.425352
6300 0.417573
6400 0.409677
6500 0.401816
6600 0.268297
6700 0.253549
6800 0.603766
6900 0.617623
7000 0.595928
7100 0.457277
7200 0.60416
7300 0.589402
7400 0.440318
7500 0.517984
7600 0.525651
7700 0.547542
7800 0.46946
7900 0.498736
8000 0.535976
8100 0.46242
8200 0.422289
8300 0.403615
8400 0.402843
8500 0.394243
8600 0.341732
8700 0.293667
8800 0.322522
8900 0.332555
9000 0.326768
9100 0.317098
9200 0.295514
9300 0.288804
9400 0.272551
9500 0.239634
9600 0.243764
9700 0.220284
9800 0.194168
9900 0.163904
10000 0.139133
