0 0 nan
100 1.05477e-08 nan
200 8.40508e-09 nan
300 8.14519e-09 nan
400 8.17412e-09 nan
500 15421.3 nan
600 186.931 nan
700 8.50739 nan
800 170.106 nan
900 2.08669 nan
1000 58.3992 nan
1100 49.3198 nan
1200 22.7516 nan
1300 13.9119 nan
1400 8.7215 nan
1500 1.56033 nan
1600 1.59829 nan
1700 2.07694 nan
1800 2.72009 nan
1900 4.31437 nan
2000 1.2413 nan
2100 1.55419 nan
2200 2.82003 0
2300 2.59967 0
2400 3.11278 0
2500 3.58617 0
2600 4.72383 0
2700 2.77502 0
2800 3.60984 0
2900 2.61299 0
3000 3.05822 0
3100 2.3344 0
3200 3.13712 0
3300 2.50167 0
3400 2.48085 0
3500 2.10571 0
3600 2.16282 0
3700 1.83331 0
3800 1.75352 0
3900 1.88796 0
4000 1.90942 0
4100 1.81139 0
4200 1.94264 0
4300 2.12795 0
4400 1.72615 0
4500 1.80253 0
4600 2.65311 0.733596
4700 2.52237 0.876308
4800 2.00679 0.207269
4900 2.74876 1.89398
5000 1.85671 0.107864
5100 1.80888 0.291771
5200 2.07965 1.19939
5300 2.17616 1.67246
5400 1.80779 0.851021
5500 2.18348 2.2005
5600 2.39924 2.55118
5700 2.00533 2.22081
5800 2.05432 2.31976
5900 1.7375 1.66555
6000 1.83829 2.36491
6100 2.09564 0
6200 2.98789 2.24783
6300 1.96168 0
6400 2.15673 0
6500 2.2735 1.05653
6600 1.69654 0
6700 2.02487 0.406289
6800 2.67444 2.88352
6900 2.62371 3.40535
7000 2.64804 2.94805
7100 2.14753 1.66722
7200 3.1774 5.43223
7300 2.61379 3.3799
7400 1.94448 1.78481
7500 2.73948 3.9081
7600 2.98283 4.84146
7700 2.72174 4.87972
7800 2.55822 3.89266
7900 2.74352 5.83829
8000 3.10458 7.46143
8100 2.77158 6.12812
8200 2.84859 6.41529
8300 2.55748 5.81772
8400 2.51901 6.19283
8500 2.38444 6.41493
8600 2.21319 5.45369
8700 1.75239 4.55244
8800 2.08285 6.30649
8900 2.2251 6.90699
9000 2.58826 8.12645
9100 2.59047 8.5969
9200 2.17926 7.87694
9300 2.2082 8.43492
9400 2.30733 8.80968
9500 1.80525 7.40292
9600 1.94704 8.32415
9700 1.75208 7.73812
9800 1.52937 7.03201
9900 1.25084 5.95428
10000 1.03052 5.08361
