0 0
100 0
200 0
300 0
400 0
500 0
600 1
700 0
800 0
900 0
1000 0
1100 0
1200 0
1300 0.905835
1400 0
1500 0
1600 0
1700 0
1800 0
1900 0.670723
2000 0
2100 0
2200 0.500629
2300 0
2400 0.707357
2500 0.687808
2600 0.66866
2700 0.650071
2800 0.632173
2900 0.61505
3000 0.598731
3100 0.58318
3200 0.568308
3300 0.554006
3400 0.540174
3500 0.526749
3600 0.51371
3700 0.501076
3800 0.4889
3900 0.477241
4000 0.466151
4100 0.45568
4200 0.445797
4300 0.436475
4400 0.427644
4500 0.419197
4600 0.463521
4700 0.5154
4800 0.353037
4900 0.643791
5000 0.32707
5100 0.38203
5200 0.531429
5300 0.574509
5400 0.512722
5500 0.560266
5600 0.677606
5700 0.633613
5800 0.587384
5900 0.495057
6000 0.570751
6100 0.772658
6200 0.573233
6300 0.682982
6400 0.694209
6500 0.619805
6600 0.52937
6700 0.52089
6800 0.499514
6900 0.448495
7000 0.45575
7100 0.472029
7200 0.528262
7300 0.447022
7400 0.386124
7500 0.417219
7600 0.438997
7700 0.386113
7800 0.393538
7900 0.38516
8000 0.399409
8100 0.374806
8200 0.383659
8300 0.349387
8400 0.352929
8500 0.322877
8600 0.312373
8700 0.283196
8800 0.297877
8900 0.293994
9000 0.317444
9100 0.309062
9200 0.271096
9300 0.266243
9400 0.265929
9500 0.235352
9600 0.233151
9700 0.215829
9800 0.199143
9900 0.178486
10000 0.160966
