0 0
100 0
200 0
300 0
400 0
500 0
600 1
700 0
800 0
900 0
1000 0
1100 0
1200 0
1300 0.905835
1400 0
1500 0
1600 0
1700 0
1800 0
1900 0.670723
2000 0
2100 0
2200 0.500629
2300 0
2400 0.718433
2500 0.700575
2600 0.683068
2700 0.665979
2800 0.649345
2900 0.633166
3000 0.617399
3100 0.601962
3200 0.586751
3300 0.571666
3400 0.556627
3500 0.541601
3600 0.526601
3700 0.511687
3800 0.496953
3900 0.482512
4000 0.468485
4100 0.455
4200 0.442114
4300 0.429893
4400 0.418354
4500 0.407473
4600 0.397191
4700 0.426297
4800 0.431687
4900 0.436355
5000 0.440342
5100 0.44367
5200 0.446347
5300 0.448376
5400 0.449759
5500 0.450502
5600 0.450614
5700 0.450111
5800 0.449015
5900 0.447357
6000 0.445174
6100 0.442515
6200 0.439427
6300 0.435962
6400 0.43216
6500 0.428049
6600 0.42364
6700 0.418921
6800 0.413856
6900 0.408395
7000 0.402474
7100 0.396028
7200 0.389001
7300 0.381357
7400 0.373086
7500 0.364216
7600 0.354807
7700 0.344954
7800 0.334776
7900 0.324406
8000 0.313979
8100 0.303617
8200 0.293418
8300 0.283453
8400 0.273764
8500 0.26436
8600 0.25523
8700 0.246347
8800 0.237674
8900 0.229174
9000 0.220816
9100 0.212577
9200 0.204444
9300 0.196417
9400 0.188502
9500 0.180715
9600 0.173072
9700 0.165593
9800 0.158297
9900 0.151201
10000 0.144319
