0 0
100 0
200 0
300 0
400 0
500 0
600 1
700 0
800 0
900 0
1000 0
1100 0
1200 0
1300 0.905835
1400 0
1500 0
1600 0
1700 0
1800 0
1900 0.670723
2000 0
2100 0
2200 0.500629
2300 0
2400 0.713067
2500 0.694412
2600 0.67614
2700 0.658357
2800 0.641146
2900 0.624543
3000 0.608534
3100 0.593063
3200 0.578027
3300 0.563322
3400 0.54886
3500 0.534593
3600 0.520522
3700 0.506682
3800 0.493155
3900 0.480024
4000 0.467383
4100 0.455322
4200 0.443857
4300 0.433014
4400 0.422767
4500 0.413053
4600 0.403782
4700 0.433912
4800 0.440048
4900 0.445265
5000 0.449599
5100 0.453074
5200 0.455696
5300 0.45747
5400 0.4584
5500 0.458488
5600 0.457739
5700 0.456156
5800 0.453751
5900 0.450539
6000 0.446546
6100 0.294665
6200 0.570046
6300 0.311796
6400 0.385153
6500 0.405046
6600 0.253205
6700 0.407668
6800 0.271432
6900 0.301369
7000 0.360566
7100 0.504269
7200 0.447087
7300 0.328615
7400 0.431593
7500 0.406264
7600 0.392087
7700 0.310204
7800 0.356642
7900 0.373521
8000 0.305256
8100 0.324214
8200 0.408679
8300 0.385661
8400 0.296134
8500 0.272182
8600 0.31356
8700 0.3007
8800 0.285117
8900 0.261933
9000 0.31062
9100 0.310814
9200 0.257816
9300 0.245749
9400 0.259252
9500 0.230224
9600 0.214116
9700 0.20337
9800 0.197374
9900 0.18038
10000 0.155233
