0 0 9.83206e-23 0
100 2.62764e-19 1.61795e-22 1.36725e-25
200 4.38061e-19 2.6259e-22 6.83807e-26
300 6.13475e-19 4.20317e-22 4.56075e-26
400 7.89046e-19 6.63539e-22 3.4227e-26
500 9.64802e-19 1.0331e-21 2.74036e-26
600 1.14075e-18 1.58639e-21 2.28588e-26
700 1.3169e-18 2.40252e-21 1.96161e-26
800 1.49319e-18 3.58849e-21 1.71871e-26
900 1.66956e-18 5.28623e-21 1.53007e-26
1000 1.84591e-18 7.68014e-21 1.37941e-26
1100 2.02207e-18 1.10048e-20 1.25637e-26
1200 2.1978e-18 1.55519e-20 1.15405e-26
1300 2.37285e-18 2.16756e-20 1.06767e-26
1400 2.54687e-18 2.97955e-20 9.93822e-27
1500 2.71944e-18 4.03942e-20 9.29992e-27
1600 2.8901e-18 5.40102e-20 8.74307e-27
1700 3.05836e-18 7.12233e-20 8.25332e-27
1800 3.22369e-18 9.26312e-20 7.81949e-27
1900 3.3856e-18 1.18818e-19 7.43279e-27
2000 3.54363e-18 1.50312e-19 7.08616e-27
2100 3.69744e-18 1.87541e-19 6.77389e-27
2200 3.84684e-18 2.30774e-19 6.49133e-27
2300 3.99187e-18 2.8007e-19 6.2346e-27
2400 4.13282e-18 3.35225e-19 6.00052e-27
2500 4.27028e-18 3.95726e-19 5.78637e-27
2600 4.40521e-18 4.60725e-19 5.58989e-27
2700 4.53887e-18 5.29027e-19 5.40912e-27
2800 4.67295e-18 5.99105e-19 5.24241e-27
2900 4.80926e-18 6.6914e-19 5.08833e-27
3000 4.95001e-18 7.3709e-19 4.94563e-27
3100 5.09752e-18 8.00779e-19 4.81324e-27
3200 5.25399e-18 8.58015e-19 4.69021e-27
3300 5.4217e-18 9.06705e-19 4.57572e-27
3400 5.60261e-18 9.44991e-19 4.46904e-27
3500 5.79829e-18 9.71358e-19 4.36952e-27
3600 6.01001e-18 9.84743e-19 4.27659e-27
3700 6.23835e-18 9.84601e-19 4.18974e-27
3800 6.4835e-18 9.70947e-19 4.10852e-27
3900 6.745e-18 9.44352e-19 4.03253e-27
4000 7.02183e-18 9.05916e-19 3.96139e-27
4100 7.31261e-18 8.57191e-19 3.89478e-27
4200 7.61561e-18 8.00089e-19 3.83241e-27
4300 7.92872e-18 7.36776e-19 3.77402e-27
4400 8.2499e-18 6.6955e-19 3.71935e-27
4500 8.57691e-18 6.00737e-19 3.66819e-27
4600 8.9077e-18 5.32601e-19 3.62035e-27
4700 9.24022e-18 4.67277e-19 3.57565e-27
4800 9.57276e-18 4.06739e-19 3.53392e-27
4900 9.90364e-18 3.52807e-19 3.49501e-27
5000 1.02313e-17 3.07178e-19 3.4588e-27
5100 0 2.71508e-19 3.42516e-27
5200 6.33645e-18 2.47497e-19 3.39398e-27
5300 8.17363e-18 2.37013e-19 3.36515e-27
5400 1.10734e-18 2.42208e-19 3.3386e-27
5500 2.47186e-17 2.65632e-19 3.31422e-27
5600 3.01245e-17 3.1033e-19 3.29196e-27
5700 2.30008e-17 3.79891e-19 3.27174e-27
5800 2.56263e-17 4.78459e-19 3.25351e-27
5900 1.74638e-17 6.1067e-19 3.2372e-27
6000 2.03644e-17 7.81512e-19 3.22277e-27
6100 2.17378e-17 9.96106e-19 3.21017e-27
6200 6.66101e-17 1.25939e-18 3.19938e-27
6300 3.52981e-17 1.57576e-18 3.19035e-27
6400 4.2829e-17 1.94857e-18 3.18307e-27
6500 4.70016e-17 2.37974e-18 3.1775e-27
6600 5.90394e-17 2.86918e-18 3.17362e-27
6700 8.58059e-17 3.41448e-18 3.17143e-27
6800 2.3154e-17 4.0105e-18 3.17092e-27
6900 2.00401e-17 4.64924e-18 3.17207e-27
7000 2.32247e-17 5.31985e-18 3.17488e-27
7100 3.09429e-17 6.00886e-18 3.17936e-27
7200 3.24297e-17 6.70067e-18 3.18551e-27
7300 2.42319e-17 7.37822e-18 3.19335e-27
7400 2.38248e-17 8.02386e-18 3.20287e-27
7500 3.06315e-17 8.6204e-18 3.21411e-27
7600 3.3971e-17 9.15209e-18 3.22708e-27
7700 2.67969e-17 9.60569e-18 3.2418e-27
7800 3.16042e-17 9.97134e-18 3.25831e-27
7900 3.26953e-17 1.02432e-17 3.27664e-27
8000 3.55076e-17 1.042e-17 3.29682e-27
8100 3.77065e-17 1.05048e-17 3.3189e-27
8200 4.6042e-17 1.05051e-17 3.34292e-27
8300 4.2847e-17 1.04318e-17 3.36893e-27
8400 4.16023e-17 1.0299e-17 3.39699e-27
8500 3.95366e-17 1.01225e-17 3.42716e-27
8600 4.37368e-17 9.91868e-18 3.4595e-27
8700 4.06237e-17 9.70378e-18 3.49408e-27
8800 4.7356e-17 9.49256e-18 3.53098e-27
8900 4.9877e-17 9.29757e-18 3.57028e-27
9000 6.07008e-17 9.1285e-18 3.61206e-27
9100 6.24906e-17 8.99183e-18 3.65643e-27
9200 5.47686e-17 8.8907e-18 3.70349e-27
9300 5.69604e-17 8.82503e-18 3.75333e-27
9400 6.37809e-17 8.79184e-18 3.80609e-27
9500 5.90957e-17 8.78575e-18 3.86187e-27
9600 6.2424e-17 8.79954e-18 3.92081e-27
9700 6.13679e-17 8.82479e-18 3.98306e-27
9800 5.99496e-17 8.85246e-18 4.04875e-27
9900 5.71152e-17 8.87352e-18 4.11804e-27
10000 5.45254e-17 8.87944e-18 4.1911e-27
