0 0 9.83206e-23 0
100 5.25689e-19 1.61795e-22 1.36725e-25
200 8.76385e-19 2.6259e-22 6.83807e-26
300 1.22737e-18 4.20317e-22 4.56075e-26
400 1.57876e-18 6.63539e-22 3.4227e-26
500 1.93064e-18 1.0331e-21 2.74036e-26
600 2.28309e-18 1.58639e-21 2.28588e-26
700 2.6362e-18 2.40252e-21 1.96161e-26
800 2.98997e-18 3.58849e-21 1.71871e-26
900 3.34441e-18 5.28623e-21 1.53007e-26
1000 3.6995e-18 7.68014e-21 1.37941e-26
1100 4.05514e-18 1.10048e-20 1.25637e-26
1200 4.41116e-18 1.55519e-20 1.15405e-26
1300 4.76738e-18 2.16756e-20 1.06767e-26
1400 5.12353e-18 2.97955e-20 9.93822e-27
1500 5.47927e-18 4.03942e-20 9.29992e-27
1600 5.83422e-18 5.40102e-20 8.74307e-27
1700 6.18795e-18 7.12233e-20 8.25332e-27
1800 6.54002e-18 9.26312e-20 7.81949e-27
1900 6.89001e-18 1.18818e-19 7.43279e-27
2000 7.23757e-18 1.50312e-19 7.08616e-27
2100 7.58242e-18 1.87541e-19 6.77389e-27
2200 7.92446e-18 2.30774e-19 6.49133e-27
2300 8.26381e-18 2.8007e-19 6.2346e-27
2400 8.60087e-18 3.35225e-19 6.00052e-27
2500 8.93629e-18 3.95726e-19 5.78637e-27
2600 9.27114e-18 4.60725e-19 5.58989e-27
2700 9.60677e-18 5.29027e-19 5.40912e-27
2800 9.945e-18 5.99105e-19 5.24241e-27
2900 1.02877e-17 6.6914e-19 5.08833e-27
3000 1.06371e-17 7.3709e-19 4.94563e-27
3100 1.09958e-17 8.00779e-19 4.81324e-27
3200 1.1366e-17 8.58015e-19 4.69021e-27
3300 1.17501e-17 9.06705e-19 4.57572e-27
3400 1.21502e-17 9.44991e-19 4.46904e-27
3500 1.25679e-17 9.71358e-19 4.36952e-27
3600 1.30048e-17 9.84743e-19 4.27659e-27
3700 1.34613e-17 9.84601e-19 4.18974e-27
3800 1.3938e-17 9.70947e-19 4.10852e-27
3900 1.44343e-17 9.44352e-19 4.03253e-27
4000 1.49496e-17 9.05916e-19 3.96139e-27
4100 1.54824e-17 8.57191e-19 3.89478e-27
4200 1.60313e-17 8.00089e-19 3.83241e-27
4300 1.65942e-17 7.36776e-19 3.77402e-27
4400 1.71694e-17 6.6955e-19 3.71935e-27
4500 1.77546e-17 6.00737e-19 3.66819e-27
4600 1.8348e-17 5.32601e-19 3.62035e-27
4700 1.89477e-17 4.67277e-19 3.57565e-27
4800 1.95523e-17 4.06739e-19 3.53392e-27
4900 2.01601e-17 3.52807e-19 3.49501e-27
5000 2.07698e-17 3.07178e-19 3.4588e-27
5100 2.13803e-17 2.71508e-19 3.42516e-27
5200 2.19902e-17 2.47497e-19 3.39398e-27
5300 2.2598e-17 2.37013e-19 3.36515e-27
5400 2.32021e-17 2.42208e-19 3.3386e-27
5500 2.38003e-17 2.65632e-19 3.31422e-27
5600 2.43901e-17 3.1033e-19 3.29196e-27
5700 2.49683e-17 3.79891e-19 3.27174e-27
5800 2.55313e-17 4.78459e-19 3.25351e-27
5900 2.6075e-17 6.1067e-19 3.2372e-27
6000 2.65951e-17 7.81512e-19 3.22277e-27
6100 2.70868e-17 9.96106e-19 3.21017e-27
6200 2.75459e-17 1.25939e-18 3.19938e-27
6300 2.79686e-17 1.57576e-18 3.19035e-27
6400 2.83522e-17 1.94857e-18 3.18307e-27
6500 2.86955e-17 2.37974e-18 3.1775e-27
6600 2.89992e-17 2.86918e-18 3.17362e-27
6700 2.92665e-17 3.41448e-18 3.17143e-27
6800 5.16926e-17 4.0105e-18 3.17092e-27
6900 5.27434e-17 4.64924e-18 3.17207e-27
7000 4.73007e-17 5.31985e-18 3.17488e-27
7100 2.16923e-17 6.00886e-18 3.17936e-27
7200 5.02593e-17 6.70067e-18 3.18551e-27
7300 5.38182e-17 7.37822e-18 3.19335e-27
7400 2.74002e-17 8.02386e-18 3.20287e-27
7500 4.74113e-17 8.6204e-18 3.21411e-27
7600 5.21676e-17 9.15209e-18 3.22708e-27
7700 5.72505e-17 9.60569e-18 3.2418e-27
7800 4.72393e-17 9.97134e-18 3.25831e-27
7900 5.5469e-17 1.02432e-17 3.27664e-27
8000 7.5753e-17 1.042e-17 3.29682e-27
8100 6.26992e-17 1.05048e-17 3.3189e-27
8200 5.13989e-17 1.05051e-17 3.34292e-27
8300 5.01936e-17 1.04318e-17 3.36893e-27
8400 5.94037e-17 1.0299e-17 3.39699e-27
8500 6.32157e-17 1.01225e-17 3.42716e-27
8600 5.4162e-17 9.91868e-18 3.4595e-27
8700 4.287e-17 9.70378e-18 3.49408e-27
8800 5.46776e-17 9.49256e-18 3.53098e-27
8900 6.38897e-17 9.29757e-18 3.57028e-27
9000 6.43935e-17 9.1285e-18 3.61206e-27
9100 6.66643e-17 8.99183e-18 3.65643e-27
9200 6.48773e-17 8.8907e-18 3.70349e-27
9300 6.80338e-17 8.82503e-18 3.75333e-27
9400 6.9767e-17 8.79184e-18 3.80609e-27
9500 6.33065e-17 8.78575e-18 3.86187e-27
9600 7.00242e-17 8.79954e-18 3.92081e-27
9700 6.67904e-17 8.82479e-18 3.98306e-27
9800 6.12718e-17 8.85246e-18 4.04875e-27
9900 5.42489e-17 8.87352e-18 4.11804e-27
10000 4.91825e-17 8.87944e-18 4.1911e-27
