0 0 0
100 1.05477e-08 0
200 8.40508e-09 0
300 8.14519e-09 0
400 8.17412e-09 0
500 15421.3 15420.9
600 186.931 186.263
700 8.50739 0
800 170.106 168.87
900 2.08669 0
1000 58.3992 44.5749
1100 49.3198 46.8894
1200 22.7516 19.8879
1300 13.9119 0
1400 8.7215 0
1500 1.56033 0
1600 1.59829 0
1700 2.07694 0
1800 2.72009 0
1900 4.31437 0
2000 1.2413 0
2100 1.55419 0
2200 2.82003 0
2300 2.59967 0
2400 3.11278 0
2500 3.58617 0
2600 4.72383 0
2700 2.77502 0
2800 3.60984 0
2900 2.61299 0
3000 3.05822 0
3100 2.3344 0
3200 3.13712 0
3300 2.50167 0
3400 2.48085 0
3500 2.10571 0
3600 2.16282 0
3700 1.83331 0
3800 1.75352 0
3900 1.88796 0
4000 1.90942 0
4100 1.81139 0
4200 1.94264 0
4300 2.12795 0
4400 1.72615 0
4500 1.80253 0
4600 2.65311 0
4700 2.52237 0
4800 2.00679 0
4900 2.74876 0
5000 1.85671 0
5100 1.80888 0
5200 2.07965 0
5300 2.17616 0
5400 1.80779 0
5500 2.18348 0
5600 2.39924 0.194415
5700 2.00533 0
5800 2.05432 0.133135
5900 1.7375 0
6000 1.83829 0.369829
6100 2.09564 1.06131
6200 2.98789 3.02956
6300 1.96168 0.923341
6400 2.15673 1.60885
6500 2.2735 2.22085
6600 1.69654 0.736558
6700 2.02487 1.81774
6800 2.67444 3.76432
6900 2.62371 3.67251
7000 2.64804 3.88267
7100 2.14753 2.83523
7200 3.1774 5.67006
7300 2.61379 4.5326
7400 1.94448 2.89893
7500 2.73948 5.25751
7600 2.98283 6.12569
7700 2.72174 5.69467
7800 2.55822 5.50129
7900 2.74352 6.53701
8000 3.10458 8.02151
8100 2.77158 7.50294
8200 2.84859 8.18979
8300 2.55748 7.57535
8400 2.51901 7.68887
8500 2.38444 7.5769
8600 2.21319 7.44437
8700 1.75239 6.10204
8800 2.08285 7.93026
8900 2.2251 9.04315
9000 2.58826 10.9876
9100 2.59047 11.5097
9200 2.17926 10.0534
9300 2.2082 10.7325
9400 2.30733 11.8073
9500 1.80525 9.98933
9600 1.94704 11.2498
9700 1.75208 10.5806
9800 1.52937 9.66137
9900 1.25084 8.2727
10000 1.03052 7.14061
