0 0 0
100 1.05477e-08 0
200 8.40508e-09 0
300 8.14519e-09 0
400 8.17412e-09 0
500 15421.3 15421.1
600 186.931 186.52
700 8.50739 0.130245
800 170.106 169.329
900 2.08669 0
1000 58.3992 47.9239
1100 49.3198 47.703
1200 22.7516 20.809
1300 13.9119 0
1400 8.7215 0
1500 1.56033 0
1600 1.59829 0
1700 2.07694 0
1800 2.72009 0
1900 4.31437 0
2000 1.2413 0
2100 1.55419 0
2200 2.82003 0
2300 2.59967 0
2400 3.11278 0
2500 3.58617 0
2600 4.72383 0
2700 2.77502 0
2800 3.60984 0
2900 2.61299 0
3000 3.05822 0
3100 2.3344 0
3200 3.13712 0
3300 2.50167 0
3400 2.48085 0
3500 2.10571 0
3600 2.16282 0
3700 1.83331 0
3800 1.75352 0
3900 1.88796 0
4000 1.90942 0
4100 1.81139 0
4200 1.94264 0
4300 2.12795 0
4400 1.72615 0
4500 1.80253 0
4600 2.65311 0.0760951
4700 2.52237 0
4800 2.00679 0
4900 2.74876 0.730534
5000 1.85671 0
5100 1.80888 0
5200 2.07965 0.399941
5300 2.17616 0.520728
5400 1.80779 0.0851312
5500 2.18348 1.60522
5600 2.39924 1.99097
5700 2.00533 1.55682
5800 2.05432 1.7687
5900 1.7375 1.24573
6000 1.83829 1.48212
6100 2.09564 1.61998
6200 2.98789 4.91555
6300 1.96168 2.71372
6400 2.15673 3.3477
6500 2.2735 3.74958
6600 1.69654 4.7731
6700 2.02487 6.98305
6800 2.67444 2.15783
6900 2.62371 1.99005
7000 2.64804 2.33414
7100 2.14753 3.06478
7200 3.1774 3.29119
7300 2.61379 2.6956
7400 1.94448 2.75314
7500 2.73948 3.43897
7600 2.98283 3.82851
7700 2.72174 3.27438
7800 2.55822 3.78825
7900 2.74352 3.9626
8000 3.10458 4.2921
8100 2.77158 4.56184
8200 2.84859 5.41664
8300 2.55748 5.16581
8400 2.51901 5.09288
8500 2.38444 4.93087
8600 2.21319 5.39037
8700 1.75239 5.11482
8800 2.08285 5.84397
8900 2.2251 6.15221
9000 2.58826 7.34152
9100 2.59047 7.59883
9200 2.17926 6.84157
9300 2.2082 7.14692
9400 2.30733 7.96907
9500 1.80525 7.53322
9600 1.94704 7.98732
9700 1.75208 7.95371
9800 1.52937 7.87651
9900 1.25084 7.63152
10000 1.03052 7.40676
