0 0 0
100 1.05477e-08 0
200 8.40508e-09 0
300 8.14519e-09 0
400 8.17412e-09 0
500 15421.3 15420.9
600 186.931 186.322
700 8.50739 0
800 170.106 168.975
900 2.08669 0
1000 58.3992 45.7889
1100 49.3198 47.0783
1200 22.7516 20.103
1300 13.9119 0
1400 8.7215 0
1500 1.56033 0
1600 1.59829 0
1700 2.07694 0
1800 2.72009 0
1900 4.31437 0
2000 1.2413 0
2100 1.55419 0
2200 2.82003 0
2300 2.59967 0
2400 3.11278 0
2500 3.58617 0
2600 4.72383 0
2700 2.77502 0
2800 3.60984 0
2900 2.61299 0
3000 3.05822 0
3100 2.3344 0
3200 3.13712 0
3300 2.50167 0
3400 2.48085 0
3500 2.10571 0
3600 2.16282 0
3700 1.83331 0
3800 1.75352 0
3900 1.88796 0
4000 1.90942 0
4100 1.81139 0
4200 1.94264 0
4300 2.12795 0
4400 1.72615 0
4500 1.80253 0
4600 2.65311 0
4700 2.52237 0
4800 2.00679 0
4900 2.74876 0
5000 1.85671 0
5100 1.80888 0
5200 2.07965 0
5300 2.17616 0
5400 1.80779 0
5500 2.18348 0
5600 2.39924 0.869654
5700 2.00533 0.190989
5800 2.05432 0.657356
5900 1.7375 0.0711346
6000 1.83829 0.493067
6100 2.09564 4.42402
6200 2.98789 0.687459
6300 1.96168 3.31581
6400 2.15673 2.74447
6500 2.2735 3.19069
6600 1.69654 4.2871
6700 2.02487 2.37404
6800 2.67444 7.75222
6900 2.62371 6.81197
7000 2.64804 5.23731
7100 2.14753 1.56969
7200 3.1774 5.03299
7300 2.61379 6.14496
7400 1.94448 2.45053
7500 2.73948 4.82442
7600 2.98283 5.8303
7700 2.72174 7.16633
7800 2.55822 5.39257
7900 2.74352 5.74467
8000 3.10458 8.71163
8100 2.77158 7.23503
8200 2.84859 5.67295
8300 2.55748 5.43105
8400 2.51901 7.37098
8500 2.38444 7.69623
8600 2.21319 6.04631
8700 1.75239 5.0101
8800 2.08285 6.69053
8900 2.2251 7.95238
9000 2.58826 7.72388
9100 2.59047 7.78357
9200 2.17926 7.96058
9300 2.2082 8.5455
9400 2.30733 8.49515
9500 1.80525 7.84111
9600 1.94704 9.0933
9700 1.75208 8.61519
9800 1.52937 7.74857
9900 1.25084 6.93445
10000 1.03052 6.63855
