0 0 0
100 1.05477e-08 0
200 8.40508e-09 0
300 8.14519e-09 0
400 8.17412e-09 0
500 15421.3 15421
600 186.931 186.447
700 8.50739 0.0382029
800 170.106 169.224
900 2.08669 0
1000 58.3992 47.8898
1100 49.3198 47.5677
1200 22.7516 20.6753
1300 13.9119 0
1400 8.7215 0
1500 1.56033 0
1600 1.59829 0
1700 2.07694 0
1800 2.72009 0
1900 4.31437 0
2000 1.2413 0
2100 1.55419 0
2200 2.82003 0
2300 2.59967 0
2400 3.11278 0
2500 3.58617 0
2600 4.72383 0
2700 2.77502 0
2800 3.60984 0
2900 2.61299 0
3000 3.05822 0
3100 2.3344 0
3200 3.13712 0
3300 2.50167 0
3400 2.48085 0
3500 2.10571 0
3600 2.16282 0
3700 1.83331 0
3800 1.75352 0
3900 1.88796 0
4000 1.90942 0
4100 1.81139 0
4200 1.94264 0
4300 2.12795 0
4400 1.72615 0
4500 1.80253 0
4600 2.65311 0
4700 2.52237 0
4800 2.00679 1.67445
4900 2.74876 0
5000 1.85671 2.44851
5100 1.80888 1.49258
5200 2.07965 0
5300 2.17616 0
5400 1.80779 0.592973
5500 2.18348 0
5600 2.39924 0
5700 2.00533 0
5800 2.05432 0.253038
5900 1.7375 0.555545
6000 1.83829 0.38554
6100 2.09564 0
6200 2.98789 1.83361
6300 1.96168 0
6400 2.15673 0
6500 2.2735 0.952773
6600 1.69654 0.67491
6700 2.02487 0.441067
6800 2.67444 3.10758
6900 2.62371 3.52614
7000 2.64804 3.49218
7100 2.14753 2.25733
7200 3.1774 3.93701
7300 2.61379 3.92181
7400 1.94448 3.08738
7500 2.73948 4.51612
7600 2.98283 4.93528
7700 2.72174 5.26089
7800 2.55822 4.71383
7900 2.74352 5.43657
8000 3.10458 6.09548
8100 2.77158 5.90682
8200 2.84859 6.04146
8300 2.55748 6.07061
8400 2.51901 5.97019
8500 2.38444 6.20412
8600 2.21319 5.9733
8700 1.75239 5.35862
8800 2.08285 6.36757
8900 2.2251 7.00292
9000 2.58826 7.54115
9100 2.59047 7.79971
9200 2.17926 7.51282
9300 2.2082 7.82124
9400 2.30733 8.23981
9500 1.80525 7.67031
9600 1.94704 8.35092
9700 1.75208 8.11789
9800 1.52937 7.67973
9900 1.25084 7.00804
10000 1.03052 6.40211
