0 0 0
100 1.05477e-08 0
200 8.40508e-09 0
300 8.14519e-09 0
400 8.17412e-09 0
500 15421.3 15420.9
600 186.931 186.329
700 8.50739 0
800 170.106 168.986
900 2.08669 0
1000 58.3992 45.7016
1100 49.3198 47.0925
1200 22.7516 20.1182
1300 13.9119 0
1400 8.7215 0
1500 1.56033 0
1600 1.59829 0
1700 2.07694 0
1800 2.72009 0
1900 4.31437 0
2000 1.2413 0
2100 1.55419 0
2200 2.82003 0
2300 2.59967 0
2400 3.11278 0
2500 3.58617 0
2600 4.72383 0
2700 2.77502 0
2800 3.60984 0
2900 2.61299 0
3000 3.05822 0
3100 2.3344 0
3200 3.13712 0
3300 2.50167 0
3400 2.48085 0
3500 2.10571 0
3600 2.16282 0
3700 1.83331 0
3800 1.75352 0
3900 1.88796 0
4000 1.90942 0
4100 1.81139 0
4200 1.94264 0
4300 2.12795 0
4400 1.72615 0
4500 1.80253 0
4600 2.65311 0
4700 2.52237 0
4800 2.00679 0
4900 2.74876 0
5000 1.85671 0
5100 1.80888 0
5200 2.07965 0
5300 2.17616 0
5400 1.80779 0
5500 2.18348 0
5600 2.39924 1.0042
5700 2.00533 0
5800 2.05432 0.544449
5900 1.7375 0.243744
6000 1.83829 0
6100 2.09564 4.44487
6200 2.98789 2.06748
6300 1.96168 6.13058
6400 2.15673 3.8824
6500 2.2735 3.02048
6600 1.69654 8.13842
6700 2.02487 3.97361
6800 2.67444 2.944
6900 2.62371 3.11735
7000 2.64804 3.42505
7100 2.14753 4.06982
7200 3.1774 3.50195
7300 2.61379 3.86392
7400 1.94448 4.79047
7500 2.73948 4.54267
7600 2.98283 4.73282
7700 2.72174 4.64189
7800 2.55822 5.19933
7900 2.74352 4.94045
8000 3.10458 4.99623
8100 2.77158 5.37809
8200 2.84859 5.76608
8300 2.55748 5.95713
8400 2.51901 6.0504
8500 2.38444 6.16918
8600 2.21319 6.57975
8700 1.75239 6.69979
8800 2.08285 6.94711
8900 2.2251 7.16324
9000 2.58826 7.65457
9100 2.59047 7.7705
9200 2.17926 7.64992
9300 2.2082 7.82667
9400 2.30733 8.43745
9500 1.80525 8.7977
9600 1.94704 9.12945
9700 1.75208 9.43882
9800 1.52937 9.68607
9900 1.25084 10.0775
10000 1.03052 10.5681
