0 0
100 0
200 0
300 0
400 0
500 0
600 1
700 0
800 0
900 0
1000 0
1100 0
1200 0
1300 0.905835
1400 0
1500 0
1600 0
1700 0
1800 0
1900 0.670723
2000 0
2100 0
2200 0.500629
2300 0
2400 0.707983
2500 0.688789
2600 0.670141
2700 0.65221
2800 0.635125
2900 0.618927
3000 0.603564
3100 0.588886
3200 0.574676
3300 0.560719
3400 0.546839
3500 0.532947
3600 0.519047
3700 0.505222
3800 0.491617
3900 0.478396
4000 0.465723
4100 0.453778
4200 0.442581
4300 0.432192
4400 0.422581
4500 0.413656
4600 0.501516
4700 0.565926
4800 0.216091
4900 0.731952
5000 0.115955
5100 0.267421
5200 0.572844
5300 0.631944
5400 0.553798
5500 0.598924
5600 0.784866
5700 0.729219
5800 0.650213
5900 0.514935
6000 0.632309
6100 0.198665
6200 0.497795
6300 0.255481
6400 0.282769
6500 0.324413
6600 0.330987
6700 0.257675
6800 0.48494
6900 0.57026
7000 0.506314
7100 0.309002
7200 0.640279
7300 0.475167
7400 0.289503
7500 0.428703
7600 0.486888
7700 0.51005
7800 0.367443
7900 0.49859
8000 0.574339
8100 0.447746
8200 0.418803
8300 0.381776
8400 0.390026
8500 0.370577
8600 0.283601
8700 0.239911
8800 0.306829
8900 0.313958
9000 0.322939
9100 0.321811
9200 0.296813
9300 0.291205
9400 0.26558
9500 0.217358
9600 0.228383
9700 0.195266
9800 0.162216
9900 0.126176
10000 0.0993484
