0 0
100 0
200 0
300 0
400 0
500 0
600 nan
700 0
800 0
900 0
1000 0
1100 0
1200 0
1300 nan
1400 nan
1500 0
1600 nan
1700 0
1800 nan
1900 nan
2000 nan
2100 0
2200 nan
2300 0
2400 0.713067
2500 0.694412
2600 0.67614
2700 0.658357
2800 0.641146
2900 0.624543
3000 0.608534
3100 0.593063
3200 0.578027
3300 0.563322
3400 0.54886
3500 0.534593
3600 0.520522
3700 0.506682
3800 0.493155
3900 0.480024
4000 0.467383
4100 0.455322
4200 0.443857
4300 0.433014
4400 0.422767
4500 0.413053
4600 0.403782
4700 0.433912
4800 0.440048
4900 0.445265
5000 0.449599
5100 0.453074
5200 0.455696
5300 0.45747
5400 0.4584
5500 0.458488
5600 0.457739
5700 0.456156
5800 0.453751
5900 0.450539
6000 0.446546
6100 0.441805
6200 0.436362
6300 0.43027
6400 0.42359
6500 0.416384
6600 0.408712
6700 0.400627
6800 0.529452
6900 0.522285
7000 0.482609
7100 0.300463
7200 0.471203
7300 0.473986
7400 0.295464
7500 0.394048
7600 0.406864
7700 0.435264
7800 0.353432
7900 0.372392
8000 0.450103
8100 0.364906
8200 0.296544
8300 0.278085
8400 0.314309
8500 0.308957
8600 0.244204
8700 0.197358
8800 0.233026
8900 0.251201
9000 0.232478
9100 0.222765
9200 0.210997
9300 0.207815
9400 0.191938
9500 0.166848
9600 0.174436
9700 0.154344
9800 0.131236
9900 0.108781
10000 0.0939367
