0 0
100 0
200 0
300 0
400 0
500 0
600 nan
700 0
800 0
900 0
1000 0
1100 0
1200 0
1300 nan
1400 nan
1500 0
1600 nan
1700 0
1800 nan
1900 nan
2000 nan
2100 0
2200 nan
2300 0
2400 0.707983
2500 0.688789
2600 0.670141
2700 0.65221
2800 0.635125
2900 0.618927
3000 0.603564
3100 0.588886
3200 0.574676
3300 0.560719
3400 0.546839
3500 0.532947
3600 0.519047
3700 0.505222
3800 0.491617
3900 0.478396
4000 0.465723
4100 0.453778
4200 0.442581
4300 0.432192
4400 0.422581
4500 0.413656
4600 0.40528
4700 0.436189
4800 0.443156
4900 0.449125
5000 0.454058
5100 0.10081
5200 0.330215
5300 0.384562
5400 0.0796684
5500 0.645003
5600 0.68255
5700 0.685785
5800 0.656823
5900 0.543752
6000 0.615189
6100 0.504431
6200 0.739776
6300 0.617833
6400 0.670183
6500 0.716916
6600 0.73045
6700 0.796326
6800 0.386396
6900 0.384576
7000 0.404085
7100 0.451107
7200 0.447963
7300 0.353805
7400 0.391319
7500 0.396812
7600 0.402482
7700 0.350855
7800 0.362495
7900 0.352403
8000 0.314412
8100 0.322984
8200 0.388414
8300 0.357688
8400 0.308329
8500 0.277854
8600 0.289528
8700 0.280814
8800 0.286144
8900 0.270508
9000 0.308727
9100 0.299038
9200 0.256572
9300 0.249369
9400 0.253855
9500 0.225638
9600 0.220261
9700 0.204487
9800 0.190507
9900 0.171347
10000 0.151936
