0 0 nan
100 1.05477e-08 nan
200 8.40508e-09 nan
300 8.14519e-09 nan
400 8.17412e-09 nan
500 15421.3 nan
600 186.931 nan
700 8.50739 nan
800 170.106 nan
900 2.08669 nan
1000 58.3992 nan
1100 49.3198 nan
1200 22.7516 nan
1300 13.9119 nan
1400 8.7215 nan
1500 1.56033 nan
1600 1.59829 nan
1700 2.07694 nan
1800 2.72009 nan
1900 4.31437 nan
2000 1.2413 nan
2100 1.55419 nan
2200 2.82003 0
2300 2.59967 0
2400 3.11278 0
2500 3.58617 0
2600 4.72383 0
2700 2.77502 0
2800 3.60984 0
2900 2.61299 0
3000 3.05822 0
3100 2.3344 0
3200 3.13712 0
3300 2.50167 0
3400 2.48085 0
3500 2.10571 0
3600 2.16282 0
3700 1.83331 0
3800 1.75352 0
3900 1.88796 0
4000 1.90942 0
4100 1.81139 0
4200 1.94264 0
4300 2.12795 0
4400 1.72615 0
4500 1.80253 0
4600 2.65311 0
4700 2.52237 0
4800 2.00679 0
4900 2.74876 1.87823
5000 1.85671 0
5100 1.80888 16.8926
5200 2.07965 3.30559
5300 2.17616 2.71014
5400 1.80779 19.9148
5500 2.18348 0
5600 2.39924 0
5700 2.00533 0
5800 2.05432 0
5900 1.7375 0.389433
6000 1.83829 0.536224
6100 2.09564 1.35945
6200 2.98789 0
6300 1.96168 0
6400 2.15673 0
6500 2.2735 0
6600 1.69654 0
6700 2.02487 0
6800 2.67444 4.42481
6900 2.62371 4.62606
7000 2.64804 4.30288
7100 2.14753 2.29754
7200 3.1774 4.7908
7300 2.61379 5.21861
7400 1.94448 3.06222
7500 2.73948 4.90909
7600 2.98283 5.44402
7700 2.72174 6.01365
7800 2.55822 5.21288
7900 2.74352 6.06428
8000 3.10458 8.05318
8100 2.77158 6.92669
8200 2.84859 5.92978
8300 2.55748 5.87812
8400 2.51901 6.83967
8500 2.38444 7.28208
8600 2.21319 6.43771
8700 1.75239 5.34311
8800 2.08285 6.59663
8900 2.2251 7.60907
9000 2.58826 7.72976
9100 2.59047 8.04251
9200 2.17926 7.92797
9300 2.2082 8.34993
9400 2.30733 8.62639
9500 1.80525 8.00052
9600 1.94704 8.83964
9700 1.75208 8.56815
9800 1.52937 8.02787
9900 1.25084 7.30003
10000 1.03052 6.78262
