0	 0	1	0	0	1
100	 0	0	0	0	1
100	 0	0	0	0	1
100	 -1	0	0	0	1
100	 1	0	0	0	1
100	 -2	0	0	0	1
100	 2	0	0	0	1
100	 -3	0	0	0	1
100	 3	0	0	0	1
100	 -4	0	0	0	1
100	 4	0	0	0	1
100	 -5	0	0	0	1
100	 5	0	0	0	1
200	 0	0	0	0	1
200	 0	0	0	0	1
200	 -1	0	0	0	1
200	 1	0	0	0	1
200	 -2	0	0	0	1
200	 2	0	0	0	1
200	 -3	0	0	0	1
200	 3	0	0	0	1
200	 -4	0	0	0	1
200	 4	0	0	0	1
200	 -5	0	0	0	1
200	 5	0	0	0	1
300	 0	0	0	0	1
300	 0	0	0	0	1
300	 -1	0	0	0	1
300	 1	0	0	0	1
300	 -2	0	0	0	1
300	 2	0	0	0	1
300	 -3	0	0	0	1
300	 3	0	0	0	1
300	 -4	0	0	0	1
300	 4	0	0	0	1
300	 -5	0	0	0	1
300	 5	0	0	0	1
400	 0	0	0	0	1
400	 0	0	0	0	1
400	 -1	0	0	0	1
400	 1	0	0	0	1
400	 -2	0	0	0	1
400	 2	0	0	0	1
400	 -3	0	0	0	1
400	 3	0	0	0	1
400	 -4	0	0	0	1
400	 4	0	0	0	1
400	 -5	0	0	0	1
400	 5	0	0	0	1
500	 0	0	0	0	1
500	 0	0	0	0	1
500	 -1	0	0	0	1
500	 1	0	0	0	1
500	 -2	0	0	0	1
500	 2	0	0	0	1
500	 -3	0	0	0	1
500	 3	0	0	0	1
500	 -4	0	0	0	1
500	 4	0	0	0	1
500	 -5	0	0	0	1
500	 5	0	0	0	1
600	 0	0	0	0	1
600	 0	0	0	0	1
600	 -1	0	0	0	1
600	 1	0	0	0	1
600	 -2	0	0	0	1
600	 2	1	1.7775e-12	1.7775e-12	1
600	 -3	0	0	0	1
600	 3	0	0	0	1
600	 -4	0	0	0	1
600	 4	0	0	0	1
600	 -5	0	0	0	1
600	 5	0	0	0	1
700	 0	0	0	0	1
700	 0	0	0	0	1
700	 -1	0	0	0	1
700	 1	0	0	0	1
700	 -2	0	0	0	1
700	 2	0	0	0	1
700	 -3	0	0	0	1
700	 3	0	0	0	1
700	 -4	0	0	0	1
700	 4	0	0	0	1
700	 -5	0	0	0	1
700	 5	0	0	0	1
800	 0	0	0	0	1
800	 0	0	0	0	1
800	 -1	0	0	0	1
800	 1	0	0	0	1
800	 -2	0	0	0	1
800	 2	0	0	0	1
800	 -3	0	0	0	1
800	 3	0	0	0	1
800	 -4	0	0	0	1
800	 4	0	0	0	1
800	 -5	0	0	0	1
800	 5	0	0	0	1
900	 0	0	0	0	1
900	 0	0	0	0	1
900	 -1	0	0	0	1
900	 1	0	0	0	1
900	 -2	0	0	0	1
900	 2	0	0	0	1
900	 -3	0	0	0	1
900	 3	0	0	0	1
900	 -4	0	0	0	1
900	 4	0	0	0	1
900	 -5	0	0	0	1
900	 5	0	0	0	1
1000	 0	0	0	0	1
1000	 0	0	0	0	1
1000	 -1	0	0	0	1
1000	 1	0	0	0	1
1000	 -2	0	0	0	1
1000	 2	0	0	0	1
1000	 -3	0	0	0	1
1000	 3	0	0	0	1
1000	 -4	0	0	0	1
1000	 4	0	0	0	1
1000	 -5	0	0	0	1
1000	 5	0	0	0	1
1100	 0	0	0	0	1
1100	 0	0	0	0	1
1100	 -1	0	0	0	1
1100	 1	0	0	0	1
1100	 -2	0	0	0	1
1100	 2	0	0	0	1
1100	 -3	0	0	0	1
1100	 3	0	0	0	1
1100	 -4	0	0	0	1
1100	 4	0	0	0	1
1100	 -5	0	0	0	1
1100	 5	0	0	0	1
1200	 0	0	0	0	1
1200	 0	0	0	0	1
1200	 -1	0	0	0	1
1200	 1	0	0	0	1
1200	 -2	0	0	0	1
1200	 2	0	0	0	1
1200	 -3	0	0	0	1
1200	 3	0	0	0	1
1200	 -4	0	0	0	1
1200	 4	0	0	0	1
1200	 -5	0	0	0	1
1200	 5	0	0	0	1
1300	 0	0	0	0	1
1300	 0	0	0	0	1
1300	 -1	0	0	0	1
1300	 1	0	0	0	1
1300	 -2	0	0	0	1
1300	 2	1	4.3763e-11	3.9642e-11	1
1300	 -3	0	0	0	1
1300	 3	0	0	0	1
1300	 -4	0	0	0	1
1300	 4	0	0	0	1
1300	 -5	0	0	0	1
1300	 5	0	0	0	1
1400	 0	0	0	0	1
1400	 0	1	5.63324e-12	0	1
1400	 -1	0	0	0	1
1400	 1	0	0	0	1
1400	 -2	0	0	0	1
1400	 2	0	0	0	1
1400	 -3	0	0	0	1
1400	 3	0	0	0	1
1400	 -4	0	0	0	1
1400	 4	0	0	0	1
1400	 -5	0	0	0	1
1400	 5	0	0	0	1
1500	 0	0	0	0	1
1500	 0	0	0	0	1
1500	 -1	0	0	0	1
1500	 1	0	0	0	1
1500	 -2	0	0	0	1
1500	 2	0	0	0	1
1500	 -3	0	0	0	1
1500	 3	0	0	0	1
1500	 -4	0	0	0	1
1500	 4	0	0	0	1
1500	 -5	0	0	0	1
1500	 5	0	0	0	1
1600	 0	0	0	0	1
1600	 0	0	0	0	1
1600	 -1	0	0	0	1
1600	 1	0	0	0	1
1600	 -2	0	0	0	1
1600	 2	0	0	0	1
1600	 -3	0	0	0	1
1600	 3	0	0	0	1
1600	 -4	0	0	0	1
1600	 4	1	1.39049e-11	0	1
1600	 -5	0	0	0	1
1600	 5	0	0	0	1
1700	 0	0	0	0	1
1700	 0	0	0	0	1
1700	 -1	0	0	0	1
1700	 1	0	0	0	1
1700	 -2	0	0	0	1
1700	 2	0	0	0	1
1700	 -3	0	0	0	1
1700	 3	0	0	0	1
1700	 -4	0	0	0	1
1700	 4	0	0	0	1
1700	 -5	0	0	0	1
1700	 5	0	0	0	1
1800	 0	0	0	0	1
1800	 0	1	2.95729e-11	0	1
1800	 -1	0	0	0	1
1800	 1	0	0	0	1
1800	 -2	0	0	0	1
1800	 2	0	0	0	1
1800	 -3	0	0	0	1
1800	 3	0	0	0	1
1800	 -4	0	0	0	1
1800	 4	0	0	0	1
1800	 -5	0	0	0	1
1800	 5	0	0	0	1
1900	 0	0	0	0	1
1900	 0	0	0	0	1
1900	 -1	0	0	0	1
1900	 1	0	0	0	1
1900	 -2	0	0	0	1
1900	 2	1	2.74395e-10	1.84043e-10	1
1900	 -3	0	0	0	1
1900	 3	0	0	0	1
1900	 -4	0	0	0	1
1900	 4	0	0	0	1
1900	 -5	0	0	0	1
1900	 5	0	0	0	1
2000	 0	0	0	0	1
2000	 0	0	0	0	1
2000	 -1	0	0	0	1
2000	 1	0	0	0	1
2000	 -2	0	0	0	1
2000	 2	0	0	0	1
2000	 -3	0	0	0	1
2000	 3	1	1.39724e-10	0	1
2000	 -4	0	0	0	1
2000	 4	0	0	0	1
2000	 -5	0	0	0	1
2000	 5	0	0	0	1
2100	 0	0	0	0	1
2100	 0	0	0	0	1
2100	 -1	0	0	0	1
2100	 1	0	0	0	1
2100	 -2	0	0	0	1
2100	 2	0	0	0	1
2100	 -3	0	0	0	1
2100	 3	0	0	0	1
2100	 -4	0	0	0	1
2100	 4	0	0	0	1
2100	 -5	0	0	0	1
2100	 5	0	0	0	1
2200	 0	0	0	0	1
2200	 0	0	0	0	1
2200	 -1	0	0	0	1
2200	 1	0	0	0	1
2200	 -2	0	0	0	1
2200	 2	1	6.68237e-10	3.34539e-10	1
2200	 -3	0	0	0	1
2200	 3	0	0	0	1
2200	 -4	0	0	0	1
2200	 4	0	0	0	1
2200	 -5	0	0	0	1
2200	 5	0	0	0	1
2300	 0	0	0	0	1
2300	 0	0	0	0	1
2300	 -1	0	0	0	1
2300	 1	0	0	0	1
2300	 -2	0	0	0	1
2300	 2	0	0	0	1
2300	 -3	0	0	0	1
2300	 3	0	0	0	1
2300	 -4	0	0	0	1
2300	 4	0	0	0	1
2300	 -5	0	0	0	1
2300	 5	0	0	0	1
2400	 0	0.0139177	0	0	1
2400	 0	0.125424	1.34637e-09	0	1
2400	 -1	0.014044	1.18825e-05	8.46613e-06	1
2400	 1	0.126562	4.24012e-08	3.66156e-08	1
2400	 -2	0.0287047	1.52895e-06	0	1
2400	 2	0.258682	4.72883e-09	1.84705e-09	1
2400	 -3	0.0171924	2.6418e-06	0	1
2400	 3	0.154935	4.72282e-09	0	1
2400	 -4	0.0209429	7.79217e-08	0	1
2400	 4	0.188734	9.36393e-10	0	1
2400	 -5	0.0084601	1.80951e-07	0	1
2400	 5	0.076241	1.02565e-10	0	1
2500	 0	0.0194577	3.42147e-12	0	1
2500	 0	0.134945	1.59069e-09	0	1
2500	 -1	0.0197039	1.02182e-05	7.08638e-06	1
2500	 1	0.136653	5.31011e-08	4.52476e-08	1
2500	 -2	0.0405593	1.37204e-06	0	1
2500	 2	0.281291	5.88538e-09	2.00886e-09	1
2500	 -3	0.024552	2.36588e-06	0	1
2500	 3	0.170276	6.28838e-09	0	1
2500	 -4	0.0303344	8.83362e-08	0	1
2500	 4	0.210379	1.08636e-09	0	1
2500	 -5	0.0124728	1.95483e-07	0	1
2500	 5	0.0865026	1.59082e-10	0	1
2600	 0	0.0268055	3.58095e-11	0	1
2600	 0	0.144669	1.86745e-09	0	1
2600	 -1	0.0272307	8.86817e-06	5.98404e-06	1
2600	 1	0.146964	6.56602e-08	5.50999e-08	1
2600	 -2	0.0564083	1.23877e-06	0	1
2600	 2	0.304435	7.34454e-09	2.1816e-09	1
2600	 -3	0.0344714	2.13443e-06	0	1
2600	 3	0.186042	8.30546e-09	0	1
2600	 -4	0.0431323	9.72782e-08	0	1
2600	 4	0.232785	1.26305e-09	0	1
2600	 -5	0.0180177	2.05438e-07	0	1
2600	 5	0.0972414	2.41572e-10	0	1
2700	 0	0.0362908	1.44219e-10	0	1
2700	 0	0.154504	2.18277e-09	0	1
2700	 -1	0.0369718	7.79176e-06	5.11445e-06	1
2700	 1	0.157402	8.02231e-08	6.61542e-08	1
2700	 -2	0.0770247	1.12923e-06	0	1
2700	 2	0.327923	9.17619e-09	2.36687e-09	1
2700	 -3	0.0474746	1.94585e-06	0	1
2700	 3	0.202117	1.08809e-08	0	1
2700	 -4	0.0600838	1.05171e-07	0	1
2700	 4	0.255799	1.47678e-09	0	1
2700	 -5	0.0254592	2.12435e-07	0	1
2700	 5	0.108389	3.64852e-10	0	1
2800	 0	0.0481828	3.82842e-10	0	1
2800	 0	0.164454	2.54413e-09	0	1
2800	 -1	0.0492141	6.9482e-06	4.43598e-06	1
2800	 1	0.167973	9.68601e-08	7.82954e-08	1
2800	 -2	0.103062	1.04222e-06	0	1
2800	 2	0.351763	1.14557e-08	2.56491e-09	1
2800	 -3	0.0640181	1.79707e-06	0	1
2800	 3	0.218501	1.41337e-08	0	1
2800	 -4	0.0818649	1.12566e-07	0	1
2800	 4	0.279415	1.7432e-09	0	1
2800	 -5	0.0351406	2.18028e-07	0	1
2800	 5	0.119939	5.52877e-10	0	1
2900	 0	0.062654	8.0542e-10	0	1
2900	 0	0.174659	2.96006e-09	0	1
2900	 -1	0.0641467	6.2988e-06	3.91145e-06	1
2900	 1	0.178821	1.15504e-07	9.12627e-08	1
2900	 -2	0.134971	9.75773e-07	0	1
2900	 2	0.376256	1.42561e-08	2.77385e-09	1
2900	 -3	0.0844363	1.68412e-06	0	1
2900	 3	0.235381	1.81851e-08	0	1
2900	 -4	0.109003	1.20016e-07	0	1
2900	 4	0.303865	2.08476e-09	0	1
2900	 -5	0.0473468	2.23493e-07	0	1
2900	 5	0.131988	8.41383e-10	0	1
3000	 0	0.0797696	1.46491e-09	0	1
3000	 0	0.185412	3.43994e-09	0	1
3000	 -1	0.0818481	5.80858e-06	3.50896e-06	1
3000	 1	0.190243	1.35887e-07	1.0461e-07	1
3000	 -2	0.172968	9.27509e-07	0	1
3000	 2	0.402037	1.76367e-08	2.98925e-09	1
3000	 -3	0.108916	1.60261e-06	0	1
3000	 3	0.253158	2.31423e-08	0	1
3000	 -4	0.141834	1.27996e-07	0	1
3000	 4	0.329673	2.53198e-09	0	1
3000	 -5	0.0622822	2.2976e-07	0	1
3000	 5	0.144765	1.28002e-09	0	1
3100	 0	0.0995092	2.41587e-09	0	1
3100	 0	0.197138	3.99408e-09	0	1
3100	 -1	0.102308	5.44685e-06	3.20187e-06	1
3100	 1	0.202682	1.57508e-07	1.17702e-07	1
3100	 -2	0.217077	8.94901e-07	0	1
3100	 2	0.430051	2.16298e-08	3.20425e-09	1
3100	 -3	0.137518	1.54803e-06	0	1
3100	 3	0.272438	2.90793e-08	0	1
3100	 -4	0.180529	1.36865e-07	0	1
3100	 4	0.357647	3.12446e-09	0	1
3100	 -5	0.0800756	2.37426e-07	0	1
3100	 5	0.158638	1.93325e-09	0	1
3200	 0	0.121816	3.71618e-09	0	1
3200	 0	0.210353	4.63428e-09	0	1
3200	 -1	0.125476	5.1871e-06	2.96824e-06	1
3200	 1	0.216673	1.79651e-07	1.2976e-07	1
3200	 -2	0.267231	8.75469e-07	0	1
3200	 2	0.461459	2.62312e-08	3.41044e-09	1
3200	 -3	0.170243	1.51603e-06	0	1
3200	 3	0.293978	3.60209e-08	0	1
3200	 -4	0.225165	1.4686e-07	0	1
3200	 4	0.388819	3.91117e-09	0	1
3200	 -5	0.100812	2.46808e-07	0	1
3200	 5	0.174083	2.87932e-09	0	1
3300	 0	0.146652	5.42662e-09	0	1
3300	 0	0.225616	5.37483e-09	0	1
3300	 -1	0.151322	5.00709e-06	2.7905e-06	1
3300	 1	0.232799	2.01475e-07	1.39967e-07	1
3300	 -2	0.323401	8.66882e-07	0	1
3300	 2	0.497533	3.13968e-08	3.59921e-09	1
3300	 -3	0.207106	1.50255e-06	0	1
3300	 3	0.31862	4.39359e-08	0	1
3300	 -4	0.275836	1.58102e-07	0	1
3300	 4	0.424356	4.94959e-09	0	1
3300	 -5	0.124578	2.58006e-07	0	1
3300	 5	0.191656	4.2069e-09	0	1
3400	 0	0.174054	7.60847e-09	0	1
3400	 0	0.243481	6.23355e-09	0	1
3400	 -1	0.179889	4.88834e-06	2.65471e-06	1
3400	 1	0.251644	2.22142e-07	1.47597e-07	1
3400	 -2	0.385708	8.67034e-07	0	1
3400	 2	0.539562	3.70492e-08	3.76329e-09	1
3400	 -3	0.248217	1.50392e-06	0	1
3400	 3	0.347228	5.27435e-08	0	1
3400	 -4	0.332752	1.70618e-07	0	1
3400	 4	0.465482	6.30388e-09	0	1
3400	 -5	0.151513	2.70967e-07	0	1
3400	 5	0.21195	6.01016e-09	0	1
3500	 0	0.204156	1.03199e-08	0	1
3500	 0	0.264484	7.23237e-09	0	1
3500	 -1	0.211323	4.81566e-06	2.54989e-06	1
3500	 1	0.273769	2.40951e-07	1.52125e-07	1
3500	 -2	0.454495	8.74055e-07	0	1
3500	 2	0.588799	4.30903e-08	3.89768e-09	1
3500	 -3	0.293829	1.51687e-06	0	1
3500	 3	0.380656	6.23298e-08	0	1
3500	 -4	0.396314	1.84352e-07	0	1
3500	 4	0.513425	8.04211e-09	0	1
3500	 -5	0.18184	2.85534e-07	0	1
3500	 5	0.235574	8.38297e-09	0	1
3600	 0	0.237206	1.36118e-08	0	1
3600	 0	0.289134	8.39735e-09	0	1
3600	 -1	0.245887	4.77682e-06	2.4676e-06	1
3600	 1	0.299715	2.57431e-07	1.53293e-07	1
3600	 -2	0.530357	8.86335e-07	0	1
3600	 2	0.64646	4.94172e-08	4.00008e-09	1
3600	 -3	0.344357	1.53857e-06	0	1
3600	 3	0.419742	7.2569e-08	0	1
3600	 -4	0.467147	1.99196e-07	0	1
3600	 4	0.569412	1.02331e-08	0	1
3600	 -5	0.215889	3.01493e-07	0	1
3600	 5	0.26315	1.14134e-08	0	1
3700	 0	0.273565	1.75246e-08	0	1
3700	 0	0.31793	9.75796e-09	0	1
3700	 -1	0.283961	4.76189e-06	2.40123e-06	1
3700	 1	0.330012	2.71381e-07	1.51125e-07	1
3700	 -2	0.614146	9.02519e-07	0	1
3700	 2	0.713745	5.59363e-08	4.07055e-09	1
3700	 -3	0.400389	1.56667e-06	0	1
3700	 3	0.465322	8.33428e-08	0	1
3700	 -4	0.546118	2.14999e-07	0	1
3700	 4	0.634684	1.29429e-08	0	1
3700	 -5	0.254104	3.18596e-07	0	1
3700	 5	0.295314	1.51793e-08	0	1
3800	 0	0.313693	2.20853e-08	0	1
3800	 0	0.351381	1.1346e-08	0	1
3800	 -1	0.326033	4.76304e-06	2.34579e-06	1
3800	 1	0.365204	2.82853e-07	1.45885e-07	1
3800	 -2	0.706954	9.21446e-07	0	1
3800	 2	0.791889	6.25736e-08	4.11092e-09	1
3800	 -3	0.462675	1.5991e-06	0	1
3800	 3	0.518262	9.45546e-08	0	1
3800	 -4	0.634326	2.31588e-07	0	1
3800	 4	0.710536	1.62321e-08	0	1
3800	 -5	0.29705	3.36592e-07	0	1
3800	 5	0.332738	1.97444e-08	0	1
3900	 0	0.358152	2.7306e-08	0	1
3900	 0	0.390028	1.31941e-08	0	1
3900	 -1	0.372695	4.774e-06	2.2974e-06	1
3900	 1	0.405866	2.92106e-07	1.38021e-07	1
3900	 -2	0.810104	9.42163e-07	0	1
3900	 2	0.882206	6.92799e-08	4.12411e-09	1
3900	 -3	0.532124	1.63423e-06	0	1
3900	 3	0.579485	1.06136e-07	0	1
3900	 -4	0.733106	2.48781e-07	0	1
3900	 4	0.798355	2.01527e-08	0	1
3900	 -5	0.345406	3.55239e-07	0	1
3900	 5	0.376148	2.51564e-08	0	1
4000	 0	0.407592	3.31832e-08	0	1
4000	 0	0.434467	1.53346e-08	0	1
4000	 -1	0.424634	4.78993e-06	2.25317e-06	1
4000	 1	0.452633	2.99548e-07	1.28092e-07	1
4000	 -2	0.925142	9.63879e-07	0	1
4000	 2	0.986141	7.60324e-08	4.11347e-09	1
4000	 -3	0.609802	1.67066e-06	0	1
4000	 3	0.65001	1.1805e-07	0	1
4000	 -4	0.844024	2.66395e-07	0	1
4000	 4	0.899675	2.47457e-08	0	1
4000	 -5	0.399974	3.74317e-07	0	1
4000	 5	0.426347	3.14448e-08	0	1
4100	 0	0.462759	3.96984e-08	0	1
4100	 0	0.485363	1.77982e-08	0	1
4100	 -1	0.48264	4.80698e-06	2.21089e-06	1
4100	 1	0.506215	3.05666e-07	1.16706e-07	1
4100	 -2	1.05384	9.85935e-07	0	1
4100	 2	1.10531	8.28337e-08	4.08241e-09	1.22772
4100	 -3	0.696933	1.70728e-06	0	1
4100	 3	0.730976	1.30287e-07	0	1
4100	 -4	0.968884	2.84258e-07	0	1
4100	 4	1.01621	3.00395e-08	0	1
4100	 -5	0.461682	3.9363e-07	0	1
4100	 5	0.484234	3.86203e-08	0	1
4200	 0	0.524495	4.68196e-08	0	1
4200	 0	0.543475	2.06129e-08	0	1
4200	 -1	0.547603	4.82232e-06	2.16896e-06	1
4200	 1	0.567419	3.10982e-07	1.04468e-07	1
4200	 -2	1.1982	1.0078e-06	0	1
4200	 2	1.24156	8.9708e-08	4.03414e-09	1.2987
4200	 -3	0.794908	1.7432e-06	0	1
4200	 3	0.823673	1.42859e-07	0	1
4200	 -4	1.10975	3.02211e-07	0	1
4200	 4	1.1499	3.60485e-08	0	1
4200	 -5	0.531592	4.13012e-07	0	1
4200	 5	0.550828	4.66753e-08	0	1
4300	 0	0.593747	5.45025e-08	0	1
4300	 0	0.609664	2.38032e-08	0	1
4300	 -1	0.620529	4.83373e-06	2.12618e-06	1
4300	 1	0.637164	3.16004e-07	9.19369e-08	1
4300	 -2	1.3605	1.02903e-06	0	1
4300	 2	1.39697	9.66973e-08	3.97154e-09	1.37024
4300	 -3	0.905303	1.77769e-06	0	1
4300	 3	0.929572	1.55799e-07	0	1
4300	 -4	1.26895	3.20113e-07	0	1
4300	 4	1.30297	4.27725e-08	0	1
4300	 -5	0.610916	4.32327e-07	0	1
4300	 5	0.627294	5.5585e-08	0	1
4400	 0	0.67158	6.26931e-08	0	1
4400	 0	0.684917	2.73892e-08	0	1
4400	 -1	0.702548	4.83971e-06	2.08179e-06	1
4400	 1	0.7165	3.21195e-07	7.96021e-08	1
4400	 -2	1.54329	1.04927e-06	0	1
4400	 2	1.57394	1.03856e-07	3.89711e-09	1.44221
4400	 -3	1.0299	1.81022e-06	0	1
4400	 3	1.05035	1.69148e-07	0	1
4400	 -4	1.44916	3.37847e-07	0	1
4400	 4	1.47794	5.01973e-08	0	1
4400	 -5	0.701033	4.51468e-07	0	1
4400	 5	0.714955	6.53096e-08	0	1
4500	 0	0.759191	7.133e-08	0	1
4500	 0	0.770361	3.13857e-08	0	1
4500	 -1	0.794931	4.83913e-06	2.03526e-06	1
4500	 1	0.806626	3.2696e-07	6.78656e-08	1
4500	 -2	1.74944	1.06823e-06	0	1
4500	 2	1.77518	1.11244e-07	3.81304e-09	1.51452
4500	 -3	1.1707	1.84034e-06	0	1
4500	 3	1.18793	1.82953e-07	0	1
4500	 -4	1.65336	3.5531e-07	0	1
4500	 4	1.67769	5.82953e-08	0	1
4500	 -5	0.803509	4.70343e-07	0	1
4500	 5	0.81533	7.57976e-08	0	1
4600	 0	0.857929	8.03469e-08	0	1
4600	 0	0.867279	3.58021e-08	0	1
4600	 -1	0.89911	4.83134e-06	1.98632e-06	1
4600	 1	0.908909	3.33629e-07	5.70368e-08	1
4600	 -2	1.98221	1.08569e-06	0	1
4600	 2	2.00382	1.18923e-07	3.72119e-09	1.58713
4600	 -3	1.32999	1.86776e-06	0	1
4600	 3	1.34449	1.97262e-07	0	1
4600	 -4	1.88497	3.72421e-07	0	1
4600	 4	1.90552	6.70276e-08	0	1
4600	 -5	0.920123	4.88886e-07	0	1
4600	 5	0.930152	8.69892e-08	0	1
4700	 0	0.969309	8.96749e-08	0	1
4700	 0	0.977136	4.06415e-08	0	1
4700	 -1	1.0167	4.81598e-06	1.9349e-06	1.17634
4700	 1	1.02491	3.41461e-07	4.7335e-08	1.1813
4700	 -2	2.24527	1.10147e-06	0	1
4700	 2	2.26339	1.2695e-07	3.62313e-09	1.66001
4700	 -3	1.51033	1.89224e-06	0	1
4700	 3	1.52253	2.12116e-07	0	1
4700	 -4	2.14784	3.89122e-07	0	1
4700	 4	2.16518	7.63461e-08	0	1
4700	 -5	1.0529	5.07049e-07	0	1
4700	 5	1.0614	9.88202e-08	0	1
4800	 0	1.09505	9.92451e-08	0	1
4800	 0	1.1016	4.59004e-08	0	1
4800	 -1	1.14952	4.79296e-06	1.88107e-06	1.25172
4800	 1	1.1564	3.50647e-07	3.88985e-08	1.25537
4800	 -2	2.54274	1.11544e-06	0	1
4800	 2	2.55795	1.35373e-07	3.52023e-09	1.73314
4800	 -3	1.71463	1.91366e-06	0	1
4800	 3	1.72488	2.27547e-07	0	1
4800	 -4	2.44635	4.05363e-07	0	1
4800	 4	2.46098	8.61961e-08	0	1
4800	 -5	1.20413	5.24783e-07	0	1
4800	 5	1.21134	1.11226e-07	0	1
4900	 0	1.23707	1.0899e-07	0	1
4900	 0	1.24256	5.15686e-08	0	1
4900	 -1	1.29964	4.76236e-06	1.82499e-06	1.32648
4900	 1	1.30539	3.61317e-07	3.17968e-08	1.32916
4900	 -2	2.87931	1.12754e-06	0	1
4900	 2	2.89207	1.44228e-07	3.41366e-09	1.80652
4900	 -3	1.94617	1.93193e-06	0	1
4900	 3	1.95479	2.43576e-07	0	1
4900	 -4	2.78545	4.21106e-07	0	1
4900	 4	2.79779	9.65193e-08	0	1
4900	 -5	1.37644	5.42053e-07	0	1
4900	 5	1.38254	1.24143e-07	0	1
5000	 0	1.39758	1.18846e-07	0	1
5000	 0	1.40216	5.7629e-08	0	1
5000	 -1	1.46937	4.72442e-06	1.7669e-06	1.40077
5000	 1	1.47419	3.73555e-07	2.60463e-08	1.40274
5000	 -2	3.26029	1.13772e-06	0	1
5000	 2	3.27099	1.53536e-07	3.30443e-09	1.8801
5000	 -3	2.20869	1.94706e-06	0	1
5000	 3	2.21594	2.60215e-07	0	1
5000	 -4	3.17078	4.36325e-07	0	1
5000	 4	3.18118	1.07256e-07	0	1
5000	 -5	1.57281	5.58824e-07	0	1
5000	 5	1.57797	1.37515e-07	0	1
5100	 0	1.57903	1.28754e-07	0	1
5100	 0	1.58287	6.40579e-08	0	1
5100	 -1	1.66135	4.67948e-06	1.70711e-06	1.47472
5100	 1	1.66539	3.87411e-07	2.1626e-08	1.47618
5100	 -2	3.69166	1.14597e-06	0	1
5100	 2	3.70064	1.63306e-07	3.19341e-09	1.95384
5100	 -3	2.50642	1.95907e-06	0	1
5100	 3	2.51252	2.77462e-07	0	1
5100	 -4	3.60873	4.51e-07	0	1
5100	 4	3.61751	1.18348e-07	0	1
5100	 -5	1.7966	5.75059e-07	0	1
5100	 5	1.80097	1.5129e-07	0	1
5200	 0	1.78422	1.38662e-07	0	1
5200	 0	1.78743	7.08254e-08	0	1
5200	 -1	1.87857	4.62795e-06	1.64593e-06	1.54846
5200	 1	1.88196	4.02914e-07	1.84914e-08	1.54954
5200	 -2	4.18024	1.15233e-06	0	1
5200	 2	4.18777	1.73532e-07	3.08136e-09	2.02764
5200	 -3	2.84416	1.96802e-06	0	1
5200	 3	2.84928	2.95306e-07	0	1
5200	 -4	4.10658	4.65116e-07	0	1
5200	 4	4.11398	1.2974e-07	0	1
5200	 -5	2.05169	5.90729e-07	0	1
5200	 5	2.05538	1.65422e-07	0	1
5300	 0	2.01633	1.48522e-07	0	1
5300	 0	2.01902	7.78958e-08	0	1
5300	 -1	2.1244	4.57026e-06	1.58366e-06	1.6221
5300	 1	2.12724	4.20077e-07	1.65876e-08	1.6229
5300	 -2	4.73372	1.15684e-06	0	1
5300	 2	4.74004	1.84194e-07	2.96894e-09	2.10137
5300	 -3	3.22734	1.97402e-06	0	1
5300	 3	3.23164	3.13728e-07	0	1
5300	 -4	4.67259	4.78656e-07	0	1
5300	 4	4.67882	1.41381e-07	0	1
5300	 -5	2.34245	6.05793e-07	0	1
5300	 5	2.34558	1.79872e-07	0	1
5400	 0	2.27893	1.58295e-07	0	1
5400	 0	2.28118	8.52289e-08	0	1
5400	 -1	2.40267	4.5069e-06	1.5206e-06	1.69571
5400	 1	2.40504	4.3891e-07	1.58579e-08	1.6963
5400	 -2	5.36085	1.15958e-06	0	1
5400	 2	5.36615	1.95267e-07	2.85674e-09	2.17486
5400	 -3	3.66214	1.97718e-06	0	1
5400	 3	3.66576	3.32706e-07	0	1
5400	 -4	5.31613	4.9161e-07	0	1
5400	 4	5.32139	1.53224e-07	0	1
5400	 -5	2.67389	6.20224e-07	0	1
5400	 5	2.67653	1.94605e-07	0	1
5500	 0	2.57609	1.67947e-07	0	1
5500	 0	2.57798	9.27809e-08	0	1
5500	 -1	2.7177	4.43831e-06	1.45703e-06	1.76935
5500	 1	2.71969	4.59421e-07	1.62499e-08	1.76979
5500	 -2	6.07151	1.16062e-06	0	1
5500	 2	6.07596	2.06716e-07	2.74524e-09	2.24784
5500	 -3	4.15558	1.97764e-06	0	1
5500	 3	4.15863	3.52213e-07	0	1
5500	 -4	6.04788	5.03966e-07	0	1
5500	 4	6.05231	1.6523e-07	0	1
5500	 -5	3.05168	6.33988e-07	0	1
5500	 5	3.05392	2.09591e-07	0	1
5600	 0	2.91242	1.77449e-07	0	1
5600	 0	2.914	1.00506e-07	0	1
5600	 -1	3.07442	4.36494e-06	1.3932e-06	1.84306
5600	 1	3.07609	4.81618e-07	1.7717e-08	1.84339
5600	 -2	6.87696	1.16005e-06	0	1
5600	 2	6.88069	2.18507e-07	2.63489e-09	2.32001
5600	 -3	4.71562	1.97553e-06	0	1
5600	 3	4.71818	3.72221e-07	0	1
5600	 -4	6.87998	5.15715e-07	0	1
5600	 4	6.88371	1.77363e-07	0	1
5600	 -5	3.48232	6.47063e-07	0	1
5600	 5	3.48421	2.24797e-07	0	1
5700	 0	3.29312	1.86778e-07	0	1
5700	 0	3.29444	1.08356e-07	0	1
5700	 -1	3.47839	4.28726e-06	1.32934e-06	1.91684
5700	 1	3.47979	5.05503e-07	2.02177e-08	1.91708
5700	 -2	7.78993	1.15798e-06	0	1
5700	 2	7.79306	2.30603e-07	2.52607e-09	2.39099
5700	 -3	5.3513	1.971e-06	0	1
5700	 3	5.35345	3.92702e-07	0	1
5700	 -4	7.8262	5.26845e-07	0	1
5700	 4	7.82935	1.8959e-07	0	1
5700	 -5	3.97318	6.59425e-07	0	1
5700	 5	3.97478	2.40194e-07	0	1
5800	 0	3.72411	1.95916e-07	0	1
5800	 0	3.72522	1.16286e-07	0	1
5800	 -1	3.93592	4.2057e-06	1.26564e-06	1.99064
5800	 1	3.9371	5.31071e-07	2.37111e-08	1.99082
5800	 -2	8.82489	1.15449e-06	0	1
5800	 2	8.82751	2.4297e-07	2.4191e-09	2.46032
5800	 -3	6.07288	1.96418e-06	0	1
5800	 3	6.07469	4.13633e-07	0	1
5800	 -4	8.90225	5.37354e-07	0	1
5800	 4	8.9049	2.01886e-07	0	1
5800	 -5	4.53266	6.71064e-07	0	1
5800	 5	4.53401	2.55749e-07	0	1
5900	 0	4.2121	2.04846e-07	0	1
5900	 0	4.21303	1.2425e-07	0	1
5900	 -1	4.45419	4.12066e-06	1.2023e-06	2.06439
5900	 1	4.45517	5.58303e-07	2.81513e-08	2.06452
5900	 -2	9.99823	1.14967e-06	0	1
5900	 2	10.0004	2.55579e-07	2.31425e-09	2.52748
5900	 -3	6.89202	1.95522e-06	0	1
5900	 3	6.89354	4.3499e-07	0	1
5900	 -4	10.1259	5.47232e-07	0	1
5900	 4	10.1282	2.14224e-07	0	1
5900	 -5	5.17034	6.81971e-07	0	1
5900	 5	5.17148	2.71428e-07	0	1
6000	 0	4.76468	2.13554e-07	0	1
6000	 0	4.76546	1.32207e-07	0	1
6000	 -1	5.0413	4.0326e-06	1.1395e-06	2.13793
6000	 1	5.04213	5.87155e-07	3.34792e-08	2.13803
6000	 -2	11.3286	1.14362e-06	0	1
6000	 2	11.3304	2.68404e-07	2.21177e-09	2.59189
6000	 -3	7.82196	1.94426e-06	0	1
6000	 3	7.82324	4.5675e-07	0	1
6000	 -4	11.5176	5.56481e-07	0	1
6000	 4	11.5194	2.26583e-07	0	1
6000	 -5	5.89711	6.92152e-07	0	1
6000	 5	5.89807	2.87194e-07	0	1
6100	 0	5.39047	2.22026e-07	0	1
6100	 0	5.39112	1.40119e-07	0	1
6100	 -1	5.70647	3.43827e-06	5.7375e-07	2.21107
6100	 1	5.70716	6.17554e-07	3.96163e-08	2.21114
6100	 -2	12.837	1.13642e-06	0	1
6100	 2	12.8386	2.81425e-07	2.11184e-09	2.65294
6100	 -3	8.87774	1.93143e-06	0	1
6100	 3	8.87882	4.78896e-07	0	1
6100	 -4	13.1002	5.65098e-07	0	1
6100	 4	13.1018	2.38941e-07	0	1
6100	 -5	6.7254	7.0161e-07	0	1
6100	 5	6.72621	3.03008e-07	0	1
6200	 0	6.09923	2.30249e-07	0	1
6200	 0	6.09978	1.47954e-07	0	1
6200	 -1	6.46015	4.56013e-06	1.72726e-06	2.28355
6200	 1	6.46073	6.4939e-07	4.64574e-08	2.2836
6200	 -2	14.5476	1.12814e-06	0	1
6200	 2	14.5489	2.94626e-07	2.01462e-09	2.70998
6200	 -3	10.0765	1.91686e-06	0	1
6200	 3	10.0774	5.01405e-07	0	1
6200	 -4	14.9	5.73091e-07	0	1
6200	 4	14.9014	2.51278e-07	0	1
6200	 -5	7.66934	7.10363e-07	0	1
6200	 5	7.67003	3.1883e-07	0	1
6300	 0	6.90204	2.38211e-07	0	1
6300	 0	6.9025	1.55683e-07	0	1
6300	 -1	7.31417	3.37378e-06	5.75392e-07	2.35502
6300	 1	7.31466	6.82512e-07	5.38663e-08	2.35506
6300	 -2	16.4875	1.11887e-06	0	1
6300	 2	16.4886	3.07993e-07	1.92025e-09	2.76243
6300	 -3	11.4375	1.90068e-06	0	1
6300	 3	11.4382	5.24256e-07	0	1
6300	 -4	16.9469	5.80463e-07	0	1
6300	 4	16.948	2.63575e-07	0	1
6300	 -5	8.74505	7.18427e-07	0	1
6300	 5	8.74563	3.34621e-07	0	1
6400	 0	7.81147	2.459e-07	0	1
6400	 0	7.81185	1.63284e-07	0	1
6400	 -1	8.28198	3.52707e-06	7.65724e-07	2.42508
6400	 1	8.28239	7.16723e-07	6.16738e-08	2.42511
6400	 -2	18.6876	1.10867e-06	0	1
6400	 2	18.6885	3.21512e-07	1.82882e-09	2.80974
6400	 -3	12.9829	1.88303e-06	0	1
6400	 3	12.9835	5.47423e-07	0	1
6400	 -4	19.2748	5.87228e-07	0	1
6400	 4	19.2757	2.75814e-07	0	1
6400	 -5	9.97086	7.25825e-07	0	1
6400	 5	9.97135	3.50343e-07	0	1
6500	 0	8.84175	2.53301e-07	0	1
6500	 0	8.84207	1.7074e-07	0	1
6500	 -1	9.37883	3.52382e-06	8.01841e-07	2.49325
6500	 1	9.37917	7.51783e-07	6.96794e-08	2.49327
6500	 -2	21.1829	1.09761e-06	0	1
6500	 2	21.1836	3.35171e-07	1.74041e-09	2.85148
6500	 -3	14.7377	1.86402e-06	0	1
6500	 3	14.7383	5.70878e-07	0	1
6500	 -4	21.9222	5.93396e-07	0	1
6500	 4	21.923	2.87977e-07	0	1
6500	 -5	11.3677	7.3258e-07	0	1
6500	 5	11.3681	3.65959e-07	0	1
6600	 0	10.009	2.60404e-07	0	1
6600	 0	10.0093	1.78036e-07	0	1
6600	 -1	10.622	3.05146e-06	3.70903e-07	2.55898
6600	 1	10.6223	7.87415e-07	7.76554e-08	2.55899
6600	 -2	24.0132	1.08576e-06	0	1
6600	 2	24.0139	3.48951e-07	1.65506e-09	2.88739
6600	 -3	16.7304	1.84378e-06	0	1
6600	 3	16.7309	5.94582e-07	0	1
6600	 -4	24.933	5.98983e-07	0	1
6600	 4	24.9337	3.00047e-07	0	1
6600	 -5	12.9593	7.38714e-07	0	1
6600	 5	12.9596	3.81436e-07	0	1
6700	 0	11.3317	2.67194e-07	0	1
6700	 0	11.3319	1.85165e-07	0	1
6700	 -1	12.0311	3.08913e-06	6.90694e-07	2.62167
6700	 1	12.0314	8.23307e-07	8.53559e-08	2.62168
6700	 -2	27.2237	9.67641e-07	0	1
6700	 2	27.2243	3.62831e-07	1.5728e-09	2.91739
6700	 -3	18.9933	1.67114e-06	0	1
6700	 3	18.9937	6.1849e-07	0	1
6700	 -4	28.3572	6.04005e-07	0	1
6700	 4	28.3577	3.1201e-07	0	1
6700	 -5	14.7728	7.44252e-07	0	1
6700	 5	14.7731	3.96746e-07	0	1
6800	 0	12.8304	2.73663e-07	0	1
6800	 0	12.8306	1.92119e-07	0	1
6800	 -1	13.6285	3.35095e-06	4.21365e-07	2.68071
6800	 1	13.6287	8.59124e-07	9.25275e-08	2.68072
6800	 -2	30.8657	1.20885e-06	0	1
6800	 2	30.8662	3.76781e-07	1.49364e-09	2.94162
6800	 -3	21.5631	2.01321e-06	0	1
6800	 3	21.5634	6.42547e-07	0	1
6800	 -4	32.2514	6.08482e-07	0	1
6800	 4	32.2519	3.2385e-07	0	1
6800	 -5	16.8391	7.49217e-07	0	1
6800	 5	16.8393	4.11864e-07	0	1
6900	 0	14.5289	2.798e-07	0	1
6900	 0	14.529	1.98895e-07	0	1
6900	 -1	15.4393	2.76251e-06	3.96426e-07	2.73549
6900	 1	15.4395	8.94524e-07	9.89227e-08	2.73549
6900	 -2	34.9974	9.66735e-07	0	1
6900	 2	34.9978	3.90766e-07	1.41758e-09	2.96046
6900	 -3	24.4815	1.66334e-06	0	1
6900	 3	24.4818	6.66688e-07	0	1
6900	 -4	36.6803	6.12432e-07	0	1
6900	 4	36.6807	3.35555e-07	0	1
6900	 -5	19.1933	7.53629e-07	0	1
6900	 5	19.1935	4.2677e-07	0	1
7000	 0	16.4538	2.85598e-07	0	1
7000	 0	16.4539	2.05492e-07	0	1
7000	 -1	17.4923	2.97516e-06	5.38151e-07	2.78543
7000	 1	17.4924	9.29166e-07	1.04314e-07	2.78543
7000	 -2	39.6848	1.00465e-06	0	1
7000	 2	39.6851	4.04741e-07	1.34459e-09	2.97448
7000	 -3	27.7959	1.71412e-06	0	1
7000	 3	27.7961	6.90838e-07	0	1
7000	 -4	41.7172	6.15875e-07	0	1
7000	 4	41.7176	3.47111e-07	0	1
7000	 -5	21.8754	7.5751e-07	0	1
7000	 5	21.8756	4.41446e-07	0	1
7100	 0	18.6355	2.91052e-07	0	1
7100	 0	18.6356	2.11908e-07	0	1
7100	 -1	19.8199	3.40911e-06	9.75782e-07	2.83004
7100	 1	19.8201	9.6273e-07	1.08508e-07	2.83004
7100	 -2	45.0029	1.00959e-06	0	1
7100	 2	45.0032	4.18653e-07	1.27464e-09	2.98441
7100	 -3	31.5602	1.71769e-06	0	1
7100	 3	31.5604	7.14911e-07	0	1
7100	 -4	47.4457	6.18833e-07	0	1
7100	 4	47.446	3.58509e-07	0	1
7100	 -5	24.9311	7.60878e-07	0	1
7100	 5	24.9312	4.55879e-07	0	1
7200	 0	21.1084	2.9616e-07	0	1
7200	 0	21.1085	2.18143e-07	0	1
7200	 -1	22.4591	2.9082e-06	7.00839e-07	2.86896
7200	 1	22.4592	9.94926e-07	1.11358e-07	2.86897
7200	 -2	51.0369	9.16639e-07	0	1
7200	 2	51.0372	4.32444e-07	1.20769e-09	2.99105
7200	 -3	35.8355	1.58178e-06	0	1
7200	 3	35.8357	7.38815e-07	0	1
7200	 -4	53.9607	6.21326e-07	0	1
7200	 4	53.9609	3.69739e-07	0	1
7200	 -5	28.4122	7.63754e-07	0	1
7200	 5	28.4123	4.70059e-07	0	1
7300	 0	23.9116	3.00921e-07	0	1
7300	 0	23.9116	2.24198e-07	0	1
7300	 -1	25.4518	2.76204e-06	4.26797e-07	2.90203
7300	 1	25.4519	1.02551e-06	1.12772e-07	2.90203
7300	 -2	57.8836	9.79343e-07	0	1
7300	 2	57.8838	4.46048e-07	1.14368e-09	2.99521
7300	 -3	40.6914	1.66759e-06	0	1
7300	 3	40.6915	7.6245e-07	0	1
7300	 -4	61.3702	6.23377e-07	0	1
7300	 4	61.3704	3.80791e-07	0	1
7300	 -5	32.3778	7.66158e-07	0	1
7300	 5	32.3779	4.83976e-07	0	1
7400	 0	27.0893	3.0534e-07	0	1
7400	 0	27.0894	2.30072e-07	0	1
7400	 -1	28.8455	2.69938e-06	6.1545e-07	2.92925
7400	 1	28.8455	1.05428e-06	1.1272e-07	2.92925
7400	 -2	65.6527	8.75237e-07	0	1
7400	 2	65.6528	4.59397e-07	1.08254e-09	2.99763
7400	 -3	46.2069	1.51616e-06	0	1
7400	 3	46.207	7.85712e-07	0	1
7400	 -4	69.797	6.2501e-07	0	1
7400	 4	69.7972	3.91657e-07	0	1
7400	 -5	36.8954	7.6811e-07	0	1
7400	 5	36.8955	4.9762e-07	0	1
7500	 0	30.6919	3.09421e-07	0	1
7500	 0	30.6919	2.35764e-07	0	1
7500	 -1	32.6941	2.77644e-06	5.77345e-07	2.95089
7500	 1	32.6941	1.08112e-06	1.11235e-07	2.95089
7500	 -2	74.4688	9.70666e-07	0	1
7500	 2	74.4689	4.72425e-07	1.02422e-09	2.99893
7500	 -3	52.4716	1.64825e-06	0	1
7500	 3	52.4717	8.08498e-07	0	1
7500	 -4	79.3809	6.26248e-07	0	1
7500	 4	79.3811	4.02329e-07	0	1
7500	 -5	42.0415	7.69635e-07	0	1
7500	 5	42.0416	5.10984e-07	0	1
7600	 0	34.7764	3.13172e-07	0	1
7600	 0	34.7764	2.41276e-07	0	1
7600	 -1	37.0588	2.78631e-06	5.5014e-07	2.9674
7600	 1	37.0589	1.10593e-06	1.0841e-07	2.9674
7600	 -2	84.4735	9.00052e-07	0	1
7600	 2	84.4736	4.85063e-07	9.68626e-10	2.99957
7600	 -3	59.5877	1.54465e-06	0	1
7600	 3	59.5878	8.30707e-07	0	1
7600	 -4	90.2809	6.27116e-07	0	1
7600	 4	90.281	4.12796e-07	0	1
7600	 -5	47.9035	7.70759e-07	0	1
7600	 5	47.9036	5.24056e-07	0	1
7700	 0	39.4075	3.16603e-07	0	1
7700	 0	39.4075	2.46605e-07	0	1
7700	 -1	42.0092	2.65474e-06	3.79799e-07	2.97943
7700	 1	42.0092	1.12871e-06	1.04389e-07	2.97943
7700	 -2	95.8276	1.00641e-06	0	1
7700	 2	95.8277	4.97252e-07	9.15691e-10	2.99984
7700	 -3	67.6709	1.64942e-06	0	1
7700	 3	67.671	8.52245e-07	0	1
7700	 -4	102.678	5.99649e-07	0	1
7700	 4	102.678	4.23051e-07	0	1
7700	 -5	54.5808	7.18851e-07	0	1
7700	 5	54.5808	5.36825e-07	0	1
7800	 0	44.6587	3.19724e-07	0	1
7800	 0	44.6587	2.51753e-07	0	1
7800	 -1	47.6241	2.64e-06	4.60091e-07	2.98775
7800	 1	47.6241	1.14947e-06	9.93597e-08	2.98775
7800	 -2	108.714	9.51489e-07	0	1
7800	 2	108.714	5.08938e-07	8.6533e-10	2.99995
7800	 -3	76.853	1.67048e-06	0	1
7800	 3	76.8531	8.73024e-07	0	1
7800	 -4	116.777	6.67184e-07	0	1
7800	 4	116.777	4.33082e-07	0	1
7800	 -5	62.1865	8.45782e-07	0	1
7800	 5	62.1866	5.49277e-07	0	1
7900	 0	50.6133	3.22547e-07	0	1
7900	 0	50.6133	2.56718e-07	0	1
7900	 -1	53.993	2.35548e-06	4.42983e-07	2.99317
7900	 1	53.9931	1.16831e-06	9.35365e-08	2.99317
7900	 -2	123.339	8.56199e-07	0	1
7900	 2	123.339	5.20076e-07	8.17457e-10	2.99999
7900	 -3	87.2836	1.44077e-06	0	1
7900	 3	87.2837	8.92971e-07	0	1
7900	 -4	132.812	6.06803e-07	0	1
7900	 4	132.812	4.42878e-07	0	1
7900	 -5	70.8497	7.32711e-07	0	1
7900	 5	70.8497	5.61397e-07	0	1
8000	 0	57.3659	3.25086e-07	0	1
8000	 0	57.366	2.61502e-07	0	1
8000	 -1	61.2176	2.40963e-06	3.46031e-07	2.99646
8000	 1	61.2176	1.18533e-06	8.7149e-08	2.99646
8000	 -2	139.938	9.00128e-07	0	1
8000	 2	139.938	5.30634e-07	7.71986e-10	3
8000	 -3	99.1328	1.52052e-06	0	1
8000	 3	99.1328	9.12025e-07	0	1
8000	 -4	151.049	6.2022e-07	0	1
8000	 4	151.049	4.52427e-07	0	1
8000	 -5	80.7171	7.58338e-07	0	1
8000	 5	80.7171	5.73166e-07	0	1
8100	 0	65.024	3.27354e-07	0	1
8100	 0	65.024	2.66105e-07	0	1
8100	 -1	69.4132	2.41448e-06	3.76237e-07	2.99831
8100	 1	69.4132	1.20065e-06	8.04271e-08	2.99831
8100	 -2	158.779	8.98155e-07	0	1
8100	 2	158.779	5.40589e-07	7.28828e-10	3
8100	 -3	112.594	1.52238e-06	0	1
8100	 3	112.594	9.30137e-07	0	1
8100	 -4	171.791	6.0806e-07	0	1
8100	 4	171.791	4.61713e-07	0	1
8100	 -5	91.9558	7.67536e-07	0	1
8100	 5	91.9558	5.84563e-07	0	1
8200	 0	73.7092	3.29364e-07	0	1
8200	 0	73.7092	2.70528e-07	0	1
8200	 -1	78.7107	2.39558e-06	5.05525e-07	2.99927
8200	 1	78.7107	1.21441e-06	7.3588e-08	2.99927
8200	 -2	180.166	8.86972e-07	0	1
8200	 2	180.166	5.49932e-07	6.87896e-10	3
8200	 -3	127.886	1.47238e-06	0	1
8200	 3	127.886	9.47275e-07	0	1
8200	 -4	195.381	6.27147e-07	0	1
8200	 4	195.381	4.70721e-07	0	1
8200	 -5	104.756	7.28889e-07	0	1
8200	 5	104.756	5.95568e-07	0	1
8300	 0	83.5599	3.3113e-07	0	1
8300	 0	83.5599	2.74774e-07	0	1
8300	 -1	89.2587	2.26943e-06	4.44324e-07	2.99972
8300	 1	89.2588	1.22676e-06	6.68258e-08	2.99972
8300	 -2	204.443	8.18104e-07	0	1
8300	 2	204.443	5.58661e-07	6.491e-10	3
8300	 -3	145.259	1.40352e-06	0	1
8300	 3	145.259	9.63421e-07	0	1
8300	 -4	222.212	6.10499e-07	0	1
8300	 4	222.212	4.79435e-07	0	1
8300	 -5	119.335	7.66007e-07	0	1
8300	 5	119.335	6.0616e-07	0	1
8400	 0	94.7331	3.32666e-07	0	1
8400	 0	94.7331	2.78843e-07	0	1
8400	 -1	101.226	2.33591e-06	3.2545e-07	2.9999
8400	 1	101.226	1.23782e-06	6.03034e-08	2.9999
8400	 -2	232.001	9.15368e-07	0	1
8400	 2	232.001	5.66786e-07	6.12353e-10	3
8400	 -3	164.997	1.51955e-06	0	1
8400	 3	164.997	9.78568e-07	0	1
8400	 -4	252.727	6.05933e-07	0	1
8400	 4	252.727	4.87838e-07	0	1
8400	 -5	135.939	7.43297e-07	0	1
8400	 5	135.939	6.16316e-07	0	1
8500	 0	107.407	3.30599e-07	0	1
8500	 0	107.407	2.82364e-07	0	1
8500	 -1	114.804	2.21588e-06	2.79565e-07	2.99997
8500	 1	114.804	1.24631e-06	5.41484e-08	2.99997
8500	 -2	263.285	8.3688e-07	0	1
8500	 2	263.285	5.73671e-07	5.77567e-10	3
8500	 -3	187.422	1.40766e-06	0	1
8500	 3	187.422	9.91695e-07	0	1
8500	 -4	287.434	6.05011e-07	0	1
8500	 4	287.434	4.95447e-07	0	1
8500	 -5	154.849	7.39954e-07	0	1
8500	 5	154.849	6.25473e-07	0	1
8600	 0	121.783	3.36651e-07	0	1
8600	 0	121.783	2.86531e-07	0	1
8600	 -1	130.211	2.1467e-06	3.20879e-07	2.99999
8600	 1	130.211	1.25683e-06	4.84509e-08	2.99999
8600	 -2	298.801	8.07302e-07	0	1
8600	 2	298.801	5.81404e-07	5.44657e-10	3
8600	 -3	212.9	1.38049e-06	0	1
8600	 3	212.9	1.00605e-06	0	1
8600	 -4	326.908	6.07726e-07	0	1
8600	 4	326.908	5.03707e-07	0	1
8600	 -5	176.385	7.64704e-07	0	1
8600	 5	176.385	6.3532e-07	0	1
8700	 0	138.092	3.34964e-07	0	1
8700	 0	138.092	2.8983e-07	0	1
8700	 -1	147.693	2.09464e-06	2.96612e-07	3
8700	 1	147.693	1.26374e-06	4.32653e-08	3
8700	 -2	339.122	8.28497e-07	0	1
8700	 2	339.122	5.87388e-07	5.13539e-10	3
8700	 -3	241.847	1.44673e-06	0	1
8700	 3	241.847	1.01756e-06	0	1
8700	 -4	371.805	6.4114e-07	0	1
8700	 4	371.805	5.10763e-07	0	1
8700	 -5	200.911	8.07508e-07	0	1
8700	 5	200.911	6.43698e-07	0	1
8800	 0	156.594	3.34894e-07	0	1
8800	 0	156.594	2.93088e-07	0	1
8800	 -1	167.53	2.15209e-06	2.83434e-07	3
8800	 1	167.53	1.27025e-06	3.86134e-08	3
8800	 -2	384.899	8.29444e-07	0	1
8800	 2	384.899	5.93075e-07	4.8413e-10	3
8800	 -3	274.738	1.42647e-06	0	1
8800	 3	274.738	1.02847e-06	0	1
8800	 -4	422.868	6.19323e-07	0	1
8800	 4	422.868	5.17594e-07	0	1
8800	 -5	228.842	7.82071e-07	0	1
8800	 5	228.842	6.51754e-07	0	1
8900	 0	177.584	3.35329e-07	0	1
8900	 0	177.584	2.96228e-07	0	1
8900	 -1	190.042	2.16497e-06	2.56428e-07	3
8900	 1	190.042	1.27609e-06	3.44898e-08	3
8900	 -2	436.872	8.29293e-07	0	1
8900	 2	436.872	5.98351e-07	4.56349e-10	3
8900	 -3	312.108	1.40496e-06	0	1
8900	 3	312.108	1.03861e-06	0	1
8900	 -4	480.947	6.06131e-07	0	1
8900	 4	480.947	5.24096e-07	0	1
8900	 -5	260.651	7.57632e-07	0	1
8900	 5	260.651	6.59374e-07	0	1
9000	 0	201.399	3.33124e-07	0	1
9000	 0	201.399	2.98916e-07	0	1
9000	 -1	215.589	2.10425e-06	3.03294e-07	3
9000	 1	215.589	1.28007e-06	3.08675e-08	3
9000	 -2	495.883	8.02148e-07	0	1
9000	 2	495.883	6.02667e-07	4.30119e-10	3
9000	 -3	354.57	1.38269e-06	0	1
9000	 3	354.57	1.04709e-06	0	1
9000	 -4	547.004	6.19509e-07	0	1
9000	 4	547.004	5.29858e-07	0	1
9000	 -5	296.875	7.74609e-07	0	1
9000	 5	296.875	6.6609e-07	0	1
9100	 0	228.419	3.33411e-07	0	1
9100	 0	228.419	3.01644e-07	0	1
9100	 -1	244.581	1.99906e-06	2.8765e-07	3
9100	 1	244.581	1.28408e-06	2.77045e-08	3
9100	 -2	562.886	8.04095e-07	0	1
9100	 2	562.886	6.06891e-07	4.05363e-10	3
9100	 -3	402.818	1.38327e-06	0	1
9100	 3	402.818	1.05529e-06	0	1
9100	 -4	622.135	6.33218e-07	0	1
9100	 4	622.135	5.35465e-07	0	1
9100	 -5	338.125	7.72852e-07	0	1
9100	 5	338.125	6.7259e-07	0	1
9200	 0	259.077	3.32144e-07	0	1
9200	 0	259.077	3.0403e-07	0	1
9200	 -1	277.485	1.96597e-06	2.26115e-07	3
9200	 1	277.485	1.28673e-06	2.49494e-08	3
9200	 -2	638.965	7.92424e-07	0	1
9200	 2	638.965	6.10391e-07	3.82009e-10	3
9200	 -3	457.641	1.36528e-06	0	1
9200	 3	457.641	1.06221e-06	0	1
9200	 -4	707.589	6.22877e-07	0	1
9200	 4	707.589	5.40464e-07	0	1
9200	 -5	385.1	7.69956e-07	0	1
9200	 5	385.1	6.78358e-07	0	1
9300	 0	293.864	3.31016e-07	0	1
9300	 0	293.864	3.06219e-07	0	1
9300	 -1	314.83	1.95486e-06	2.11605e-07	3
9300	 1	314.83	1.2886e-06	2.2547e-08	3
9300	 -2	725.353	7.87445e-07	0	1
9300	 2	725.353	6.13434e-07	3.59983e-10	3
9300	 -3	519.938	1.34508e-06	0	1
9300	 3	519.938	1.06828e-06	0	1
9300	 -4	804.784	6.05269e-07	0	1
9300	 4	804.784	5.45029e-07	0	1
9300	 -5	438.593	7.53479e-07	0	1
9300	 5	438.593	6.83608e-07	0	1
9400	 0	333.339	3.31123e-07	0	1
9400	 0	333.339	3.08334e-07	0	1
9400	 -1	357.217	1.9232e-06	2.20155e-07	3
9400	 1	357.217	1.29019e-06	2.04424e-08	3
9400	 -2	823.45	7.8532e-07	0	1
9400	 2	823.45	6.16254e-07	3.3922e-10	3
9400	 -3	590.727	1.34945e-06	0	1
9400	 3	590.727	1.07388e-06	0	1
9400	 -4	915.333	6.16838e-07	0	1
9400	 4	915.333	5.4932e-07	0	1
9400	 -5	499.507	7.62698e-07	0	1
9400	 5	499.507	6.8853e-07	0	1
9500	 0	378.134	3.34356e-07	0	1
9500	 0	378.134	3.10624e-07	0	1
9500	 -1	405.327	1.88307e-06	1.87642e-07	3
9500	 1	405.327	1.2925e-06	1.85842e-08	3
9500	 -2	934.844	7.86658e-07	0	1
9500	 2	934.844	6.19303e-07	3.19651e-10	3
9500	 -3	671.169	1.35163e-06	0	1
9500	 3	671.169	1.07973e-06	0	1
9500	 -4	1041.07	6.19917e-07	0	1
9500	 4	1041.07	5.53654e-07	0	1
9500	 -5	568.871	7.66934e-07	0	1
9500	 5	568.871	6.93503e-07	0	1
9600	 0	428.969	3.35819e-07	0	1
9600	 0	428.969	3.12653e-07	0	1
9600	 -1	459.936	1.91228e-06	1.74531e-07	3
9600	 1	459.936	1.29393e-06	1.69269e-08	3
9600	 -2	1061.34	7.91272e-07	0	1
9600	 2	1061.34	6.21855e-07	3.01215e-10	3
9600	 -3	762.58	1.35156e-06	0	1
9600	 3	762.58	1.08472e-06	0	1
9600	 -4	1184.09	6.17169e-07	0	1
9600	 4	1184.09	5.5754e-07	0	1
9600	 -5	647.857	7.61287e-07	0	1
9600	 5	647.857	6.97965e-07	0	1
9700	 0	486.659	3.35578e-07	0	1
9700	 0	486.659	3.14399e-07	0	1
9700	 -1	521.924	1.85892e-06	1.59751e-07	3
9700	 1	521.924	1.29446e-06	1.54316e-08	3
9700	 -2	1205	7.7419e-07	0	1
9700	 2	1205	6.23891e-07	2.8385e-10	3
9700	 -3	866.459	1.33106e-06	0	1
9700	 3	866.459	1.08885e-06	0	1
9700	 -4	1346.76	6.14511e-07	0	1
9700	 4	1346.76	5.60968e-07	0	1
9700	 -5	737.797	7.6534e-07	0	1
9700	 5	737.797	7.01913e-07	0	1
9800	 0	552.132	3.36756e-07	0	1
9800	 0	552.132	3.1617e-07	0	1
9800	 -1	592.29	1.78e-06	1.47692e-07	3
9800	 1	592.29	1.29528e-06	1.40672e-08	3
9800	 -2	1368.14	7.61569e-07	0	1
9800	 2	1368.14	6.2596e-07	2.67497e-10	3
9800	 -3	984.508	1.32506e-06	0	1
9800	 3	984.508	1.09298e-06	0	1
9800	 -4	1531.78	6.2641e-07	0	1
9800	 4	1531.78	5.64326e-07	0	1
9800	 -5	840.21	7.80536e-07	0	1
9800	 5	840.21	7.05791e-07	0	1
9900	 0	626.44	3.37769e-07	0	1
9900	 0	626.44	3.17838e-07	0	1
9900	 -1	672.168	1.74391e-06	1.30717e-07	3
9900	 1	672.168	1.29596e-06	1.28092e-08	3
9900	 -2	1553.42	7.55126e-07	0	1
9900	 2	1553.42	6.27863e-07	2.52102e-10	3
9900	 -3	1118.66	1.31239e-06	0	1
9900	 3	1118.66	1.09682e-06	0	1
9900	 -4	1742.22	6.25272e-07	0	1
9900	 4	1742.22	5.67487e-07	0	1
9900	 -5	956.824	7.77626e-07	0	1
9900	 5	956.824	7.09458e-07	0	1
10000	 0	710.778	3.38682e-07	0	1
10000	 0	710.778	3.19414e-07	0	1
10000	 -1	762.848	1.75565e-06	1.11466e-07	3
10000	 1	762.848	1.29659e-06	1.16399e-08	3
10000	 -2	1763.85	7.56711e-07	0	1
10000	 2	1763.85	6.29635e-07	2.37611e-10	3
10000	 -3	1271.12	1.30626e-06	0	1
10000	 3	1271.12	1.10044e-06	0	1
10000	 -4	1981.59	6.18608e-07	0	1
10000	 4	1981.59	5.70485e-07	0	1
10000	 -5	1089.61	7.69247e-07	0	1
10000	 5	1089.61	7.12951e-07	0	1
