0 0
100 0
200 0
300 0
400 0
500 0
600 1
700 0
800 0
900 0
1000 0
1100 0
1200 0
1300 0.905835
1400 0
1500 0
1600 0
1700 0
1800 0
1900 0.670723
2000 0
2100 0
2200 0.500629
2300 0
2400 0.713067
2500 0.694412
2600 0.67614
2700 0.658357
2800 0.641146
2900 0.624543
3000 0.608534
3100 0.593063
3200 0.578027
3300 0.563322
3400 0.54886
3500 0.534593
3600 0.520522
3700 0.506682
3800 0.493155
3900 0.480024
4000 0.467383
4100 0.455322
4200 0.443857
4300 0.433014
4400 0.422767
4500 0.413053
4600 0.403782
4700 0.433912
4800 0.440048
4900 0.445265
5000 0.449599
5100 0.453074
5200 0.455696
5300 0.45747
5400 0.4584
5500 0.458488
5600 0.457739
5700 0.456156
5800 0.453751
5900 0.450539
6000 0.446546
6100 0.286927
6200 0.53416
6300 0.22991
6400 0.33641
6500 0.400475
6600 0.167749
6700 0.33372
6800 0.466321
6900 0.484815
7000 0.466333
7100 0.352747
7200 0.545947
7300 0.445198
7400 0.296113
7500 0.422712
7600 0.446849
7700 0.430253
7800 0.365783
7900 0.416947
8000 0.467437
8100 0.393739
8200 0.393011
8300 0.356299
8400 0.346867
8500 0.324733
8600 0.282499
8700 0.229768
8800 0.276
8900 0.287047
9000 0.312534
9100 0.308359
9200 0.264169
9300 0.262017
9400 0.254099
9500 0.205191
9600 0.213268
9700 0.185624
9800 0.157893
9900 0.124122
10000 0.0975127
