0 0
100 0
200 0
300 0
400 0
500 0
600 nan
700 0
800 0
900 0
1000 0
1100 0
1200 0
1300 nan
1400 nan
1500 0
1600 nan
1700 0
1800 nan
1900 nan
2000 nan
2100 0
2200 nan
2300 0
2400 0.707983
2500 0.688789
2600 0.670141
2700 0.65221
2800 0.635125
2900 0.618927
3000 0.603564
3100 0.588886
3200 0.574676
3300 0.560719
3400 0.546839
3500 0.532947
3600 0.519047
3700 0.505222
3800 0.491617
3900 0.478396
4000 0.465723
4100 0.453778
4200 0.442581
4300 0.432192
4400 0.422581
4500 0.413656
4600 0.40528
4700 0.436189
4800 0.443156
4900 0.449125
5000 0.454058
5100 0.457909
5200 0.460623
5300 0.46215
5400 0.462457
5500 0.461528
5600 0.459375
5700 0.456032
5800 0.451578
5900 0.446127
6000 0.43982
6100 0.784879
6200 0.606597
6300 0.816942
6400 0.722213
6500 0.64998
6600 0.830063
6700 0.56888
6800 0.551458
6900 0.447418
7000 0.51172
7100 0.565379
7200 0.414521
7300 0.499498
7400 0.510484
7500 0.4675
7600 0.441659
7700 0.401014
7800 0.452225
7900 0.36308
8000 0.337689
8100 0.367907
8200 0.368513
8300 0.363063
8400 0.336535
8500 0.308591
8600 0.341252
8700 0.323916
8800 0.295851
8900 0.298021
9000 0.295865
9100 0.282702
9200 0.259725
9300 0.24917
9400 0.25178
9500 0.243853
9600 0.233901
9700 0.226421
9800 0.217486
9900 0.210074
10000 0.202715
