0 0.562655 0
20 5.52041e-06 1.31974e-08
40 1.35194 1.62375e-07
60 0.130364 7.20844e-07
80 0.36585 2.07687e-06
100 0.000613089 4.70051e-06
120 0.931775 9.11541e-06
140 0.00212749 1.58752e-05
160 0.200232 2.55437e-05
180 0.0146287 3.86788e-05
200 0.01198 5.58189e-05
220 0.0124072 7.74727e-05
240 0.0360965 0.000104111
260 0.01566 0.000136159
280 0.0266485 0.000173995
300 0.0315953 0.000217944
320 0.0297326 0.000268278
340 0.0281936 0.000325213
360 0.0269023 0.000388913
380 0.0258122 0.000459488
400 0.0248925 0.000536996
420 0.0241207 0.000621444
440 0.0234786 0.000712795
460 0.0229498 0.000810966
480 0.0225202 0.000915831
500 0.0221769 0.00102723
520 0.0219089 0.00114496
540 0.0217063 0.00126879
560 0.0215606 0.00139847
580 0.0214646 0.00153371
600 0.0214118 0.00167421
620 0.0213966 0.00181963
640 0.0214139 0.00196964
660 0.0214595 0.00212389
680 0.0215293 0.00228201
700 0.0216199 0.00244362
720 0.0217279 0.00260835
740 0.0218507 0.00277581
760 0.0219854 0.00294562
780 0.0221298 0.0031174
800 0.0222817 0.00329076
820 0.0224392 0.00346534
840 0.0226003 0.00364075
860 0.0227636 0.00381663
880 0.0229275 0.00399264
900 0.0230906 0.00416841
920 0.0232517 0.00434361
940 0.0234098 0.00451792
960 0.0235637 0.00469101
980 0.0237127 0.0048626
1000 0.0238557 0.00503237
1020 0.0239923 0.00520006
1040 0.0241216 0.0053654
1060 0.024243 0.00552814
1080 0.0243562 0.00568803
1100 0.0244605 0.00584486
1120 0.0245557 0.0059984
1140 0.0246413 0.00614847
1160 0.0247171 0.00629487
1180 0.0247828 0.00643743
1200 0.0248383 0.006576
1220 0.0248833 0.00671043
1240 0.0249178 0.00684057
1260 0.0249416 0.00696632
1280 0.0249547 0.00708755
1300 0.0249571 0.00720418
1320 0.0249487 0.0073161
1340 0.0249296 0.00742326
1360 0.0248998 0.00752557
1380 0.0248594 0.00762298
1400 0.0248085 0.00771545
1420 0.0247472 0.00780294
1440 0.0246756 0.00788543
1460 0.0245938 0.00796288
1480 0.024502 0.0080353
1500 0.0244004 0.00810268
1520 0.0242891 0.00816502
1540 0.0241684 0.00822234
1560 0.0240383 0.00827465
1580 0.0238992 0.00832199
1600 0.0237513 0.00836438
1620 0.0235947 0.00840187
1640 0.0234297 0.00843449
1660 0.0232566 0.0084623
1680 0.0230755 0.00848535
1700 0.0228868 0.00850371
1720 0.0226906 0.00851743
1740 0.0224873 0.00852659
1760 0.022277 0.00853126
1780 0.0220601 0.00853152
1800 0.0218368 0.00852744
1820 0.0216073 0.00851912
1840 0.0213721 0.00850664
1860 0.0211312 0.00849009
1880 0.020885 0.00846956
1900 0.0206338 0.00844515
1920 0.0203778 0.00841697
1940 0.0201173 0.0083851
1960 0.0198526 0.00834965
1980 0.0195839 0.00831074
2000 0.0193116 0.00826846
2020 0.0190358 0.00822292
2040 0.0187569 0.00817423
2060 0.0184752 0.00812251
2080 0.0181908 0.00806786
2100 0.0179041 0.0080104
2120 0.0176154 0.00795024
2140 0.0173248 0.0078875
2160 0.0170327 0.00782228
2180 0.0167394 0.00775471
2200 0.016445 0.00768489
2220 0.0161498 0.00761295
2240 0.0158541 0.00753899
2260 0.0155581 0.00746313
2280 0.015262 0.00738549
2300 0.0149662 0.00730617
2320 0.0146708 0.0072253
2340 0.0143761 0.00714297
2360 0.0140823 0.0070593
2380 0.0137895 0.0069744
2400 0.0134982 0.00688838
2420 0.0132083 0.00680135
2440 0.0129202 0.0067134
2460 0.012634 0.00662464
2480 0.01235 0.00653518
2500 0.0120684 0.00644512
2520 0.0117892 0.00635454
2540 0.0115127 0.00626355
2560 0.0112391 0.00617225
2580 0.0109685 0.00608072
2600 0.0107011 0.00598906
2620 0.010437 0.00589734
2640 0.0101764 0.00580567
2660 0.00991946 0.00571411
2680 0.00966621 0.00562275
2700 0.00941682 0.00553168
2720 0.0091714 0.00544095
2740 0.00893007 0.00535066
2760 0.00869291 0.00526086
2780 0.00846002 0.00517163
2800 0.00823148 0.00508302
2820 0.00800738 0.00499511
2840 0.00778777 0.00490795
2860 0.00757272 0.0048216
2880 0.00736227 0.00473612
2900 0.00715648 0.00465155
2920 0.00695539 0.00456794
2940 0.00675902 0.00448535
2960 0.0065674 0.00440382
2980 0.00638053 0.00432338
3000 0.00619844 0.00424407
3020 0.00602113 0.00416594
3040 0.00584858 0.00408902
3060 0.00568079 0.00401333
3080 0.00551774 0.00393891
3100 0.00535941 0.00386578
3120 0.00520576 0.00379396
3140 0.00505677 0.00372348
3160 0.00491238 0.00365437
3180 0.00477256 0.00358662
3200 0.00463724 0.00352026
3220 0.00450638 0.00345531
3240 0.00437992 0.00339176
3260 0.00425779 0.00332964
3280 0.00413991 0.00326894
3300 0.00402622 0.00320967
3320 0.00391664 0.00315183
3340 0.00381109 0.00309542
3360 0.00370948 0.00304045
3380 0.00361174 0.0029869
3400 0.00351777 0.00293476
3420 0.00342748 0.00288404
3440 0.00334079 0.00283473
3460 0.00325759 0.0027868
3480 0.00317779 0.00274025
3500 0.00310129 0.00269506
3520 0.003028 0.00265122
3540 0.00295782 0.00260871
3560 0.00289065 0.00256751
3580 0.00282639 0.00252759
3600 0.00276493 0.00248894
3620 0.00270619 0.00245152
3640 0.00265006 0.00241532
3660 0.00259645 0.00238031
3680 0.00254525 0.00234646
3700 0.00249637 0.00231373
3720 0.00244971 0.00228211
3740 0.00240518 0.00225155
3760 0.00236268 0.00222203
3780 0.00232213 0.00219352
3800 0.00228344 0.00216598
3820 0.00224652 0.00213937
3840 0.00221128 0.00211368
3860 0.00217764 0.00208886
3880 0.00214552 0.00206488
3900 0.00211486 0.00204172
3920 0.00208557 0.00201934
3940 0.00205759 0.00199771
3960 0.00203086 0.00197682
3980 0.00200531 0.00195663
4000 0.0019809 0.00193713
4020 0.00195756 0.0019183
4040 0.00193527 0.00190012
4060 0.00191397 0.00188259
4080 0.00189364 0.0018657
4100 0.00187426 0.00184944
4120 0.00185582 0.00183384
4140 0.00183829 0.0018189
4160 0.00182169 0.00180464
4180 0.00180603 0.00179109
4200 0.00179134 0.00177831
4220 0.00177765 0.00176634
4240 0.00176503 0.00175525
4260 0.00175354 0.00174514
4280 0.00174328 0.00173611
4300 0.00173439 0.00172831
4320 0.00172703 0.00172191
4340 0.0017214 0.00171712
4360 0.00171777 0.00171422
4380 0.00171648 0.00171357
4400 0.00171799 0.00171563
4420 0.0017229 0.00172102
4440 0.00173204 0.00173055
4460 0.00174658 0.00174542
4480 0.00176821 0.00176732
4500 0.00179957 0.0017989
4520 4.9316e-07 0
4540 3.5647e-07 0
4560 2.52159e-07 0
4580 1.74385e-07 0
4600 1.1774e-07 0
4620 7.73862e-08 0
4640 4.92052e-08 0
4660 0.0169605 0.0169604
4680 0.0172972 0.0172972
4700 8.64658e-09 0
4720 3.80073e-09 0
4740 1.32321e-09 0
4760 3.04139e-10 0
4780 2.63459e-11 0
4800 0 0
