0 0.568813 0
20 7.17934e-06 1.76582e-08
40 1.41655 2.16689e-07
60 0.135255 9.59432e-07
80 0.392378 2.75702e-06
100 0.000784926 6.22346e-06
120 0.929258 1.20371e-05
140 0.0026089 2.09084e-05
160 0.214803 3.35539e-05
180 0.0166908 5.06744e-05
200 0.0135687 7.2938e-05
220 0.0141082 0.000100967
240 0.0419723 0.000135326
260 0.0179728 0.000176519
280 0.0308765 0.000224977
300 0.0360055 0.000281063
320 0.0337944 0.000345064
340 0.03197 0.000417196
360 0.0304408 0.000497602
380 0.0291507 0.000586356
400 0.0280631 0.000683463
420 0.0271512 0.000788866
440 0.0263935 0.00090245
460 0.025771 0.00102404
480 0.0252667 0.00115342
500 0.0248657 0.00129032
520 0.0245547 0.00143442
540 0.024322 0.00158538
560 0.0241574 0.00174283
580 0.0240521 0.00190634
600 0.0239982 0.00207551
620 0.0239889 0.00224986
640 0.0240179 0.00242894
660 0.02408 0.00261227
680 0.0241701 0.00279937
700 0.0242839 0.00298975
720 0.0244175 0.0031829
740 0.0245672 0.00337835
760 0.0247299 0.0035756
780 0.0249025 0.00377417
800 0.0250825 0.00397359
820 0.0252673 0.00417339
840 0.0254548 0.00437312
860 0.0256429 0.00457234
880 0.02583 0.00477062
900 0.0260144 0.00496755
920 0.0261945 0.00516274
940 0.0263691 0.0053558
960 0.026537 0.00554639
980 0.0266972 0.00573414
1000 0.0268486 0.00591875
1020 0.0269905 0.00609991
1040 0.0271222 0.00627731
1060 0.0272429 0.00645071
1080 0.0273523 0.00661985
1100 0.0274496 0.00678449
1120 0.0275347 0.00694442
1140 0.0276071 0.00709944
1160 0.0276666 0.00724939
1180 0.0277131 0.00739409
1200 0.0277462 0.00753339
1220 0.027766 0.00766719
1240 0.0277723 0.00779535
1260 0.0277653 0.00791778
1280 0.0277448 0.0080344
1300 0.027711 0.00814514
1320 0.0276639 0.00824995
1340 0.0276038 0.00834878
1360 0.0275306 0.0084416
1380 0.0274447 0.0085284
1400 0.0273462 0.00860917
1420 0.0272353 0.00868391
1440 0.0271123 0.00875265
1460 0.0269775 0.00881539
1480 0.026831 0.00887218
1500 0.0266732 0.00892306
1520 0.0265045 0.00896809
1540 0.026325 0.00900731
1560 0.0261352 0.00904079
1580 0.0259353 0.00906862
1600 0.0257256 0.00909086
1620 0.0255066 0.0091076
1640 0.0252786 0.00911894
1660 0.0250419 0.00912496
1680 0.0247968 0.00912577
1700 0.0245438 0.00912148
1720 0.0242832 0.00911219
1740 0.0240153 0.00909801
1760 0.0237405 0.00907907
1780 0.0234591 0.00905548
1800 0.0231716 0.00902737
1820 0.0228783 0.00899486
1840 0.0225795 0.00895807
1860 0.0222756 0.00891715
1880 0.0219669 0.00887221
1900 0.0216538 0.00882339
1920 0.0213367 0.00877083
1940 0.0210158 0.00871466
1960 0.0206916 0.00865501
1980 0.0203643 0.00859204
2000 0.0200343 0.00852586
2020 0.019702 0.00845662
2040 0.0193676 0.00838445
2060 0.0190315 0.00830951
2080 0.0186939 0.00823191
2100 0.0183553 0.0081518
2120 0.0180158 0.00806931
2140 0.0176759 0.00798459
2160 0.0173357 0.00789776
2180 0.0169956 0.00780896
2200 0.0166558 0.00771831
2220 0.0163166 0.00762596
2240 0.0159784 0.00753203
2260 0.0156413 0.00743665
2280 0.0153056 0.00733994
2300 0.0149715 0.00724203
2320 0.0146394 0.00714304
2340 0.0143093 0.00704309
2360 0.0139816 0.0069423
2380 0.0136565 0.00684078
2400 0.0133341 0.00673866
2420 0.0130147 0.00663603
2440 0.0126985 0.006533
2460 0.0123856 0.00642969
2480 0.0120763 0.00632619
2500 0.0117706 0.00622261
2520 0.0114689 0.00611903
2540 0.0111711 0.00601557
2560 0.0108775 0.0059123
2580 0.0105882 0.00580932
2600 0.0103033 0.00570671
2620 0.0100229 0.00560455
2640 0.00974723 0.00550292
2660 0.0094763 0.00540191
2680 0.00921022 0.00530157
2700 0.00894907 0.00520199
2720 0.00869295 0.00510323
2740 0.00844191 0.00500535
2760 0.00819602 0.00490841
2780 0.00795533 0.00481247
2800 0.00771989 0.00471759
2820 0.00748973 0.00462382
2840 0.00726489 0.0045312
2860 0.00704538 0.00443978
2880 0.00683122 0.0043496
2900 0.00662242 0.00426071
2920 0.00641897 0.00417313
2940 0.00622087 0.00408691
2960 0.00602811 0.00400207
2980 0.00584066 0.00391864
3000 0.0056585 0.00383665
3020 0.00548158 0.00375612
3040 0.00530988 0.00367708
3060 0.00514335 0.00359953
3080 0.00498193 0.00352349
3100 0.00482557 0.00344899
3120 0.0046742 0.00337602
3140 0.00452777 0.0033046
3160 0.00438619 0.00323473
3180 0.0042494 0.00316642
3200 0.00411732 0.00309967
3220 0.00398986 0.00303448
3240 0.00386693 0.00297085
3260 0.00374846 0.00290877
3280 0.00363433 0.00284824
3300 0.00352447 0.00278924
3320 0.00341877 0.00273178
3340 0.00331714 0.00267584
3360 0.00321947 0.00262141
3380 0.00312565 0.00256847
3400 0.0030356 0.00251701
3420 0.00294919 0.00246701
3440 0.00286634 0.00241845
3460 0.00278692 0.00237131
3480 0.00271083 0.00232558
3500 0.00263797 0.00228122
3520 0.00256823 0.00223821
3540 0.0025015 0.00219653
3560 0.00243767 0.00215616
3580 0.00237665 0.00211706
3600 0.00231832 0.0020792
3620 0.00226259 0.00204257
3640 0.00220934 0.00200712
3660 0.00215848 0.00197282
3680 0.00210991 0.00193965
3700 0.00206353 0.00190758
3720 0.00201924 0.00187656
3740 0.00197695 0.00184657
3760 0.00193657 0.00181757
3780 0.00189801 0.00178953
3800 0.00186118 0.00176241
3820 0.00182599 0.00173619
3840 0.00179237 0.00171083
3860 0.00176023 0.0016863
3880 0.0017295 0.00166256
3900 0.0017001 0.00163959
3920 0.00167197 0.00161736
3940 0.00164505 0.00159583
3960 0.00161926 0.00157499
3980 0.00159456 0.00155481
4000 0.00157089 0.00153527
4020 0.0015482 0.00151635
4040 0.00152646 0.00149803
4060 0.00150561 0.00148031
4080 0.00148564 0.00146317
4100 0.00146651 0.00144661
4120 0.0014482 0.00143064
4140 0.00143071 0.00141525
4160 0.00141403 0.00140047
4180 0.00139815 0.0013863
4200 0.0013831 0.00137279
4220 0.0013689 0.00135996
4240 0.00135558 0.00134788
4260 0.0013432 0.00133659
4280 0.00133182 0.00132618
4300 0.00132152 0.00131675
4320 0.00131244 0.00130842
4340 0.00130471 0.00130136
4360 0.00129852 0.00129575
4380 0.00129413 0.00129186
4400 0.00129185 0.00129001
4420 0.00129213 0.00129065
4440 0.00129556 0.00129439
4460 0.00130299 0.00130208
4480 0.00131565 0.00131496
4500 0.00133546 0.00133494
4520 3.8532e-07 0
4540 2.78541e-07 0
4560 1.97049e-07 0
4580 1.36283e-07 0
4600 9.20232e-08 0
4620 6.04904e-08 0
4640 3.84679e-08 0
4660 0.0101035 0.0101034
4680 0.0103041 0.0103041
4700 6.76565e-09 0
4720 2.97541e-09 0
4740 1.03661e-09 0
4760 2.38529e-10 0
4780 2.0706e-11 0
4800 0 0
