0 0.567852 0
20 7.39068e-06 1.76676e-08
40 1.41641 2.16803e-07
60 0.135091 9.59941e-07
80 0.392619 2.75848e-06
100 0.000805381 6.22676e-06
120 0.927395 1.20434e-05
140 0.00266668 2.09195e-05
160 0.215024 3.35717e-05
180 0.0169417 5.07013e-05
200 0.013799 7.29767e-05
220 0.0143435 0.00010102
240 0.0423454 0.000135398
260 0.0182681 0.000176612
280 0.031226 0.000225096
300 0.0365935 0.000281212
320 0.0343212 0.000345247
340 0.0324459 0.000417418
360 0.0308736 0.000497866
380 0.0295462 0.000586667
400 0.0284262 0.000683825
420 0.0274859 0.000789284
440 0.0267033 0.000902928
460 0.0260587 0.00102459
480 0.0255349 0.00115403
500 0.0251166 0.001291
520 0.0247901 0.00143518
540 0.0245435 0.00158622
560 0.0243666 0.00174375
580 0.0242501 0.00190735
600 0.0241861 0.00207661
620 0.0241676 0.00225105
640 0.0241883 0.00243023
660 0.0242427 0.00261366
680 0.0243258 0.00280086
700 0.0244331 0.00299133
720 0.0245607 0.00318459
740 0.0247047 0.00338014
760 0.0248621 0.00357749
780 0.0250297 0.00377617
800 0.0252048 0.00397569
820 0.0253851 0.0041756
840 0.0255683 0.00437544
860 0.0257523 0.00457476
880 0.0259353 0.00477315
900 0.0261158 0.00497018
920 0.0262921 0.00516547
940 0.0264631 0.00535864
960 0.0266274 0.00554933
980 0.0267841 0.00573719
1000 0.0269321 0.00592189
1020 0.0270706 0.00610314
1040 0.027199 0.00628064
1060 0.0273165 0.00645413
1080 0.0274227 0.00662336
1100 0.0275169 0.00678808
1120 0.027599 0.0069481
1140 0.0276684 0.00710321
1160 0.027725 0.00725323
1180 0.0277685 0.00739801
1200 0.0277988 0.00753739
1220 0.0278158 0.00767125
1240 0.0278194 0.00779948
1260 0.0278097 0.00792198
1280 0.0277866 0.00803866
1300 0.0277502 0.00814946
1320 0.0277006 0.00825433
1340 0.027638 0.00835321
1360 0.0275624 0.00844608
1380 0.0274741 0.00853293
1400 0.0273733 0.00861374
1420 0.0272602 0.00868852
1440 0.027135 0.00875729
1460 0.0269979 0.00882007
1480 0.0268494 0.00887689
1500 0.0266896 0.0089278
1520 0.0265188 0.00897284
1540 0.0263374 0.00901208
1560 0.0261457 0.00904559
1580 0.025944 0.00907343
1600 0.0257326 0.00909568
1620 0.0255119 0.00911243
1640 0.0252822 0.00912377
1660 0.0250439 0.0091298
1680 0.0247973 0.00913061
1700 0.0245427 0.00912631
1720 0.0242806 0.00911702
1740 0.0240114 0.00910284
1760 0.0237352 0.00908389
1780 0.0234526 0.00906029
1800 0.0231638 0.00903216
1820 0.0228693 0.00899963
1840 0.0225694 0.00896282
1860 0.0222644 0.00892187
1880 0.0219547 0.00887691
1900 0.0216406 0.00882807
1920 0.0213225 0.00877548
1940 0.0210008 0.00871928
1960 0.0206757 0.0086596
1980 0.0203477 0.00859659
2000 0.020017 0.00853038
2020 0.0196839 0.0084611
2040 0.0193489 0.0083889
2060 0.0190122 0.00831391
2080 0.0186741 0.00823627
2100 0.0183349 0.00815612
2120 0.017995 0.00807359
2140 0.0176546 0.00798882
2160 0.017314 0.00790195
2180 0.0169736 0.0078131
2200 0.0166335 0.00772241
2220 0.0162941 0.00763001
2240 0.0159556 0.00753602
2260 0.0156183 0.00744059
2280 0.0152825 0.00734383
2300 0.0149483 0.00724587
2320 0.0146161 0.00714683
2340 0.014286 0.00704683
2360 0.0139583 0.00694598
2380 0.0136332 0.00684441
2400 0.0133109 0.00674223
2420 0.0129916 0.00663954
2440 0.0126755 0.00653647
2460 0.0123627 0.0064331
2480 0.0120536 0.00632954
2500 0.0117481 0.00622591
2520 0.0114466 0.00612228
2540 0.011149 0.00601876
2560 0.0108557 0.00591544
2580 0.0105667 0.0058124
2600 0.0102821 0.00570973
2620 0.0100021 0.00560752
2640 0.00972675 0.00550584
2660 0.00945618 0.00540477
2680 0.00919048 0.00530438
2700 0.00892973 0.00520475
2720 0.00867402 0.00510593
2740 0.0084234 0.005008
2760 0.00817794 0.00491101
2780 0.0079377 0.00481502
2800 0.00770271 0.00472009
2820 0.00747301 0.00462627
2840 0.00724862 0.0045336
2860 0.00702958 0.00444213
2880 0.0068159 0.00435191
2900 0.00660757 0.00426296
2920 0.0064046 0.00417534
2940 0.00620698 0.00408907
2960 0.00601469 0.00400419
2980 0.00582771 0.00392072
3000 0.00564602 0.00383869
3020 0.00546958 0.00375812
3040 0.00529834 0.00367903
3060 0.00513227 0.00360144
3080 0.0049713 0.00352536
3100 0.00481539 0.00345082
3120 0.00466446 0.00337781
3140 0.00451846 0.00330635
3160 0.00437731 0.00323645
3180 0.00424094 0.0031681
3200 0.00410926 0.00310132
3220 0.0039822 0.00303609
3240 0.00385966 0.00297242
3260 0.00374156 0.00291031
3280 0.00362781 0.00284975
3300 0.0035183 0.00279072
3320 0.00341295 0.00273323
3340 0.00331165 0.00267726
3360 0.0032143 0.0026228
3380 0.0031208 0.00256983
3400 0.00303104 0.00251835
3420 0.00294493 0.00246832
3440 0.00286235 0.00241973
3460 0.0027832 0.00237257
3480 0.00270736 0.00232681
3500 0.00263475 0.00228243
3520 0.00256524 0.0022394
3540 0.00249873 0.0021977
3560 0.00243512 0.0021573
3580 0.0023743 0.00211818
3600 0.00231617 0.00208031
3620 0.00226061 0.00204365
3640 0.00220754 0.00200818
3660 0.00215685 0.00197387
3680 0.00210843 0.00194068
3700 0.0020622 0.00190859
3720 0.00201805 0.00187755
3740 0.0019759 0.00184755
3760 0.00193564 0.00181853
3780 0.0018972 0.00179048
3800 0.00186048 0.00176335
3820 0.0018254 0.00173711
3840 0.00179187 0.00171174
3860 0.00175982 0.00168719
3880 0.00172918 0.00166344
3900 0.00169987 0.00164046
3920 0.00167181 0.00161821
3940 0.00164496 0.00159668
3960 0.00161924 0.00157583
3980 0.0015946 0.00155564
4000 0.00157099 0.00153609
4020 0.00154836 0.00151715
4040 0.00152666 0.00149883
4060 0.00150586 0.0014811
4080 0.00148593 0.00146395
4100 0.00146684 0.00144738
4120 0.00144857 0.0014314
4140 0.00143111 0.001416
4160 0.00141446 0.00140121
4180 0.00139861 0.00138704
4200 0.00138359 0.00137352
4220 0.00136941 0.00136068
4240 0.00135611 0.00134859
4260 0.00134375 0.0013373
4280 0.00133238 0.00132688
4300 0.00132211 0.00131745
4320 0.00131303 0.00130912
4340 0.00130532 0.00130205
4360 0.00129914 0.00129644
4380 0.00129475 0.00129254
4400 0.00129249 0.00129069
4420 0.00129277 0.00129134
4440 0.00129622 0.00129508
4460 0.00130366 0.00130277
4480 0.00131633 0.00131566
4500 0.00133616 0.00133565
4520 3.75603e-07 0
4540 2.71515e-07 0
4560 1.92078e-07 0
4580 1.32845e-07 0
4600 8.97012e-08 0
4620 5.89638e-08 0
4640 3.74969e-08 0
4660 0.00984627 0.00984625
4680 0.0100418 0.0100418
4700 6.59486e-09 0
4720 2.90031e-09 0
4740 1.01045e-09 0
4760 2.32513e-10 0
4780 2.01845e-11 0
4800 0 0
