0 0.560548 0
20 9.06066e-06 1.77269e-08
40 1.4133 2.17531e-07
60 0.133731 9.63164e-07
80 0.393542 2.76774e-06
100 0.00096419 6.24766e-06
120 0.913705 1.20839e-05
140 0.00310639 2.09897e-05
160 0.216211 3.36844e-05
180 0.0187832 5.08715e-05
200 0.0155007 7.32217e-05
220 0.016078 0.000101359
240 0.0449423 0.000135853
260 0.0204391 0.000177205
280 0.0337188 0.000225852
300 0.0409111 0.000282156
320 0.0381695 0.000346406
340 0.0359055 0.000418819
360 0.0340039 0.000499538
380 0.0323936 0.000588636
400 0.0310277 0.000686121
420 0.0298727 0.000791934
440 0.0289015 0.00090596
460 0.0280908 0.00102802
480 0.0274203 0.00115791
500 0.0268719 0.00129533
520 0.0264298 0.00144
540 0.0260802 0.00159155
560 0.025811 0.0017496
580 0.0256118 0.00191376
600 0.0254732 0.00208358
620 0.0253873 0.00225861
640 0.0253467 0.00243839
660 0.0253452 0.00262243
680 0.0253769 0.00281026
700 0.0254369 0.00300137
720 0.0255205 0.00319528
740 0.0256237 0.00339149
760 0.0257427 0.0035895
780 0.0258741 0.00378885
800 0.0260151 0.00398904
820 0.0261628 0.00418962
840 0.0263149 0.00439013
860 0.0264691 0.00459012
880 0.0266235 0.00478917
900 0.0267762 0.00498687
920 0.0269258 0.00518282
940 0.0270707 0.00537663
960 0.0272098 0.00556796
980 0.0273418 0.00575645
1000 0.0274659 0.00594177
1020 0.027581 0.00612363
1040 0.0276865 0.00630173
1060 0.0277816 0.0064758
1080 0.0278659 0.00664559
1100 0.0279387 0.00681087
1120 0.0279997 0.00697143
1140 0.0280486 0.00712705
1160 0.0280851 0.00727758
1180 0.0281089 0.00742284
1200 0.02812 0.00756269
1220 0.0281181 0.00769701
1240 0.0281033 0.00782566
1260 0.0280756 0.00794857
1280 0.0280349 0.00806565
1300 0.0279813 0.00817682
1320 0.0279149 0.00828204
1340 0.0278358 0.00838125
1360 0.0277443 0.00847444
1380 0.0276404 0.00856157
1400 0.0275244 0.00864265
1420 0.0273965 0.00871769
1440 0.0272569 0.00878669
1460 0.0271059 0.00884968
1480 0.0269437 0.00890669
1500 0.0267707 0.00895777
1520 0.0265872 0.00900297
1540 0.0263934 0.00904234
1560 0.0261896 0.00907596
1580 0.0259762 0.00910389
1600 0.0257536 0.00912622
1620 0.025522 0.00914302
1640 0.0252818 0.0091544
1660 0.0250334 0.00916045
1680 0.024777 0.00916126
1700 0.0245131 0.00915695
1720 0.024242 0.00914763
1740 0.0239641 0.0091334
1760 0.0236797 0.00911438
1780 0.0233891 0.0090907
1800 0.0230928 0.00906248
1820 0.022791 0.00902984
1840 0.0224842 0.00899291
1860 0.0221727 0.00895183
1880 0.0218568 0.00890671
1900 0.0215368 0.00885771
1920 0.0212132 0.00880494
1940 0.0208862 0.00874855
1960 0.0205563 0.00868868
1980 0.0202236 0.00862545
2000 0.0198886 0.00855902
2020 0.0195516 0.00848951
2040 0.0192129 0.00841706
2060 0.0188727 0.00834182
2080 0.0185315 0.00826392
2100 0.0181896 0.0081835
2120 0.0178471 0.0081007
2140 0.0175044 0.00801564
2160 0.0171619 0.00792847
2180 0.0168197 0.00783933
2200 0.0164782 0.00774833
2220 0.0161375 0.00765562
2240 0.0157981 0.00756132
2260 0.01546 0.00746557
2280 0.0151237 0.00736849
2300 0.0147893 0.0072702
2320 0.014457 0.00717082
2340 0.014127 0.00707048
2360 0.0137997 0.0069693
2380 0.0134751 0.00686739
2400 0.0131536 0.00676486
2420 0.0128352 0.00666183
2440 0.0125202 0.00655841
2460 0.0122088 0.00645469
2480 0.0119011 0.00635079
2500 0.0115973 0.00624681
2520 0.0112975 0.00614283
2540 0.0110019 0.00603896
2560 0.0107106 0.00593529
2580 0.0104238 0.00583191
2600 0.0101415 0.0057289
2620 0.00986387 0.00562635
2640 0.00959104 0.00552433
2660 0.00932309 0.00542292
2680 0.00906009 0.00532219
2700 0.00880213 0.00522222
2720 0.00854927 0.00512308
2740 0.00830158 0.00502481
2760 0.0080591 0.0049275
2780 0.00782189 0.00483119
2800 0.00758997 0.00473594
2820 0.00736338 0.0046418
2840 0.00714214 0.00454882
2860 0.00692627 0.00445704
2880 0.00671576 0.00436652
2900 0.00651062 0.00427728
2920 0.00631083 0.00418936
2940 0.0061164 0.0041028
2960 0.00592728 0.00401763
2980 0.00574346 0.00393388
3000 0.0055649 0.00385157
3020 0.00539156 0.00377073
3040 0.0052234 0.00369138
3060 0.00506036 0.00361353
3080 0.00490239 0.0035372
3100 0.00474942 0.0034624
3120 0.0046014 0.00338915
3140 0.00445824 0.00331745
3160 0.00431987 0.00324731
3180 0.00418623 0.00317874
3200 0.00405721 0.00311173
3220 0.00393274 0.00304628
3240 0.00381273 0.0029824
3260 0.00369709 0.00292008
3280 0.00358572 0.00285931
3300 0.00347853 0.00280009
3320 0.00337542 0.00274241
3340 0.00327629 0.00268625
3360 0.00318103 0.00263161
3380 0.00308955 0.00257846
3400 0.00300174 0.0025268
3420 0.00291749 0.0024766
3440 0.0028367 0.00242786
3460 0.00275927 0.00238054
3480 0.00268509 0.00233462
3500 0.00261405 0.00229009
3520 0.00254605 0.00224692
3540 0.00248099 0.00220508
3560 0.00241875 0.00216454
3580 0.00235923 0.00212529
3600 0.00230234 0.00208729
3620 0.00224797 0.00205051
3640 0.00219602 0.00201492
3660 0.00214638 0.0019805
3680 0.00209898 0.0019472
3700 0.0020537 0.001915
3720 0.00201045 0.00188386
3740 0.00196915 0.00185375
3760 0.00192969 0.00182464
3780 0.001892 0.00179649
3800 0.00185599 0.00176927
3820 0.00182158 0.00174295
3840 0.00178869 0.00171749
3860 0.00175723 0.00169286
3880 0.00172714 0.00166903
3900 0.00169835 0.00164597
3920 0.00167078 0.00162365
3940 0.00164438 0.00160204
3960 0.00161909 0.00158112
3980 0.00159485 0.00156086
4000 0.0015716 0.00154124
4020 0.00154931 0.00152225
4040 0.00152793 0.00150386
4060 0.00150743 0.00148607
4080 0.00148777 0.00146886
4100 0.00146894 0.00145224
4120 0.0014509 0.0014362
4140 0.00143365 0.00142075
4160 0.0014172 0.00140591
4180 0.00140153 0.00139169
4200 0.00138666 0.00137813
4220 0.00137263 0.00136525
4240 0.00135947 0.00135312
4260 0.00134722 0.00134179
4280 0.00133596 0.00133134
4300 0.00132578 0.00132187
4320 0.0013168 0.00131351
4340 0.00130916 0.00130642
4360 0.00130305 0.00130079
4380 0.00129873 0.00129688
4400 0.00129653 0.00129503
4420 0.00129687 0.00129567
4440 0.00130038 0.00129943
4460 0.00130789 0.00130715
4480 0.00132064 0.00132008
4500 0.00134056 0.00134013
4520 3.13943e-07 0
4540 2.26937e-07 0
4560 1.60539e-07 0
4580 1.11029e-07 0
4600 7.49689e-08 0
4620 4.92787e-08 0
4640 3.13372e-08 0
4660 0.00821724 0.00821722
4680 0.00838039 0.00838038
4700 5.51133e-09 0
4720 2.42383e-09 0
4740 8.44484e-10 0
4760 1.94341e-10 0
4780 1.68743e-11 0
4800 0 0
