0 0.553617 0
20 9.08242e-06 1.53657e-08
40 1.38256 1.88811e-07
60 0.130866 8.37128e-07
80 0.382121 2.40882e-06
100 0.000961043 5.44479e-06
120 0.906835 1.05452e-05
140 0.00310359 1.83418e-05
160 0.210404 2.94748e-05
180 0.0188619 4.45741e-05
200 0.0157157 6.42442e-05
220 0.0162475 8.90522e-05
240 0.0436628 0.000119518
260 0.0205454 0.000156109
280 0.0331215 0.000199234
300 0.0412569 0.000249238
320 0.0384188 0.000306406
340 0.0360729 0.000370957
360 0.0341001 0.000443049
380 0.0324262 0.000522776
400 0.0310024 0.000610177
420 0.0297935 0.000705229
440 0.0287711 0.00080786
460 0.0279113 0.000917946
480 0.0271932 0.00103532
500 0.0265981 0.00115976
520 0.0261102 0.00129102
540 0.0257155 0.00142882
560 0.0254018 0.00157284
580 0.0251585 0.00172273
600 0.0249765 0.00187813
620 0.0248477 0.00203865
640 0.024765 0.0022039
660 0.0247219 0.00237344
680 0.024713 0.00254687
700 0.0247331 0.00272375
720 0.0247779 0.00290363
740 0.0248433 0.00308609
760 0.0249256 0.00327069
780 0.0250217 0.00345699
800 0.0251285 0.00364456
820 0.0252436 0.00383299
840 0.0253645 0.00402185
860 0.025489 0.00421075
880 0.0256154 0.00439928
900 0.0257419 0.00458707
920 0.0258668 0.00477375
940 0.0259889 0.00495895
960 0.026107 0.00514235
980 0.0262199 0.00532361
1000 0.0263266 0.00550242
1020 0.0264263 0.00567849
1040 0.0265183 0.00585154
1060 0.0266018 0.00602129
1080 0.0266763 0.00618751
1100 0.0267413 0.00634996
1120 0.0267963 0.00650843
1140 0.026841 0.00666271
1160 0.0268752 0.00681261
1180 0.0268984 0.00695798
1200 0.0269107 0.00709864
1220 0.0269117 0.00723447
1240 0.0269015 0.00736533
1260 0.0268799 0.00749111
1280 0.0268469 0.00761172
1300 0.0268025 0.00772705
1320 0.0267469 0.00783705
1340 0.0266799 0.00794164
1360 0.0266018 0.00804078
1380 0.0265127 0.00813443
1400 0.0264126 0.00822256
1420 0.0263018 0.00830514
1440 0.0261804 0.00838218
1460 0.0260486 0.00845367
1480 0.0259066 0.00851962
1500 0.0257547 0.00858005
1520 0.0255931 0.00863499
1540 0.0254219 0.00868447
1560 0.0252416 0.00872853
1580 0.0250523 0.00876721
1600 0.0248542 0.00880058
1620 0.0246478 0.0088287
1640 0.0244332 0.00885162
1660 0.0242108 0.00886943
1680 0.0239808 0.0088822
1700 0.0237435 0.00889001
1720 0.0234993 0.00889295
1740 0.0232484 0.0088911
1760 0.0229911 0.00888458
1780 0.0227278 0.00887346
1800 0.0224588 0.00885786
1820 0.0221843 0.00883787
1840 0.0219046 0.00881362
1860 0.0216202 0.0087852
1880 0.0213312 0.00875273
1900 0.021038 0.00871632
1920 0.0207409 0.0086761
1940 0.0204401 0.00863218
1960 0.0201361 0.00858468
1980 0.0198291 0.00853372
2000 0.0195193 0.00847942
2020 0.0192072 0.00842192
2040 0.0188929 0.00836133
2060 0.0185768 0.00829778
2080 0.0182592 0.00823139
2100 0.0179403 0.00816229
2120 0.0176204 0.00809061
2140 0.0172998 0.00801648
2160 0.0169788 0.00794001
2180 0.0166576 0.00786133
2200 0.0163364 0.00778057
2220 0.0160157 0.00769786
2240 0.0156955 0.00761331
2260 0.0153762 0.00752705
2280 0.0150579 0.0074392
2300 0.014741 0.00734988
2320 0.0144256 0.0072592
2340 0.014112 0.00716729
2360 0.0138003 0.00707427
2380 0.0134909 0.00698023
2400 0.0131839 0.00688531
2420 0.0128794 0.0067896
2440 0.0125778 0.00669322
2460 0.0122791 0.00659627
2480 0.0119836 0.00649885
2500 0.0116913 0.00640108
2520 0.0114026 0.00630303
2540 0.0111175 0.00620482
2560 0.0108362 0.00610654
2580 0.0105587 0.00600828
2600 0.0102854 0.00591012
2620 0.0100162 0.00581216
2640 0.00975123 0.00571448
2660 0.00949069 0.00561716
2680 0.00923464 0.00552027
2700 0.00898317 0.00542389
2720 0.00873636 0.0053281
2740 0.00849428 0.00523297
2760 0.00825701 0.00513855
2780 0.0080246 0.00504492
2800 0.0077971 0.00495213
2820 0.00757456 0.00486025
2840 0.00735701 0.00476933
2860 0.00714448 0.00467941
2880 0.00693699 0.00459056
2900 0.00673455 0.00450281
2920 0.00653718 0.00441622
2940 0.00634487 0.00433081
2960 0.00615762 0.00424664
2980 0.0059754 0.00416373
3000 0.00579821 0.00408212
3020 0.00562601 0.00400183
3040 0.00545877 0.0039229
3060 0.00529645 0.00384536
3080 0.00513901 0.00376922
3100 0.00498641 0.0036945
3120 0.00483858 0.00362122
3140 0.00469547 0.0035494
3160 0.00455702 0.00347905
3180 0.00442316 0.00341018
3200 0.00429381 0.0033428
3220 0.0041689 0.00327691
3240 0.00404836 0.00321253
3260 0.0039321 0.00314964
3280 0.00382004 0.00308826
3300 0.00371208 0.00302838
3320 0.00360815 0.00297
3340 0.00350815 0.00291311
3360 0.00341198 0.00285771
3380 0.00331955 0.00280378
3400 0.00323076 0.00275131
3420 0.00314552 0.0027003
3440 0.00306372 0.00265072
3460 0.00298527 0.00260257
3480 0.00291006 0.00255582
3500 0.002838 0.00251045
3520 0.00276899 0.00246645
3540 0.00270292 0.00242379
3560 0.00263969 0.00238245
3580 0.0025792 0.00234241
3600 0.00252136 0.00230363
3620 0.00246606 0.0022661
3640 0.00241321 0.00222977
3660 0.00236271 0.00219464
3680 0.00231446 0.00216065
3700 0.00226838 0.00212779
3720 0.00222436 0.00209602
3740 0.00218231 0.0020653
3760 0.00214216 0.00203561
3780 0.0021038 0.00200692
3800 0.00206716 0.00197918
3820 0.00203215 0.00195236
3840 0.00199869 0.00192644
3860 0.00196671 0.00190138
3880 0.00193613 0.00187715
3900 0.00190688 0.00185371
3920 0.00187889 0.00183105
3940 0.0018521 0.00180912
3960 0.00182645 0.0017879
3980 0.00180188 0.00176738
4000 0.00177835 0.00174752
4020 0.00175579 0.00172832
4040 0.00173419 0.00170975
4060 0.00171349 0.0016918
4080 0.00169367 0.00167447
4100 0.0016747 0.00165776
4120 0.00165658 0.00164166
4140 0.00163929 0.0016262
4160 0.00162283 0.00161138
4180 0.00160722 0.00159724
4200 0.00159247 0.00158381
4220 0.00157862 0.00157113
4240 0.00156571 0.00155927
4260 0.00155381 0.0015483
4280 0.00154301 0.00153832
4300 0.00153341 0.00152944
4320 0.00152515 0.00152182
4340 0.00151842 0.00151565
4360 0.00151345 0.00151115
4380 0.00151052 0.00150865
4400 0.00151005 0.00150852
4420 0.00151253 0.00151132
4440 0.00151871 0.00151774
4460 0.00152957 0.00152882
4480 0.0015466 0.00154603
4500 0.00157207 0.00157163
4520 3.18112e-07 0
4540 2.29938e-07 0
4560 1.62652e-07 0
4580 1.12485e-07 0
4600 7.59467e-08 0
4620 4.99178e-08 0
4640 3.17408e-08 0
4660 0.00953644 0.00953642
4680 0.00972579 0.00972578
4700 5.5799e-09 0
4720 2.45346e-09 0
4740 8.54566e-10 0
4760 1.96578e-10 0
4780 1.70556e-11 0
4800 0 0
