0 0.55887 0
20 6.33915e-06 1.32507e-08
40 1.3544 1.63032e-07
60 0.129963 7.23757e-07
80 0.368096 2.08527e-06
100 0.00069412 4.7195e-06
120 0.923653 9.15225e-06
140 0.00236397 1.59394e-05
160 0.201874 2.5647e-05
180 0.0157413 3.88351e-05
200 0.0129869 5.60445e-05
220 0.0134331 7.77858e-05
240 0.0378676 0.000104531
260 0.0169429 0.000136709
280 0.0282396 0.000174698
300 0.03417 0.000218825
320 0.0320512 0.000269362
340 0.0302989 0.000326527
360 0.0288263 0.000390485
380 0.0275798 0.000461345
400 0.0265239 0.000539166
420 0.0256329 0.000623956
440 0.0248858 0.000715676
460 0.0242645 0.000814243
480 0.0237527 0.000919532
500 0.0233364 0.00103138
520 0.0230031 0.00114958
540 0.022742 0.00127392
560 0.0225439 0.00140412
580 0.0224004 0.00153991
600 0.0223047 0.00168097
620 0.0222504 0.00182698
640 0.0222321 0.0019776
660 0.0222449 0.00213248
680 0.0222846 0.00229123
700 0.0223472 0.00245349
720 0.0224293 0.00261889
740 0.0225277 0.00278703
760 0.0226396 0.00295752
780 0.0227625 0.00313
800 0.0228939 0.00330406
820 0.0230319 0.00347934
840 0.0231744 0.00365546
860 0.0233197 0.00383206
880 0.0234662 0.00400877
900 0.0236126 0.00418525
920 0.0237575 0.00436117
940 0.0238997 0.00453618
960 0.0240381 0.00470997
980 0.024172 0.00488225
1000 0.0243002 0.00505271
1020 0.0244222 0.00522108
1040 0.0245372 0.00538709
1060 0.0246447 0.00555048
1080 0.024744 0.00571102
1100 0.0248348 0.00586848
1120 0.0249165 0.00602264
1140 0.0249889 0.00617332
1160 0.0250517 0.00632031
1180 0.0251046 0.00646345
1200 0.0251475 0.00660258
1220 0.02518 0.00673755
1240 0.0252022 0.00686822
1260 0.0252139 0.00699447
1280 0.025215 0.0071162
1300 0.0252056 0.00723329
1320 0.0251857 0.00734567
1340 0.0251552 0.00745326
1360 0.0251142 0.00755598
1380 0.0250627 0.00765379
1400 0.025001 0.00774664
1420 0.024929 0.00783448
1440 0.0248468 0.0079173
1460 0.0247548 0.00799506
1480 0.0246529 0.00806777
1500 0.0245414 0.00813542
1520 0.0244204 0.00819802
1540 0.0242901 0.00825557
1560 0.0241507 0.00830809
1580 0.0240025 0.00835562
1600 0.0238456 0.00839819
1620 0.0236803 0.00843582
1640 0.0235068 0.00846858
1660 0.0233253 0.0084965
1680 0.0231361 0.00851965
1700 0.0229395 0.00853808
1720 0.0227356 0.00855186
1740 0.0225248 0.00856105
1760 0.0223072 0.00856574
1780 0.0220832 0.008566
1800 0.021853 0.00856191
1820 0.0216169 0.00855355
1840 0.0213752 0.00854102
1860 0.0211281 0.0085244
1880 0.0208759 0.00850379
1900 0.0206189 0.00847929
1920 0.0203573 0.00845098
1940 0.0200914 0.00841899
1960 0.0198215 0.0083834
1980 0.0195479 0.00834433
2000 0.0192708 0.00830188
2020 0.0189905 0.00825615
2040 0.0187073 0.00820727
2060 0.0184214 0.00815534
2080 0.0181331 0.00810047
2100 0.0178428 0.00804278
2120 0.0175505 0.00798237
2140 0.0172567 0.00791937
2160 0.0169615 0.00785389
2180 0.0166653 0.00778605
2200 0.0163682 0.00771595
2220 0.0160705 0.00764371
2240 0.0157726 0.00756946
2260 0.0154745 0.0074933
2280 0.0151766 0.00741534
2300 0.0148791 0.0073357
2320 0.0145822 0.0072545
2340 0.0142862 0.00717184
2360 0.0139912 0.00708783
2380 0.0136976 0.00700259
2400 0.0134054 0.00691622
2420 0.013115 0.00682884
2440 0.0128265 0.00674053
2460 0.0125401 0.00665142
2480 0.012256 0.0065616
2500 0.0119744 0.00647117
2520 0.0116954 0.00638022
2540 0.0114193 0.00628887
2560 0.0111462 0.0061972
2580 0.0108762 0.0061053
2600 0.0106096 0.00601326
2620 0.0103464 0.00592118
2640 0.0100869 0.00582913
2660 0.00983099 0.0057372
2680 0.00957897 0.00564548
2700 0.00933092 0.00555403
2720 0.00908694 0.00546294
2740 0.00884712 0.00537228
2760 0.00861156 0.00528212
2780 0.00838036 0.00519253
2800 0.00815357 0.00510357
2820 0.00793127 0.0050153
2840 0.00771353 0.00492779
2860 0.0075004 0.00484109
2880 0.00729193 0.00475526
2900 0.00708814 0.00467035
2920 0.00688909 0.00458641
2940 0.00669478 0.00450348
2960 0.00650524 0.00442161
2980 0.00632049 0.00434085
3000 0.00614051 0.00426123
3020 0.00596531 0.00418278
3040 0.00579488 0.00410554
3060 0.0056292 0.00402955
3080 0.00546825 0.00395483
3100 0.005312 0.0038814
3120 0.00516043 0.0038093
3140 0.00501347 0.00373853
3160 0.00487111 0.00366914
3180 0.00473327 0.00360112
3200 0.00459991 0.00353449
3220 0.00447098 0.00346927
3240 0.00434639 0.00340547
3260 0.0042261 0.0033431
3280 0.00411002 0.00328215
3300 0.00399808 0.00322264
3320 0.0038902 0.00316457
3340 0.0037863 0.00310793
3360 0.0036863 0.00305274
3380 0.00359011 0.00299897
3400 0.00349765 0.00294662
3420 0.00340881 0.0028957
3440 0.00332351 0.00284618
3460 0.00324166 0.00279806
3480 0.00316315 0.00275132
3500 0.0030879 0.00270596
3520 0.0030158 0.00266194
3540 0.00294676 0.00261925
3560 0.00288068 0.00257788
3580 0.00281745 0.00253781
3600 0.00275699 0.002499
3620 0.0026992 0.00246143
3640 0.00264397 0.00242509
3660 0.00259121 0.00238993
3680 0.00254082 0.00235594
3700 0.00249271 0.00232309
3720 0.00244678 0.00229133
3740 0.00240294 0.00226065
3760 0.00236109 0.00223101
3780 0.00232116 0.00220238
3800 0.00228305 0.00217473
3820 0.00224667 0.00214802
3840 0.00221194 0.00212222
3860 0.00217879 0.0020973
3880 0.00214713 0.00207323
3900 0.00211689 0.00204997
3920 0.002088 0.0020275
3940 0.0020604 0.00200579
3960 0.00203402 0.00198481
3980 0.00200879 0.00196454
4000 0.00198468 0.00194496
4020 0.00196163 0.00192605
4040 0.0019396 0.0019078
4060 0.00191854 0.0018902
4080 0.00189844 0.00187324
4100 0.00187927 0.00185692
4120 0.00186101 0.00184125
4140 0.00184366 0.00182625
4160 0.00182722 0.00181193
4180 0.00181171 0.00179833
4200 0.00179715 0.00178549
4220 0.00178359 0.00177348
4240 0.00177107 0.00176234
4260 0.00175968 0.00175219
4280 0.00174952 0.00174313
4300 0.00174071 0.00173529
4320 0.00173342 0.00172886
4340 0.00172786 0.00172406
4360 0.0017243 0.00172115
4380 0.00172308 0.0017205
4400 0.00172466 0.00172257
4420 0.00172965 0.00172797
4440 0.00173887 0.00173755
4460 0.0017535 0.00175247
4480 0.00177526 0.00177447
4500 0.00180677 0.00180617
4520 4.37754e-07 0
4540 3.16413e-07 0
4560 2.23819e-07 0
4580 1.54782e-07 0
4600 1.04502e-07 0
4620 6.86843e-08 0
4640 4.36713e-08 0
4660 0.015028 0.015028
4680 0.0153264 0.0153264
4700 7.67397e-09 0
4720 3.37328e-09 0
4740 1.17446e-09 0
4760 2.69979e-10 0
4780 2.33927e-11 0
4800 0 0
