0 0.563352 0
20 6.83442e-06 1.52797e-08
40 1.38511 1.87754e-07
60 0.13254 8.32441e-07
80 0.380212 2.39533e-06
100 0.000746818 5.41431e-06
120 0.925525 1.04862e-05
140 0.00250762 1.82391e-05
160 0.208387 2.93098e-05
180 0.0163162 4.43246e-05
200 0.0133722 6.38846e-05
220 0.0138647 8.85537e-05
240 0.040035 0.000118849
260 0.0175724 0.000155235
280 0.0296775 0.000198118
300 0.0353241 0.000247842
320 0.0331319 0.00030469
340 0.0313207 0.00036888
360 0.0298002 0.000440568
380 0.0285149 0.00051985
400 0.0274282 0.000606761
420 0.0265135 0.000701281
440 0.0257494 0.000803337
460 0.0251169 0.000912807
480 0.0245994 0.00102952
500 0.0241822 0.00115327
520 0.0238524 0.00128379
540 0.0235985 0.00142082
560 0.0234107 0.00156403
580 0.0232805 0.00171308
600 0.0232003 0.00186762
620 0.0231635 0.00202724
640 0.0231643 0.00219156
660 0.0231976 0.00236016
680 0.0232586 0.00253261
700 0.0233432 0.0027085
720 0.0234477 0.00288738
740 0.0235687 0.00306881
760 0.0237032 0.00325238
780 0.0238483 0.00343764
800 0.0240015 0.00362416
820 0.0241606 0.00381153
840 0.0243235 0.00399934
860 0.0244883 0.00418717
880 0.0246534 0.00437465
900 0.0248171 0.00456139
920 0.0249782 0.00474702
940 0.0251353 0.00493119
960 0.0252873 0.00511356
980 0.0254332 0.00529381
1000 0.0255721 0.00547162
1020 0.0257032 0.0056467
1040 0.0258259 0.00581878
1060 0.0259394 0.00598758
1080 0.0260432 0.00615287
1100 0.0261368 0.00631441
1120 0.02622 0.00647199
1140 0.0262922 0.00662541
1160 0.0263532 0.00677447
1180 0.0264029 0.00691902
1200 0.0264409 0.0070589
1220 0.0264672 0.00719397
1240 0.0264816 0.0073241
1260 0.0264842 0.00744917
1280 0.0264749 0.0075691
1300 0.0264536 0.00768379
1320 0.0264205 0.00779317
1340 0.0263757 0.00789718
1360 0.0263191 0.00799577
1380 0.026251 0.00808889
1400 0.0261715 0.00817652
1420 0.0260807 0.00825865
1440 0.0259788 0.00833525
1460 0.025866 0.00840634
1480 0.0257425 0.00847193
1500 0.0256086 0.00853202
1520 0.0254644 0.00858665
1540 0.0253103 0.00863585
1560 0.0251464 0.00867966
1580 0.0249731 0.00871813
1600 0.0247906 0.00875131
1620 0.0245992 0.00877927
1640 0.0243992 0.00880207
1660 0.0241908 0.00881977
1680 0.0239744 0.00883247
1700 0.0237503 0.00884024
1720 0.0235187 0.00884316
1740 0.02328 0.00884133
1760 0.0230345 0.00883484
1780 0.0227824 0.00882378
1800 0.0225242 0.00880827
1820 0.0222601 0.0087884
1840 0.0219904 0.00876428
1860 0.0217154 0.00873601
1880 0.0214355 0.00870373
1900 0.0211509 0.00866753
1920 0.020862 0.00862753
1940 0.020569 0.00858385
1960 0.0202723 0.00853662
1980 0.0199722 0.00848594
2000 0.019669 0.00843195
2020 0.019363 0.00837477
2040 0.0190545 0.00831452
2060 0.0187437 0.00825132
2080 0.018431 0.00818531
2100 0.0181167 0.0081166
2120 0.017801 0.00804532
2140 0.0174842 0.0079716
2160 0.0171666 0.00789556
2180 0.0168485 0.00781732
2200 0.0165301 0.00773701
2220 0.0162117 0.00765476
2240 0.0158936 0.00757069
2260 0.015576 0.00748491
2280 0.0152591 0.00739755
2300 0.0149432 0.00730873
2320 0.0146286 0.00721856
2340 0.0143154 0.00712717
2360 0.0140039 0.00703466
2380 0.0136944 0.00694116
2400 0.0133869 0.00684676
2420 0.0130818 0.00675159
2440 0.0127792 0.00665575
2460 0.0124793 0.00655934
2480 0.0121823 0.00646247
2500 0.0118885 0.00636524
2520 0.0115978 0.00626775
2540 0.0113106 0.00617009
2560 0.0110269 0.00607236
2580 0.010747 0.00597464
2600 0.0104709 0.00587704
2620 0.0101988 0.00577962
2640 0.00993088 0.00568249
2660 0.00966715 0.00558571
2680 0.00940777 0.00548936
2700 0.00915284 0.00539353
2720 0.00890244 0.00529827
2740 0.00865668 0.00520367
2760 0.00841562 0.00510978
2780 0.00817933 0.00501668
2800 0.00794787 0.00492441
2820 0.00772131 0.00483304
2840 0.00749968 0.00474263
2860 0.00728303 0.00465322
2880 0.00707138 0.00456486
2900 0.00686475 0.0044776
2920 0.00666318 0.00439149
2940 0.00646665 0.00430657
2960 0.00627518 0.00422286
2980 0.00608876 0.00414042
3000 0.00590738 0.00405926
3020 0.00573102 0.00397943
3040 0.00555965 0.00390094
3060 0.00539325 0.00382383
3080 0.00523177 0.00374811
3100 0.00507518 0.00367381
3120 0.00492343 0.00360094
3140 0.00477646 0.00352953
3160 0.00463422 0.00345957
3180 0.00449664 0.00339108
3200 0.00436366 0.00332408
3220 0.0042352 0.00325856
3240 0.00411119 0.00319454
3260 0.00399156 0.00313201
3280 0.00387622 0.00307097
3300 0.00376508 0.00301143
3320 0.00365806 0.00295338
3340 0.00355507 0.0028968
3360 0.00345601 0.00284171
3380 0.00336079 0.00278808
3400 0.00326931 0.00273591
3420 0.00318148 0.00268518
3440 0.0030972 0.00263588
3460 0.00301636 0.002588
3480 0.00293886 0.00254151
3500 0.00286461 0.0024964
3520 0.00279349 0.00245264
3540 0.00272542 0.00241022
3560 0.00266028 0.00236911
3580 0.00259797 0.00232929
3600 0.00253839 0.00229073
3620 0.00248144 0.00225341
3640 0.00242703 0.00221729
3660 0.00237504 0.00218235
3680 0.00232539 0.00214855
3700 0.00227797 0.00211588
3720 0.00223269 0.00208428
3740 0.00218945 0.00205374
3760 0.00214817 0.00202422
3780 0.00210876 0.00199568
3800 0.00207112 0.0019681
3820 0.00203517 0.00194143
3840 0.00200083 0.00191566
3860 0.00196802 0.00189074
3880 0.00193666 0.00186664
3900 0.00190668 0.00184334
3920 0.00187801 0.00182079
3940 0.00185058 0.00179899
3960 0.00182433 0.00177789
3980 0.00179921 0.00175748
4000 0.00177515 0.00173774
4020 0.00175212 0.00171864
4040 0.00173007 0.00170017
4060 0.00170896 0.00168233
4080 0.00168875 0.00166509
4100 0.00166944 0.00164848
4120 0.00165099 0.00163247
4140 0.0016334 0.00161709
4160 0.00161667 0.00160236
4180 0.00160081 0.0015883
4200 0.00158583 0.00157494
4220 0.00157178 0.00156233
4240 0.00155868 0.00155054
4260 0.00154662 0.00153963
4280 0.00153566 0.0015297
4300 0.00152593 0.00152088
4320 0.00151755 0.0015133
4340 0.00151071 0.00150716
4360 0.00150563 0.00150269
4380 0.0015026 0.0015002
4400 0.00150203 0.00150008
4420 0.00150441 0.00150285
4440 0.00151048 0.00150925
4460 0.00152122 0.00152026
4480 0.0015381 0.00153737
4500 0.00156339 0.00156284
4520 4.07754e-07 0
4540 2.94744e-07 0
4560 2.08502e-07 0
4580 1.44197e-07 0
4600 9.73615e-08 0
4620 6.39953e-08 0
4640 4.06934e-08 0
4660 0.0122548 0.0122548
4680 0.0124981 0.0124981
4700 7.15403e-09 0
4720 3.14551e-09 0
4740 1.09553e-09 0
4760 2.51969e-10 0
4780 2.18537e-11 0
4800 0 0
