0 0.561932 0
20 5.67505e-06 1.32086e-08
40 1.35256 1.62513e-07
60 0.130298 7.21454e-07
80 0.366343 2.07863e-06
100 0.00062851 4.70448e-06
120 0.930187 9.12313e-06
140 0.00217292 1.58886e-05
160 0.200582 2.55654e-05
180 0.0148461 3.87116e-05
200 0.0121761 5.58662e-05
220 0.0126072 7.75383e-05
240 0.0364503 0.000104199
260 0.0159103 0.000136274
280 0.0269631 0.000174142
300 0.0320979 0.000218129
320 0.0301863 0.000268505
340 0.0286063 0.000325488
360 0.0272803 0.000389243
380 0.0261601 0.000459877
400 0.0252143 0.00053745
420 0.0244196 0.00062197
440 0.0237573 0.000713399
460 0.0232107 0.000811652
480 0.0227653 0.000916606
500 0.022408 0.0010281
520 0.0221273 0.00114593
540 0.0219134 0.00126987
560 0.0217577 0.00139965
580 0.0216525 0.00153501
600 0.0215914 0.00167562
620 0.0215686 0.00182117
640 0.021579 0.00197131
660 0.0216182 0.00212569
680 0.0216822 0.00228394
700 0.0217673 0.00244569
720 0.0218703 0.00261055
740 0.0219883 0.00277816
760 0.0221186 0.00294811
780 0.0222588 0.00312004
800 0.0224067 0.00329355
820 0.0225603 0.00346827
840 0.0227178 0.00364383
860 0.0228776 0.00381986
880 0.023038 0.00399602
900 0.0231979 0.00417194
920 0.0233558 0.00434729
940 0.0235107 0.00452174
960 0.0236616 0.00469499
980 0.0238076 0.00486671
1000 0.0239477 0.00503663
1020 0.0240814 0.00520446
1040 0.0242078 0.00536994
1060 0.0243265 0.00553282
1080 0.0244369 0.00569284
1100 0.0245385 0.0058498
1120 0.024631 0.00600348
1140 0.024714 0.00615367
1160 0.0247872 0.0063002
1180 0.0248504 0.00644288
1200 0.0249033 0.00658157
1220 0.0249458 0.00671611
1240 0.0249778 0.00684636
1260 0.0249992 0.00697222
1280 0.0250099 0.00709355
1300 0.0250098 0.00721028
1320 0.0249991 0.0073223
1340 0.0249777 0.00742954
1360 0.0249456 0.00753194
1380 0.024903 0.00762943
1400 0.0248499 0.00772198
1420 0.0247864 0.00780955
1440 0.0247126 0.0078921
1460 0.0246287 0.00796962
1480 0.0245349 0.0080421
1500 0.0244312 0.00810954
1520 0.0243179 0.00817193
1540 0.0241952 0.0082293
1560 0.0240633 0.00828166
1580 0.0239223 0.00832903
1600 0.0237725 0.00837146
1620 0.0236141 0.00840898
1640 0.0234474 0.00844163
1660 0.0232725 0.00846946
1680 0.0230897 0.00849254
1700 0.0228993 0.00851091
1720 0.0227015 0.00852464
1740 0.0224966 0.00853381
1760 0.0222848 0.00853849
1780 0.0220665 0.00853874
1800 0.0218417 0.00853466
1820 0.0216109 0.00852633
1840 0.0213742 0.00851384
1860 0.0211321 0.00849727
1880 0.0208846 0.00847673
1900 0.0206322 0.0084523
1920 0.020375 0.00842409
1940 0.0201133 0.0083922
1960 0.0198475 0.00835672
1980 0.0195778 0.00831777
2000 0.0193044 0.00827546
2020 0.0190277 0.00822988
2040 0.0187479 0.00818115
2060 0.0184653 0.00812939
2080 0.0181801 0.00807469
2100 0.0178926 0.00801718
2120 0.0176031 0.00795697
2140 0.0173118 0.00789417
2160 0.0170191 0.0078289
2180 0.0167251 0.00776127
2200 0.0164301 0.0076914
2220 0.0161343 0.00761939
2240 0.0158381 0.00754537
2260 0.0155417 0.00746945
2280 0.0152452 0.00739174
2300 0.014949 0.00731236
2320 0.0146533 0.00723141
2340 0.0143583 0.00714902
2360 0.0140642 0.00706528
2380 0.0137712 0.00698031
2400 0.0134796 0.00689422
2420 0.0131896 0.00680711
2440 0.0129014 0.00671908
2460 0.0126152 0.00663025
2480 0.0123311 0.00654072
2500 0.0120494 0.00645057
2520 0.0117703 0.00635992
2540 0.0114939 0.00626886
2560 0.0112203 0.00617748
2580 0.0109498 0.00608587
2600 0.0106826 0.00599413
2620 0.0104187 0.00590233
2640 0.0101583 0.00581058
2660 0.00990148 0.00571895
2680 0.00964846 0.00562751
2700 0.00939933 0.00553636
2720 0.00915419 0.00544556
2740 0.00891315 0.00535519
2760 0.00867631 0.00526531
2780 0.00844375 0.005176
2800 0.00821556 0.00508732
2820 0.00799181 0.00499934
2840 0.00777257 0.00491211
2860 0.00755791 0.00482568
2880 0.00734786 0.00474013
2900 0.00714247 0.00465549
2920 0.00694179 0.00457181
2940 0.00674583 0.00448915
2960 0.00655463 0.00440754
2980 0.00636819 0.00432704
3000 0.00618653 0.00424767
3020 0.00600965 0.00416947
3040 0.00583753 0.00409248
3060 0.00567017 0.00401673
3080 0.00550755 0.00394224
3100 0.00534964 0.00386905
3120 0.00519642 0.00379717
3140 0.00504784 0.00372664
3160 0.00490387 0.00365746
3180 0.00476445 0.00358966
3200 0.00462954 0.00352324
3220 0.00449908 0.00345823
3240 0.004373 0.00339463
3260 0.00425124 0.00333246
3280 0.00413373 0.00327171
3300 0.0040204 0.00321239
3320 0.00391117 0.0031545
3340 0.00380596 0.00309804
3360 0.00370469 0.00304302
3380 0.00360727 0.00298942
3400 0.00351361 0.00293725
3420 0.00342362 0.00288648
3440 0.00333721 0.00283713
3460 0.00325429 0.00278916
3480 0.00317476 0.00274257
3500 0.00309852 0.00269734
3520 0.00302548 0.00265347
3540 0.00295553 0.00261092
3560 0.00288859 0.00256968
3580 0.00282454 0.00252973
3600 0.00276329 0.00249104
3620 0.00270475 0.0024536
3640 0.00264881 0.00241737
3660 0.00259537 0.00238233
3680 0.00254434 0.00234844
3700 0.00249561 0.00231569
3720 0.00244911 0.00228404
3740 0.00240472 0.00225346
3760 0.00236236 0.00222391
3780 0.00232194 0.00219538
3800 0.00228337 0.00216781
3820 0.00224655 0.00214118
3840 0.00221142 0.00211547
3860 0.00217788 0.00209063
3880 0.00214587 0.00206663
3900 0.00211529 0.00204345
3920 0.00208609 0.00202105
3940 0.00205818 0.00199941
3960 0.00203152 0.00197849
3980 0.00200604 0.00195829
4000 0.00198169 0.00193877
4020 0.00195842 0.00191993
4040 0.00193617 0.00190173
4060 0.00191493 0.00188418
4080 0.00189465 0.00186728
4100 0.00187531 0.00185101
4120 0.00185691 0.00183539
4140 0.00183942 0.00182044
4160 0.00182285 0.00180616
4180 0.00180722 0.00179261
4200 0.00179256 0.00177981
4220 0.0017789 0.00176783
4240 0.00176629 0.00175674
4260 0.00175482 0.00174662
4280 0.00174459 0.00173758
4300 0.00173572 0.00172977
4320 0.00172837 0.00172336
4340 0.00172275 0.00171857
4360 0.00171914 0.00171567
4380 0.00171786 0.00171503
4400 0.00171939 0.00171709
4420 0.00172431 0.00172247
4440 0.00173347 0.00173202
4460 0.00174803 0.0017469
4480 0.00176969 0.00176882
4500 0.00180108 0.00180043
4520 4.81572e-07 0
4540 3.48092e-07 0
4560 2.46232e-07 0
4580 1.70284e-07 0
4600 1.14971e-07 0
4620 7.5566e-08 0
4640 4.80476e-08 0
4660 0.0165557 0.0165557
4680 0.0168844 0.0168844
4700 8.44313e-09 0
4720 3.71132e-09 0
4740 1.2921e-09 0
4760 2.96995e-10 0
4780 2.57284e-11 0
4800 0 0
