0 0.564222 0
20 6.64354e-06 1.52699e-08
40 1.38498 1.87633e-07
60 0.132668 8.31906e-07
80 0.379882 2.39379e-06
100 0.000728195 5.41083e-06
120 0.927278 1.04795e-05
140 0.00245438 1.82274e-05
160 0.20812 2.9291e-05
180 0.0160774 4.42961e-05
200 0.0131543 6.38435e-05
220 0.0136425 8.84968e-05
240 0.0396707 0.000118773
260 0.0172942 0.000155136
280 0.0293421 0.000197991
300 0.0347679 0.000247683
320 0.0326328 0.000304494
340 0.0308691 0.000368643
360 0.0293891 0.000440285
380 0.0281385 0.000519516
400 0.027082 0.000606371
420 0.0261939 0.000700831
440 0.025453 0.000802821
460 0.0248411 0.00091222
480 0.0243419 0.00102886
500 0.0239409 0.00115252
520 0.0236254 0.00128297
540 0.0233845 0.00141991
560 0.0232083 0.00156303
580 0.0230885 0.00171198
600 0.0230178 0.00186642
620 0.0229896 0.00202594
640 0.0229982 0.00219015
660 0.0230386 0.00235864
680 0.0231062 0.00253098
700 0.023197 0.00270676
720 0.0233071 0.00288552
740 0.0234334 0.00306684
760 0.0235729 0.00325029
780 0.0237226 0.00343543
800 0.0238803 0.00362183
820 0.0240437 0.00380908
840 0.0242107 0.00399677
860 0.0243794 0.00418448
880 0.0245482 0.00437184
900 0.0247156 0.00455846
920 0.0248802 0.00474397
940 0.0250407 0.00492802
960 0.0251961 0.00511028
980 0.0253452 0.00529041
1000 0.0254874 0.0054681
1020 0.0256216 0.00564307
1040 0.0257473 0.00581504
1060 0.0258638 0.00598373
1080 0.0259706 0.00614892
1100 0.0260672 0.00631035
1120 0.0261532 0.00646783
1140 0.0262282 0.00662115
1160 0.026292 0.00677012
1180 0.0263444 0.00691458
1200 0.0263851 0.00705437
1220 0.026414 0.00718935
1240 0.026431 0.00731939
1260 0.0264362 0.00744439
1280 0.0264293 0.00756424
1300 0.0264105 0.00767886
1320 0.0263799 0.00778817
1340 0.0263374 0.00789211
1360 0.0262831 0.00799063
1380 0.0262173 0.00808369
1400 0.0261399 0.00817127
1420 0.0260513 0.00825334
1440 0.0259515 0.0083299
1460 0.0258408 0.00840094
1480 0.0257194 0.00846648
1500 0.0255875 0.00852654
1520 0.0254452 0.00858113
1540 0.025293 0.0086303
1560 0.025131 0.00867408
1580 0.0249595 0.00871253
1600 0.0247787 0.00874569
1620 0.024589 0.00877363
1640 0.0243906 0.00879641
1660 0.0241839 0.00881411
1680 0.0239691 0.0088268
1700 0.0237464 0.00883456
1720 0.0235163 0.00883748
1740 0.0232791 0.00883565
1760 0.0230349 0.00882916
1780 0.0227842 0.00881811
1800 0.0225272 0.00880261
1820 0.0222643 0.00878275
1840 0.0219958 0.00875864
1860 0.021722 0.0087304
1880 0.0214431 0.00869813
1900 0.0211596 0.00866196
1920 0.0208717 0.00862199
1940 0.0205797 0.00857834
1960 0.0202839 0.00853113
1980 0.0199847 0.00848049
2000 0.0196823 0.00842654
2020 0.0193771 0.00836939
2040 0.0190693 0.00830918
2060 0.0187592 0.00824602
2080 0.0184471 0.00818005
2100 0.0181334 0.00811138
2120 0.0178183 0.00804015
2140 0.017502 0.00796648
2160 0.0171849 0.00789048
2180 0.0168672 0.0078123
2200 0.0165492 0.00773204
2220 0.0162312 0.00764985
2240 0.0159134 0.00756582
2260 0.015596 0.0074801
2280 0.0152794 0.0073928
2300 0.0149637 0.00730403
2320 0.0146493 0.00721392
2340 0.0143362 0.00712259
2360 0.0140248 0.00703014
2380 0.0137153 0.0069367
2400 0.0134079 0.00684236
2420 0.0131028 0.00674725
2440 0.0128002 0.00665147
2460 0.0125002 0.00655513
2480 0.0122032 0.00645832
2500 0.0119092 0.00636115
2520 0.0116184 0.00626372
2540 0.011331 0.00616612
2560 0.0110471 0.00606845
2580 0.010767 0.0059708
2600 0.0104907 0.00587326
2620 0.0102183 0.00577591
2640 0.00995006 0.00567884
2660 0.00968603 0.00558212
2680 0.00942633 0.00548584
2700 0.00917106 0.00539006
2720 0.00892032 0.00529487
2740 0.00867418 0.00520033
2760 0.00843274 0.0051065
2780 0.00819606 0.00501345
2800 0.00796421 0.00492125
2820 0.00773723 0.00482994
2840 0.00751518 0.00473958
2860 0.0072981 0.00465023
2880 0.00708601 0.00456193
2900 0.00687895 0.00447473
2920 0.00667694 0.00438867
2940 0.00647997 0.0043038
2960 0.00628805 0.00422015
2980 0.00610118 0.00413776
3000 0.00591936 0.00405665
3020 0.00574255 0.00397687
3040 0.00557074 0.00389844
3060 0.0054039 0.00382137
3080 0.00524199 0.00374571
3100 0.00508497 0.00367145
3120 0.00493279 0.00359863
3140 0.0047854 0.00352726
3160 0.00464275 0.00345735
3180 0.00450476 0.00338891
3200 0.00437139 0.00332194
3220 0.00424254 0.00325647
3240 0.00411816 0.00319249
3260 0.00399816 0.00313
3280 0.00388245 0.003069
3300 0.00377097 0.00300949
3320 0.00366361 0.00295148
3340 0.00356028 0.00289494
3360 0.00346091 0.00283988
3380 0.00336538 0.00278629
3400 0.00327361 0.00273415
3420 0.00318549 0.00268346
3440 0.00310093 0.00263419
3460 0.00301982 0.00258633
3480 0.00294207 0.00253988
3500 0.00286757 0.00249479
3520 0.00279623 0.00245107
3540 0.00272793 0.00240867
3560 0.00266257 0.00236759
3580 0.00260006 0.0023278
3600 0.00254029 0.00228926
3620 0.00248316 0.00225196
3640 0.00242857 0.00221587
3660 0.00237642 0.00218095
3680 0.00232661 0.00214717
3700 0.00227904 0.00211452
3720 0.00223362 0.00208294
3740 0.00219025 0.00205242
3760 0.00214884 0.00202292
3780 0.00210931 0.0019944
3800 0.00207156 0.00196683
3820 0.0020355 0.00194019
3840 0.00200106 0.00191443
3860 0.00196816 0.00188952
3880 0.00193671 0.00186544
3900 0.00190665 0.00184215
3920 0.0018779 0.00181962
3940 0.0018504 0.00179783
3960 0.00182409 0.00177675
3980 0.0017989 0.00175635
4000 0.00177479 0.00173662
4020 0.0017517 0.00171754
4040 0.00172959 0.00169908
4060 0.00170844 0.00168125
4080 0.00168819 0.00166403
4100 0.00166883 0.00164742
4120 0.00165035 0.00163142
4140 0.00163273 0.00161606
4160 0.00161597 0.00160133
4180 0.00160008 0.00158728
4200 0.00158507 0.00157393
4220 0.00157099 0.00156133
4240 0.00155788 0.00154954
4260 0.0015458 0.00153864
4280 0.00153482 0.00152872
4300 0.00152507 0.0015199
4320 0.00151668 0.00151233
4340 0.00150983 0.00150619
4360 0.00150473 0.00150173
4380 0.0015017 0.00149924
4400 0.00150111 0.00149911
4420 0.00150349 0.00150189
4440 0.00150954 0.00150828
4460 0.00152027 0.00151928
4480 0.00153714 0.00153638
4500 0.0015624 0.00156183
4520 4.17955e-07 0
4540 3.02119e-07 0
4560 2.13719e-07 0
4580 1.47806e-07 0
4600 9.97987e-08 0
4620 6.55975e-08 0
4640 4.17124e-08 0
4660 0.012565 0.012565
4680 0.0128145 0.0128145
4700 7.3332e-09 0
4720 3.22428e-09 0
4740 1.12296e-09 0
4760 2.58272e-10 0
4780 2.23995e-11 0
4800 0 0
