0 0.563362 0
20 5.37007e-06 1.3186e-08
40 1.35126 1.62235e-07
60 0.130423 7.20219e-07
80 0.365334 2.07507e-06
100 0.000598041 4.69643e-06
120 0.933344 9.10751e-06
140 0.00208297 1.58615e-05
160 0.199871 2.55216e-05
180 0.0144139 3.86453e-05
200 0.0117865 5.57705e-05
220 0.0122099 7.74056e-05
240 0.0357431 0.00010402
260 0.0154129 0.000136041
280 0.0263356 0.000173844
300 0.0310988 0.000217755
320 0.0292841 0.000268045
340 0.027785 0.000324931
360 0.0265278 0.000388576
380 0.025467 0.00045909
400 0.0245729 0.00053653
420 0.0238237 0.000620906
440 0.0232013 0.000712178
460 0.02269 0.000810263
480 0.0222759 0.000915037
500 0.0219465 0.00102634
520 0.0216907 0.00114397
540 0.0214992 0.00126769
560 0.0213635 0.00139726
580 0.0212765 0.00153238
600 0.0212319 0.00167275
620 0.0212241 0.00181805
640 0.0212483 0.00196794
660 0.0213001 0.00212205
680 0.0213757 0.00228003
700 0.0214715 0.0024415
720 0.0215846 0.00260609
740 0.021712 0.0027734
760 0.0218511 0.00294307
780 0.0219997 0.0031147
800 0.0221556 0.00328791
820 0.0223168 0.00346233
840 0.0224816 0.00363759
860 0.0226483 0.00381333
880 0.0228155 0.00398918
900 0.0229819 0.0041648
920 0.0231462 0.00433985
940 0.0233074 0.004514
960 0.0234644 0.00468695
980 0.0236162 0.00485838
1000 0.0237623 0.00502801
1020 0.0239016 0.00519556
1040 0.0240337 0.00536075
1060 0.024158 0.00552335
1080 0.0242739 0.0056831
1100 0.0243809 0.00583979
1120 0.0244787 0.0059932
1140 0.024567 0.00614314
1160 0.0246454 0.00628942
1180 0.0247137 0.00643186
1200 0.0247717 0.0065703
1220 0.0248193 0.00670461
1240 0.0248562 0.00683465
1260 0.0248825 0.00696028
1280 0.024898 0.00708141
1300 0.0249028 0.00719793
1320 0.0248967 0.00730976
1340 0.02488 0.00741682
1360 0.0248525 0.00751905
1380 0.0248143 0.00761638
1400 0.0247657 0.00770877
1420 0.0247065 0.00779618
1440 0.0246371 0.00787859
1460 0.0245575 0.00795598
1480 0.0244678 0.00802834
1500 0.0243682 0.00809566
1520 0.024259 0.00815794
1540 0.0241402 0.00821521
1560 0.0240121 0.00826748
1580 0.023875 0.00831478
1600 0.0237289 0.00835713
1620 0.0235741 0.00839459
1640 0.023411 0.00842718
1660 0.0232396 0.00845497
1680 0.0230602 0.008478
1700 0.0228732 0.00849634
1720 0.0226786 0.00851005
1740 0.0224769 0.00851921
1760 0.0222682 0.00852387
1780 0.0220528 0.00852413
1800 0.0218309 0.00852006
1820 0.0216029 0.00851174
1840 0.0213691 0.00849927
1860 0.0211295 0.00848273
1880 0.0208847 0.00846222
1900 0.0206347 0.00843784
1920 0.0203799 0.00840967
1940 0.0201206 0.00837783
1960 0.019857 0.00834242
1980 0.0195895 0.00830354
2000 0.0193182 0.00826129
2020 0.0190434 0.00821579
2040 0.0187655 0.00816715
2060 0.0184846 0.00811547
2080 0.0182011 0.00806087
2100 0.0179153 0.00800346
2120 0.0176273 0.00794335
2140 0.0173375 0.00788066
2160 0.0170461 0.0078155
2180 0.0167534 0.00774799
2200 0.0164596 0.00767823
2220 0.016165 0.00760635
2240 0.0158698 0.00753246
2260 0.0155743 0.00745667
2280 0.0152787 0.00737909
2300 0.0149833 0.00729984
2320 0.0146882 0.00721903
2340 0.0143938 0.00713678
2360 0.0141003 0.00705318
2380 0.0138078 0.00696836
2400 0.0135166 0.00688242
2420 0.013227 0.00679545
2440 0.012939 0.00670758
2460 0.0126529 0.0066189
2480 0.012369 0.00652952
2500 0.0120873 0.00643953
2520 0.0118082 0.00634904
2540 0.0115317 0.00625813
2560 0.011258 0.0061669
2580 0.0109873 0.00607545
2600 0.0107198 0.00598387
2620 0.0104555 0.00589223
2640 0.0101948 0.00580064
2660 0.00993757 0.00570916
2680 0.00968409 0.00561788
2700 0.00943445 0.00552688
2720 0.00918877 0.00543624
2740 0.00894714 0.00534602
2760 0.00870967 0.0052563
2780 0.00847645 0.00516714
2800 0.00824758 0.00507862
2820 0.00802311 0.00499078
2840 0.00780313 0.0049037
2860 0.00758769 0.00481742
2880 0.00737686 0.00473201
2900 0.00717067 0.00464752
2920 0.00696916 0.00456399
2940 0.00677237 0.00448147
2960 0.00658033 0.0044
2980 0.00639304 0.00431963
3000 0.00621052 0.0042404
3020 0.00603277 0.00416233
3040 0.00585979 0.00408547
3060 0.00569156 0.00400985
3080 0.00552808 0.00393549
3100 0.00536932 0.00386243
3120 0.00521525 0.00379067
3140 0.00506583 0.00372026
3160 0.00492102 0.0036512
3180 0.00478078 0.00358351
3200 0.00464507 0.00351721
3220 0.00451381 0.00345231
3240 0.00438695 0.00338882
3260 0.00426443 0.00332675
3280 0.00414618 0.00326611
3300 0.00403213 0.00320689
3320 0.00392219 0.0031491
3340 0.0038163 0.00309274
3360 0.00371436 0.00303781
3380 0.00361629 0.00298431
3400 0.003522 0.00293222
3420 0.00343141 0.00288154
3440 0.00334442 0.00283227
3460 0.00326094 0.00278438
3480 0.00318086 0.00273788
3500 0.00310411 0.00269273
3520 0.00303057 0.00264893
3540 0.00296015 0.00260645
3560 0.00289274 0.00256528
3580 0.00282826 0.0025254
3600 0.0027666 0.00248678
3620 0.00270766 0.0024494
3640 0.00265134 0.00241323
3660 0.00259755 0.00237825
3680 0.00254617 0.00234443
3700 0.00249713 0.00231173
3720 0.00245032 0.00228013
3740 0.00240564 0.0022496
3760 0.00236301 0.00222011
3780 0.00232233 0.00219162
3800 0.00228351 0.0021641
3820 0.00224647 0.00213752
3840 0.00221112 0.00211185
3860 0.00217738 0.00208705
3880 0.00214517 0.00206309
3900 0.00211442 0.00203995
3920 0.00208504 0.00201759
3940 0.00205699 0.00199598
3960 0.00203018 0.00197511
3980 0.00200456 0.00195494
4000 0.00198008 0.00193546
4020 0.00195669 0.00191664
4040 0.00193433 0.00189848
4060 0.00191299 0.00188096
4080 0.00189261 0.00186408
4100 0.00187319 0.00184784
4120 0.0018547 0.00183225
4140 0.00183714 0.00181732
4160 0.00182051 0.00180307
4180 0.00180481 0.00178954
4200 0.00179009 0.00177677
4220 0.00177638 0.00176481
4240 0.00176373 0.00175373
4260 0.00175222 0.00174363
4280 0.00174195 0.00173461
4300 0.00173304 0.00172681
4320 0.00172566 0.00172041
4340 0.00172001 0.00171563
4360 0.00171637 0.00171274
4380 0.00171506 0.00171209
4400 0.00171656 0.00171415
4420 0.00172146 0.00171952
4440 0.00173058 0.00172905
4460 0.00174509 0.00174391
4480 0.0017667 0.00176579
4500 0.00179803 0.00179735
4520 5.05012e-07 0
4540 3.65039e-07 0
4560 2.58222e-07 0
4580 1.78578e-07 0
4600 1.20572e-07 0
4620 7.92479e-08 0
4640 5.03892e-08 0
4660 0.0173747 0.0173747
4680 0.0177197 0.0177197
4700 8.85467e-09 0
4720 3.89218e-09 0
4740 1.35504e-09 0
4760 3.11446e-10 0
4780 2.69774e-11 0
4800 0 0
