0 0.562464 0
20 7.03093e-06 1.52893e-08
40 1.38518 1.87872e-07
60 0.132406 8.32963e-07
80 0.380516 2.39683e-06
100 0.000765915 5.4177e-06
120 0.92375 1.04928e-05
140 0.00256195 1.82506e-05
160 0.208642 2.93282e-05
180 0.0165578 4.43524e-05
200 0.013593 6.39246e-05
220 0.0140897 8.86092e-05
240 0.0403992 0.000118924
260 0.0178541 0.000155333
280 0.0300145 0.000198242
300 0.035887 0.000247998
320 0.0336364 0.000304881
340 0.0317766 0.000369111
360 0.030215 0.000440844
380 0.0288941 0.000520176
400 0.0277765 0.000607141
420 0.0268349 0.000701721
440 0.0260469 0.000803841
460 0.0253935 0.000913379
480 0.0248575 0.00103017
500 0.0244238 0.00115399
520 0.0240793 0.0012846
540 0.0238122 0.00142171
560 0.0236127 0.00156501
580 0.0234718 0.00171416
600 0.0233821 0.00186879
620 0.0233366 0.00202851
640 0.0233295 0.00219293
660 0.0233555 0.00236164
680 0.0234098 0.0025342
700 0.0234883 0.00271019
720 0.023587 0.00288919
740 0.0237027 0.00307074
760 0.0238321 0.00325442
780 0.0239724 0.00343979
800 0.0241212 0.00362643
820 0.024276 0.00381392
840 0.0244348 0.00400184
860 0.0245957 0.0041898
880 0.024757 0.00437739
900 0.0249171 0.00456425
920 0.0250745 0.00475
940 0.0252282 0.00493428
960 0.0253768 0.00511677
980 0.0255195 0.00529713
1000 0.0256552 0.00547505
1020 0.0257832 0.00565024
1040 0.0259027 0.00582242
1060 0.0260132 0.00599134
1080 0.026114 0.00615673
1100 0.0262048 0.00631837
1120 0.0262851 0.00647605
1140 0.0263545 0.00662956
1160 0.0264128 0.00677872
1180 0.0264597 0.00692336
1200 0.026495 0.00706333
1220 0.0265187 0.00719848
1240 0.0265306 0.00732869
1260 0.0265307 0.00745384
1280 0.0265188 0.00757385
1300 0.0264952 0.00768861
1320 0.0264597 0.00779806
1340 0.0264125 0.00790213
1360 0.0263537 0.00800078
1380 0.0262833 0.00809396
1400 0.0262016 0.00818165
1420 0.0261086 0.00826383
1440 0.0260046 0.00834048
1460 0.0258898 0.00841162
1480 0.0257643 0.00847724
1500 0.0256284 0.00853737
1520 0.0254824 0.00859203
1540 0.0253264 0.00864126
1560 0.0251607 0.0086851
1580 0.0249856 0.0087236
1600 0.0248014 0.0087568
1620 0.0246083 0.00878477
1640 0.0244067 0.00880758
1660 0.0241967 0.0088253
1680 0.0239788 0.00883801
1700 0.0237532 0.00884578
1720 0.0235202 0.0088487
1740 0.0232801 0.00884687
1760 0.0230333 0.00884038
1780 0.0227799 0.00882931
1800 0.0225205 0.00881379
1820 0.0222551 0.00879391
1840 0.0219843 0.00876977
1860 0.0217082 0.00874149
1880 0.0214272 0.00870918
1900 0.0211416 0.00867296
1920 0.0208517 0.00863294
1940 0.0205579 0.00858923
1960 0.0202603 0.00854197
1980 0.0199594 0.00849126
2000 0.0196554 0.00843724
2020 0.0193486 0.00838002
2040 0.0190394 0.00831973
2060 0.018728 0.0082565
2080 0.0184147 0.00819044
2100 0.0180998 0.00812169
2120 0.0177835 0.00805036
2140 0.0174662 0.0079766
2160 0.0171482 0.00790051
2180 0.0168297 0.00782222
2200 0.0165109 0.00774187
2220 0.0161922 0.00765956
2240 0.0158738 0.00757543
2260 0.0155559 0.0074896
2280 0.0152388 0.00740219
2300 0.0149227 0.00731331
2320 0.014608 0.00722309
2340 0.0142947 0.00713164
2360 0.0139831 0.00703907
2380 0.0136735 0.00694551
2400 0.013366 0.00685106
2420 0.0130609 0.00675582
2440 0.0127584 0.00665992
2460 0.0124586 0.00656345
2480 0.0121617 0.00646652
2500 0.0118679 0.00636923
2520 0.0115774 0.00627168
2540 0.0112904 0.00617396
2560 0.0110069 0.00607616
2580 0.0107272 0.00597839
2600 0.0104514 0.00588072
2620 0.0101796 0.00578325
2640 0.0099119 0.00568605
2660 0.00964848 0.00558921
2680 0.00938943 0.00549281
2700 0.00913483 0.00539691
2720 0.0088848 0.0053016
2740 0.0086394 0.00520693
2760 0.00839872 0.00511299
2780 0.00816282 0.00501982
2800 0.00793177 0.0049275
2820 0.00770562 0.00483607
2840 0.0074844 0.0047456
2860 0.00726818 0.00465613
2880 0.00705696 0.00456772
2900 0.00685077 0.00448041
2920 0.00664963 0.00439425
2940 0.00645354 0.00430927
2960 0.00626252 0.00422551
2980 0.00607654 0.00414301
3000 0.0058956 0.00406181
3020 0.00571968 0.00398192
3040 0.00554875 0.00390339
3060 0.00538278 0.00382623
3080 0.00522173 0.00375046
3100 0.00506556 0.00367612
3120 0.00491423 0.0036032
3140 0.00476767 0.00353174
3160 0.00462584 0.00346174
3180 0.00448866 0.00339321
3200 0.00435606 0.00332616
3220 0.00422799 0.00326061
3240 0.00410436 0.00319654
3260 0.00398509 0.00313397
3280 0.0038701 0.0030729
3300 0.00375931 0.00301332
3320 0.00365262 0.00295523
3340 0.00354995 0.00289862
3360 0.0034512 0.00284349
3380 0.00335629 0.00278983
3400 0.0032651 0.00273762
3420 0.00317755 0.00268686
3440 0.00309354 0.00263753
3460 0.00301296 0.00258962
3480 0.00293571 0.0025431
3500 0.0028617 0.00249796
3520 0.00279081 0.00245418
3540 0.00272296 0.00241173
3560 0.00265802 0.0023706
3580 0.00259591 0.00233075
3600 0.00253653 0.00229217
3620 0.00247976 0.00225482
3640 0.00242552 0.00221868
3660 0.00237369 0.00218372
3680 0.00232419 0.0021499
3700 0.00227692 0.0021172
3720 0.00223178 0.00208559
3740 0.00218868 0.00205503
3760 0.00214752 0.00202549
3780 0.00210822 0.00199693
3800 0.00207069 0.00196933
3820 0.00203484 0.00194265
3840 0.0020006 0.00191686
3860 0.00196788 0.00189192
3880 0.00193661 0.00186781
3900 0.00190671 0.00184449
3920 0.00187811 0.00182194
3940 0.00185076 0.00180012
3960 0.00182457 0.00177901
3980 0.00179951 0.00175859
4000 0.00177551 0.00173883
4020 0.00175253 0.00171972
4040 0.00173053 0.00170124
4060 0.00170946 0.00168338
4080 0.0016893 0.00166614
4100 0.00167003 0.00164951
4120 0.00165161 0.0016335
4140 0.00163406 0.00161811
4160 0.00161736 0.00160337
4180 0.00160152 0.00158929
4200 0.00158657 0.00157593
4220 0.00157254 0.00156331
4240 0.00155947 0.00155151
4260 0.00154742 0.0015406
4280 0.00153648 0.00153066
4300 0.00152676 0.00152183
4320 0.0015184 0.00151425
4340 0.00151157 0.00150811
4360 0.0015065 0.00150363
4380 0.00150349 0.00150114
4400 0.00150292 0.00150102
4420 0.00150532 0.0015038
4440 0.0015114 0.00151019
4460 0.00152215 0.00152121
4480 0.00153905 0.00153833
4500 0.00156435 0.00156382
4520 3.97793e-07 0
4540 2.87543e-07 0
4560 2.03407e-07 0
4580 1.40673e-07 0
4600 9.49817e-08 0
4620 6.24309e-08 0
4640 3.96985e-08 0
4660 0.011952 0.011952
4680 0.0121894 0.0121893
4700 6.97908e-09 0
4720 3.0686e-09 0
4740 1.06875e-09 0
4760 2.45815e-10 0
4780 2.13208e-11 0
4800 0 0
