0 0.563803 0
20 8.302e-06 1.77028e-08
40 1.41509 2.17235e-07
60 0.13436 9.61852e-07
80 0.393312 2.76398e-06
100 0.000892642 6.23916e-06
120 0.919712 1.20674e-05
140 0.00291015 2.09611e-05
160 0.21578 3.36385e-05
180 0.0179755 5.08022e-05
200 0.014752 7.3122e-05
220 0.0153156 0.000101221
240 0.043833 0.000135668
260 0.0194863 0.000176964
280 0.0326409 0.000225545
300 0.0390174 0.000281772
320 0.036486 0.000345935
340 0.0343957 0.000418249
360 0.0326411 0.000498858
380 0.0311569 0.000587835
400 0.0299005 0.000685187
420 0.028841 0.000790856
440 0.0279536 0.000904726
460 0.0272167 0.00102663
480 0.0266112 0.00115633
500 0.0261204 0.00129357
520 0.0257294 0.00143804
540 0.0254253 0.00158938
560 0.0251968 0.00174722
580 0.0250339 0.00191115
600 0.0249282 0.00208074
620 0.0248718 0.00225553
640 0.0248581 0.00243507
660 0.024881 0.00261886
680 0.0249352 0.00280643
700 0.0250158 0.00299729
720 0.0251185 0.00319093
740 0.0252395 0.00338687
760 0.0253751 0.00358462
780 0.0255223 0.00378369
800 0.0256781 0.00398361
820 0.0258399 0.00418391
840 0.0260054 0.00438415
860 0.0261725 0.00458387
880 0.0263392 0.00478265
900 0.0265039 0.00498008
920 0.026665 0.00517576
940 0.0268211 0.00536931
960 0.026971 0.00556038
980 0.0271136 0.00574861
1000 0.0272479 0.00593368
1020 0.0273731 0.00611529
1040 0.0274883 0.00629315
1060 0.027593 0.00646698
1080 0.0276865 0.00663654
1100 0.0277685 0.0068016
1120 0.0278384 0.00696193
1140 0.027896 0.00711735
1160 0.027941 0.00726767
1180 0.0279731 0.00741274
1200 0.0279923 0.0075524
1220 0.0279983 0.00768653
1240 0.0279913 0.00781501
1260 0.027971 0.00793775
1280 0.0279377 0.00805467
1300 0.0278913 0.00816569
1320 0.0278319 0.00827076
1340 0.0277597 0.00836984
1360 0.0276748 0.0084629
1380 0.0275774 0.00854991
1400 0.0274677 0.00863089
1420 0.0273459 0.00870582
1440 0.0272122 0.00877472
1460 0.027067 0.00883763
1480 0.0269104 0.00889456
1500 0.0267428 0.00894557
1520 0.0265645 0.00899071
1540 0.0263758 0.00903003
1560 0.0261769 0.0090636
1580 0.0259683 0.00909149
1600 0.0257502 0.00911379
1620 0.0255231 0.00913057
1640 0.0252871 0.00914194
1660 0.0250428 0.00914798
1680 0.0247904 0.00914879
1700 0.0245303 0.00914448
1720 0.0242628 0.00913517
1740 0.0239883 0.00912096
1760 0.0237072 0.00910197
1780 0.0234198 0.00907832
1800 0.0231265 0.00905014
1820 0.0228276 0.00901755
1840 0.0225235 0.00898067
1860 0.0222146 0.00893964
1880 0.0219011 0.00889459
1900 0.0215835 0.00884565
1920 0.0212621 0.00879295
1940 0.0209371 0.00873664
1960 0.0206091 0.00867685
1980 0.0202782 0.00861371
2000 0.0199449 0.00854736
2020 0.0196094 0.00847795
2040 0.0192721 0.0084056
2060 0.0189332 0.00833047
2080 0.0185932 0.00825267
2100 0.0182523 0.00817236
2120 0.0179107 0.00808967
2140 0.0175689 0.00800473
2160 0.0172271 0.00791768
2180 0.0168855 0.00782865
2200 0.0165444 0.00773778
2220 0.0162042 0.0076452
2240 0.0158651 0.00755103
2260 0.0155273 0.00745541
2280 0.015191 0.00735845
2300 0.0148566 0.0072603
2320 0.0145242 0.00716106
2340 0.0141942 0.00706086
2360 0.0138666 0.00695981
2380 0.0135417 0.00685804
2400 0.0132198 0.00675565
2420 0.0129009 0.00665276
2440 0.0125854 0.00654948
2460 0.0122734 0.00644591
2480 0.011965 0.00634215
2500 0.0116604 0.0062383
2520 0.0113598 0.00613447
2540 0.0110634 0.00603074
2560 0.0107712 0.00592721
2580 0.0104834 0.00582397
2600 0.0102001 0.0057211
2620 0.00992145 0.00561868
2640 0.00964754 0.0055168
2660 0.00937846 0.00541553
2680 0.0091143 0.00531495
2700 0.00885515 0.00521511
2720 0.00860107 0.0051161
2740 0.00835213 0.00501797
2760 0.00810839 0.00492079
2780 0.00786989 0.00482461
2800 0.00763668 0.00472949
2820 0.00740878 0.00463548
2840 0.00718622 0.00454263
2860 0.00696901 0.00445098
2880 0.00675716 0.00436057
2900 0.00655069 0.00427145
2920 0.00634957 0.00418366
2940 0.0061538 0.00409722
2960 0.00596336 0.00401216
2980 0.00577823 0.00392853
3000 0.00559836 0.00384633
3020 0.00542373 0.0037656
3040 0.00525429 0.00368635
3060 0.00508999 0.00360861
3080 0.00493077 0.00353238
3100 0.00477658 0.00345769
3120 0.00462735 0.00338454
3140 0.00448302 0.00331294
3160 0.0043435 0.00324289
3180 0.00420873 0.00317441
3200 0.00407861 0.00310749
3220 0.00395307 0.00304214
3240 0.00383202 0.00297834
3260 0.00371536 0.00291611
3280 0.00360301 0.00285542
3300 0.00349486 0.00279628
3320 0.00339083 0.00273867
3340 0.0032908 0.00268259
3360 0.00319468 0.00262802
3380 0.00310237 0.00257495
3400 0.00301376 0.00252336
3420 0.00292874 0.00247323
3440 0.00284722 0.00242455
3460 0.00276908 0.00237729
3480 0.00269422 0.00233144
3500 0.00262254 0.00228697
3520 0.00255392 0.00224386
3540 0.00248826 0.00220207
3560 0.00242546 0.0021616
3580 0.00236541 0.0021224
3600 0.002308 0.00208445
3620 0.00225315 0.00204772
3640 0.00220074 0.00201218
3660 0.00215067 0.0019778
3680 0.00210285 0.00194455
3700 0.00205718 0.00191239
3720 0.00201356 0.00188129
3740 0.00197191 0.00185122
3760 0.00193213 0.00182215
3780 0.00189413 0.00179404
3800 0.00185783 0.00176686
3820 0.00182315 0.00174057
3840 0.00178999 0.00171515
3860 0.00175829 0.00169055
3880 0.00172798 0.00166676
3900 0.00169897 0.00164373
3920 0.00167121 0.00162144
3940 0.00164462 0.00159986
3960 0.00161916 0.00157897
3980 0.00159475 0.00155873
4000 0.00157136 0.00153914
4020 0.00154893 0.00152017
4040 0.00152742 0.00150181
4060 0.0015068 0.00148404
4080 0.00148703 0.00146686
4100 0.00146809 0.00145026
4120 0.00144995 0.00143425
4140 0.00143262 0.00141882
4160 0.00141608 0.001404
4180 0.00140034 0.0013898
4200 0.00138541 0.00137625
4220 0.00137132 0.00136339
4240 0.0013581 0.00135128
4260 0.00134581 0.00133996
4280 0.00133451 0.00132953
4300 0.00132429 0.00132007
4320 0.00131527 0.00131173
4340 0.00130759 0.00130464
4360 0.00130146 0.00129902
4380 0.00129711 0.00129511
4400 0.00129488 0.00129326
4420 0.00129521 0.00129391
4440 0.00129868 0.00129766
4460 0.00130616 0.00130537
4480 0.00131889 0.00131828
4500 0.00133877 0.00133831
4520 3.39058e-07 0
4540 2.45094e-07 0
4560 1.73385e-07 0
4580 1.19915e-07 0
4600 8.09692e-08 0
4620 5.32233e-08 0
4640 3.38459e-08 0
4660 0.00888015 0.00888013
4680 0.00905647 0.00905646
4700 5.95262e-09 0
4720 2.61789e-09 0
4740 9.1208e-10 0
4760 2.09889e-10 0
4780 1.82227e-11 0
4800 0 0
