0 0.553763 0
20 7.48755e-06 1.3307e-08
40 1.35524 1.63724e-07
60 0.129252 7.26831e-07
80 0.370042 2.09412e-06
100 0.000805402 4.73954e-06
120 0.913292 9.19111e-06
140 0.00268057 1.60071e-05
160 0.203485 2.57559e-05
180 0.0171633 3.9e-05
200 0.0142852 5.62825e-05
220 0.0147524 7.81161e-05
240 0.039996 0.000104975
260 0.0185876 0.00013729
280 0.0302054 0.00017544
300 0.037466 0.000219754
320 0.0350008 0.000270506
340 0.0329612 0.000327914
360 0.0312451 0.000392143
380 0.0297891 0.000463304
400 0.0285513 0.000541455
420 0.0275014 0.000626605
440 0.0266146 0.000718715
460 0.0258702 0.000817701
480 0.0252496 0.000923436
500 0.0247367 0.00103576
520 0.0243173 0.00115447
540 0.0239794 0.00127933
560 0.0237124 0.00141008
580 0.023507 0.00154645
600 0.0233553 0.00168811
620 0.0232503 0.00183474
640 0.0231858 0.001986
660 0.0231564 0.00214153
680 0.0231573 0.00230096
700 0.0231841 0.00246391
720 0.023233 0.00263001
740 0.0233004 0.00279886
760 0.0233833 0.00297008
780 0.0234788 0.00314329
800 0.0235844 0.00331809
820 0.0236977 0.00349411
840 0.0238167 0.00367098
860 0.0239395 0.00384833
880 0.0240644 0.00402579
900 0.0241899 0.00420303
920 0.0243145 0.00437968
940 0.0244371 0.00455544
960 0.0245565 0.00472997
980 0.0246717 0.00490298
1000 0.0247819 0.00507416
1020 0.0248861 0.00524325
1040 0.0249838 0.00540996
1060 0.0250743 0.00557405
1080 0.025157 0.00573527
1100 0.0252314 0.0058934
1120 0.0252971 0.00604822
1140 0.0253538 0.00619953
1160 0.0254012 0.00634715
1180 0.025439 0.0064909
1200 0.0254669 0.00663062
1220 0.0254849 0.00676616
1240 0.0254927 0.00689738
1260 0.0254904 0.00702417
1280 0.0254777 0.00714641
1300 0.0254548 0.00726401
1320 0.0254215 0.00737686
1340 0.025378 0.0074849
1360 0.0253242 0.00758807
1380 0.0252603 0.00768629
1400 0.0251863 0.00777953
1420 0.0251023 0.00786775
1440 0.0250085 0.00795091
1460 0.0249049 0.00802901
1480 0.0247919 0.00810203
1500 0.0246694 0.00816997
1520 0.0245377 0.00823283
1540 0.024397 0.00829062
1560 0.0242474 0.00834337
1580 0.0240893 0.0083911
1600 0.0239227 0.00843385
1620 0.023748 0.00847164
1640 0.0235653 0.00850454
1660 0.0233749 0.00853258
1680 0.0231771 0.00855582
1700 0.022972 0.00857433
1720 0.02276 0.00858817
1740 0.0225413 0.00859741
1760 0.0223161 0.00860211
1780 0.0220847 0.00860237
1800 0.0218474 0.00859826
1820 0.0216044 0.00858987
1840 0.021356 0.00857729
1860 0.0211025 0.0085606
1880 0.0208441 0.0085399
1900 0.0205812 0.00851529
1920 0.0203139 0.00848687
1940 0.0200426 0.00845474
1960 0.0197676 0.008419
1980 0.019489 0.00837976
2000 0.0192072 0.00833713
2020 0.0189225 0.00829121
2040 0.018635 0.00824212
2060 0.0183452 0.00818997
2080 0.0180531 0.00813487
2100 0.0177592 0.00807693
2120 0.0174637 0.00801627
2140 0.0171668 0.007953
2160 0.0168688 0.00788724
2180 0.0165699 0.00781911
2200 0.0162704 0.00774871
2220 0.0159706 0.00767617
2240 0.0156707 0.0076016
2260 0.0153708 0.00752511
2280 0.0150714 0.00744682
2300 0.0147725 0.00736685
2320 0.0144745 0.0072853
2340 0.0141775 0.00720229
2360 0.0138818 0.00711793
2380 0.0135876 0.00703233
2400 0.0132951 0.00694559
2420 0.0130044 0.00685783
2440 0.0127159 0.00676915
2460 0.0124296 0.00667966
2480 0.0121458 0.00658946
2500 0.0118647 0.00649864
2520 0.0115864 0.00640731
2540 0.011311 0.00631557
2560 0.0110388 0.00622351
2580 0.0107699 0.00613122
2600 0.0105045 0.00603879
2620 0.0102426 0.00594632
2640 0.00998444 0.00585388
2660 0.00973011 0.00576156
2680 0.00947974 0.00566945
2700 0.00923342 0.00557762
2720 0.00899127 0.00548614
2740 0.00875337 0.00539509
2760 0.0085198 0.00530455
2780 0.00829066 0.00521458
2800 0.008066 0.00512524
2820 0.0078459 0.00503659
2840 0.0076304 0.00494871
2860 0.00741955 0.00486165
2880 0.00721339 0.00477545
2900 0.00701196 0.00469018
2920 0.00681529 0.00460588
2940 0.00662338 0.0045226
2960 0.00643625 0.00444039
2980 0.00625391 0.00435928
3000 0.00607636 0.00427932
3020 0.00590357 0.00420054
3040 0.00573555 0.00412298
3060 0.00557227 0.00404666
3080 0.0054137 0.00397162
3100 0.0052598 0.00389788
3120 0.00511055 0.00382547
3140 0.00496589 0.00375441
3160 0.00482578 0.00368471
3180 0.00469017 0.00361641
3200 0.00455899 0.0035495
3220 0.00443219 0.003484
3240 0.00430969 0.00341993
3260 0.00419143 0.00335729
3280 0.00407733 0.00329609
3300 0.00396733 0.00323632
3320 0.00386133 0.00317801
3340 0.00375925 0.00312113
3360 0.00366101 0.0030657
3380 0.00356653 0.0030117
3400 0.00347571 0.00295914
3420 0.00338846 0.002908
3440 0.00330469 0.00285827
3460 0.0032243 0.00280994
3480 0.00314721 0.00276301
3500 0.00307331 0.00271745
3520 0.0030025 0.00267324
3540 0.0029347 0.00263038
3560 0.0028698 0.00258883
3580 0.00280771 0.00254858
3600 0.00274833 0.00250961
3620 0.00269156 0.00247188
3640 0.0026373 0.00243538
3660 0.00258546 0.00240008
3680 0.00253595 0.00236595
3700 0.00248867 0.00233295
3720 0.00244352 0.00230106
3740 0.00240043 0.00227025
3760 0.00235929 0.00224049
3780 0.00232001 0.00221174
3800 0.00228253 0.00218396
3820 0.00224674 0.00215714
3840 0.00221256 0.00213123
3860 0.00217993 0.0021062
3880 0.00214876 0.00208203
3900 0.00211898 0.00205867
3920 0.00209052 0.00203611
3940 0.00206331 0.0020143
3960 0.0020373 0.00199324
3980 0.00201243 0.00197288
4000 0.00198864 0.00195322
4020 0.00196589 0.00193423
4040 0.00194414 0.0019159
4060 0.00192335 0.00189823
4080 0.00190349 0.00188119
4100 0.00188454 0.0018648
4120 0.00186648 0.00184907
4140 0.00184932 0.001834
4160 0.00183305 0.00181962
4180 0.00181769 0.00180597
4200 0.00180327 0.00179308
4220 0.00178984 0.00178101
4240 0.00177744 0.00176983
4260 0.00176616 0.00175963
4280 0.00175609 0.00175053
4300 0.00174737 0.00174266
4320 0.00174016 0.00173621
4340 0.00173468 0.00173138
4360 0.00173119 0.00172846
4380 0.00173004 0.00172781
4400 0.0017317 0.00172988
4420 0.00173676 0.00173531
4440 0.00174607 0.00174492
4460 0.00176081 0.00175991
4480 0.00178269 0.001782
4500 0.00181436 0.00181384
4520 3.79092e-07 0
4540 2.74005e-07 0
4560 1.93816e-07 0
4580 1.34031e-07 0
4600 9.04898e-08 0
4620 5.94731e-08 0
4640 3.78137e-08 0
4660 0.0129897 0.0129897
4680 0.0132476 0.0132476
4700 6.64451e-09 0
4720 2.92083e-09 0
4740 1.01699e-09 0
4760 2.33808e-10 0
4780 2.0264e-11 0
4800 0 0
