0 0.569049 0
20 5.60747e-06 1.52057e-08
40 1.38275 1.86845e-07
60 0.133279 8.28409e-07
80 0.377398 2.38373e-06
100 0.000625741 5.38809e-06
120 0.937369 1.04354e-05
140 0.0021568 1.81508e-05
160 0.206274 2.91678e-05
180 0.0147023 4.41099e-05
200 0.0119072 6.35752e-05
220 0.0123689 8.81248e-05
240 0.0374847 0.000118274
260 0.0156961 0.000154484
280 0.0273675 0.000197159
300 0.0315698 0.000246642
320 0.0297519 0.000303215
340 0.0282524 0.000367093
360 0.0269973 0.000438434
380 0.0259409 0.000517332
400 0.0250537 0.000603822
420 0.0243139 0.000697885
440 0.0237036 0.000799447
460 0.0232071 0.000908386
480 0.0228102 0.00102453
500 0.0225003 0.00114768
520 0.0222662 0.00127758
540 0.0220982 0.00141394
560 0.0219876 0.00155646
580 0.021927 0.00170479
600 0.0219099 0.00185857
620 0.0219305 0.00201742
640 0.0219837 0.00218094
660 0.0220651 0.00234873
680 0.0221704 0.00252035
700 0.0222961 0.00269538
720 0.0224389 0.00287339
740 0.0225957 0.00305395
760 0.0227638 0.00323663
780 0.0229408 0.00342099
800 0.0231243 0.00360661
820 0.0233122 0.00379307
840 0.0235028 0.00397997
860 0.0236943 0.0041669
880 0.0238851 0.00435347
900 0.0240737 0.0045393
920 0.024259 0.00472403
940 0.0244397 0.00490731
960 0.0246148 0.0050888
980 0.0247833 0.00526817
1000 0.0249443 0.00544512
1020 0.0250972 0.00561935
1040 0.0252411 0.0057906
1060 0.0253756 0.00595858
1080 0.0255001 0.00612307
1100 0.0256142 0.00628383
1120 0.0257173 0.00644065
1140 0.0258093 0.00659332
1160 0.0258899 0.00674166
1180 0.0259587 0.00688551
1200 0.0260156 0.00702472
1220 0.0260606 0.00715913
1240 0.0260934 0.00728863
1260 0.0261141 0.0074131
1280 0.0261226 0.00753244
1300 0.0261189 0.00764658
1320 0.0261031 0.00775543
1340 0.0260752 0.00785894
1360 0.0260353 0.00795704
1380 0.0259836 0.00804972
1400 0.0259202 0.00813693
1420 0.0258452 0.00821865
1440 0.0257588 0.00829489
1460 0.0256612 0.00836563
1480 0.0255526 0.0084309
1500 0.0254333 0.0084907
1520 0.0253034 0.00854506
1540 0.0251632 0.00859403
1560 0.025013 0.00863762
1580 0.024853 0.00867591
1600 0.0246835 0.00870893
1620 0.0245047 0.00873675
1640 0.0243171 0.00875944
1660 0.0241207 0.00877706
1680 0.023916 0.0087897
1700 0.0237032 0.00879742
1720 0.0234827 0.00880033
1740 0.0232547 0.00879851
1760 0.0230196 0.00879205
1780 0.0227776 0.00878105
1800 0.0225291 0.00876561
1820 0.0222743 0.00874583
1840 0.0220137 0.00872183
1860 0.0217474 0.00869371
1880 0.0214759 0.00866158
1900 0.0211993 0.00862555
1920 0.0209182 0.00858575
1940 0.0206326 0.00854228
1960 0.020343 0.00849527
1980 0.0200497 0.00844485
2000 0.0197529 0.00839112
2020 0.019453 0.00833421
2040 0.0191503 0.00827425
2060 0.018845 0.00821136
2080 0.0185374 0.00814567
2100 0.0182279 0.00807729
2120 0.0179167 0.00800636
2140 0.0176042 0.00793299
2160 0.0172905 0.00785732
2180 0.016976 0.00777946
2200 0.0166609 0.00769955
2220 0.0163456 0.00761769
2240 0.0160302 0.00753402
2260 0.015715 0.00744866
2280 0.0154003 0.00736172
2300 0.0150863 0.00727333
2320 0.0147733 0.0071836
2340 0.0144614 0.00709265
2360 0.0141511 0.00700059
2380 0.0138423 0.00690754
2400 0.0135354 0.0068136
2420 0.0132307 0.00671889
2440 0.0129282 0.00662351
2460 0.0126282 0.00652757
2480 0.0123308 0.00643117
2500 0.0120364 0.00633441
2520 0.0117449 0.00623739
2540 0.0114567 0.00614021
2560 0.0111719 0.00604295
2580 0.0108906 0.00594571
2600 0.010613 0.00584857
2620 0.0103392 0.00575163
2640 0.0100694 0.00565497
2660 0.00980368 0.00555866
2680 0.00954215 0.00546278
2700 0.00928493 0.00536741
2720 0.00903213 0.00527261
2740 0.00878384 0.00517847
2760 0.00854015 0.00508504
2780 0.00830114 0.00499238
2800 0.00806687 0.00490056
2820 0.00783742 0.00480963
2840 0.00761283 0.00471966
2860 0.00739316 0.00463068
2880 0.00717843 0.00454275
2900 0.00696869 0.00445592
2920 0.00676396 0.00437023
2940 0.00656426 0.00428571
2960 0.00636959 0.00420241
2980 0.00617996 0.00412037
3000 0.00599537 0.0040396
3020 0.0058158 0.00396016
3040 0.00564123 0.00388205
3060 0.00547165 0.00380531
3080 0.00530702 0.00372996
3100 0.0051473 0.00365602
3120 0.00499246 0.00358351
3140 0.00484244 0.00351243
3160 0.00469719 0.00344281
3180 0.00455666 0.00337466
3200 0.00442078 0.00330798
3220 0.00428948 0.00324278
3240 0.0041627 0.00317907
3260 0.00404035 0.00311684
3280 0.00392237 0.0030561
3300 0.00380866 0.00299685
3320 0.00369914 0.00293907
3340 0.00359372 0.00288277
3360 0.00349231 0.00282795
3380 0.00339482 0.00277458
3400 0.00330115 0.00272266
3420 0.0032112 0.00267218
3440 0.00312487 0.00262312
3460 0.00304207 0.00257546
3480 0.00296269 0.0025292
3500 0.00288663 0.00248431
3520 0.00281379 0.00244076
3540 0.00274406 0.00239855
3560 0.00267734 0.00235764
3580 0.00261352 0.00231801
3600 0.00255251 0.00227964
3620 0.00249419 0.0022425
3640 0.00243847 0.00220655
3660 0.00238525 0.00217178
3680 0.00233443 0.00213815
3700 0.0022859 0.00210563
3720 0.00223956 0.00207419
3740 0.00219533 0.00204379
3760 0.00215311 0.00201441
3780 0.00211281 0.00198601
3800 0.00207434 0.00195857
3820 0.0020376 0.00193203
3840 0.00200252 0.00190638
3860 0.00196901 0.00188158
3880 0.001937 0.0018576
3900 0.0019064 0.00183441
3920 0.00187716 0.00181198
3940 0.00184919 0.00179028
3960 0.00182244 0.00176928
3980 0.00179684 0.00174897
4000 0.00177235 0.00172932
4020 0.00174891 0.00171032
4040 0.00172648 0.00169194
4060 0.00170502 0.00167418
4080 0.00168449 0.00165703
4100 0.00166488 0.00164049
4120 0.00164615 0.00162457
4140 0.00162831 0.00160926
4160 0.00161135 0.0015946
4180 0.00159528 0.00158061
4200 0.00158011 0.00156731
4220 0.00156588 0.00155477
4240 0.00155263 0.00154303
4260 0.00154042 0.00153217
4280 0.00152934 0.0015223
4300 0.00151949 0.00151351
4320 0.00151101 0.00150597
4340 0.00150407 0.00149986
4360 0.00149889 0.00149541
4380 0.00149579 0.00149293
4400 0.00149513 0.00149281
4420 0.00149743 0.00149558
4440 0.0015034 0.00150194
4460 0.00151404 0.0015129
4480 0.0015308 0.00152992
4500 0.00155592 0.00155527
4520 4.84496e-07 0
4540 3.50228e-07 0
4560 2.47758e-07 0
4580 1.71351e-07 0
4600 1.15699e-07 0
4620 7.60508e-08 0
4640 4.83607e-08 0
4660 0.0145931 0.0145931
4680 0.0148828 0.0148828
4700 8.50222e-09 0
4720 3.7382e-09 0
4740 1.30188e-09 0
4760 2.99387e-10 0
4780 2.59585e-11 0
4800 0 0
