0 0.566871 0
20 7.60841e-06 1.76767e-08
40 1.4162 2.16915e-07
60 0.13492 9.60437e-07
80 0.392833 2.75991e-06
100 0.000826367 6.22998e-06
120 0.925509 1.20497e-05
140 0.00272567 2.09303e-05
160 0.215233 3.35891e-05
180 0.0171956 5.07275e-05
200 0.0140324 7.30144e-05
220 0.0145818 0.000101073
240 0.0427181 0.000135468
260 0.018567 0.000176704
280 0.0315772 0.000225213
300 0.0371887 0.000281357
320 0.0348538 0.000345426
340 0.0329265 0.000417633
360 0.03131 0.000498124
380 0.0299447 0.00058697
400 0.0287915 0.000684178
420 0.0278223 0.000789692
440 0.0270142 0.000903395
460 0.0263472 0.00102511
480 0.0258035 0.00115463
500 0.0253675 0.00129167
520 0.0250253 0.00143592
540 0.0247647 0.00158704
560 0.0245751 0.00174465
580 0.0244473 0.00190834
600 0.0243731 0.00207768
620 0.0243453 0.00225222
640 0.0243576 0.00243149
660 0.0244042 0.00261501
680 0.0244802 0.0028023
700 0.0245809 0.00299288
720 0.0247024 0.00318623
740 0.0248407 0.00338189
760 0.0249927 0.00357934
780 0.0251553 0.00377812
800 0.0253256 0.00397775
820 0.0255013 0.00417776
840 0.0256801 0.0043777
860 0.0258599 0.00457712
880 0.0260389 0.00477561
900 0.0262155 0.00497275
920 0.026388 0.00516814
940 0.0265553 0.00536141
960 0.026716 0.0055522
980 0.0268691 0.00574015
1000 0.0270137 0.00592495
1020 0.0271489 0.00610629
1040 0.027274 0.00628389
1060 0.0273883 0.00645747
1080 0.0274913 0.00662678
1100 0.0275825 0.00679159
1120 0.0276614 0.00695169
1140 0.0277279 0.00710688
1160 0.0277815 0.00725698
1180 0.0278222 0.00740183
1200 0.0278497 0.00754128
1220 0.0278639 0.00767522
1240 0.0278648 0.00780351
1260 0.0278524 0.00792607
1280 0.0278267 0.00804282
1300 0.0277878 0.00815367
1320 0.0277357 0.00825859
1340 0.0276706 0.00835752
1360 0.0275927 0.00845045
1380 0.0275021 0.00853734
1400 0.027399 0.00861819
1420 0.0272836 0.00869301
1440 0.0271562 0.00876181
1460 0.0270171 0.00882462
1480 0.0268665 0.00888148
1500 0.0267047 0.00893241
1520 0.026532 0.00897748
1540 0.0263487 0.00901674
1560 0.0261551 0.00905026
1580 0.0259516 0.00907812
1600 0.0257385 0.00910038
1620 0.0255161 0.00911714
1640 0.0252848 0.00912849
1660 0.0250449 0.00913452
1680 0.0247968 0.00913533
1700 0.0245408 0.00913103
1720 0.0242773 0.00912173
1740 0.0240067 0.00910754
1760 0.0237292 0.00908858
1780 0.0234454 0.00906497
1800 0.0231554 0.00903683
1820 0.0228597 0.00900428
1840 0.0225587 0.00896746
1860 0.0222527 0.00892649
1880 0.021942 0.0088815
1900 0.0216269 0.00883263
1920 0.021308 0.00878002
1940 0.0209854 0.00872379
1960 0.0206595 0.00866408
1980 0.0203307 0.00860103
2000 0.0199993 0.00853479
2020 0.0196656 0.00846547
2040 0.01933 0.00839324
2060 0.0189927 0.00831821
2080 0.018654 0.00824053
2100 0.0183144 0.00816034
2120 0.017974 0.00807777
2140 0.0176332 0.00799295
2160 0.0172923 0.00790603
2180 0.0169515 0.00781713
2200 0.0166112 0.0077264
2220 0.0162716 0.00763395
2240 0.0159329 0.00753992
2260 0.0155954 0.00744444
2280 0.0152595 0.00734763
2300 0.0149252 0.00724961
2320 0.0145929 0.00715052
2340 0.0142628 0.00705047
2360 0.0139351 0.00694957
2380 0.0136101 0.00684795
2400 0.0132878 0.00674571
2420 0.0129686 0.00664298
2440 0.0126526 0.00653984
2460 0.0123401 0.00643642
2480 0.0120311 0.00633282
2500 0.0117258 0.00622912
2520 0.0114245 0.00612544
2540 0.0111273 0.00602187
2560 0.0108342 0.00591849
2580 0.0105455 0.0058154
2600 0.0102612 0.00571268
2620 0.00998152 0.00561042
2640 0.00970653 0.00550869
2660 0.00943634 0.00540756
2680 0.00917102 0.00530713
2700 0.00891067 0.00520744
2720 0.00865537 0.00510857
2740 0.00840517 0.00501059
2760 0.00816014 0.00491355
2780 0.00792034 0.00481751
2800 0.00768579 0.00472253
2820 0.00745655 0.00462866
2840 0.00723263 0.00453594
2860 0.00701405 0.00444443
2880 0.00680083 0.00435416
2900 0.00659297 0.00426517
2920 0.00639047 0.0041775
2940 0.00619332 0.00409119
2960 0.00600151 0.00400626
2980 0.005815 0.00392275
3000 0.00563377 0.00384067
3020 0.00545779 0.00376006
3040 0.00528701 0.00368093
3060 0.00512139 0.0036033
3080 0.00496087 0.00352718
3100 0.0048054 0.0034526
3120 0.00465491 0.00337956
3140 0.00450934 0.00330806
3160 0.00436861 0.00323812
3180 0.00423264 0.00316974
3200 0.00410137 0.00310292
3220 0.00397469 0.00303766
3240 0.00385254 0.00297396
3260 0.00373481 0.00291181
3280 0.00362141 0.00285122
3300 0.00351226 0.00279217
3320 0.00340724 0.00273465
3340 0.00330627 0.00267865
3360 0.00320924 0.00262416
3380 0.00311604 0.00257116
3400 0.00302658 0.00251965
3420 0.00294075 0.00246959
3440 0.00285844 0.00242098
3460 0.00277955 0.0023738
3480 0.00270397 0.00232801
3500 0.00263159 0.00228361
3520 0.00256232 0.00224056
3540 0.00249603 0.00219883
3560 0.00243263 0.00215842
3580 0.002372 0.00211928
3600 0.00231406 0.00208138
3620 0.00225869 0.00204471
3640 0.00220578 0.00200922
3660 0.00215525 0.00197489
3680 0.00210699 0.00194169
3700 0.0020609 0.00190958
3720 0.00201689 0.00187852
3740 0.00197487 0.0018485
3760 0.00193474 0.00181947
3780 0.00189641 0.0017914
3800 0.0018598 0.00176426
3820 0.00182482 0.00173801
3840 0.00179139 0.00171262
3860 0.00175943 0.00168806
3880 0.00172887 0.0016643
3900 0.00169964 0.00164131
3920 0.00167166 0.00161905
3940 0.00164487 0.0015975
3960 0.00161922 0.00157664
3980 0.00159464 0.00155644
4000 0.00157109 0.00153688
4020 0.00154851 0.00151794
4040 0.00152686 0.0014996
4060 0.00150611 0.00148186
4080 0.00148622 0.0014647
4100 0.00146716 0.00144813
4120 0.00144893 0.00143214
4140 0.00143151 0.00141673
4160 0.00141488 0.00140193
4180 0.00139906 0.00138775
4200 0.00138406 0.00137423
4220 0.00136991 0.00136139
4240 0.00135663 0.00134929
4260 0.00134428 0.00133799
4280 0.00133293 0.00132757
4300 0.00132267 0.00131813
4320 0.00131361 0.0013098
4340 0.00130591 0.00130272
4360 0.00129974 0.00129711
4380 0.00129537 0.00129321
4400 0.00129311 0.00129136
4420 0.00129341 0.00129201
4440 0.00129686 0.00129575
4460 0.00130431 0.00130345
4480 0.001317 0.00131634
4500 0.00133683 0.00133634
4520 3.66123e-07 0
4540 2.64662e-07 0
4560 1.87229e-07 0
4580 1.29491e-07 0
4600 8.74361e-08 0
4620 5.74747e-08 0
4640 3.65498e-08 0
4660 0.0095955 0.00959548
4680 0.00978601 0.009786
4700 6.42825e-09 0
4720 2.82704e-09 0
4740 9.84933e-10 0
4760 2.26645e-10 0
4780 1.96757e-11 0
4800 0 0
