0	 0	1	0	0	1
100	 0	0	0	0	1
100	 0	0	0	0	1
100	 -1	0	0	0	1
100	 1	0	0	0	1
100	 -2	0	0	0	1
100	 2	0	0	0	1
100	 -3	0	0	0	1
100	 3	0	0	0	1
100	 -4	0	0	0	1
100	 4	0	0	0	1
100	 -5	0	0	0	1
100	 5	0	0	0	1
200	 0	0	0	0	1
200	 0	0	0	0	1
200	 -1	0	0	0	1
200	 1	0	0	0	1
200	 -2	0	0	0	1
200	 2	0	0	0	1
200	 -3	0	0	0	1
200	 3	0	0	0	1
200	 -4	0	0	0	1
200	 4	0	0	0	1
200	 -5	0	0	0	1
200	 5	0	0	0	1
300	 0	0	0	0	1
300	 0	0	0	0	1
300	 -1	0	0	0	1
300	 1	0	0	0	1
300	 -2	0	0	0	1
300	 2	0	0	0	1
300	 -3	0	0	0	1
300	 3	0	0	0	1
300	 -4	0	0	0	1
300	 4	0	0	0	1
300	 -5	0	0	0	1
300	 5	0	0	0	1
400	 0	0	0	0	1
400	 0	0	0	0	1
400	 -1	0	0	0	1
400	 1	0	0	0	1
400	 -2	0	0	0	1
400	 2	0	0	0	1
400	 -3	0	0	0	1
400	 3	0	0	0	1
400	 -4	0	0	0	1
400	 4	0	0	0	1
400	 -5	0	0	0	1
400	 5	0	0	0	1
500	 0	0	0	0	1
500	 0	0	0	0	1
500	 -1	0	0	0	1
500	 1	0	0	0	1
500	 -2	0	0	0	1
500	 2	1	7.40557e-13	7.40557e-13	1
500	 -3	0	0	0	1
500	 3	0	0	0	1
500	 -4	0	0	0	1
500	 4	0	0	0	1
500	 -5	0	0	0	1
500	 5	0	0	0	1
600	 0	0	0	0	1
600	 0	0	0	0	1
600	 -1	0	0	0	1
600	 1	0	0	0	1
600	 -2	0	0	0	1
600	 2	0	0	0	1
600	 -3	0	0	0	1
600	 3	0	0	0	1
600	 -4	0	0	0	1
600	 4	0	0	0	1
600	 -5	0	0	0	1
600	 5	0	0	0	1
700	 0	0	0	0	1
700	 0	0	0	0	1
700	 -1	0	0	0	1
700	 1	0	0	0	1
700	 -2	0	0	0	1
700	 2	0	0	0	1
700	 -3	0	0	0	1
700	 3	0	0	0	1
700	 -4	0	0	0	1
700	 4	0	0	0	1
700	 -5	0	0	0	1
700	 5	0	0	0	1
800	 0	0	0	0	1
800	 0	0	0	0	1
800	 -1	0	0	0	1
800	 1	0	0	0	1
800	 -2	0	0	0	1
800	 2	0	0	0	1
800	 -3	0	0	0	1
800	 3	0	0	0	1
800	 -4	0	0	0	1
800	 4	0	0	0	1
800	 -5	0	0	0	1
800	 5	0	0	0	1
900	 0	0	0	0	1
900	 0	0	0	0	1
900	 -1	0	0	0	1
900	 1	0	0	0	1
900	 -2	0	0	0	1
900	 2	0	0	0	1
900	 -3	0	0	0	1
900	 3	0	0	0	1
900	 -4	0	0	0	1
900	 4	0	0	0	1
900	 -5	0	0	0	1
900	 5	0	0	0	1
1000	 0	0	0	0	1
1000	 0	0	0	0	1
1000	 -1	0	0	0	1
1000	 1	0	0	0	1
1000	 -2	0	0	0	1
1000	 2	0	0	0	1
1000	 -3	0	0	0	1
1000	 3	0	0	0	1
1000	 -4	0	0	0	1
1000	 4	0	0	0	1
1000	 -5	0	0	0	1
1000	 5	0	0	0	1
1100	 0	0	0	0	1
1100	 0	0	0	0	1
1100	 -1	0	0	0	1
1100	 1	0	0	0	1
1100	 -2	0	0	0	1
1100	 2	1	1.93899e-11	1.74901e-11	1
1100	 -3	0	0	0	1
1100	 3	0	0	0	1
1100	 -4	0	0	0	1
1100	 4	0	0	0	1
1100	 -5	0	0	0	1
1100	 5	0	0	0	1
1200	 0	0	0	0	1
1200	 0	0	0	0	1
1200	 -1	0	0	0	1
1200	 1	0	0	0	1
1200	 -2	0	0	0	1
1200	 2	0	0	0	1
1200	 -3	0	0	0	1
1200	 3	0	0	0	1
1200	 -4	0	0	0	1
1200	 4	0	0	0	1
1200	 -5	0	0	0	1
1200	 5	0	0	0	1
1300	 0	0	0	0	1
1300	 0	0	0	0	1
1300	 -1	0	0	0	1
1300	 1	0	0	0	1
1300	 -2	0	0	0	1
1300	 2	0	0	0	1
1300	 -3	0	0	0	1
1300	 3	0	0	0	1
1300	 -4	0	0	0	1
1300	 4	0	0	0	1
1300	 -5	0	0	0	1
1300	 5	0	0	0	1
1400	 0	0	0	0	1
1400	 0	1	7.90697e-12	0	1
1400	 -1	0	0	0	1
1400	 1	0	0	0	1
1400	 -2	0	0	0	1
1400	 2	0	0	0	1
1400	 -3	0	0	0	1
1400	 3	0	0	0	1
1400	 -4	0	0	0	1
1400	 4	1	7.90697e-12	0	1
1400	 -5	0	0	0	1
1400	 5	0	0	0	1
1500	 0	0	0	0	1
1500	 0	0	0	0	1
1500	 -1	0	0	0	1
1500	 1	0	0	0	1
1500	 -2	0	0	0	1
1500	 2	0	0	0	1
1500	 -3	0	0	0	1
1500	 3	0	0	0	1
1500	 -4	0	0	0	1
1500	 4	0	0	0	1
1500	 -5	0	0	0	1
1500	 5	0	0	0	1
1600	 0	0	0	0	1
1600	 0	1	1.82306e-11	0	1
1600	 -1	0	0	0	1
1600	 1	0	0	0	1
1600	 -2	0	0	0	1
1600	 2	0	0	0	1
1600	 -3	0	0	0	1
1600	 3	1	3.46279e-11	0	1
1600	 -4	0	0	0	1
1600	 4	0	0	0	1
1600	 -5	0	0	0	1
1600	 5	0	0	0	1
1700	 0	0	0	0	1
1700	 0	0	0	0	1
1700	 -1	0	0	0	1
1700	 1	0	0	0	1
1700	 -2	0	0	0	1
1700	 2	0	0	0	1
1700	 -3	0	0	0	1
1700	 3	0	0	0	1
1700	 -4	0	0	0	1
1700	 4	0	0	0	1
1700	 -5	0	0	0	1
1700	 5	0	0	0	1
1800	 0	0	0	0	1
1800	 0	1	3.71094e-11	0	1
1800	 -1	0	0	0	1
1800	 1	0	0	0	1
1800	 -2	0	0	0	1
1800	 2	0	0	0	1
1800	 -3	0	0	0	1
1800	 3	0	0	0	1
1800	 -4	0	0	0	1
1800	 4	0	0	0	1
1800	 -5	0	0	0	1
1800	 5	0	0	0	1
1900	 0	0	0	0	1
1900	 0	0	0	0	1
1900	 -1	0	0	0	1
1900	 1	0	0	0	1
1900	 -2	0	0	0	1
1900	 2	0	0	0	1
1900	 -3	0	0	0	1
1900	 3	0	0	0	1
1900	 -4	0	0	0	1
1900	 4	0	0	0	1
1900	 -5	0	0	0	1
1900	 5	0	0	0	1
2000	 0	0	0	0	1
2000	 0	0	0	0	1
2000	 -1	0	0	0	1
2000	 1	0	0	0	1
2000	 -2	0	0	0	1
2000	 2	0	0	0	1
2000	 -3	0	0	0	1
2000	 3	0	0	0	1
2000	 -4	0	0	0	1
2000	 4	0	0	0	1
2000	 -5	0	0	0	1
2000	 5	0	0	0	1
2100	 0	0	0	0	1
2100	 0	1	9.11208e-11	0	1
2100	 -1	1	6.54001e-08	4.61904e-08	1
2100	 1	0	0	0	1
2100	 -2	0	0	0	1
2100	 2	1	6.02667e-10	2.38781e-10	1
2100	 -3	0	0	0	1
2100	 3	1	3.6108e-10	0	1
2100	 -4	0	0	0	1
2100	 4	0	0	0	1
2100	 -5	0	0	0	1
2100	 5	0	0	0	1
2200	 0	0	0	0	1
2200	 0	0	0	0	1
2200	 -1	0	0	0	1
2200	 1	0	0	0	1
2200	 -2	0	0	0	1
2200	 2	0	0	0	1
2200	 -3	0	0	0	1
2200	 3	0	0	0	1
2200	 -4	0	0	0	1
2200	 4	0	0	0	1
2200	 -5	0	0	0	1
2200	 5	0	0	0	1
2300	 0	0	0	0	1
2300	 0	0	0	0	1
2300	 -1	1	9.8402e-08	6.55498e-08	1
2300	 1	0	0	0	1
2300	 -2	0	0	0	1
2300	 2	0	0	0	1
2300	 -3	0	0	0	1
2300	 3	0	0	0	1
2300	 -4	0	0	0	1
2300	 4	0	0	0	1
2300	 -5	0	0	0	1
2300	 5	0	0	0	1
2400	 0	0	0	0	1
2400	 0	0	0	0	1
2400	 -1	0	0	0	1
2400	 1	0	0	0	1
2400	 -2	0	0	0	1
2400	 2	0	0	0	1
2400	 -3	1	4.1866e-08	0	1
2400	 3	0	0	0	1
2400	 -4	0	0	0	1
2400	 4	0	0	0	1
2400	 -5	0	0	0	1
2400	 5	0	0	0	1
2500	 0	0	0	0	1
2500	 0	0	0	0	1
2500	 -1	0	0	0	1
2500	 1	0	0	0	1
2500	 -2	0	0	0	1
2500	 2	0	0	0	1
2500	 -3	0	0	0	1
2500	 3	0	0	0	1
2500	 -4	0	0	0	1
2500	 4	0	0	0	1
2500	 -5	0	0	0	1
2500	 5	0	0	0	1
2600	 0	0.0411896	3.57209e-12	0	1
2600	 0	0.292653	1.65669e-09	0	1
2600	 -1	0.041355	4.15784e-06	2.52604e-06	1
2600	 1	0.293829	4.46657e-08	3.51101e-08	1
2600	 -2	0.0836804	7.33132e-07	0	1
2600	 2	0.594552	5.75246e-09	9.63079e-10	1
2600	 -3	0.0493692	1.34609e-06	0	1
2600	 3	0.35077	7.55753e-09	0	1
2600	 -4	0.0589413	1.31491e-07	0	1
2600	 4	0.41878	9.10687e-10	0	1
2600	 -5	0.0232187	2.19948e-07	0	1
2600	 5	0.16497	4.09524e-10	0	1
2700	 0	0.0557252	9.16497e-12	0	1
2700	 0	0.307755	2.49672e-09	0	1
2700	 -1	0.0561466	3.64431e-06	2.14576e-06	1
2700	 1	0.310082	5.65181e-08	4.31796e-08	1
2700	 -2	0.114414	6.59807e-07	0	1
2700	 2	0.631877	7.69873e-09	1.05873e-09	1
2700	 -3	0.0682188	1.20938e-06	0	1
2700	 3	0.376753	1.00581e-08	0	1
2700	 -4	0.082602	1.32704e-07	0	1
2700	 4	0.456188	1.1298e-09	0	1
2700	 -5	0.033118	2.11729e-07	0	1
2700	 5	0.182901	5.85587e-10	0	1
2800	 0	0.0741165	3.38755e-11	0	1
2800	 0	0.322445	3.78213e-09	0	1
2800	 -1	0.0749134	3.2335e-06	1.84521e-06	1
2800	 1	0.325912	7.08224e-08	5.23701e-08	1
2800	 -2	0.153626	5.99631e-07	0	1
2800	 2	0.66835	1.03082e-08	1.16325e-09	1
2800	 -3	0.0924717	1.09786e-06	0	1
2800	 3	0.402299	1.32999e-08	0	1
2800	 -4	0.113394	1.33352e-07	0	1
2800	 4	0.493322	1.45312e-09	0	1
2800	 -5	0.0461885	2.03636e-07	0	1
2800	 5	0.200943	8.33621e-10	0	1
2900	 0	0.0966979	1.08268e-10	0	1
2900	 0	0.336714	5.65585e-09	0	1
2900	 -1	0.0980178	2.91197e-06	1.61096e-06	1
2900	 1	0.341309	8.78655e-08	6.26311e-08	1
2900	 -2	0.20216	5.51811e-07	0	1
2900	 2	0.703944	1.37507e-08	1.27721e-09	1
2900	 -3	0.122735	1.00955e-06	0	1
2900	 3	0.427379	1.74597e-08	0	1
2900	 -4	0.152238	1.34119e-07	0	1
2900	 4	0.530111	1.93072e-09	0	1
2900	 -5	0.0629046	1.9663e-07	0	1
2900	 5	0.219041	1.18496e-09	0	1
3000	 0	0.123581	2.71963e-10	0	1
3000	 0	0.350822	8.27073e-09	0	1
3000	 -1	0.125595	2.66655e-06	1.43083e-06	1
3000	 1	0.356539	1.07832e-07	7.37947e-08	1
3000	 -2	0.260392	5.15234e-07	0	1
3000	 2	0.739201	1.81997e-08	1.40016e-09	1
3000	 -3	0.159331	9.42109e-07	0	1
3000	 3	0.45231	2.27196e-08	0	1
3000	 -4	0.199704	1.35545e-07	0	1
3000	 4	0.56692	2.6241e-09	0	1
3000	 -5	0.0836011	1.91338e-07	0	1
3000	 5	0.237327	1.68343e-09	0	1
3100	 0	0.154647	5.70214e-10	0	1
3100	 0	0.36531	1.17775e-08	0	1
3100	 -1	0.157544	2.48501e-06	1.29425e-06	1
3100	 1	0.372152	1.30726e-07	8.55355e-08	1
3100	 -2	0.328197	4.88629e-07	0	1
3100	 2	0.775272	2.38117e-08	1.53029e-09	1
3100	 -3	0.202267	8.93018e-07	0	1
3100	 3	0.477797	2.92443e-08	0	1
3100	 -4	0.255956	1.38011e-07	0	1
3100	 4	0.604624	3.60562e-09	0	1
3100	 -5	0.108439	1.88097e-07	0	1
3100	 5	0.256156	2.38675e-09	0	1
3200	 0	0.189604	1.05377e-09	0	1
3200	 0	0.380944	1.63068e-08	0	1
3200	 -1	0.193582	2.35633e-06	1.19224e-06	1
3200	 1	0.388936	1.56304e-07	9.73547e-08	1
3200	 -2	0.405054	4.70688e-07	0	1
3200	 2	0.813816	3.06997e-08	1.66442e-09	1
3200	 -3	0.25129	8.59747e-07	0	1
3200	 3	0.504881	3.71531e-08	0	1
3200	 -4	0.320811	1.41751e-07	0	1
3200	 4	0.644559	4.95587e-09	0	1
3200	 -5	0.137423	1.87022e-07	0	1
3200	 5	0.276103	3.36619e-09	0	1
3300	 0	0.228092	1.78005e-09	0	1
3300	 0	0.398613	2.19489e-08	0	1
3300	 -1	0.233353	2.2709e-06	1.11742e-06	1
3300	 1	0.407808	1.84049e-07	1.08608e-07	1
3300	 -2	0.490272	4.60152e-07	0	1
3300	 2	0.856799	3.89079e-08	1.79829e-09	1
3300	 -3	0.306028	8.39895e-07	0	1
3300	 3	0.534815	4.64935e-08	0	1
3300	 -4	0.393898	1.46876e-07	0	1
3300	 4	0.688376	6.75904e-09	0	1
3300	 -5	0.170463	1.88084e-07	0	1
3300	 5	0.297901	4.70389e-09	0	1
3400	 0	0.269799	2.81399e-09	0	1
3400	 0	0.419224	2.87376e-08	0	1
3400	 -1	0.276548	2.22049e-06	1.06381e-06	1
3400	 1	0.42971	2.13219e-07	1.18582e-07	1
3400	 -2	0.583236	4.55868e-07	0	1
3400	 2	0.906252	4.83961e-08	1.92718e-09	1
3400	 -3	0.366138	8.31268e-07	0	1
3400	 3	0.568919	5.72271e-08	0	1
3400	 -4	0.474864	1.53406e-07	0	1
3400	 4	0.73786	9.09695e-09	0	1
3400	 -5	0.207464	1.9116e-07	0	1
3400	 5	0.322365	6.48796e-09	0	1
3500	 0	0.314553	4.22764e-09	0	1
3500	 0	0.443611	3.66453e-08	0	1
3500	 -1	0.322994	2.19816e-06	1.02656e-06	1
3500	 1	0.455515	2.42945e-07	1.26598e-07	1
3500	 -2	0.683611	4.56818e-07	0	1
3500	 2	0.964091	5.90418e-08	2.04678e-09	1
3500	 -3	0.431442	8.31927e-07	0	1
3500	 3	0.608459	6.92325e-08	0	1
3500	 -4	0.563546	1.61294e-07	0	1
3500	 4	0.794764	1.20434e-08	0	1
3500	 -5	0.248403	1.96084e-07	0	1
3500	 5	0.350321	8.80626e-09	0	1
3600	 0	0.362363	6.09867e-09	0	1
3600	 0	0.472503	4.5588e-08	0	1
3600	 -1	0.372706	2.19815e-06	1.00185e-06	1
3600	 1	0.48599	2.72366e-07	1.32119e-07	1
3600	 -2	0.791453	4.62139e-07	0	1
3600	 2	1.03202	7.06577e-08	2.15369e-09	1.18556
3600	 -3	0.502001	8.40216e-07	0	1
3600	 3	0.654585	8.23251e-08	0	1
3600	 -4	0.660086	1.7045e-07	0	1
3600	 4	0.860721	1.56602e-08	0	1
3600	 -5	0.293386	2.02673e-07	0	1
3600	 5	0.382562	1.174e-08	0	1
3700	 0	0.413429	8.50775e-09	0	1
3700	 0	0.506522	5.54413e-08	0	1
3700	 -1	0.425894	2.21569e-06	9.86622e-07	1
3700	 1	0.521794	3.00749e-07	1.34816e-07	1
3700	 -2	0.907232	4.71104e-07	0	1
3700	 2	1.11152	8.3019e-08	2.24584e-09	1.23114
3700	 -3	0.578142	8.54732e-07	0	1
3700	 3	0.708324	9.62863e-08	0	1
3700	 -4	0.764972	1.80764e-07	0	1
3700	 4	0.937223	1.99946e-08	0	1
3700	 -5	0.342672	2.10759e-07	0	1
3700	 5	0.419833	1.53587e-08	0	1
3800	 0	0.468122	1.15355e-08	0	1
3800	 0	0.54621	6.60576e-08	0	1
3800	 -1	0.482947	2.24684e-06	9.78425e-07	1
3800	 1	0.563509	3.27559e-07	1.34594e-07	1
3800	 -2	1.0318	4.83126e-07	0	1
3800	 2	1.20392	9.58925e-08	2.32242e-09	1.27995
3800	 -3	0.660437	8.74336e-07	0	1
3800	 3	0.770606	1.10892e-07	0	1
3800	 -4	0.879026	1.92117e-07	0	1
3800	 4	1.02566	2.50784e-08	0	1
3800	 -5	0.396675	2.20189e-07	0	1
3800	 5	0.462845	1.97159e-08	0	1
3900	 0	0.526955	1.52591e-08	0	1
3900	 0	0.592075	7.72816e-08	0	1
3900	 -1	0.544401	2.28839e-06	9.75277e-07	1
3900	 1	0.611677	3.52494e-07	1.31577e-07	1
3900	 -2	1.16634	4.97725e-07	0	1
3900	 2	1.31047	1.09059e-07	2.38362e-09	1.33152
3900	 -3	0.749675	8.98096e-07	0	1
3900	 3	0.842318	1.25936e-07	0	1
3900	 -4	1.00337	2.04391e-07	0	1
3900	 4	1.12737	3.09281e-08	0	1
3900	 -5	0.45595	2.30839e-07	0	1
3900	 5	0.512296	2.48476e-08	0	1
4000	 0	0.590556	1.97488e-08	0	1
4000	 0	0.64462	8.89623e-08	0	1
4000	 -1	0.610912	2.33766e-06	9.75565e-07	1
4000	 1	0.66684	3.7546e-07	1.26065e-07	1
4000	 -2	1.31229	5.1451e-07	0	1
4000	 2	1.43243	1.22331e-07	2.43031e-09	1.38539
4000	 -3	0.84683	9.25258e-07	0	1
4000	 3	0.924356	1.41243e-07	0	1
4000	 -4	1.1394	2.17483e-07	0	1
4000	 4	1.24371	3.75447e-08	0	1
4000	 -5	0.521188	2.42615e-07	0	1
4000	 5	0.568902	3.0771e-08	0	1
4100	 0	0.659646	2.50645e-08	0	1
4100	 0	0.704384	1.00959e-07	0	1
4100	 -1	0.683239	2.39246e-06	9.77949e-07	1
4100	 1	0.729577	3.9654e-07	1.18479e-07	1
4100	 -2	1.47133	5.33163e-07	0	1
4100	 2	1.57112	1.35558e-07	2.46376e-09	1.44113
4100	 -3	0.953032	9.55218e-07	0	1
4100	 3	1.01767	1.56679e-07	0	1
4100	 -4	1.28873	2.313e-07	0	1
4100	 4	1.37613	4.49136e-08	0	1
4100	 -5	0.593196	2.55446e-07	0	1
4100	 5	0.633427	3.74858e-08	0	1
4200	 0	0.735033	3.12525e-08	0	1
4200	 0	0.771963	1.13148e-07	0	1
4200	 -1	0.762228	2.45095e-06	9.81323e-07	1
4200	 1	0.800525	4.15946e-07	1.09312e-07	1
4200	 -2	1.64534	5.53412e-07	0	1
4200	 2	1.72801	1.4863e-07	2.48536e-09	1.49835
4200	 -3	1.06956	9.87485e-07	0	1
4200	 3	1.1233	1.72152e-07	0	1
4200	 -4	1.4532	2.4577e-07	0	1
4200	 4	1.52622	5.30053e-08	0	1
4200	 -5	0.672897	2.69286e-07	0	1
4200	 5	0.706706	4.49758e-08	0	1
4300	 0	0.817599	3.83423e-08	0	1
4300	 0	0.848031	1.25422e-07	0	1
4300	 -1	0.848812	2.14908e-06	6.22258e-07	1
4300	 1	0.880405	4.33971e-07	9.90772e-08	1
4300	 -2	1.8364	5.75014e-07	0	1
4300	 2	1.90476	1.61483e-07	2.49649e-09	1.55676
4300	 -3	1.19783	1.02164e-06	0	1
4300	 3	1.24241	1.8761e-07	0	1
4300	 -4	1.63488	2.60836e-07	0	1
4300	 4	1.69573	6.17768e-08	0	1
4300	 -5	0.761329	2.84105e-07	0	1
4300	 5	0.789666	5.32121e-08	0	1
4400	 0	0.908311	4.63437e-08	0	1
4400	 0	0.933357	1.37691e-07	0	1
4400	 -1	0.944008	2.21369e-06	6.28126e-07	1
4400	 1	0.970038	4.50953e-07	8.82725e-08	1
4400	 -2	2.04679	5.97746e-07	0	1
4400	 2	2.10323	1.74087e-07	2.49843e-09	1.61611
4400	 -3	1.3394	1.05732e-06	0	1
4400	 3	1.37633	2.03044e-07	0	1
4400	 -4	1.83604	2.76459e-07	0	1
4400	 4	1.88667	7.11733e-08	0	1
4400	 -5	0.859647	2.99884e-07	0	1
4400	 5	0.883351	6.21579e-08	0	1
4500	 0	1.00822	5.52442e-08	0	1
4500	 0	1.02882	1.4989e-07	0	1
4500	 -1	1.04893	2.27848e-06	6.33059e-07	1.19556
4500	 1	1.07036	4.67242e-07	7.73514e-08	1.208
4500	 -2	2.27899	6.21396e-07	0	1
4500	 2	2.32555	1.86452e-07	2.49234e-09	1.6762
4500	 -3	1.49599	1.09423e-06	0	1
4500	 3	1.52655	2.18477e-07	0	1
4500	 -4	2.05921	2.9261e-07	0	1
4500	 4	2.10127	8.11317e-08	0	1
4500	 -5	0.969136	3.16606e-07	0	1
4500	 5	0.988933	7.17728e-08	0	1
4600	 0	1.11848	6.50077e-08	0	1
4600	 0	1.13541	1.61973e-07	0	1
4600	 -1	1.16479	2.34259e-06	6.3666e-07	1.25979
4600	 1	1.18242	4.8318e-07	6.6704e-08	1.26896
4600	 -2	2.53575	6.45748e-07	0	1
4600	 2	2.57412	1.98617e-07	2.47923e-09	1.73691
4600	 -3	1.66949	1.13204e-06	0	1
4600	 3	1.69475	2.33969e-07	0	1
4600	 -4	2.30715	3.09266e-07	0	1
4600	 4	2.34207	9.15844e-08	0	1
4600	 -5	1.09122	3.34245e-07	0	1
4600	 5	1.10774	8.20184e-08	0	1
4700	 0	1.24035	7.55733e-08	0	1
4700	 0	1.25425	1.73916e-07	0	1
4700	 -1	1.29294	2.40536e-06	6.38641e-07	1.32334
4700	 1	1.30743	4.99085e-07	5.66459e-08	1.33011
4700	 -2	2.82007	6.7059e-07	0	1
4700	 2	2.85168	2.10648e-07	2.45998e-09	1.79811
4700	 -3	1.86198	1.1705e-06	0	1
4700	 3	1.88285	2.49603e-07	0	1
4700	 -4	2.58297	3.26409e-07	0	1
4700	 4	2.61192	1.02464e-07	0	1
4700	 -5	1.2275	3.52771e-07	0	1
4700	 5	1.24126	9.28634e-08	0	1
4800	 0	1.3752	8.68561e-08	0	1
4800	 0	1.38662	1.85719e-07	0	1
4800	 -1	1.43482	2.25173e-06	6.388e-07	1.3864
4800	 1	1.44673	5.15248e-07	4.74151e-08	1.39139
4800	 -2	3.13525	5.97561e-07	0	1
4800	 2	3.16129	2.22631e-07	2.43535e-09	1.85972
4800	 -3	2.07575	1.06108e-06	0	1
4800	 3	2.09299	2.65488e-07	0	1
4800	 -4	2.89005	3.44015e-07	0	1
4800	 4	2.91405	1.13709e-07	0	1
4800	 -5	1.37971	3.72135e-07	0	1
4800	 5	1.39117	1.04287e-07	0	1
4900	 0	1.52457	9.87488e-08	0	1
4900	 0	1.53395	1.97402e-07	0	1
4900	 -1	1.59206	2.31149e-06	6.37039e-07	1.4491
4900	 1	1.60186	5.31928e-07	3.91757e-08	1.45279
4900	 -2	3.48495	6.23519e-07	0	1
4900	 2	3.50639	2.34665e-07	2.40603e-09	1.92163
4900	 -3	2.31336	1.10156e-06	0	1
4900	 3	2.32759	2.81746e-07	0	1
4900	 -4	3.23218	3.62055e-07	0	1
4900	 4	3.25207	1.25264e-07	0	1
4900	 -5	1.54983	3.92266e-07	0	1
4900	 5	1.55936	1.1628e-07	0	1
5000	 0	1.69014	1.11126e-07	0	1
5000	 0	1.69785	2.09002e-07	0	1
5000	 -1	1.76645	2.36881e-06	6.33313e-07	1.51156
5000	 1	1.7745	5.49357e-07	3.20254e-08	1.51429
5000	 -2	3.87321	6.49493e-07	0	1
5000	 2	3.89086	2.46857e-07	2.3726e-09	1.98377
5000	 -3	2.57761	1.14209e-06	0	1
5000	 3	2.58936	2.98512e-07	0	1
5000	 -4	3.61356	3.80486e-07	0	1
5000	 4	3.63004	1.37089e-07	0	1
5000	 -5	1.74003	4.13077e-07	0	1
5000	 5	1.74796	1.28851e-07	0	1
5100	 0	1.87377	1.23848e-07	0	1
5100	 0	1.88009	2.20572e-07	0	1
5100	 -1	1.95995	2.42333e-06	6.2766e-07	1.57387
5100	 1	1.96657	5.67742e-07	2.60072e-08	1.57589
5100	 -2	4.30449	6.75269e-07	0	1
5100	 2	4.31903	2.59315e-07	2.33558e-09	2.04603
5100	 -3	2.87162	1.18241e-06	0	1
5100	 3	2.88132	3.1592e-07	0	1
5100	 -4	4.03886	3.99255e-07	0	1
5100	 4	4.0525	1.49157e-07	0	1
5100	 -5	1.95274	4.34464e-07	0	1
5100	 5	1.95934	1.42015e-07	0	1
5200	 0	2.0775	1.3677e-07	0	1
5200	 0	2.0827	2.32171e-07	0	1
5200	 -1	2.17477	2.47476e-06	6.20146e-07	1.63612
5200	 1	2.18021	5.8727e-07	2.11227e-08	1.63761
5200	 -2	4.78377	7.00653e-07	0	1
5200	 2	4.79573	2.7214e-07	2.29545e-09	2.10831
5200	 -3	3.19888	1.22227e-06	0	1
5200	 3	3.20688	3.34103e-07	0	1
5200	 -4	4.51327	4.18292e-07	0	1
5200	 4	4.52456	1.61453e-07	0	1
5200	 -5	2.19069	4.56306e-07	0	1
5200	 5	2.19617	1.558e-07	0	1
5300	 0	2.30364	1.49744e-07	0	1
5300	 0	2.30791	2.43858e-07	0	1
5300	 -1	2.41332	2.52283e-06	6.1088e-07	1.69835
5300	 1	2.41779	6.08108e-07	1.73451e-08	1.69946
5300	 -2	5.31655	7.25456e-07	0	1
5300	 2	5.3264	2.85423e-07	2.25263e-09	2.17047
5300	 -3	3.56323	1.26142e-06	0	1
5300	 3	3.56983	3.53182e-07	0	1
5300	 -4	5.04258	4.37518e-07	0	1
5300	 4	5.05192	1.73978e-07	0	1
5300	 -5	2.45689	4.78473e-07	0	1
5300	 5	2.46144	1.70237e-07	0	1
5400	 0	2.55471	1.62636e-07	0	1
5400	 0	2.55822	2.55692e-07	0	1
5400	 -1	2.6783	2.75835e-06	9.05921e-07	1.76063
5400	 1	2.68198	6.30412e-07	1.46326e-08	1.76145
5400	 -2	5.90894	6.97447e-07	0	1
5400	 2	5.91706	2.99238e-07	2.20749e-09	2.23233
5400	 -3	3.96896	1.22211e-06	0	1
5400	 3	3.97441	3.73259e-07	0	1
5400	 -4	5.63322	4.56842e-07	0	1
5400	 4	5.64095	1.86743e-07	0	1
5400	 -5	2.75473	5.00837e-07	0	1
5400	 5	2.75851	1.85356e-07	0	1
5500	 0	2.83353	1.75322e-07	0	1
5500	 0	2.83642	2.67712e-07	0	1
5500	 -1	2.97272	2.685e-06	7.78724e-07	1.82296
5500	 1	2.97574	6.54322e-07	1.29385e-08	1.82357
5500	 -2	6.56777	7.21049e-07	0	1
5500	 2	6.57445	3.13641e-07	2.1604e-09	2.29372
5500	 -3	4.42086	1.25997e-06	0	1
5500	 3	4.42535	3.94417e-07	0	1
5500	 -4	6.29239	4.7617e-07	0	1
5500	 4	6.29879	1.99764e-07	0	1
5500	 -5	3.08797	5.2327e-07	0	1
5500	 5	3.09111	2.0118e-07	0	1
5600	 0	3.14323	1.87703e-07	0	1
5600	 0	3.1456	2.79943e-07	0	1
5600	 -1	3.29989	2.53152e-06	5.73747e-07	1.88536
5600	 1	3.30237	6.79957e-07	1.22195e-08	1.88581
5600	 -2	7.30059	7.43763e-07	0	1
5600	 2	7.30609	3.2866e-07	2.11168e-09	2.35439
5600	 -3	4.92424	1.29668e-06	0	1
5600	 3	4.92795	4.16711e-07	0	1
5600	 -4	7.02809	4.95406e-07	0	1
5600	 4	7.03339	2.13061e-07	0	1
5600	 -5	3.46085	5.45656e-07	0	1
5600	 5	3.46345	2.1772e-07	0	1
5700	 0	3.48729	1.99707e-07	0	1
5700	 0	3.48924	2.92388e-07	0	1
5700	 -1	3.66352	2.56843e-06	6.45738e-07	1.94782
5700	 1	3.66556	7.07422e-07	1.24412e-08	1.94815
5700	 -2	8.11585	7.65502e-07	0	1
5700	 2	8.12037	3.44307e-07	2.06161e-09	2.41409
5700	 -3	5.48502	1.27599e-06	0	1
5700	 3	5.48809	4.40169e-07	0	1
5700	 -4	7.84928	4.75257e-07	0	1
5700	 4	7.85366	2.26651e-07	0	1
5700	 -5	3.87806	4.88549e-07	0	1
5700	 5	3.88023	2.34969e-07	0	1
5800	 0	3.86957	2.11291e-07	0	1
5800	 0	3.87117	3.0502e-07	0	1
5800	 -1	4.06773	2.51173e-06	5.42359e-07	2.0103
5800	 1	4.06941	7.36793e-07	1.35799e-08	2.01054
5800	 -2	9.0229	7.86206e-07	0	1
5800	 2	9.02663	3.60564e-07	2.01047e-09	2.47251
5800	 -3	6.10982	1.31055e-06	0	1
5800	 3	6.11235	4.6479e-07	0	1
5800	 -4	8.76591	4.94538e-07	0	1
5800	 4	8.76953	2.40545e-07	0	1
5800	 -5	4.34489	5.11811e-07	0	1
5800	 5	4.34668	2.52904e-07	0	1
5900	 0	4.29438	2.22443e-07	0	1
5900	 0	4.29569	3.17792e-07	0	1
5900	 -1	4.51711	2.97595e-06	8.49408e-07	2.07273
5900	 1	4.51849	7.68118e-07	1.56216e-08	2.07292
5900	 -2	10.0322	8.56846e-07	0	1
5900	 2	10.0353	3.77395e-07	1.95852e-09	2.52932
5900	 -3	6.80599	1.4189e-06	0	1
5900	 3	6.80808	4.90544e-07	0	1
5900	 -4	9.78911	4.82111e-07	0	1
5900	 4	9.79211	2.54746e-07	0	1
5900	 -5	4.8672	5.34898e-07	0	1
5900	 5	4.86869	2.7148e-07	0	1
6000	 0	4.7665	2.3318e-07	0	1
6000	 0	4.76758	3.30631e-07	0	1
6000	 -1	5.01675	2.6064e-06	5.06512e-07	2.13504
6000	 1	5.01789	8.01416e-07	1.85586e-08	2.13517
6000	 -2	11.1554	8.4492e-07	0	1
6000	 2	11.1579	3.94746e-07	1.90597e-09	2.58415
6000	 -3	7.58174	1.40562e-06	0	1
6000	 3	7.58346	5.17382e-07	0	1
6000	 -4	10.9313	5.01172e-07	0	1
6000	 4	10.9338	2.69246e-07	0	1
6000	 -5	5.45159	5.57753e-07	0	1
6000	 5	5.45283	2.90638e-07	0	1
6100	 0	5.29126	2.4354e-07	0	1
6100	 0	5.29214	3.43444e-07	0	1
6100	 -1	5.57234	2.45709e-06	4.87087e-07	2.19708
6100	 1	5.57328	8.36668e-07	2.23839e-08	2.19718
6100	 -2	12.4054	8.11773e-07	0	1
6100	 2	12.4075	4.1255e-07	1.85305e-09	2.63663
6100	 -3	8.44619	1.36141e-06	0	1
6100	 3	8.44761	5.45232e-07	0	1
6100	 -4	12.2064	5.19896e-07	0	1
6100	 4	12.2084	2.84027e-07	0	1
6100	 -5	6.10541	5.8034e-07	0	1
6100	 5	6.10644	3.10301e-07	0	1
6200	 0	5.87458	2.53583e-07	0	1
6200	 0	5.87531	3.56126e-07	0	1
6200	 -1	6.19019	2.52444e-06	4.66762e-07	2.25871
6200	 1	6.19096	8.7382e-07	2.70831e-08	2.25878
6200	 -2	13.7966	8.51697e-07	0	1
6200	 2	13.7984	4.30729e-07	1.79994e-09	2.68635
6200	 -3	9.40955	1.42462e-06	0	1
6200	 3	9.41073	5.74011e-07	0	1
6200	 -4	13.6297	5.38238e-07	0	1
6200	 4	13.6314	2.99059e-07	0	1
6200	 -5	6.83688	6.02634e-07	0	1
6200	 5	6.83773	3.30385e-07	0	1
6300	 0	6.52307	2.63376e-07	0	1
6300	 0	6.52367	3.68567e-07	0	1
6300	 -1	6.87734	2.65534e-06	6.15851e-07	2.31973
6300	 1	6.87798	9.12781e-07	3.26274e-08	2.31978
6300	 -2	15.3452	8.44401e-07	0	1
6300	 2	15.3466	4.49204e-07	1.74683e-09	2.73295
6300	 -3	10.4832	1.41856e-06	0	1
6300	 3	10.4842	6.03627e-07	0	1
6300	 -4	15.2187	5.56172e-07	0	1
6300	 4	15.2201	3.14304e-07	0	1
6300	 -5	7.65519	6.24621e-07	0	1
6300	 5	7.6559	3.50797e-07	0	1
6400	 0	7.24406	2.72995e-07	0	1
6400	 0	7.24456	3.38181e-07	0	1
6400	 -1	7.64163	2.68605e-06	5.04725e-07	2.37991
6400	 1	7.64215	9.13157e-07	3.89647e-08	2.37995
6400	 -2	17.069	9.09098e-07	0	1
6400	 2	17.0702	4.49871e-07	1.69387e-09	2.77606
6400	 -3	11.6798	1.51774e-06	0	1
6400	 3	11.6806	6.33987e-07	0	1
6400	 -4	16.9926	5.55565e-07	0	1
6400	 4	16.9937	3.29722e-07	0	1
6400	 -5	8.57062	6.46291e-07	0	1
6400	 5	8.5712	3.71448e-07	0	1
6500	 0	8.04574	2.82509e-07	0	1
6500	 0	8.04615	3.50121e-07	0	1
6500	 -1	8.49178	2.76174e-06	6.47255e-07	2.43897
6500	 1	8.49221	9.55622e-07	4.60137e-08	2.439
6500	 -2	18.988	8.80684e-07	0	1
6500	 2	18.9889	4.68866e-07	1.64122e-09	2.81537
6500	 -3	13.0134	1.4807e-06	0	1
6500	 3	13.0141	6.65003e-07	0	1
6500	 -4	18.9728	5.72846e-07	0	1
6500	 4	18.9738	3.45266e-07	0	1
6500	 -5	9.59464	6.67633e-07	0	1
6500	 5	9.59513	3.92254e-07	0	1
6600	 0	8.93719	2.9198e-07	0	1
6600	 0	8.93753	3.27171e-07	0	1
6600	 -1	9.43749	2.66007e-06	5.55965e-07	2.49661
6600	 1	9.43785	9.66876e-07	5.3658e-08	2.49663
6600	 -2	21.1243	8.77907e-07	0	1
6600	 2	21.1251	4.73408e-07	1.589e-09	2.85063
6600	 -3	14.4999	1.48103e-06	0	1
6600	 3	14.5004	6.9659e-07	0	1
6600	 -4	21.1834	5.897e-07	0	1
6600	 4	21.1842	3.60893e-07	0	1
6600	 -5	10.7401	6.88634e-07	0	1
6600	 5	10.7405	4.13138e-07	0	1
6700	 0	9.92856	3.01454e-07	0	1
6700	 0	9.92883	3.38367e-07	0	1
6700	 -1	10.4896	2.72911e-06	6.61847e-07	2.55248
6700	 1	10.4899	1.01214e-06	6.17444e-08	2.5525
6700	 -2	23.5028	8.63682e-07	0	1
6700	 2	23.5035	4.7961e-07	1.53734e-09	2.88166
6700	 -3	16.1567	1.46456e-06	0	1
6700	 3	16.1571	7.0963e-07	0	1
6700	 -4	23.6513	6.06114e-07	0	1
6700	 4	23.6519	3.63555e-07	0	1
6700	 -5	12.0214	7.09271e-07	0	1
6700	 5	12.0217	4.3404e-07	0	1
6800	 0	11.0311	3.10964e-07	0	1
6800	 0	11.0313	3.49036e-07	0	1
6800	 -1	11.6601	2.71609e-06	4.29887e-07	2.60623
6800	 1	11.6604	1.05836e-06	7.00837e-08	2.60624
6800	 -2	26.151	9.32541e-07	0	1
6800	 2	26.1515	4.99058e-07	1.48633e-09	2.90842
6800	 -3	18.0035	1.61417e-06	0	1
6800	 3	18.0039	7.42346e-07	0	1
6800	 -4	26.4063	6.53102e-07	0	1
6800	 4	26.4068	3.79398e-07	0	1
6800	 -5	13.4544	7.90417e-07	0	1
6800	 5	13.4547	4.5491e-07	0	1
6900	 0	12.2574	3.13147e-07	0	1
6900	 0	12.2576	3.58096e-07	0	1
6900	 -1	12.9625	2.6817e-06	5.11553e-07	2.65747
6900	 1	12.9627	1.10128e-06	7.84553e-08	2.65748
6900	 -2	29.0997	8.9484e-07	0	1
6900	 2	29.1001	5.16681e-07	1.43608e-09	2.93095
6900	 -3	20.0621	1.54409e-06	0	1
6900	 3	20.0624	7.72525e-07	0	1
6900	 -4	29.4818	6.47073e-07	0	1
6900	 4	29.4822	3.93875e-07	0	1
6900	 -5	15.0573	7.75138e-07	0	1
6900	 5	15.0575	4.74035e-07	0	1
7000	 0	13.6214	3.15804e-07	0	1
7000	 0	13.6216	3.66348e-07	0	1
7000	 -1	14.4117	2.70767e-06	3.36021e-07	2.70582
7000	 1	14.4119	1.14367e-06	8.66149e-08	2.70582
7000	 -2	32.3831	1.00656e-06	0	1
7000	 2	32.3834	5.33881e-07	1.38667e-09	2.94943
7000	 -3	22.3569	1.67915e-06	0	1
7000	 3	22.3572	8.02379e-07	0	1
7000	 -4	32.9152	6.58298e-07	0	1
7000	 4	32.9156	4.0801e-07	0	1
7000	 -5	16.85	7.45236e-07	0	1
7000	 5	16.8501	4.92665e-07	0	1
7100	 0	15.1388	3.1894e-07	0	1
7100	 0	15.1389	3.73766e-07	0	1
7100	 -1	16.0244	2.65158e-06	4.34545e-07	2.7509
7100	 1	16.0245	1.18514e-06	9.43061e-08	2.7509
7100	 -2	36.0393	9.31664e-07	0	1
7100	 2	36.0396	5.50584e-07	1.33817e-09	2.96414
7100	 -3	24.9151	1.58468e-06	0	1
7100	 3	24.9153	8.31781e-07	0	1
7100	 -4	36.7481	6.63078e-07	0	1
7100	 4	36.7484	4.21753e-07	0	1
7100	 -5	18.8548	7.69996e-07	0	1
7100	 5	18.855	5.10743e-07	0	1
7200	 0	16.8267	3.22536e-07	0	1
7200	 0	16.8268	3.80357e-07	0	1
7200	 -1	17.819	2.75099e-06	4.79082e-07	2.79238
7200	 1	17.8191	1.22528e-06	1.01273e-07	2.79239
7200	 -2	40.111	9.47499e-07	0	1
7200	 2	40.1112	5.66734e-07	1.29064e-09	2.97547
7200	 -3	27.7669	1.59569e-06	0	1
7200	 3	27.767	8.60627e-07	0	1
7200	 -4	41.027	6.44407e-07	0	1
7200	 4	41.0273	4.35074e-07	0	1
7200	 -5	21.097	7.60935e-07	0	1
7200	 5	21.0971	5.28237e-07	0	1
7300	 0	18.7046	3.26557e-07	0	1
7300	 0	18.7047	3.86144e-07	0	1
7300	 -1	19.8162	2.60956e-06	3.9994e-07	2.82997
7300	 1	19.8163	1.26379e-06	1.07277e-07	2.82998
7300	 -2	44.6455	8.97993e-07	0	1
7300	 2	44.6457	5.82294e-07	1.24414e-09	2.98388
7300	 -3	30.9461	1.57229e-06	0	1
7300	 3	30.9462	8.88842e-07	0	1
7300	 -4	45.8038	6.88794e-07	0	1
7300	 4	45.804	4.47966e-07	0	1
7300	 -5	23.6044	8.30897e-07	0	1
7300	 5	23.6045	5.45141e-07	0	1
7400	 0	20.794	3.3095e-07	0	1
7400	 0	20.794	3.91174e-07	0	1
7400	 -1	22.039	2.60779e-06	4.14779e-07	2.86346
7400	 1	22.0391	1.30038e-06	1.12109e-07	2.86346
7400	 -2	49.6956	9.39717e-07	0	1
7400	 2	49.6958	5.97244e-07	1.19871e-09	2.98987
7400	 -3	34.4904	1.58559e-06	0	1
7400	 3	34.4905	9.16376e-07	0	1
7400	 -4	51.1364	6.55185e-07	0	1
7400	 4	51.1366	4.60444e-07	0	1
7400	 -5	26.4084	7.76658e-07	0	1
7400	 5	26.4085	5.61478e-07	0	1
7500	 0	23.1187	3.3565e-07	0	1
7500	 0	23.1188	4.30952e-07	0	1
7500	 -1	24.5131	2.61994e-06	4.18042e-07	2.89272
7500	 1	24.5132	1.36829e-06	1.15604e-07	2.89272
7500	 -2	55.3203	9.41656e-07	0	1
7500	 2	55.3204	6.26391e-07	1.15438e-09	2.99395
7500	 -3	38.4419	1.58862e-06	0	1
7500	 3	38.442	9.4321e-07	0	1
7500	 -4	57.0895	7.00454e-07	0	1
7500	 4	57.0897	4.72543e-07	0	1
7500	 -5	29.5439	7.84433e-07	0	1
7500	 5	29.544	5.7729e-07	0	1
7600	 0	25.7055	3.40586e-07	0	1
7600	 0	25.7056	4.21324e-07	0	1
7600	 -1	27.267	2.75273e-06	5.39956e-07	2.91772
7600	 1	27.2671	1.38796e-06	1.17651e-07	2.91773
7600	 -2	61.5851	9.56206e-07	0	1
7600	 2	61.5852	6.3453e-07	1.1112e-09	2.99658
7600	 -3	42.8474	1.60955e-06	0	1
7600	 3	42.8474	9.69334e-07	0	1
7600	 -4	63.7353	6.7443e-07	0	1
7600	 4	63.7355	4.84313e-07	0	1
7600	 -5	33.0501	7.92064e-07	0	1
7600	 5	33.0501	5.92637e-07	0	1
7700	 0	28.5841	3.45686e-07	0	1
7700	 0	28.5842	4.31036e-07	0	1
7700	 -1	30.3325	2.75621e-06	4.94708e-07	2.93859
7700	 1	30.3326	1.42407e-06	1.18203e-07	2.93859
7700	 -2	68.5632	9.43465e-07	0	1
7700	 2	68.5633	6.5037e-07	1.06918e-09	2.99818
7700	 -3	47.7591	1.61557e-06	0	1
7700	 3	47.7592	9.94746e-07	0	1
7700	 -4	71.1545	6.86837e-07	0	1
7700	 4	71.1546	4.95807e-07	0	1
7700	 -5	36.9706	8.31148e-07	0	1
7700	 5	36.9707	6.07584e-07	0	1
7800	 0	31.7876	3.50887e-07	0	1
7800	 0	31.7876	4.32948e-07	0	1
7800	 -1	33.745	2.50959e-06	3.06468e-07	2.95552
7800	 1	33.7451	1.45098e-06	1.17276e-07	2.95552
7800	 -2	76.3361	9.52303e-07	0	1
7800	 2	76.3361	6.73288e-07	1.02834e-09	2.9991
7800	 -3	53.2355	1.61497e-06	0	1
7800	 3	53.2356	1.03483e-06	0	1
7800	 -4	79.4369	6.86792e-07	0	1
7800	 4	79.437	5.17391e-07	0	1
7800	 -5	41.3543	8.21579e-07	0	1
7800	 5	41.3543	6.22188e-07	0	1
7900	 0	35.3527	3.56132e-07	0	1
7900	 0	35.3527	4.0727e-07	0	1
7900	 -1	37.544	2.45649e-06	2.63299e-07	2.96885
7900	 1	37.544	1.45001e-06	1.14949e-07	2.96885
7900	 -2	84.9946	9.35904e-07	0	1
7900	 2	84.9946	6.69518e-07	9.8868e-10	2.99959
7900	 -3	59.3416	1.61446e-06	0	1
7900	 3	59.3416	1.05297e-06	0	1
7900	 -4	88.6832	7.16034e-07	0	1
7900	 4	88.6832	5.24573e-07	0	1
7900	 -5	46.2558	8.58573e-07	0	1
7900	 5	46.2558	6.365e-07	0	1
8000	 0	39.3206	3.67499e-07	0	1
8000	 0	39.3206	4.55377e-07	0	1
8000	 -1	41.7734	2.55384e-06	2.69144e-07	2.97898
8000	 1	41.7735	1.51908e-06	1.11356e-07	2.97898
8000	 -2	94.64	9.88235e-07	0	1
8000	 2	94.6401	6.94482e-07	9.50219e-10	2.99983
8000	 -3	66.1498	1.68027e-06	0	1
8000	 3	66.1499	1.06895e-06	0	1
8000	 -4	99.0054	7.28952e-07	0	1
8000	 4	99.0054	5.30192e-07	0	1
8000	 -5	51.7361	8.61489e-07	0	1
8000	 5	51.7361	6.51854e-07	0	1
8100	 0	43.737	3.76212e-07	0	1
8100	 0	43.737	4.1224e-07	0	1
8100	 -1	46.4823	2.52271e-06	1.91745e-07	2.98639
8100	 1	46.4823	1.50006e-06	1.0668e-07	2.98639
8100	 -2	105.385	9.89695e-07	0	1
8100	 2	105.385	6.90588e-07	9.12954e-10	2.99993
8100	 -3	73.7412	1.70068e-06	0	1
8100	 3	73.7412	1.09769e-06	0	1
8100	 -4	110.529	7.47176e-07	0	1
8100	 4	110.529	5.44835e-07	0	1
8100	 -5	57.8634	8.96264e-07	0	1
8100	 5	57.8634	6.66807e-07	0	1
8200	 0	48.6529	3.80844e-07	0	1
8200	 0	48.6529	4.43909e-07	0	1
8200	 -1	51.7252	2.47399e-06	2.13225e-07	2.99159
8200	 1	51.7253	1.54856e-06	1.01135e-07	2.99159
8200	 -2	117.356	9.90086e-07	0	1
8200	 2	117.356	7.10649e-07	8.76882e-10	2.99998
8200	 -3	82.2059	1.67045e-06	0	1
8200	 3	82.2059	1.11585e-06	0	1
8200	 -4	123.393	7.24891e-07	0	1
8200	 4	123.393	5.53103e-07	0	1
8200	 -5	64.7139	8.6359e-07	0	1
8200	 5	64.7139	6.80962e-07	0	1
8300	 0	54.1249	3.87123e-07	0	1
8300	 0	54.1249	4.15323e-07	0	1
8300	 -1	57.563	2.52492e-06	2.85214e-07	2.99507
8300	 1	57.563	1.53951e-06	9.49532e-08	2.99507
8300	 -2	130.693	9.64596e-07	0	1
8300	 2	130.693	7.19789e-07	8.41996e-10	2.99999
8300	 -3	91.6447	1.64809e-06	0	1
8300	 3	91.6447	1.15419e-06	0	1
8300	 -4	137.754	7.49119e-07	0	1
8300	 4	137.754	5.75103e-07	0	1
8300	 -5	72.3729	8.89623e-07	0	1
8300	 5	72.3729	6.95281e-07	0	1
8400	 0	60.2163	3.91493e-07	0	1
8400	 0	60.2163	4.35871e-07	0	1
8400	 -1	64.0635	2.35359e-06	2.13392e-07	2.99727
8400	 1	64.0635	1.57464e-06	8.83716e-08	2.99727
8400	 -2	145.552	9.45146e-07	0	1
8400	 2	145.552	7.26064e-07	8.08286e-10	3
8400	 -3	102.17	1.59744e-06	0	1
8400	 3	102.17	1.15911e-06	0	1
8400	 -4	153.787	7.28474e-07	0	1
8400	 4	153.787	5.75459e-07	0	1
8400	 -5	80.9354	8.66528e-07	0	1
8400	 5	80.9355	7.09085e-07	0	1
8500	 0	66.9975	4.02202e-07	0	1
8500	 0	66.9975	4.27444e-07	0	1
8500	 -1	71.302	2.37561e-06	1.61689e-07	2.99858
8500	 1	71.302	1.5837e-06	8.16167e-08	2.99858
8500	 -2	162.108	9.62528e-07	0	1
8500	 2	162.108	7.32204e-07	7.75737e-10	3
8500	 -3	113.907	1.63936e-06	0	1
8500	 3	113.907	1.18153e-06	0	1
8500	 -4	171.686	7.53319e-07	0	1
8500	 4	171.686	5.87391e-07	0	1
8500	 -5	90.5081	9.01241e-07	0	1
8500	 5	90.5081	7.23923e-07	0	1
8600	 0	74.547	4.06063e-07	0	1
8600	 0	74.547	4.62783e-07	0	1
8600	 -1	79.3629	2.35069e-06	1.95856e-07	2.99931
8600	 1	79.3629	1.63057e-06	7.48937e-08	2.99931
8600	 -2	180.554	9.48195e-07	0	1
8600	 2	180.554	7.54919e-07	7.44335e-10	3
8600	 -3	126.995	1.62678e-06	0	1
8600	 3	126.995	1.20102e-06	0	1
8600	 -4	191.667	7.5642e-07	0	1
8600	 4	191.667	5.98235e-07	0	1
8600	 -5	101.21	9.16111e-07	0	1
8600	 5	101.21	7.37412e-07	0	1
8700	 0	82.9521	4.09826e-07	0	1
8700	 0	82.9521	4.47384e-07	0	1
8700	 -1	88.3399	2.40929e-06	2.01703e-07	2.99969
8700	 1	88.3399	1.62858e-06	6.83766e-08	2.99969
8700	 -2	201.109	9.74931e-07	0	1
8700	 2	201.109	7.61944e-07	7.14061e-10	3
8700	 -3	141.59	1.65503e-06	0	1
8700	 3	141.59	1.22774e-06	0	1
8700	 -4	213.974	7.57916e-07	0	1
8700	 4	213.974	6.14273e-07	0	1
8700	 -5	113.173	9.08718e-07	0	1
8700	 5	113.173	7.50518e-07	0	1
8800	 0	92.3104	4.13482e-07	0	1
8800	 0	92.3104	4.77678e-07	0	1
8800	 -1	98.3375	2.47737e-06	2.24139e-07	2.99987
8800	 1	98.3375	1.66835e-06	6.22036e-08	2.99987
8800	 -2	224.012	1.0058e-06	0	1
8800	 2	224.012	7.78372e-07	6.84895e-10	3
8800	 -3	157.867	1.70207e-06	0	1
8800	 3	157.867	1.24076e-06	0	1
8800	 -4	238.877	7.72399e-07	0	1
8800	 4	238.877	6.21614e-07	0	1
8800	 -5	126.547	9.17369e-07	0	1
8800	 5	126.547	7.63174e-07	0	1
8900	 0	102.73	4.20364e-07	0	1
8900	 0	102.73	4.48436e-07	0	1
8900	 -1	109.472	2.33676e-06	2.11046e-07	2.99995
8900	 1	109.472	1.65247e-06	5.64737e-08	2.99995
8900	 -2	249.533	9.4443e-07	0	1
8900	 2	249.533	7.79009e-07	6.56815e-10	3
8900	 -3	176.018	1.61733e-06	0	1
8900	 3	176.018	1.26624e-06	0	1
8900	 -4	266.679	7.65567e-07	0	1
8900	 4	266.679	6.37251e-07	0	1
8900	 -5	141.497	9.28387e-07	0	1
8900	 5	141.497	7.76004e-07	0	1
9000	 0	114.333	4.25168e-07	0	1
9000	 0	114.333	4.72649e-07	0	1
9000	 -1	121.874	2.32073e-06	1.71397e-07	2.99998
9000	 1	121.874	1.68529e-06	5.12481e-08	2.99998
9000	 -2	277.973	9.41096e-07	0	1
9000	 2	277.973	7.92995e-07	6.29797e-10	3
9000	 -3	196.261	1.63093e-06	0	1
9000	 3	196.261	1.27898e-06	0	1
9000	 -4	297.716	7.87786e-07	0	1
9000	 4	297.716	6.4483e-07	0	1
9000	 -5	158.21	9.56814e-07	0	1
9000	 5	158.21	7.88107e-07	0	1
9100	 0	127.252	4.32941e-07	0	1
9100	 0	127.252	4.37109e-07	0	1
9100	 -1	135.687	2.33463e-06	1.97395e-07	3
9100	 1	135.687	1.66249e-06	4.65528e-08	3
9100	 -2	309.666	9.46679e-07	0	1
9100	 2	309.666	7.89292e-07	6.03816e-10	3
9100	 -3	218.837	1.63463e-06	0	1
9100	 3	218.837	1.30153e-06	0	1
9100	 -4	332.365	7.86213e-07	0	1
9100	 4	332.365	6.58813e-07	0	1
9100	 -5	176.891	9.60538e-07	0	1
9100	 5	176.891	8.00397e-07	0	1
9200	 0	141.639	4.38899e-07	0	1
9200	 0	141.639	4.61197e-07	0	1
9200	 -1	151.072	2.3164e-06	1.78653e-07	3
9200	 1	151.072	1.69456e-06	4.2384e-08	3
9200	 -2	344.986	9.65633e-07	0	1
9200	 2	344.986	7.98173e-07	5.78847e-10	3
9200	 -3	244.015	1.63715e-06	0	1
9200	 3	244.015	1.30683e-06	0	1
9200	 -4	371.048	7.9019e-07	0	1
9200	 4	371.048	6.61637e-07	0	1
9200	 -5	197.774	9.37486e-07	0	1
9200	 5	197.774	8.12117e-07	0	1
9300	 0	157.661	4.46933e-07	0	1
9300	 0	157.661	4.55968e-07	0	1
9300	 -1	168.21	2.32546e-06	1.49862e-07	3
9300	 1	168.21	1.69957e-06	3.87142e-08	3
9300	 -2	384.347	9.87627e-07	0	1
9300	 2	384.347	8.05839e-07	5.54863e-10	3
9300	 -3	272.096	1.66465e-06	0	1
9300	 3	272.096	1.3275e-06	0	1
9300	 -4	414.233	7.95399e-07	0	1
9300	 4	414.233	6.74432e-07	0	1
9300	 -5	221.116	9.42445e-07	0	1
9300	 5	221.116	8.24002e-07	0	1
9400	 0	175.504	4.50277e-07	0	1
9400	 0	175.504	4.61304e-07	0	1
9400	 -1	187.301	2.3418e-06	1.74524e-07	3
9400	 1	187.301	1.71255e-06	3.54987e-08	3
9400	 -2	428.215	9.76703e-07	0	1
9400	 2	428.215	8.08303e-07	5.31837e-10	3
9400	 -3	303.414	1.65147e-06	0	1
9400	 3	303.414	1.33408e-06	0	1
9400	 -4	462.445	7.83902e-07	0	1
9400	 4	462.445	6.78272e-07	0	1
9400	 -5	247.208	9.49413e-07	0	1
9400	 5	247.208	8.34892e-07	0	1
9500	 0	195.376	4.55237e-07	0	1
9500	 0	195.376	4.72526e-07	0	1
9500	 -1	208.568	2.24523e-06	1.36186e-07	3
9500	 1	208.568	1.73124e-06	3.2682e-08	3
9500	 -2	477.106	9.62843e-07	0	1
9500	 2	477.106	8.22529e-07	5.09741e-10	3
9500	 -3	338.344	1.62325e-06	0	1
9500	 3	338.344	1.35387e-06	0	1
9500	 -4	516.269	7.81672e-07	0	1
9500	 4	516.269	6.9063e-07	0	1
9500	 -5	276.373	9.44793e-07	0	1
9500	 5	276.373	8.45831e-07	0	1
9600	 0	217.507	4.56675e-07	0	1
9600	 0	217.507	4.70708e-07	0	1
9600	 -1	232.259	2.20626e-06	1.1578e-07	3
9600	 1	232.259	1.7361e-06	3.02042e-08	3
9600	 -2	531.597	9.65472e-07	0	1
9600	 2	531.597	8.28874e-07	4.88547e-10	3
9600	 -3	377.303	1.63123e-06	0	1
9600	 3	377.303	1.36955e-06	0	1
9600	 -4	576.359	7.87451e-07	0	1
9600	 4	576.359	7.0049e-07	0	1
9600	 -5	308.971	9.52215e-07	0	1
9600	 5	308.971	8.55935e-07	0	1
9700	 0	242.158	4.60073e-07	0	1
9700	 0	242.158	4.90998e-07	0	1
9700	 -1	258.652	2.23217e-06	1.09515e-07	3
9700	 1	258.652	1.7619e-06	2.80052e-08	3
9700	 -2	592.331	9.7625e-07	0	1
9700	 2	592.331	8.40259e-07	4.68226e-10	3
9700	 -3	420.756	1.6582e-06	0	1
9700	 3	420.756	1.37963e-06	0	1
9700	 -4	643.443	7.99273e-07	0	1
9700	 4	643.443	7.06505e-07	0	1
9700	 -5	345.408	9.70965e-07	0	1
9700	 5	345.408	8.66109e-07	0	1
9800	 0	269.614	4.64254e-07	0	1
9800	 0	269.614	4.91468e-07	0	1
9800	 -1	288.056	2.24321e-06	1.41535e-07	3
9800	 1	288.056	1.76916e-06	2.60291e-08	3
9800	 -2	660.026	9.74722e-07	0	1
9800	 2	660.026	8.46708e-07	4.48751e-10	3
9800	 -3	469.223	1.64858e-06	0	1
9800	 3	469.223	1.39415e-06	0	1
9800	 -4	718.337	7.99504e-07	0	1
9800	 4	718.337	7.15301e-07	0	1
9800	 -5	386.134	9.67186e-07	0	1
9800	 5	386.134	8.76242e-07	0	1
9900	 0	300.196	4.66756e-07	0	1
9900	 0	300.196	4.86387e-07	0	1
9900	 -1	320.815	2.21413e-06	1.31181e-07	3
9900	 1	320.815	1.77039e-06	2.42263e-08	3
9900	 -2	735.479	9.77336e-07	0	1
9900	 2	735.479	8.50128e-07	4.30093e-10	3
9900	 -3	523.282	1.64742e-06	0	1
9900	 3	523.282	1.40733e-06	0	1
9900	 -4	801.95	7.97492e-07	0	1
9900	 4	801.95	7.23269e-07	0	1
9900	 -5	431.653	9.64924e-07	0	1
9900	 5	431.653	8.85923e-07	0	1
10000	 0	334.262	4.69473e-07	0	1
10000	 0	334.262	4.82379e-07	0	1
10000	 -1	357.314	2.19654e-06	1.40149e-07	3
10000	 1	357.314	1.77245e-06	2.25553e-08	3
10000	 -2	819.584	9.61943e-07	0	1
10000	 2	819.584	8.57838e-07	4.12225e-10	3
10000	 -3	583.579	1.63296e-06	0	1
10000	 3	583.579	1.42583e-06	0	1
10000	 -4	895.297	7.99458e-07	0	1
10000	 4	895.297	7.34645e-07	0	1
10000	 -5	482.529	9.77503e-07	0	1
10000	 5	482.529	8.95448e-07	0	1
10100	 0	372.209	4.72164e-07	0	1
10100	 0	372.209	4.70818e-07	0	1
10100	 -1	397.981	2.20751e-06	1.59723e-07	3
10100	 1	397.981	1.76725e-06	2.09834e-08	3
10100	 -2	913.334	9.5393e-07	0	1
10100	 2	913.334	8.56783e-07	3.95117e-10	3
10100	 -3	650.837	1.62524e-06	0	1
10100	 3	650.837	1.43625e-06	0	1
10100	 -4	999.511	8.02664e-07	0	1
10100	 4	999.511	7.40711e-07	0	1
10100	 -5	539.392	9.8571e-07	0	1
10100	 5	539.392	9.04792e-07	0	1
10200	 0	414.481	4.77126e-07	0	1
10200	 0	414.481	4.63298e-07	0	1
10200	 -1	443.293	2.1803e-06	1.22705e-07	3
10200	 1	443.293	1.76661e-06	1.94863e-08	3
10200	 -2	1017.84	9.61554e-07	0	1
10200	 2	1017.84	8.52951e-07	3.78743e-10	3
10200	 -3	725.859	1.64247e-06	0	1
10200	 3	725.859	1.44065e-06	0	1
10200	 -4	1115.86	8.1291e-07	0	1
10200	 4	1115.86	7.42653e-07	0	1
10200	 -5	602.945	1.00004e-06	0	1
10200	 5	602.945	9.14405e-07	0	1
