0	 0	1	0	0	1
100	 0	0	0	0	1
100	 0	0	0	0	1
100	 -1	0	0	0	1
100	 1	0	0	0	1
100	 -2	0	0	0	1
100	 2	0	0	0	1
100	 -3	0	0	0	1
100	 3	0	0	0	1
100	 -4	0	0	0	1
100	 4	0	0	0	1
100	 -5	0	0	0	1
100	 5	0	0	0	1
200	 0	0	0	0	1
200	 0	0	0	0	1
200	 -1	0	0	0	1
200	 1	0	0	0	1
200	 -2	0	0	0	1
200	 2	0	0	0	1
200	 -3	0	0	0	1
200	 3	0	0	0	1
200	 -4	0	0	0	1
200	 4	0	0	0	1
200	 -5	0	0	0	1
200	 5	0	0	0	1
300	 0	0	0	0	1
300	 0	0	0	0	1
300	 -1	0	0	0	1
300	 1	0	0	0	1
300	 -2	0	0	0	1
300	 2	0	0	0	1
300	 -3	0	0	0	1
300	 3	0	0	0	1
300	 -4	0	0	0	1
300	 4	0	0	0	1
300	 -5	0	0	0	1
300	 5	0	0	0	1
400	 0	0	0	0	1
400	 0	0	0	0	1
400	 -1	0	0	0	1
400	 1	0	0	0	1
400	 -2	0	0	0	1
400	 2	0	0	0	1
400	 -3	0	0	0	1
400	 3	0	0	0	1
400	 -4	0	0	0	1
400	 4	0	0	0	1
400	 -5	0	0	0	1
400	 5	0	0	0	1
500	 0	0	0	0	1
500	 0	0	0	0	1
500	 -1	0	0	0	1
500	 1	0	0	0	1
500	 -2	0	0	0	1
500	 2	1	7.40557e-13	7.40557e-13	1
500	 -3	0	0	0	1
500	 3	0	0	0	1
500	 -4	0	0	0	1
500	 4	0	0	0	1
500	 -5	0	0	0	1
500	 5	0	0	0	1
600	 0	0	0	0	1
600	 0	0	0	0	1
600	 -1	0	0	0	1
600	 1	0	0	0	1
600	 -2	0	0	0	1
600	 2	0	0	0	1
600	 -3	0	0	0	1
600	 3	0	0	0	1
600	 -4	0	0	0	1
600	 4	0	0	0	1
600	 -5	0	0	0	1
600	 5	0	0	0	1
700	 0	0	0	0	1
700	 0	0	0	0	1
700	 -1	0	0	0	1
700	 1	0	0	0	1
700	 -2	0	0	0	1
700	 2	0	0	0	1
700	 -3	0	0	0	1
700	 3	0	0	0	1
700	 -4	0	0	0	1
700	 4	0	0	0	1
700	 -5	0	0	0	1
700	 5	0	0	0	1
800	 0	0	0	0	1
800	 0	0	0	0	1
800	 -1	0	0	0	1
800	 1	0	0	0	1
800	 -2	0	0	0	1
800	 2	0	0	0	1
800	 -3	0	0	0	1
800	 3	0	0	0	1
800	 -4	0	0	0	1
800	 4	0	0	0	1
800	 -5	0	0	0	1
800	 5	0	0	0	1
900	 0	0	0	0	1
900	 0	0	0	0	1
900	 -1	0	0	0	1
900	 1	0	0	0	1
900	 -2	0	0	0	1
900	 2	0	0	0	1
900	 -3	0	0	0	1
900	 3	0	0	0	1
900	 -4	0	0	0	1
900	 4	0	0	0	1
900	 -5	0	0	0	1
900	 5	0	0	0	1
1000	 0	0	0	0	1
1000	 0	0	0	0	1
1000	 -1	0	0	0	1
1000	 1	0	0	0	1
1000	 -2	0	0	0	1
1000	 2	0	0	0	1
1000	 -3	0	0	0	1
1000	 3	0	0	0	1
1000	 -4	0	0	0	1
1000	 4	0	0	0	1
1000	 -5	0	0	0	1
1000	 5	0	0	0	1
1100	 0	0	0	0	1
1100	 0	0	0	0	1
1100	 -1	0	0	0	1
1100	 1	0	0	0	1
1100	 -2	0	0	0	1
1100	 2	1	1.93899e-11	1.74901e-11	1
1100	 -3	0	0	0	1
1100	 3	0	0	0	1
1100	 -4	0	0	0	1
1100	 4	0	0	0	1
1100	 -5	0	0	0	1
1100	 5	0	0	0	1
1200	 0	0	0	0	1
1200	 0	0	0	0	1
1200	 -1	0	0	0	1
1200	 1	0	0	0	1
1200	 -2	0	0	0	1
1200	 2	0	0	0	1
1200	 -3	0	0	0	1
1200	 3	0	0	0	1
1200	 -4	0	0	0	1
1200	 4	0	0	0	1
1200	 -5	0	0	0	1
1200	 5	0	0	0	1
1300	 0	0	0	0	1
1300	 0	0	0	0	1
1300	 -1	0	0	0	1
1300	 1	0	0	0	1
1300	 -2	0	0	0	1
1300	 2	0	0	0	1
1300	 -3	0	0	0	1
1300	 3	0	0	0	1
1300	 -4	0	0	0	1
1300	 4	0	0	0	1
1300	 -5	0	0	0	1
1300	 5	0	0	0	1
1400	 0	0	0	0	1
1400	 0	1	7.90697e-12	0	1
1400	 -1	0	0	0	1
1400	 1	0	0	0	1
1400	 -2	0	0	0	1
1400	 2	0	0	0	1
1400	 -3	0	0	0	1
1400	 3	0	0	0	1
1400	 -4	0	0	0	1
1400	 4	1	7.90697e-12	0	1
1400	 -5	0	0	0	1
1400	 5	0	0	0	1
1500	 0	0	0	0	1
1500	 0	0	0	0	1
1500	 -1	0	0	0	1
1500	 1	0	0	0	1
1500	 -2	0	0	0	1
1500	 2	0	0	0	1
1500	 -3	0	0	0	1
1500	 3	0	0	0	1
1500	 -4	0	0	0	1
1500	 4	0	0	0	1
1500	 -5	0	0	0	1
1500	 5	0	0	0	1
1600	 0	0	0	0	1
1600	 0	1	1.82306e-11	0	1
1600	 -1	0	0	0	1
1600	 1	0	0	0	1
1600	 -2	0	0	0	1
1600	 2	0	0	0	1
1600	 -3	0	0	0	1
1600	 3	1	3.46279e-11	0	1
1600	 -4	0	0	0	1
1600	 4	0	0	0	1
1600	 -5	0	0	0	1
1600	 5	0	0	0	1
1700	 0	0	0	0	1
1700	 0	0	0	0	1
1700	 -1	0	0	0	1
1700	 1	0	0	0	1
1700	 -2	0	0	0	1
1700	 2	0	0	0	1
1700	 -3	0	0	0	1
1700	 3	0	0	0	1
1700	 -4	0	0	0	1
1700	 4	0	0	0	1
1700	 -5	0	0	0	1
1700	 5	0	0	0	1
1800	 0	0	0	0	1
1800	 0	1	3.71094e-11	0	1
1800	 -1	0	0	0	1
1800	 1	0	0	0	1
1800	 -2	0	0	0	1
1800	 2	0	0	0	1
1800	 -3	0	0	0	1
1800	 3	0	0	0	1
1800	 -4	0	0	0	1
1800	 4	0	0	0	1
1800	 -5	0	0	0	1
1800	 5	0	0	0	1
1900	 0	0	0	0	1
1900	 0	0	0	0	1
1900	 -1	0	0	0	1
1900	 1	0	0	0	1
1900	 -2	0	0	0	1
1900	 2	0	0	0	1
1900	 -3	0	0	0	1
1900	 3	0	0	0	1
1900	 -4	0	0	0	1
1900	 4	0	0	0	1
1900	 -5	0	0	0	1
1900	 5	0	0	0	1
2000	 0	0	0	0	1
2000	 0	0	0	0	1
2000	 -1	0	0	0	1
2000	 1	0	0	0	1
2000	 -2	0	0	0	1
2000	 2	0	0	0	1
2000	 -3	0	0	0	1
2000	 3	0	0	0	1
2000	 -4	0	0	0	1
2000	 4	0	0	0	1
2000	 -5	0	0	0	1
2000	 5	0	0	0	1
2100	 0	0	0	0	1
2100	 0	1	9.11208e-11	0	1
2100	 -1	1	4.28071e-08	3.00895e-08	1
2100	 1	0	0	0	1
2100	 -2	0	0	0	1
2100	 2	1	6.02667e-10	2.38781e-10	1
2100	 -3	0	0	0	1
2100	 3	1	3.6108e-10	0	1
2100	 -4	0	0	0	1
2100	 4	0	0	0	1
2100	 -5	0	0	0	1
2100	 5	0	0	0	1
2200	 0	0	0	0	1
2200	 0	0	0	0	1
2200	 -1	0	0	0	1
2200	 1	0	0	0	1
2200	 -2	0	0	0	1
2200	 2	0	0	0	1
2200	 -3	0	0	0	1
2200	 3	0	0	0	1
2200	 -4	0	0	0	1
2200	 4	0	0	0	1
2200	 -5	0	0	0	1
2200	 5	0	0	0	1
2300	 0	0	0	0	1
2300	 0	0	0	0	1
2300	 -1	1	6.39692e-08	4.22925e-08	1
2300	 1	0	0	0	1
2300	 -2	0	0	0	1
2300	 2	0	0	0	1
2300	 -3	0	0	0	1
2300	 3	0	0	0	1
2300	 -4	0	0	0	1
2300	 4	0	0	0	1
2300	 -5	0	0	0	1
2300	 5	0	0	0	1
2400	 0	0	0	0	1
2400	 0	0	0	0	1
2400	 -1	0	0	0	1
2400	 1	0	0	0	1
2400	 -2	0	0	0	1
2400	 2	0	0	0	1
2400	 -3	1	2.75649e-08	0	1
2400	 3	0	0	0	1
2400	 -4	0	0	0	1
2400	 4	0	0	0	1
2400	 -5	0	0	0	1
2400	 5	0	0	0	1
2500	 0	0	0	0	1
2500	 0	0	0	0	1
2500	 -1	0	0	0	1
2500	 1	0	0	0	1
2500	 -2	0	0	0	1
2500	 2	0	0	0	1
2500	 -3	0	0	0	1
2500	 3	0	0	0	1
2500	 -4	0	0	0	1
2500	 4	0	0	0	1
2500	 -5	0	0	0	1
2500	 5	0	0	0	1
2600	 0	0.0411896	3.57209e-12	0	1
2600	 0	0.292653	1.44661e-09	0	1
2600	 -1	0.041355	2.67013e-06	1.60088e-06	1
2600	 1	0.293829	4.44564e-08	3.51101e-08	1
2600	 -2	0.0836804	4.79684e-07	0	1
2600	 2	0.594552	5.64641e-09	9.63079e-10	1
2600	 -3	0.0493692	8.81816e-07	0	1
2600	 3	0.35077	7.55305e-09	0	1
2600	 -4	0.0589413	8.74422e-08	0	1
2600	 4	0.41878	9.06938e-10	0	1
2600	 -5	0.0232187	1.46201e-07	0	1
2600	 5	0.16497	4.09524e-10	0	1
2700	 0	0.0557252	8.54417e-12	0	1
2700	 0	0.307755	2.06417e-09	0	1
2700	 -1	0.0561466	2.33018e-06	1.35101e-06	1
2700	 1	0.310082	5.60887e-08	4.31796e-08	1
2700	 -2	0.114414	4.30291e-07	0	1
2700	 2	0.631877	7.47628e-09	1.05873e-09	1
2700	 -3	0.0682188	7.89922e-07	0	1
2700	 3	0.376753	1.00383e-08	0	1
2700	 -4	0.082602	8.81856e-08	0	1
2700	 4	0.456188	1.11349e-09	0	1
2700	 -5	0.033118	1.40612e-07	0	1
2700	 5	0.182901	5.85534e-10	0	1
2800	 0	0.0741165	2.71578e-11	0	1
2800	 0	0.322445	2.98586e-09	0	1
2800	 -1	0.0749134	2.05854e-06	1.15419e-06	1
2800	 1	0.325912	7.00339e-08	5.23701e-08	1
2800	 -2	0.153626	3.89645e-07	0	1
2800	 2	0.66835	9.88986e-09	1.16325e-09	1
2800	 -3	0.0924717	7.14769e-07	0	1
2800	 3	0.402299	1.32428e-08	0	1
2800	 -4	0.113394	8.85374e-08	0	1
2800	 4	0.493322	1.40678e-09	0	1
2800	 -5	0.0461885	1.35087e-07	0	1
2800	 5	0.200943	8.32911e-10	0	1
2900	 0	0.0966979	8.02828e-11	0	1
2900	 0	0.336714	4.30746e-09	0	1
2900	 -1	0.0980178	1.84598e-06	1.00128e-06	1
2900	 1	0.341309	8.65317e-08	6.26311e-08	1
2900	 -2	0.20216	3.57185e-07	0	1
2900	 2	0.703944	1.30271e-08	1.27721e-09	1
2900	 -3	0.122735	6.54993e-07	0	1
2900	 3	0.427379	1.73288e-08	0	1
2900	 -4	0.152238	8.89489e-08	0	1
2900	 4	0.530111	1.8263e-09	0	1
2900	 -5	0.0629046	1.3026e-07	0	1
2900	 5	0.219041	1.18126e-09	0	1
3000	 0	0.123581	1.95064e-10	0	1
3000	 0	0.350822	6.13067e-09	0	1
3000	 -1	0.125595	1.68359e-06	8.84055e-07	1
3000	 1	0.356539	1.05714e-07	7.37947e-08	1
3000	 -2	0.260392	3.32145e-07	0	1
3000	 2	0.739201	1.70281e-08	1.40016e-09	1
3000	 -3	0.159331	6.08985e-07	0	1
3000	 3	0.45231	2.246e-08	0	1
3000	 -4	0.199704	8.97753e-08	0	1
3000	 4	0.56692	2.42079e-09	0	1
3000	 -5	0.0836011	1.26541e-07	0	1
3000	 5	0.237327	1.67081e-09	0	1
3100	 0	0.154647	4.02742e-10	0	1
3100	 0	0.36531	8.55485e-09	0	1
3100	 -1	0.157544	1.56314e-06	7.95478e-07	1
3100	 1	0.372152	1.27529e-07	8.55355e-08	1
3100	 -2	0.328197	3.13658e-07	0	1
3100	 2	0.775272	2.20142e-08	1.53029e-09	1
3100	 -3	0.202267	5.75027e-07	0	1
3100	 3	0.477797	2.87787e-08	0	1
3100	 -4	0.255956	9.12629e-08	0	1
3100	 4	0.604624	3.2478e-09	0	1
3100	 -5	0.108439	1.24146e-07	0	1
3100	 5	0.256156	2.35311e-09	0	1
3200	 0	0.189604	7.38692e-10	0	1
3200	 0	0.380944	1.16645e-08	0	1
3200	 -1	0.193582	1.47732e-06	7.29624e-07	1
3200	 1	0.388936	1.51677e-07	9.73547e-08	1
3200	 -2	0.405054	3.0084e-07	0	1
3200	 2	0.813816	2.80642e-08	1.66442e-09	1
3200	 -3	0.25129	5.51413e-07	0	1
3200	 3	0.504881	3.63778e-08	0	1
3200	 -4	0.320811	9.35601e-08	0	1
3200	 4	0.644559	4.37163e-09	0	1
3200	 -5	0.137423	1.23144e-07	0	1
3200	 5	0.276103	3.29003e-09	0	1
3300	 0	0.228092	1.24336e-09	0	1
3300	 0	0.398613	1.55159e-08	0	1
3300	 -1	0.233353	1.41981e-06	6.81681e-07	1
3300	 1	0.407808	1.77597e-07	1.08608e-07	1
3300	 -2	0.490272	2.92852e-07	0	1
3300	 2	0.856799	3.51932e-08	1.79829e-09	1
3300	 -3	0.306028	5.36534e-07	0	1
3300	 3	0.534815	4.52762e-08	0	1
3300	 -4	0.393898	9.6732e-08	0	1
3300	 4	0.688376	5.85955e-09	0	1
3300	 -5	0.170463	1.23503e-07	0	1
3300	 5	0.297901	4.55063e-09	0	1
3400	 0	0.269799	1.96298e-09	0	1
3400	 0	0.419224	2.0126e-08	0	1
3400	 -1	0.276548	1.38526e-06	6.47785e-07	1
3400	 1	0.42971	2.0451e-07	1.18582e-07	1
3400	 -2	0.583236	2.88936e-07	0	1
3400	 2	0.906252	4.334e-08	1.92718e-09	1
3400	 -3	0.366138	5.2894e-07	0	1
3400	 3	0.568919	5.54051e-08	0	1
3400	 -4	0.474864	1.00782e-07	0	1
3400	 4	0.73786	7.7771e-09	0	1
3400	 -5	0.207464	1.25131e-07	0	1
3400	 5	0.322365	6.20628e-09	0	1
3500	 0	0.314553	2.94948e-09	0	1
3500	 0	0.443611	2.54698e-08	0	1
3500	 -1	0.322994	1.36921e-06	6.24858e-07	1
3500	 1	0.455515	2.31528e-07	1.26598e-07	1
3500	 -2	0.683611	2.88435e-07	0	1
3500	 2	0.964091	5.23711e-08	2.04678e-09	1
3500	 -3	0.431442	5.27364e-07	0	1
3500	 3	0.608459	6.66133e-08	0	1
3500	 -4	0.563546	1.05669e-07	0	1
3500	 4	0.794764	1.01832e-08	0	1
3500	 -5	0.248403	1.27911e-07	0	1
3500	 5	0.350321	8.32482e-09	0	1
3600	 0	0.362363	4.25957e-09	0	1
3600	 0	0.472503	3.14836e-08	0	1
3600	 -1	0.372706	1.368e-06	6.10472e-07	1
3600	 1	0.48599	2.57781e-07	1.32119e-07	1
3600	 -2	0.791453	2.90807e-07	0	1
3600	 2	1.03202	6.20971e-08	2.15369e-09	1.18556
3600	 -3	0.502001	5.30746e-07	0	1
3600	 3	0.654585	7.86877e-08	0	1
3600	 -4	0.660086	1.11325e-07	0	1
3600	 4	0.860721	1.31265e-08	0	1
3600	 -5	0.293386	1.31714e-07	0	1
3600	 5	0.382562	1.09649e-08	0	1
3700	 0	0.413429	5.95306e-09	0	1
3700	 0	0.506522	3.80765e-08	0	1
3700	 -1	0.425894	1.37862e-06	6.0269e-07	1
3700	 1	0.521794	2.82537e-07	1.34816e-07	1
3700	 -2	0.907232	2.95605e-07	0	1
3700	 2	1.11152	7.22987e-08	2.24584e-09	1.23114
3700	 -3	0.578142	5.38207e-07	0	1
3700	 3	0.708324	9.13821e-08	0	1
3700	 -4	0.764972	1.17672e-07	0	1
3700	 4	0.937223	1.6643e-08	0	1
3700	 -5	0.342672	1.36427e-07	0	1
3700	 5	0.419833	1.41718e-08	0	1
3800	 0	0.468122	8.09077e-09	0	1
3800	 0	0.54621	4.51411e-08	0	1
3800	 -1	0.482947	1.39859e-06	5.99934e-07	1
3800	 1	0.563509	3.05271e-07	1.34594e-07	1
3800	 -2	1.0318	3.02481e-07	0	1
3800	 2	1.20392	8.27521e-08	2.32242e-09	1.27995
3800	 -3	0.660437	5.49049e-07	0	1
3800	 3	0.770606	1.04447e-07	0	1
3800	 -4	0.879026	1.24625e-07	0	1
3800	 4	1.02566	2.07546e-08	0	1
3800	 -5	0.396675	1.4195e-07	0	1
3800	 5	0.462845	1.79741e-08	0	1
3900	 0	0.526955	1.0732e-08	0	1
3900	 0	0.592075	5.25655e-08	0	1
3900	 -1	0.544401	1.42589e-06	6.00906e-07	1
3900	 1	0.611677	3.25685e-07	1.31577e-07	1
3900	 -2	1.16634	3.11162e-07	0	1
3900	 2	1.31047	9.32496e-08	2.38362e-09	1.33152
3900	 -3	0.749675	5.62721e-07	0	1
3900	 3	0.842318	1.17651e-07	0	1
3900	 -4	1.00337	1.32109e-07	0	1
3900	 4	1.12737	2.54685e-08	0	1
3900	 -5	0.45595	1.48209e-07	0	1
3900	 5	0.512296	2.23824e-08	0	1
4000	 0	0.590556	1.39318e-08	0	1
4000	 0	0.64462	6.024e-08	0	1
4000	 -1	0.610912	1.4588e-06	6.04508e-07	1
4000	 1	0.66684	3.43695e-07	1.26065e-07	1
4000	 -2	1.31229	3.21431e-07	0	1
4000	 2	1.43243	1.03613e-07	2.43031e-09	1.38539
4000	 -3	0.84683	5.78787e-07	0	1
4000	 3	0.924356	1.30795e-07	0	1
4000	 -4	1.1394	1.40059e-07	0	1
4000	 4	1.24371	3.07768e-08	0	1
4000	 -5	0.521188	1.55155e-07	0	1
4000	 5	0.568902	2.73897e-08	0	1
4100	 0	0.659646	1.77383e-08	0	1
4100	 0	0.704384	6.80635e-08	0	1
4100	 -1	0.683239	1.49591e-06	6.09794e-07	1
4100	 1	0.729577	3.59387e-07	1.18479e-07	1
4100	 -2	1.47133	3.33113e-07	0	1
4100	 2	1.57112	1.13702e-07	2.46376e-09	1.44113
4100	 -3	0.953032	5.96909e-07	0	1
4100	 3	1.01767	1.43722e-07	0	1
4100	 -4	1.28873	1.48425e-07	0	1
4100	 4	1.37613	3.66563e-08	0	1
4100	 -5	0.593196	1.6276e-07	0	1
4100	 5	0.633427	3.29716e-08	0	1
4200	 0	0.735033	2.21895e-08	0	1
4200	 0	0.771963	7.59458e-08	0	1
4200	 -1	0.762228	1.53601e-06	6.15945e-07	1
4200	 1	0.800525	3.72975e-07	1.09312e-07	1
4200	 -2	1.64534	3.4606e-07	0	1
4200	 2	1.72801	1.23415e-07	2.48536e-09	1.49835
4200	 -3	1.06956	6.16817e-07	0	1
4200	 3	1.1233	1.56317e-07	0	1
4200	 -4	1.4532	1.57174e-07	0	1
4200	 4	1.52622	4.30693e-08	0	1
4200	 -5	0.672897	1.7102e-07	0	1
4200	 5	0.706706	3.90898e-08	0	1
4300	 0	0.817599	2.73104e-08	0	1
4300	 0	0.848031	8.38106e-08	0	1
4300	 -1	0.848812	1.57806e-06	6.22258e-07	1
4300	 1	0.880405	3.84751e-07	9.90772e-08	1
4300	 -2	1.8364	3.60131e-07	0	1
4300	 2	1.90476	1.32693e-07	2.49649e-09	1.55676
4300	 -3	1.19783	6.38278e-07	0	1
4300	 3	1.24241	1.68509e-07	0	1
4300	 -4	1.63488	1.6629e-07	0	1
4300	 4	1.69573	4.99646e-08	0	1
4300	 -5	0.761329	1.7994e-07	0	1
4300	 5	0.789666	4.56951e-08	0	1
4400	 0	0.908311	3.31099e-08	0	1
4400	 0	0.933357	9.15977e-08	0	1
4400	 -1	0.944008	1.62118e-06	6.28126e-07	1
4400	 1	0.970038	3.95051e-07	8.82725e-08	1
4400	 -2	2.04679	3.75191e-07	0	1
4400	 2	2.10323	1.41513e-07	2.49843e-09	1.61611
4400	 -3	1.3394	6.61089e-07	0	1
4400	 3	1.37633	1.80267e-07	0	1
4400	 -4	1.83604	1.7577e-07	0	1
4400	 4	1.88667	5.72801e-08	0	1
4400	 -5	0.859647	1.89537e-07	0	1
4400	 5	0.883351	5.27322e-08	0	1
4500	 0	1.00822	3.95783e-08	0	1
4500	 0	1.02882	9.92639e-08	0	1
4500	 -1	1.04893	1.66462e-06	6.33059e-07	1.19556
4500	 1	1.07036	4.04224e-07	7.73514e-08	1.208
4500	 -2	2.27899	3.91098e-07	0	1
4500	 2	2.32555	1.49889e-07	2.49234e-09	1.6762
4500	 -3	1.49599	6.85061e-07	0	1
4500	 3	1.52655	1.91602e-07	0	1
4500	 -4	2.05921	1.85621e-07	0	1
4500	 4	2.10127	6.49464e-08	0	1
4500	 -5	0.969136	1.99827e-07	0	1
4500	 5	0.988933	6.01448e-08	0	1
4600	 0	1.11848	4.66855e-08	0	1
4600	 0	1.13541	1.06786e-07	0	1
4600	 -1	1.16479	1.70772e-06	6.3666e-07	1.25979
4600	 1	1.18242	4.12612e-07	6.6704e-08	1.26896
4600	 -2	2.53575	4.07698e-07	0	1
4600	 2	2.57412	1.57865e-07	2.47923e-09	1.73691
4600	 -3	1.66949	7.1e-07	0	1
4600	 3	1.69475	2.02556e-07	0	1
4600	 -4	2.30715	1.95856e-07	0	1
4600	 4	2.34207	7.28907e-08	0	1
4600	 -5	1.09122	2.1082e-07	0	1
4600	 5	1.10774	6.78816e-08	0	1
4700	 0	1.24035	5.43796e-08	0	1
4700	 0	1.25425	1.1416e-07	0	1
4700	 -1	1.29294	1.74995e-06	6.38641e-07	1.32334
4700	 1	1.30743	4.20534e-07	5.66459e-08	1.33011
4700	 -2	2.82007	4.24831e-07	0	1
4700	 2	2.85168	1.65513e-07	2.45998e-09	1.79811
4700	 -3	1.86198	7.35713e-07	0	1
4700	 3	1.88285	2.13205e-07	0	1
4700	 -4	2.58297	2.06489e-07	0	1
4700	 4	2.61192	8.10421e-08	0	1
4700	 -5	1.2275	2.22516e-07	0	1
4700	 5	1.24126	7.59008e-08	0	1
4800	 0	1.3752	6.25869e-08	0	1
4800	 0	1.38662	1.21404e-07	0	1
4800	 -1	1.43482	1.79085e-06	6.388e-07	1.3864
4800	 1	1.44673	4.28286e-07	4.74151e-08	1.39139
4800	 -2	3.13525	4.42327e-07	0	1
4800	 2	3.16129	1.72922e-07	2.43535e-09	1.85972
4800	 -3	2.07575	7.62001e-07	0	1
4800	 3	2.09299	2.23649e-07	0	1
4800	 -4	2.89005	2.17527e-07	0	1
4800	 4	2.91405	8.93358e-08	0	1
4800	 -5	1.37971	2.34896e-07	0	1
4800	 5	1.39117	8.41744e-08	0	1
4900	 0	1.52457	7.12139e-08	0	1
4900	 0	1.53395	1.28553e-07	0	1
4900	 -1	1.59206	1.83003e-06	6.37039e-07	1.4491
4900	 1	1.60186	4.36131e-07	3.91757e-08	1.45279
4900	 -2	3.48495	4.60006e-07	0	1
4900	 2	3.50639	1.802e-07	2.40603e-09	1.92163
4900	 -3	2.31336	7.88649e-07	0	1
4900	 3	2.32759	2.34009e-07	0	1
4900	 -4	3.23218	2.28968e-07	0	1
4900	 4	3.25207	9.77177e-08	0	1
4900	 -5	1.54983	2.4792e-07	0	1
4900	 5	1.55936	9.26905e-08	0	1
5000	 0	1.69014	8.01501e-08	0	1
5000	 0	1.69785	1.3566e-07	0	1
5000	 -1	1.76645	1.86717e-06	6.33313e-07	1.51156
5000	 1	1.7745	4.44311e-07	3.20254e-08	1.51429
5000	 -2	3.87321	4.77693e-07	0	1
5000	 2	3.89086	1.8746e-07	2.3726e-09	1.98377
5000	 -3	2.57761	8.15449e-07	0	1
5000	 3	2.58936	2.44419e-07	0	1
5000	 -4	3.61356	2.40799e-07	0	1
5000	 4	3.63004	1.06148e-07	0	1
5000	 -5	1.74003	2.61531e-07	0	1
5000	 5	1.74796	1.01454e-07	0	1
5100	 0	1.87377	8.92731e-08	0	1
5100	 0	1.88009	1.42788e-07	0	1
5100	 -1	1.95995	1.90199e-06	6.2766e-07	1.57387
5100	 1	1.96657	4.53043e-07	2.60072e-08	1.57589
5100	 -2	4.30449	4.95209e-07	0	1
5100	 2	4.31903	1.94817e-07	2.33558e-09	2.04603
5100	 -3	2.87162	8.42183e-07	0	1
5100	 3	2.88132	2.5502e-07	0	1
5100	 -4	4.03886	2.52989e-07	0	1
5100	 4	4.0525	1.14601e-07	0	1
5100	 -5	1.95274	2.75652e-07	0	1
5100	 5	1.95934	1.10485e-07	0	1
5200	 0	2.0775	9.84544e-08	0	1
5200	 0	2.0827	1.5001e-07	0	1
5200	 -1	2.17477	1.93426e-06	6.20146e-07	1.63612
5200	 1	2.18021	4.6253e-07	2.11227e-08	1.63761
5200	 -2	4.78377	5.1239e-07	0	1
5200	 2	4.79573	2.02384e-07	2.29545e-09	2.10831
5200	 -3	3.19888	8.68645e-07	0	1
5200	 3	3.20688	2.65951e-07	0	1
5200	 -4	4.51327	2.65492e-07	0	1
5200	 4	4.52456	1.2307e-07	0	1
5200	 -5	2.19069	2.90187e-07	0	1
5200	 5	2.19617	1.19815e-07	0	1
5300	 0	2.30364	1.07567e-07	0	1
5300	 0	2.30791	1.57395e-07	0	1
5300	 -1	2.41332	1.96377e-06	6.1088e-07	1.69835
5300	 1	2.41779	4.72957e-07	1.73451e-08	1.69946
5300	 -2	5.31655	5.2908e-07	0	1
5300	 2	5.3264	2.1026e-07	2.25263e-09	2.17047
5300	 -3	3.56323	8.94629e-07	0	1
5300	 3	3.56983	2.77346e-07	0	1
5300	 -4	5.04258	2.7825e-07	0	1
5300	 4	5.05192	1.3156e-07	0	1
5300	 -5	2.45689	3.05035e-07	0	1
5300	 5	2.46144	1.29483e-07	0	1
5400	 0	2.55471	1.16491e-07	0	1
5400	 0	2.55822	1.65009e-07	0	1
5400	 -1	2.6783	2.30839e-06	9.18027e-07	1.76063
5400	 1	2.68198	4.84501e-07	1.46326e-08	1.76145
5400	 -2	5.90894	5.4515e-07	0	1
5400	 2	5.91706	2.18531e-07	2.20749e-09	2.23233
5400	 -3	3.96896	9.1996e-07	0	1
5400	 3	3.97441	2.89324e-07	0	1
5400	 -4	5.63322	2.91192e-07	0	1
5400	 4	5.64095	1.4009e-07	0	1
5400	 -5	2.75473	3.20087e-07	0	1
5400	 5	2.75851	1.3953e-07	0	1
5500	 0	2.83353	1.25124e-07	0	1
5500	 0	2.83642	1.72901e-07	0	1
5500	 -1	2.97272	2.23656e-06	8.10301e-07	1.82296
5500	 1	2.97574	4.97322e-07	1.29385e-08	1.82357
5500	 -2	6.56777	5.60483e-07	0	1
5500	 2	6.57445	2.27262e-07	2.1604e-09	2.29372
5500	 -3	4.42086	9.44468e-07	0	1
5500	 3	4.42535	3.01986e-07	0	1
5500	 -4	6.29239	3.0424e-07	0	1
5500	 4	6.29879	1.48686e-07	0	1
5500	 -5	3.08797	3.3524e-07	0	1
5500	 5	3.09111	1.49992e-07	0	1
5600	 0	3.14323	1.33385e-07	0	1
5600	 0	3.1456	1.81102e-07	0	1
5600	 -1	3.29989	2.03407e-06	5.73747e-07	1.88536
5600	 1	3.30237	5.11567e-07	1.22195e-08	1.88581
5600	 -2	7.30059	5.74995e-07	0	1
5600	 2	7.30609	2.36498e-07	2.11168e-09	2.35439
5600	 -3	4.92424	9.6802e-07	0	1
5600	 3	4.92795	3.15407e-07	0	1
5600	 -4	7.02809	3.17312e-07	0	1
5600	 4	7.03339	1.57377e-07	0	1
5600	 -5	3.46085	3.50397e-07	0	1
5600	 5	3.46345	1.60892e-07	0	1
5700	 0	3.48729	1.4122e-07	0	1
5700	 0	3.48924	1.8962e-07	0	1
5700	 -1	3.66352	2.14787e-06	6.55525e-07	1.94782
5700	 1	3.66556	5.27365e-07	1.24412e-08	1.94815
5700	 -2	8.11585	5.88623e-07	0	1
5700	 2	8.12037	2.46259e-07	2.06161e-09	2.41409
5700	 -3	5.48502	9.90505e-07	0	1
5700	 3	5.48809	3.29639e-07	0	1
5700	 -4	7.84928	3.30332e-07	0	1
5700	 4	7.85366	1.66194e-07	0	1
5700	 -5	3.87806	3.65478e-07	0	1
5700	 5	3.88023	1.72244e-07	0	1
5800	 0	3.86957	1.48602e-07	0	1
5800	 0	3.87117	1.98435e-07	0	1
5800	 -1	4.06773	2.06451e-06	5.42359e-07	2.0103
5800	 1	4.06941	5.44822e-07	1.35799e-08	2.01054
5800	 -2	9.0229	6.01336e-07	0	1
5800	 2	9.02663	2.56544e-07	2.01047e-09	2.47251
5800	 -3	6.10982	1.01184e-06	0	1
5800	 3	6.11235	3.44708e-07	0	1
5800	 -4	8.76591	3.43226e-07	0	1
5800	 4	8.76953	1.7516e-07	0	1
5800	 -5	4.34489	3.80417e-07	0	1
5800	 5	4.34668	1.84039e-07	0	1
5900	 0	4.29438	1.55538e-07	0	1
5900	 0	4.29569	2.07501e-07	0	1
5900	 -1	4.51711	2.62633e-06	8.88119e-07	2.07273
5900	 1	4.51849	5.64016e-07	1.56216e-08	2.07292
5900	 -2	10.0322	6.98028e-07	0	1
5900	 2	10.0353	2.67329e-07	1.95852e-09	2.52932
5900	 -3	6.80599	1.15714e-06	0	1
5900	 3	6.80808	3.60612e-07	0	1
5900	 -4	9.78911	3.55934e-07	0	1
5900	 4	9.79211	1.8429e-07	0	1
5900	 -5	4.8672	3.95169e-07	0	1
5900	 5	4.86869	1.96255e-07	0	1
6000	 0	4.7665	1.62057e-07	0	1
6000	 0	4.76758	2.16749e-07	0	1
6000	 -1	5.01675	2.21318e-06	5.06512e-07	2.13504
6000	 1	5.01789	5.84996e-07	1.85586e-08	2.13517
6000	 -2	11.1554	6.83339e-07	0	1
6000	 2	11.1579	2.78575e-07	1.90597e-09	2.58415
6000	 -3	7.58174	1.13821e-06	0	1
6000	 3	7.58346	3.77329e-07	0	1
6000	 -4	10.9313	3.68403e-07	0	1
6000	 4	10.9338	1.93592e-07	0	1
6000	 -5	5.45159	4.09705e-07	0	1
6000	 5	5.45283	2.08851e-07	0	1
6100	 0	5.29126	1.68216e-07	0	1
6100	 0	5.29214	2.2609e-07	0	1
6100	 -1	5.57234	2.08436e-06	4.87087e-07	2.19708
6100	 1	5.57328	6.07775e-07	2.23839e-08	2.19718
6100	 -2	12.4054	6.33951e-07	0	1
6100	 2	12.4075	2.90228e-07	1.85305e-09	2.63663
6100	 -3	8.44619	1.06854e-06	0	1
6100	 3	8.44761	3.94819e-07	0	1
6100	 -4	12.2064	3.80597e-07	0	1
6100	 4	12.2084	2.0306e-07	0	1
6100	 -5	6.10541	4.24014e-07	0	1
6100	 5	6.10644	2.21772e-07	0	1
6200	 0	5.87458	1.74085e-07	0	1
6200	 0	5.87531	2.35419e-07	0	1
6200	 -1	6.19019	2.1415e-06	4.66762e-07	2.25871
6200	 1	6.19096	6.32331e-07	2.70831e-08	2.25878
6200	 -2	13.7966	6.6879e-07	0	1
6200	 2	13.7984	3.02225e-07	1.79994e-09	2.68635
6200	 -3	9.40955	1.12268e-06	0	1
6200	 3	9.41073	4.13029e-07	0	1
6200	 -4	13.6297	3.92488e-07	0	1
6200	 4	13.6314	2.1268e-07	0	1
6200	 -5	6.83688	4.38092e-07	0	1
6200	 5	6.83773	2.34953e-07	0	1
6300	 0	6.52307	1.79748e-07	0	1
6300	 0	6.52367	2.44628e-07	0	1
6300	 -1	6.87734	2.27001e-06	6.3491e-07	2.31973
6300	 1	6.87798	6.58603e-07	3.26274e-08	2.31978
6300	 -2	15.3452	6.51368e-07	0	1
6300	 2	15.3466	3.14501e-07	1.74683e-09	2.73295
6300	 -3	10.4832	1.10017e-06	0	1
6300	 3	10.4842	4.31898e-07	0	1
6300	 -4	15.2187	4.04064e-07	0	1
6300	 4	15.2201	2.2243e-07	0	1
6300	 -5	7.65519	4.51949e-07	0	1
6300	 5	7.6559	2.48327e-07	0	1
6400	 0	7.24406	1.85289e-07	0	1
6400	 0	7.24456	2.53606e-07	0	1
6400	 -1	7.64163	2.36556e-06	5.00489e-07	2.37991
6400	 1	7.64215	6.86495e-07	3.89647e-08	2.37995
6400	 -2	17.069	7.55012e-07	0	1
6400	 2	17.0702	3.2699e-07	1.69387e-09	2.77606
6400	 -3	11.6798	1.25463e-06	0	1
6400	 3	11.6806	4.51364e-07	0	1
6400	 -4	16.9926	4.15314e-07	0	1
6400	 4	16.9937	2.32283e-07	0	1
6400	 -5	8.57062	4.6559e-07	0	1
6400	 5	8.5712	2.61824e-07	0	1
6500	 0	8.04574	1.9079e-07	0	1
6500	 0	8.04615	2.6225e-07	0	1
6500	 -1	8.49178	2.46132e-06	6.97634e-07	2.43897
6500	 1	8.49221	7.15872e-07	4.60137e-08	2.439
6500	 -2	18.988	7.10582e-07	0	1
6500	 2	18.9889	3.39633e-07	1.64122e-09	2.81537
6500	 -3	13.0134	1.19248e-06	0	1
6500	 3	13.0141	4.71369e-07	0	1
6500	 -4	18.9728	4.26236e-07	0	1
6500	 4	18.9738	2.42208e-07	0	1
6500	 -5	9.59464	4.79025e-07	0	1
6500	 5	9.59513	2.75381e-07	0	1
6600	 0	8.93719	1.96321e-07	0	1
6600	 0	8.93753	2.70473e-07	0	1
6600	 -1	9.43749	2.321e-06	5.76781e-07	2.49661
6600	 1	9.43785	7.46565e-07	5.3658e-08	2.49663
6600	 -2	21.1243	7.03194e-07	0	1
6600	 2	21.1251	3.52379e-07	1.589e-09	2.85063
6600	 -3	14.4999	1.18436e-06	0	1
6600	 3	14.5004	4.9186e-07	0	1
6600	 -4	21.1834	4.36829e-07	0	1
6600	 4	21.1842	2.52177e-07	0	1
6600	 -5	10.7401	4.92253e-07	0	1
6600	 5	10.7405	2.88945e-07	0	1
6700	 0	9.92856	2.01938e-07	0	1
6700	 0	9.92883	2.782e-07	0	1
6700	 -1	10.4896	2.40944e-06	7.26891e-07	2.55248
6700	 1	10.4899	7.7837e-07	6.17444e-08	2.5525
6700	 -2	23.5028	6.77326e-07	0	1
6700	 2	23.5035	3.65185e-07	1.53734e-09	2.88166
6700	 -3	16.1567	1.14923e-06	0	1
6700	 3	16.1571	5.12793e-07	0	1
6700	 -4	23.6513	4.4709e-07	0	1
6700	 4	23.6519	2.62164e-07	0	1
6700	 -5	12.0214	5.05266e-07	0	1
6700	 5	12.0217	3.02473e-07	0	1
6800	 0	11.0311	2.07681e-07	0	1
6800	 0	11.0313	2.85382e-07	0	1
6800	 -1	11.6601	2.32525e-06	4.2121e-07	2.60623
6800	 1	11.6604	8.11054e-07	7.00837e-08	2.60624
6800	 -2	26.151	7.4553e-07	0	1
6800	 2	26.1515	3.78019e-07	1.48633e-09	2.90842
6800	 -3	18.0035	1.29798e-06	0	1
6800	 3	18.0039	5.3413e-07	0	1
6800	 -4	26.4063	4.89272e-07	0	1
6800	 4	26.4068	2.7215e-07	0	1
6800	 -5	13.4544	5.81358e-07	0	1
6800	 5	13.4547	3.15938e-07	0	1
6900	 0	12.2574	2.13569e-07	0	1
6900	 0	12.2576	2.91987e-07	0	1
6900	 -1	12.9625	2.32749e-06	5.38006e-07	2.65747
6900	 1	12.9627	8.44356e-07	7.84553e-08	2.65748
6900	 -2	29.0997	7.06571e-07	0	1
6900	 2	29.1001	3.90857e-07	1.43608e-09	2.93095
6900	 -3	20.0621	1.22916e-06	0	1
6900	 3	20.0624	5.55842e-07	0	1
6900	 -4	29.4818	4.89048e-07	0	1
6900	 4	29.4822	2.82123e-07	0	1
6900	 -5	15.0573	5.74538e-07	0	1
6900	 5	15.0575	3.29324e-07	0	1
7000	 0	13.6214	2.19605e-07	0	1
7000	 0	13.6216	2.98007e-07	0	1
7000	 -1	14.4117	2.35365e-06	3.10681e-07	2.70582
7000	 1	14.4119	8.77995e-07	8.66149e-08	2.70582
7000	 -2	32.3831	8.44741e-07	0	1
7000	 2	32.3834	4.03681e-07	1.38667e-09	2.94943
7000	 -3	22.3569	1.39813e-06	0	1
7000	 3	22.3572	5.779e-07	0	1
7000	 -4	32.9152	5.01679e-07	0	1
7000	 4	32.9156	2.92077e-07	0	1
7000	 -5	16.85	5.42781e-07	0	1
7000	 5	16.8501	3.4263e-07	0	1
7100	 0	15.1388	2.25776e-07	0	1
7100	 0	15.1389	3.03448e-07	0	1
7100	 -1	16.0244	2.32462e-06	4.48585e-07	2.7509
7100	 1	16.0245	9.11674e-07	9.43061e-08	2.7509
7100	 -2	36.0393	7.63464e-07	0	1
7100	 2	36.0396	4.16473e-07	1.33817e-09	2.96414
7100	 -3	24.9151	1.29613e-06	0	1
7100	 3	24.9153	6.00277e-07	0	1
7100	 -4	36.7481	5.12303e-07	0	1
7100	 4	36.7484	3.02015e-07	0	1
7100	 -5	18.8548	5.73478e-07	0	1
7100	 5	18.855	3.55865e-07	0	1
7200	 0	16.8267	2.32057e-07	0	1
7200	 0	16.8268	3.08333e-07	0	1
7200	 -1	17.819	2.48546e-06	5.24712e-07	2.79238
7200	 1	17.8191	9.4509e-07	1.01273e-07	2.79239
7200	 -2	40.111	7.92841e-07	0	1
7200	 2	40.1112	4.29218e-07	1.29064e-09	2.97547
7200	 -3	27.7669	1.32554e-06	0	1
7200	 3	27.767	6.22937e-07	0	1
7200	 -4	41.027	4.93046e-07	0	1
7200	 4	41.0273	3.11945e-07	0	1
7200	 -5	21.097	5.66137e-07	0	1
7200	 5	21.0971	3.69046e-07	0	1
7300	 0	18.7046	2.38413e-07	0	1
7300	 0	18.7047	3.12694e-07	0	1
7300	 -1	19.8162	2.29133e-06	4.13933e-07	2.82997
7300	 1	19.8163	9.77942e-07	1.07277e-07	2.82998
7300	 -2	44.6455	7.28857e-07	0	1
7300	 2	44.6457	4.41894e-07	1.24414e-09	2.98388
7300	 -3	30.9461	1.28714e-06	0	1
7300	 3	30.9462	6.4584e-07	0	1
7300	 -4	45.8038	5.44595e-07	0	1
7300	 4	45.804	3.21881e-07	0	1
7300	 -5	23.6044	6.46675e-07	0	1
7300	 5	23.6045	3.82192e-07	0	1
7400	 0	20.794	2.44805e-07	0	1
7400	 0	20.794	3.16574e-07	0	1
7400	 -1	22.039	2.32175e-06	4.42208e-07	2.86346
7400	 1	22.0391	1.00994e-06	1.12109e-07	2.86346
7400	 -2	49.6956	7.84999e-07	0	1
7400	 2	49.6958	4.54474e-07	1.19871e-09	2.98987
7400	 -3	34.4904	1.31578e-06	0	1
7400	 3	34.4905	6.68929e-07	0	1
7400	 -4	51.1364	5.08556e-07	0	1
7400	 4	51.1366	3.31837e-07	0	1
7400	 -5	26.4084	5.87729e-07	0	1
7400	 5	26.4085	3.95327e-07	0	1
7500	 0	23.1187	2.51194e-07	0	1
7500	 0	23.1188	3.56858e-07	0	1
7500	 -1	24.5131	2.3244e-06	4.56114e-07	2.89272
7500	 1	24.5132	1.07557e-06	1.15604e-07	2.89272
7500	 -2	55.3203	7.77423e-07	0	1
7500	 2	55.3204	4.82317e-07	1.15438e-09	2.99395
7500	 -3	38.4419	1.30525e-06	0	1
7500	 3	38.442	6.92134e-07	0	1
7500	 -4	57.0895	5.59251e-07	0	1
7500	 4	57.0897	3.4183e-07	0	1
7500	 -5	29.5439	5.97748e-07	0	1
7500	 5	29.544	4.08469e-07	0	1
7600	 0	25.7055	2.5754e-07	0	1
7600	 0	25.7056	3.48811e-07	0	1
7600	 -1	27.267	2.57586e-06	6.55612e-07	2.91772
7600	 1	27.2671	1.09464e-06	1.17651e-07	2.91773
7600	 -2	61.5851	8.10865e-07	0	1
7600	 2	61.5852	4.89937e-07	1.1112e-09	2.99658
7600	 -3	42.8474	1.35345e-06	0	1
7600	 3	42.8474	7.15371e-07	0	1
7600	 -4	63.7353	5.32519e-07	0	1
7600	 4	63.7355	3.51871e-07	0	1
7600	 -5	33.0501	6.07205e-07	0	1
7600	 5	33.0501	4.21632e-07	0	1
7700	 0	28.5841	2.63811e-07	0	1
7700	 0	28.5842	3.55532e-07	0	1
7700	 -1	30.3325	2.57487e-06	5.88978e-07	2.93859
7700	 1	30.3326	1.12642e-06	1.18203e-07	2.93859
7700	 -2	68.5632	8.01166e-07	0	1
7700	 2	68.5633	5.03642e-07	1.06918e-09	2.99818
7700	 -3	47.7591	1.3666e-06	0	1
7700	 3	47.7592	7.3854e-07	0	1
7700	 -4	71.1545	5.46441e-07	0	1
7700	 4	71.1546	3.61969e-07	0	1
7700	 -5	36.9706	6.51289e-07	0	1
7700	 5	36.9707	4.34823e-07	0	1
7800	 0	31.7876	2.6998e-07	0	1
7800	 0	31.7876	3.6008e-07	0	1
7800	 -1	33.745	2.23157e-06	3.14205e-07	2.95552
7800	 1	33.7451	1.15477e-06	1.17276e-07	2.95552
7800	 -2	76.3361	8.10401e-07	0	1
7800	 2	76.3361	5.27439e-07	1.02834e-09	2.9991
7800	 -3	53.2355	1.36319e-06	0	1
7800	 3	53.2356	7.77533e-07	0	1
7800	 -4	79.4369	5.45487e-07	0	1
7800	 4	79.437	3.82851e-07	0	1
7800	 -5	41.3543	6.38533e-07	0	1
7800	 5	41.3543	4.48039e-07	0	1
7900	 0	35.3527	2.76027e-07	0	1
7900	 0	35.3527	3.30138e-07	0	1
7900	 -1	37.544	2.17118e-06	2.62087e-07	2.96885
7900	 1	37.544	1.14914e-06	1.14949e-07	2.96885
7900	 -2	84.9946	7.89274e-07	0	1
7900	 2	84.9946	5.22129e-07	9.8868e-10	2.99959
7900	 -3	59.3416	1.36366e-06	0	1
7900	 3	59.3416	7.95385e-07	0	1
7900	 -4	88.6832	5.81665e-07	0	1
7900	 4	88.6832	3.89806e-07	0	1
7900	 -5	46.2558	6.86442e-07	0	1
7900	 5	46.2558	4.61266e-07	0	1
8000	 0	39.3206	2.88304e-07	0	1
8000	 0	39.3206	3.83557e-07	0	1
8000	 -1	41.7734	2.29139e-06	2.72849e-07	2.97898
8000	 1	41.7735	1.22295e-06	1.11356e-07	2.97898
8000	 -2	94.64	8.52484e-07	0	1
8000	 2	94.6401	5.47951e-07	9.50219e-10	2.99983
8000	 -3	66.1498	1.44077e-06	0	1
8000	 3	66.1499	8.08976e-07	0	1
8000	 -4	99.0054	5.92519e-07	0	1
8000	 4	99.0054	3.93723e-07	0	1
8000	 -5	51.7361	6.84948e-07	0	1
8000	 5	51.7361	4.75834e-07	0	1
8100	 0	43.737	2.98195e-07	0	1
8100	 0	43.737	3.35151e-07	0	1
8100	 -1	46.4823	2.29127e-06	1.78206e-07	2.98639
8100	 1	46.4823	1.19912e-06	1.0668e-07	2.98639
8100	 -2	105.385	8.69602e-07	0	1
8100	 2	105.385	5.4217e-07	9.12954e-10	2.99993
8100	 -3	73.7412	1.48987e-06	0	1
8100	 3	73.7412	8.37844e-07	0	1
8100	 -4	110.529	6.18524e-07	0	1
8100	 4	110.529	4.08277e-07	0	1
8100	 -5	57.8634	7.29171e-07	0	1
8100	 5	57.8634	4.90293e-07	0	1
8200	 0	48.6529	3.03257e-07	0	1
8200	 0	48.6529	3.70492e-07	0	1
8200	 -1	51.7252	2.22463e-06	2.06034e-07	2.99159
8200	 1	51.7253	1.25121e-06	1.01135e-07	2.99159
8200	 -2	117.356	8.68107e-07	0	1
8200	 2	117.356	5.63376e-07	8.76882e-10	2.99998
8200	 -3	82.2059	1.44631e-06	0	1
8200	 3	82.2059	8.55194e-07	0	1
8200	 -4	123.393	5.8721e-07	0	1
8200	 4	123.393	4.15844e-07	0	1
8200	 -5	64.7139	6.83503e-07	0	1
8200	 5	64.7139	5.04015e-07	0	1
8300	 0	54.1249	3.10094e-07	0	1
8300	 0	54.1249	3.3846e-07	0	1
8300	 -1	57.563	2.28815e-06	3.0551e-07	2.99507
8300	 1	57.563	1.23926e-06	9.49532e-08	2.99507
8300	 -2	130.693	8.28996e-07	0	1
8300	 2	130.693	5.72497e-07	8.41996e-10	2.99999
8300	 -3	91.6447	1.40938e-06	0	1
8300	 3	91.6447	8.95346e-07	0	1
8300	 -4	137.754	6.18511e-07	0	1
8300	 4	137.754	4.3887e-07	0	1
8300	 -5	72.3729	7.16386e-07	0	1
8300	 5	72.3729	5.18069e-07	0	1
8400	 0	60.2163	3.14764e-07	0	1
8400	 0	60.2163	3.61341e-07	0	1
8400	 -1	64.0635	2.05414e-06	2.10315e-07	2.99727
8400	 1	64.0635	1.27695e-06	8.83716e-08	2.99727
8400	 -2	145.552	7.99255e-07	0	1
8400	 2	145.552	5.78496e-07	8.08286e-10	3
8400	 -3	102.17	1.3366e-06	0	1
8400	 3	102.17	8.98351e-07	0	1
8400	 -4	153.787	5.88333e-07	0	1
8400	 4	153.787	4.3776e-07	0	1
8400	 -5	80.9354	6.8422e-07	0	1
8400	 5	80.9355	5.31676e-07	0	1
8500	 0	66.9975	3.26499e-07	0	1
8500	 0	66.9975	3.50538e-07	0	1
8500	 -1	71.302	2.09535e-06	1.50204e-07	2.99858
8500	 1	71.302	1.28452e-06	8.16167e-08	2.99858
8500	 -2	162.108	8.22053e-07	0	1
8500	 2	162.108	5.8393e-07	7.75737e-10	3
8500	 -3	113.907	1.39183e-06	0	1
8500	 3	113.907	9.21139e-07	0	1
8500	 -4	171.686	6.19473e-07	0	1
8500	 4	171.686	4.49689e-07	0	1
8500	 -5	90.5081	7.2718e-07	0	1
8500	 5	90.5081	5.46555e-07	0	1
8600	 0	74.547	3.3055e-07	0	1
8600	 0	74.547	3.94069e-07	0	1
8600	 -1	79.3629	2.07142e-06	1.92984e-07	2.99931
8600	 1	79.3629	1.33962e-06	7.48937e-08	2.99931
8600	 -2	180.554	8.05987e-07	0	1
8600	 2	180.554	6.10218e-07	7.44335e-10	3
8600	 -3	126.995	1.38107e-06	0	1
8600	 3	126.995	9.40838e-07	0	1
8600	 -4	191.667	6.24009e-07	0	1
8600	 4	191.667	4.60471e-07	0	1
8600	 -5	101.21	7.47656e-07	0	1
8600	 5	101.21	5.60023e-07	0	1
8700	 0	82.9521	3.34478e-07	0	1
8700	 0	82.9521	3.7337e-07	0	1
8700	 -1	88.3399	2.16056e-06	2.02259e-07	2.99969
8700	 1	88.3399	1.33322e-06	6.83766e-08	2.99969
8700	 -2	201.109	8.45453e-07	0	1
8700	 2	201.109	6.15914e-07	7.14061e-10	3
8700	 -3	141.59	1.4228e-06	0	1
8700	 3	141.59	9.68745e-07	0	1
8700	 -4	213.974	6.2416e-07	0	1
8700	 4	213.974	4.77094e-07	0	1
8700	 -5	113.173	7.34706e-07	0	1
8700	 5	113.173	5.73156e-07	0	1
8800	 0	92.3104	3.38282e-07	0	1
8800	 0	92.3104	4.13931e-07	0	1
8800	 -1	98.3375	2.26078e-06	2.36284e-07	2.99987
8800	 1	98.3375	1.3832e-06	6.22036e-08	2.99987
8800	 -2	224.012	8.87313e-07	0	1
8800	 2	224.012	6.35994e-07	6.84895e-10	3
8800	 -3	157.867	1.48715e-06	0	1
8800	 3	157.867	9.80924e-07	0	1
8800	 -4	238.877	6.4411e-07	0	1
8800	 4	238.877	4.83683e-07	0	1
8800	 -5	126.547	7.4569e-07	0	1
8800	 5	126.547	5.85872e-07	0	1
8900	 0	102.73	3.45676e-07	0	1
8900	 0	102.73	3.7386e-07	0	1
8900	 -1	109.472	2.06574e-06	2.20551e-07	2.99995
8900	 1	109.472	1.35788e-06	5.64737e-08	2.99995
8900	 -2	249.533	7.99628e-07	0	1
8900	 2	249.533	6.34316e-07	6.56815e-10	3
8900	 -3	176.018	1.36649e-06	0	1
8900	 3	176.018	1.00949e-06	0	1
8900	 -4	266.679	6.33041e-07	0	1
8900	 4	266.679	5.01135e-07	0	1
8900	 -5	141.497	7.59064e-07	0	1
8900	 5	141.497	5.98861e-07	0	1
9000	 0	114.333	3.50507e-07	0	1
9000	 0	114.333	4.06322e-07	0	1
9000	 -1	121.874	2.06315e-06	1.70083e-07	2.99998
9000	 1	121.874	1.39899e-06	5.12481e-08	2.99998
9000	 -2	277.973	7.97262e-07	0	1
9000	 2	277.973	6.50903e-07	6.29797e-10	3
9000	 -3	196.261	1.39207e-06	0	1
9000	 3	196.261	1.0211e-06	0	1
9000	 -4	297.716	6.64692e-07	0	1
9000	 4	297.716	5.07793e-07	0	1
9000	 -5	158.21	8.00691e-07	0	1
9000	 5	158.21	6.11062e-07	0	1
9100	 0	127.252	3.59377e-07	0	1
9100	 0	127.252	3.58499e-07	0	1
9100	 -1	135.687	2.08089e-06	2.07788e-07	3
9100	 1	135.687	1.36562e-06	4.65528e-08	3
9100	 -2	309.666	8.0358e-07	0	1
9100	 2	309.666	6.44053e-07	6.03816e-10	3
9100	 -3	218.837	1.39393e-06	0	1
9100	 3	218.837	1.04647e-06	0	1
9100	 -4	332.365	6.60781e-07	0	1
9100	 4	332.365	5.23376e-07	0	1
9100	 -5	176.891	8.02043e-07	0	1
9100	 5	176.891	6.23671e-07	0	1
9200	 0	141.639	3.65799e-07	0	1
9200	 0	141.639	3.90551e-07	0	1
9200	 -1	151.072	2.06149e-06	1.84489e-07	3
9200	 1	151.072	1.40594e-06	4.2384e-08	3
9200	 -2	344.986	8.31642e-07	0	1
9200	 2	344.986	6.5404e-07	5.78847e-10	3
9200	 -3	244.015	1.3973e-06	0	1
9200	 3	244.015	1.0488e-06	0	1
9200	 -4	371.048	6.64643e-07	0	1
9200	 4	371.048	5.24026e-07	0	1
9200	 -5	197.774	7.64687e-07	0	1
9200	 5	197.774	6.35648e-07	0	1
9300	 0	157.661	3.75138e-07	0	1
9300	 0	157.661	3.84569e-07	0	1
9300	 -1	168.21	2.07904e-06	1.48201e-07	3
9300	 1	168.21	1.41139e-06	3.87142e-08	3
9300	 -2	384.347	8.60904e-07	0	1
9300	 2	384.347	6.63085e-07	5.54863e-10	3
9300	 -3	272.096	1.43403e-06	0	1
9300	 3	272.096	1.07206e-06	0	1
9300	 -4	414.233	6.70218e-07	0	1
9300	 4	414.233	5.38241e-07	0	1
9300	 -5	221.116	7.69867e-07	0	1
9300	 5	221.116	6.4799e-07	0	1
9400	 0	175.504	3.78279e-07	0	1
9400	 0	175.504	3.90169e-07	0	1
9400	 -1	187.301	2.10271e-06	1.83999e-07	3
9400	 1	187.301	1.42529e-06	3.54987e-08	3
9400	 -2	428.215	8.42861e-07	0	1
9400	 2	428.215	6.64196e-07	5.31837e-10	3
9400	 -3	303.414	1.41131e-06	0	1
9400	 3	303.414	1.07666e-06	0	1
9400	 -4	462.445	6.51098e-07	0	1
9400	 4	462.445	5.40596e-07	0	1
9400	 -5	247.208	7.77337e-07	0	1
9400	 5	247.208	6.59119e-07	0	1
9500	 0	195.376	3.8373e-07	0	1
9500	 0	195.376	4.06114e-07	0	1
9500	 -1	208.568	1.97784e-06	1.34768e-07	3
9500	 1	208.568	1.44932e-06	3.2682e-08	3
9500	 -2	477.106	8.24449e-07	0	1
9500	 2	477.106	6.82081e-07	5.09741e-10	3
9500	 -3	338.344	1.37431e-06	0	1
9500	 3	338.344	1.09903e-06	0	1
9500	 -4	516.269	6.47691e-07	0	1
9500	 4	516.269	5.54425e-07	0	1
9500	 -5	276.373	7.7044e-07	0	1
9500	 5	276.373	6.70435e-07	0	1
9600	 0	217.507	3.84628e-07	0	1
9600	 0	217.507	4.028e-07	0	1
9600	 -1	232.259	1.92948e-06	1.10815e-07	3
9600	 1	232.259	1.4533e-06	3.02042e-08	3
9600	 -2	531.597	8.29348e-07	0	1
9600	 2	531.597	6.89096e-07	4.88547e-10	3
9600	 -3	377.303	1.38614e-06	0	1
9600	 3	377.303	1.11658e-06	0	1
9600	 -4	576.359	6.5408e-07	0	1
9600	 4	576.359	5.65358e-07	0	1
9600	 -5	308.971	7.78132e-07	0	1
9600	 5	308.971	6.80743e-07	0	1
9700	 0	242.158	3.88282e-07	0	1
9700	 0	242.158	4.3332e-07	0	1
9700	 -1	258.652	1.97535e-06	1.05514e-07	3
9700	 1	258.652	1.48945e-06	2.80052e-08	3
9700	 -2	592.331	8.46312e-07	0	1
9700	 2	592.331	7.03936e-07	4.68226e-10	3
9700	 -3	420.756	1.42553e-06	0	1
9700	 3	420.756	1.12577e-06	0	1
9700	 -4	643.443	6.70567e-07	0	1
9700	 4	643.443	5.70596e-07	0	1
9700	 -5	345.408	8.01751e-07	0	1
9700	 5	345.408	6.91246e-07	0	1
9800	 0	269.614	3.93329e-07	0	1
9800	 0	269.614	4.32692e-07	0	1
9800	 -1	288.056	1.98898e-06	1.48084e-07	3
9800	 1	288.056	1.49666e-06	2.60291e-08	3
9800	 -2	660.026	8.43309e-07	0	1
9800	 2	660.026	7.10823e-07	4.48751e-10	3
9800	 -3	469.223	1.41074e-06	0	1
9800	 3	469.223	1.14174e-06	0	1
9800	 -4	718.337	6.6915e-07	0	1
9800	 4	718.337	5.80109e-07	0	1
9800	 -5	386.134	7.95215e-07	0	1
9800	 5	386.134	7.01829e-07	0	1
9900	 0	300.196	3.96048e-07	0	1
9900	 0	300.196	4.25198e-07	0	1
9900	 -1	320.815	1.95121e-06	1.35844e-07	3
9900	 1	320.815	1.4964e-06	2.42263e-08	3
9900	 -2	735.479	8.4486e-07	0	1
9900	 2	735.479	7.13952e-07	4.30093e-10	3
9900	 -3	523.282	1.40691e-06	0	1
9900	 3	523.282	1.15605e-06	0	1
9900	 -4	801.95	6.64865e-07	0	1
9900	 4	801.95	5.88627e-07	0	1
9900	 -5	431.653	7.9184e-07	0	1
9900	 5	431.653	7.11869e-07	0	1
10000	 0	334.262	3.99239e-07	0	1
10000	 0	334.262	4.18541e-07	0	1
10000	 -1	357.314	1.93176e-06	1.51589e-07	3
10000	 1	357.314	1.49684e-06	2.25553e-08	3
10000	 -2	819.584	8.24487e-07	0	1
10000	 2	819.584	7.23545e-07	4.12225e-10	3
10000	 -3	583.579	1.38666e-06	0	1
10000	 3	583.579	1.17889e-06	0	1
10000	 -4	895.297	6.6601e-07	0	1
10000	 4	895.297	6.02632e-07	0	1
10000	 -5	482.529	8.06477e-07	0	1
10000	 5	482.529	7.21803e-07	0	1
10100	 0	372.209	4.02595e-07	0	1
10100	 0	372.209	4.00016e-07	0	1
10100	 -1	397.981	1.95842e-06	1.8548e-07	3
10100	 1	397.981	1.48608e-06	2.09834e-08	3
10100	 -2	913.334	8.1505e-07	0	1
10100	 2	913.334	7.19362e-07	3.95117e-10	3
10100	 -3	650.837	1.3775e-06	0	1
10100	 3	650.837	1.18911e-06	0	1
10100	 -4	999.511	6.69828e-07	0	1
10100	 4	999.511	6.0835e-07	0	1
10100	 -5	539.392	8.16155e-07	0	1
10100	 5	539.392	7.31608e-07	0	1
10200	 0	414.481	4.09693e-07	0	1
10200	 0	414.481	3.90308e-07	0	1
10200	 -1	443.293	1.92306e-06	1.31021e-07	3
10200	 1	443.293	1.48496e-06	1.94863e-08	3
10200	 -2	1017.84	8.27241e-07	0	1
10200	 2	1017.84	7.12484e-07	3.78743e-10	3
10200	 -3	725.859	1.40317e-06	0	1
10200	 3	725.859	1.19087e-06	0	1
10200	 -4	1115.86	6.8345e-07	0	1
10200	 4	1115.86	6.08248e-07	0	1
10200	 -5	602.945	8.35312e-07	0	1
10200	 5	602.945	7.41993e-07	0	1
