0 0 0
100 1.44167e-08 0
200 1.14817e-08 0
300 1.11203e-08 0
400 1.11535e-08 0
500 12735.1 12734.4
600 362.618 354.157
700 210.777 209.607
800 147.003 145.885
900 83.6305 82.9724
1000 50.3962 31.2853
1100 24.0368 0
1200 16.8555 13.0668
1300 11.7252 2.01148
1400 10.5235 9.47283
1500 9.83866 8.20629
1600 5.59371 2.745
1700 3.65612 1.89158
1800 2.98657 0.0804943
1900 2.03068 0
2000 1.43603 0
2100 0.509686 0
2200 2.04887 0
2300 0.553478 0
2400 0.918396 0
2500 0.145685 0
2600 2.50332 0
2700 0.80481 0
2800 0.137914 0
2900 0.533214 0
3000 1.15235 0
3100 0.450983 0
3200 0.422263 0
3300 0.572007 0
3400 0.155704 0
3500 0.553077 0
3600 1.01961 0
3700 0.904882 0
3800 0.535312 0
3900 1.06601 0
4000 0.739321 0
4100 0.506803 0
4200 0.923869 0
4300 0.771997 0
4400 0.603563 0
4500 0.582178 0
4600 0.283088 0
4700 0.491465 0
4800 0.836944 0
4900 1.19045 0
5000 0.783912 0
5100 0.721883 0
5200 0.962059 0
5300 1.02442 0
5400 1.39516 0.668078
5500 1.22768 0.36345
5600 0.89573 0
5700 0.961089 0.208778
5800 0.642491 0.00243903
5900 1.20966 0.915861
6000 0.623673 0.0112386
6100 0.630371 0.040338
6200 0.635449 0.028457
6300 0.913855 0.664246
6400 0.706087 0.399477
6500 1.0702 1.06775
6600 0.925745 0.871492
6700 1.24101 1.53119
6800 0.659252 0.60487
6900 0.93944 1.21835
7000 0.493989 0.422639
7100 0.90959 1.24675
7200 1.17441 1.77926
7300 0.899332 1.46381
7400 0.975932 1.85088
7500 1.1059 2.15367
7600 1.76084 3.63394
7700 1.70194 3.6148
7800 0.88659 1.93783
7900 0.683707 1.64743
8000 0.811321 2.00687
8100 0.409439 1.05071
8200 0.504029 1.57848
8300 1.0436 3.05893
8400 0.624725 1.97646
8500 0.313303 1.08222
8600 0.569556 2.03216
8700 0.654878 2.42926
8800 0.857113 3.28199
8900 0.817429 3.20169
9000 0.53301 2.31748
9100 0.800867 3.46902
9200 0.646921 3.1787
9300 0.449772 2.39766
9400 0.787571 3.85267
9500 0.444781 2.44895
9600 0.309009 1.73582
9700 0.262636 1.67657
9800 0.685771 4.12014
9900 0.625961 3.98392
10000 0.87071 5.196
10100 1.35193 7.355
10200 0.782292 5.16251
