0 0
100 0
200 0
300 0
400 0
500 nan
600 0
700 0
800 0
900 0
1000 0
1100 nan
1200 0
1300 0
1400 nan
1500 0
1600 nan
1700 0
1800 nan
1900 0
2000 0
2100 nan
2200 0
2300 nan
2400 nan
2500 0
2600 0.567578
2700 0.546282
2800 0.526356
2900 0.507886
3000 0.490783
3100 0.474796
3200 0.479884
3300 0.464443
3400 0.449021
3500 0.445393
3600 0.429774
3700 0.422965
3800 0.4079
3900 0.39997
4000 0.386527
4100 0.374059
4200 0.37334
4300 0.363009
4400 0.354603
4500 0.386585
4600 0.389786
4700 0.3954
4800 0.400477
4900 0.461951
5000 0.408448
5100 0.411092
5200 0.442351
5300 0.492341
5400 0.458139
5500 0.477659
5600 0.474139
5700 0.459796
5800 0.384478
5900 0.445739
6000 0.388008
6100 0.398437
6200 0.39806
6300 0.423709
6400 0.396967
6500 0.418601
6600 0.400011
6700 0.402373
6800 0.355782
6900 0.373924
7000 0.315931
7100 0.356364
7200 0.36752
7300 0.335859
7400 0.334135
7500 0.336439
7600 0.365117
7700 0.348377
7800 0.292667
7900 0.270199
8000 0.272356
8100 0.224312
8200 0.229906
8300 0.263409
8400 0.227244
8500 0.188767
8600 0.211656
8700 0.213307
8800 0.220779
8900 0.213317
9000 0.189471
9100 0.202008
9200 0.189658
9300 0.167813
9400 0.184851
9500 0.158061
9600 0.140894
9700 0.131595
9800 0.160033
9900 0.151407
10000 0.157575
10100 0.167016
10200 0.143702
