0 0 nan
100 1.44167e-08 nan
200 1.14817e-08 nan
300 1.11203e-08 nan
400 1.11535e-08 nan
500 12735.1 nan
600 362.618 nan
700 210.777 nan
800 147.003 nan
900 83.6305 nan
1000 50.3962 nan
1100 24.0368 nan
1200 16.8555 nan
1300 11.7252 nan
1400 10.5235 nan
1500 9.83866 nan
1600 5.59371 nan
1700 3.65612 nan
1800 2.98657 nan
1900 2.03068 nan
2000 1.43603 nan
2100 0.509686 nan
2200 2.04887 nan
2300 0.553478 nan
2400 0.918396 0
2500 0.145685 0
2600 2.50332 0
2700 0.80481 0
2800 0.137914 0
2900 0.533214 0
3000 1.15235 0
3100 0.450983 0
3200 0.422263 0
3300 0.572007 0
3400 0.155704 0
3500 0.553077 0
3600 1.01961 0
3700 0.904882 0
3800 0.535312 0
3900 1.06601 0
4000 0.739321 0
4100 0.506803 0
4200 0.923869 0
4300 0.771997 0
4400 0.603563 0
4500 0.582178 0
4600 0.283088 0
4700 0.491465 0
4800 0.836944 0
4900 1.19045 0
5000 0.783912 0
5100 0.721883 0
5200 0.962059 0
5300 1.02442 0
5400 1.39516 0.656521
5500 1.22768 0.43891
5600 0.89573 0
5700 0.961089 0.229428
5800 0.642491 0
5900 1.20966 0.983648
6000 0.623673 0
6100 0.630371 0
6200 0.635449 0
6300 0.913855 0.689209
6400 0.706087 0.353062
6500 1.0702 1.15524
6600 0.925745 0.899295
6700 1.24101 1.67462
6800 0.659252 0.577453
6900 0.93944 1.28944
7000 0.493989 0.341703
7100 0.90959 1.2629
7200 1.17441 1.89003
7300 0.899332 1.52639
7400 0.975932 1.96063
7500 1.1059 2.32214
7600 1.76084 4.02005
7700 1.70194 3.96695
7800 0.88659 2.00154
7900 0.683707 1.69122
8000 0.811321 2.03715
8100 0.409439 1.02877
8200 0.504029 1.58813
8300 1.0436 3.20332
8400 0.624725 2.02037
8500 0.313303 1.06049
8600 0.569556 2.06328
8700 0.654878 2.45831
8800 0.857113 3.40012
8900 0.817429 3.34666
9000 0.53301 2.33119
9100 0.800867 3.63115
9200 0.646921 3.2892
9300 0.449772 2.41074
9400 0.787571 4.00438
9500 0.444781 2.47188
9600 0.309009 1.69048
9700 0.262636 1.65715
9800 0.685771 4.28517
9900 0.625961 4.13429
10000 0.87071 5.5257
10100 1.35193 8.0946
10200 0.782292 5.44383
