0 0
100 0
200 0
300 0
400 0
500 1
600 0
700 0
800 0
900 0
1000 0
1100 0.902021
1200 0
1300 0
1400 0
1500 0
1600 0
1700 0
1800 0
1900 0
2000 0
2100 0.636459
2200 0
2300 0.59217
2400 0
2500 0
2600 0.579017
2700 0.558688
2800 0.539622
2900 0.5219
3000 0.505438
3100 0.489999
3200 0.489622
3300 0.47484
3400 0.460044
3500 0.453434
3600 0.43843
3700 0.42951
3800 0.414971
3900 0.40548
4000 0.392447
4100 0.380365
4200 0.376663
4300 0.366695
4400 0.358343
4500 0.390962
4600 0.394695
4700 0.399958
4800 0.404699
4900 0.482483
5000 0.412071
5100 0.414461
5200 0.456686
5300 0.510288
5400 0.466907
5500 0.500663
5600 0.485836
5700 0.472867
5800 0.382586
5900 0.462313
6000 0.382577
6100 0.400452
6200 0.39907
6300 0.43677
6400 0.397758
6500 0.438986
6600 0.412518
6700 0.425445
6800 0.358848
6900 0.390299
7000 0.309013
7100 0.366799
7200 0.386208
7300 0.34857
7400 0.349686
7500 0.357346
7600 0.396384
7700 0.375808
7800 0.302441
7900 0.277483
8000 0.278773
8100 0.223813
8200 0.232135
8300 0.27513
8400 0.233173
8500 0.18863
8600 0.215813
8700 0.217189
8800 0.228112
8900 0.222855
9000 0.192037
9100 0.210995
9200 0.195987
9300 0.169118
9400 0.191928
9500 0.160249
9600 0.140476
9700 0.131071
9800 0.166443
9900 0.157121
10000 0.167573
10100 0.18381
10200 0.151533
