0 1.56962e-19 9.84595e-23 0
100 4.70947e-19 1.63531e-22 1.18248e-25
200 7.85114e-19 2.67875e-22 5.91392e-26
300 1.09958e-18 4.32767e-22 3.94429e-26
400 1.41448e-18 6.89548e-22 2.95997e-26
500 1.72992e-18 1.08359e-21 2.36978e-26
600 2.04603e-18 1.67939e-21 1.97666e-26
700 2.36293e-18 2.56702e-21 1.69615e-26
800 2.68075e-18 3.86986e-21 1.48603e-26
900 2.99961e-18 5.75374e-21 1.32282e-26
1000 3.31963e-18 8.43712e-21 1.19246e-26
1100 3.64095e-18 1.22019e-20 1.086e-26
1200 3.9637e-18 1.7404e-20 9.97448e-27
1300 4.28799e-18 2.44828e-20 9.22685e-27
1400 4.61397e-18 3.39673e-20 8.58755e-27
1500 4.94176e-18 4.64783e-20 8.03493e-27
1600 5.2715e-18 6.27232e-20 7.55274e-27
1700 5.60333e-18 8.34825e-20 7.12857e-27
1800 5.93738e-18 1.09585e-19 6.75277e-27
1900 6.2738e-18 1.41872e-19 6.41771e-27
2000 6.61273e-18 1.81147e-19 6.1173e-27
2100 6.95432e-18 2.28115e-19 5.84661e-27
2200 7.29871e-18 2.83313e-19 5.60159e-27
2300 7.64606e-18 3.47031e-19 5.37891e-27
2400 7.99651e-18 4.19236e-19 5.1758e-27
2500 8.35024e-18 4.99502e-19 4.98992e-27
2600 8.70739e-18 5.86956e-19 4.81931e-27
2700 9.06813e-18 6.80241e-19 4.66227e-27
2800 9.43264e-18 7.77516e-19 4.51739e-27
2900 9.80108e-18 8.76485e-19 4.3834e-27
3000 1.01736e-17 9.74471e-19 4.25925e-27
3100 1.05505e-17 1.06852e-18 4.144e-27
3200 1.09318e-17 1.15554e-18 4.03683e-27
3300 1.13178e-17 1.23247e-18 3.93702e-27
3400 1.17087e-17 1.29645e-18 3.84395e-27
3500 1.21046e-17 1.34501e-18 3.75706e-27
3600 1.25058e-17 1.37622e-18 3.67584e-27
3700 1.29125e-17 1.38879e-18 3.59987e-27
3800 1.33249e-17 1.38222e-18 3.52874e-27
3900 1.37432e-17 1.35678e-18 3.46211e-27
4000 1.41677e-17 1.31352e-18 3.39965e-27
4100 1.45986e-17 1.25419e-18 3.34109e-27
4200 1.50361e-17 1.18112e-18 3.28616e-27
4300 1.54806e-17 1.09711e-18 3.23465e-27
4400 1.59322e-17 1.00521e-18 3.18633e-27
4500 1.63913e-17 9.08572e-19 3.14101e-27
4600 1.68581e-17 8.10309e-19 3.09854e-27
4700 1.7333e-17 7.13334e-19 3.05874e-27
4800 1.78161e-17 6.20272e-19 3.02148e-27
4900 1.8308e-17 5.33398e-19 2.98662e-27
5000 1.88087e-17 4.54632e-19 2.95406e-27
5100 1.93188e-17 3.85561e-19 2.92368e-27
5200 1.98385e-17 3.27519e-19 2.89538e-27
5300 2.03683e-17 2.81688e-19 2.86908e-27
5400 2.09084e-17 2.49228e-19 2.8447e-27
5500 2.14593e-17 2.31414e-19 2.82216e-27
5600 2.20214e-17 2.29782e-19 2.80138e-27
5700 2.25951e-17 2.46251e-19 2.78233e-27
5800 2.31809e-17 2.83232e-19 2.76493e-27
5900 2.37792e-17 3.43686e-19 2.74914e-27
6000 2.43904e-17 4.31135e-19 2.73491e-27
6100 2.50151e-17 5.49612e-19 2.7222e-27
6200 2.56538e-17 7.03528e-19 2.71099e-27
6300 2.63071e-17 8.97472e-19 2.70123e-27
6400 2.69754e-17 1.13592e-18 2.6929e-27
6500 2.76594e-17 1.42288e-18 2.68597e-27
6600 2.83597e-17 1.76147e-18 2.68043e-27
6700 2.90769e-17 2.1535e-18 2.67625e-27
6800 2.98117e-17 2.59898e-18 2.67343e-27
6900 3.05648e-17 3.09579e-18 2.67195e-27
7000 3.13369e-17 3.63931e-18 2.67181e-27
7100 3.21288e-17 4.2223e-18 2.673e-27
7200 3.29413e-17 4.83485e-18 2.67552e-27
7300 3.37751e-17 5.46465e-18 2.67938e-27
7400 3.46313e-17 6.09734e-18 2.68457e-27
7500 3.55106e-17 6.71721e-18 2.6911e-27
7600 3.64141e-17 7.30793e-18 2.69899e-27
7700 3.73427e-17 7.85356e-18 2.70825e-27
7800 3.82976e-17 8.33942e-18 2.71889e-27
7900 3.92798e-17 8.75314e-18 2.73094e-27
8000 4.02906e-17 9.08544e-18 2.74441e-27
8100 4.1331e-17 9.33078e-18 2.75933e-27
8200 4.24025e-17 9.48774e-18 2.77574e-27
8300 4.35063e-17 9.55915e-18 2.79365e-27
8400 4.4644e-17 9.5518e-18 2.81311e-27
8500 4.58169e-17 9.47598e-18 2.83416e-27
8600 4.70268e-17 9.34474e-18 2.85683e-27
8700 4.82752e-17 9.1729e-18 2.88118e-27
8800 4.95639e-17 8.97607e-18 2.90724e-27
8900 5.08948e-17 8.7696e-18 2.93509e-27
9000 5.22699e-17 8.56761e-18 2.96477e-27
9100 5.36912e-17 8.38221e-18 2.99634e-27
9200 5.5161e-17 8.22287e-18 3.02988e-27
9300 5.66814e-17 8.09608e-18 3.06545e-27
9400 5.82551e-17 8.00514e-18 3.10314e-27
9500 5.98845e-17 7.95033e-18 3.14301e-27
9600 6.15725e-17 7.92913e-18 3.18517e-27
9700 6.33219e-17 7.93669e-18 3.2297e-27
9800 6.51359e-17 7.96631e-18 3.27669e-27
9900 6.70176e-17 8.01007e-18 3.32627e-27
10000 6.89707e-17 8.05935e-18 3.37853e-27
10100 7.09987e-17 8.10541e-18 3.43359e-27
10200 7.31057e-17 8.13989e-18 3.49158e-27
