0 0 9.84595e-23 0
100 2.3531e-19 1.63531e-22 1.18248e-25
200 3.92289e-19 2.67875e-22 5.91392e-26
300 5.49357e-19 4.32767e-22 3.94429e-26
400 7.0655e-19 6.89548e-22 2.95997e-26
500 8.63876e-19 1.08359e-21 2.36978e-26
600 1.02134e-18 1.67939e-21 1.97666e-26
700 1.1789e-18 2.56702e-21 1.69615e-26
800 1.33651e-18 3.86986e-21 1.48603e-26
900 1.49405e-18 5.75374e-21 1.32282e-26
1000 1.65138e-18 8.43712e-21 1.19246e-26
1100 1.80827e-18 1.22019e-20 1.086e-26
1200 1.96445e-18 1.7404e-20 9.97448e-27
1300 2.11951e-18 2.44828e-20 9.22685e-27
1400 2.27302e-18 3.39673e-20 8.58755e-27
1500 2.4244e-18 4.64783e-20 8.03493e-27
1600 2.57303e-18 6.27232e-20 7.55274e-27
1700 2.71818e-18 8.34825e-20 7.12857e-27
1800 2.85911e-18 1.09585e-19 6.75277e-27
1900 2.99503e-18 1.41872e-19 6.41771e-27
2000 3.12522e-18 1.81147e-19 6.1173e-27
2100 3.24905e-18 2.28115e-19 5.84661e-27
2200 3.36604e-18 2.83313e-19 5.60159e-27
2300 3.476e-18 3.47031e-19 5.37891e-27
2400 3.57902e-18 4.19236e-19 5.1758e-27
2500 3.67562e-18 4.99502e-19 4.98992e-27
2600 3.76674e-18 5.86956e-19 4.81931e-27
2700 3.85382e-18 6.80241e-19 4.66227e-27
2800 3.9388e-18 7.77516e-19 4.51739e-27
2900 4.02406e-18 8.76485e-19 4.3834e-27
3000 4.11233e-18 9.74471e-19 4.25925e-27
3100 4.20673e-18 1.06852e-18 4.144e-27
3200 4.31036e-18 1.15554e-18 4.03683e-27
3300 4.42643e-18 1.23247e-18 3.93702e-27
3400 4.5579e-18 1.29645e-18 3.84395e-27
3500 4.70729e-18 1.34501e-18 3.75706e-27
3600 4.87668e-18 1.37622e-18 3.67584e-27
3700 5.06746e-18 1.38879e-18 3.59987e-27
3800 5.28023e-18 1.38222e-18 3.52874e-27
3900 5.51482e-18 1.35678e-18 3.46211e-27
4000 5.77033e-18 1.31352e-18 3.39965e-27
4100 6.04511e-18 1.25419e-18 3.34109e-27
4200 6.33693e-18 1.18112e-18 3.28616e-27
4300 6.64319e-18 1.09711e-18 3.23465e-27
4400 6.96089e-18 1.00521e-18 3.18633e-27
4500 7.28708e-18 9.08572e-19 3.14101e-27
4600 7.61874e-18 8.10309e-19 3.09854e-27
4700 7.95317e-18 7.13334e-19 3.05874e-27
4800 8.28778e-18 6.20272e-19 3.02148e-27
4900 8.6206e-18 5.33398e-19 2.98662e-27
5000 8.94972e-18 4.54632e-19 2.95406e-27
5100 9.27384e-18 3.85561e-19 2.92368e-27
5200 9.59173e-18 3.27519e-19 2.89538e-27
5300 9.90246e-18 2.81688e-19 2.86908e-27
5400 1.56147e-17 2.49228e-19 2.8447e-27
5500 1.44781e-17 2.31414e-19 2.82216e-27
5600 1.07809e-17 2.29782e-19 2.80138e-27
5700 1.29677e-17 2.46251e-19 2.78233e-27
5800 1.13072e-17 2.83232e-19 2.76493e-27
5900 1.95333e-17 3.43686e-19 2.74914e-27
6000 1.17641e-17 4.31135e-19 2.73491e-27
6100 1.19579e-17 5.49612e-19 2.7222e-27
6200 1.21234e-17 7.03528e-19 2.71099e-27
6300 1.74627e-17 8.97472e-19 2.70123e-27
6400 1.45895e-17 1.13592e-18 2.6929e-27
6500 2.15718e-17 1.42288e-18 2.68597e-27
6600 1.89337e-17 1.76147e-18 2.68043e-27
6700 2.53515e-17 2.1535e-18 2.67625e-27
6800 1.56198e-17 2.59898e-18 2.67343e-27
6900 2.1229e-17 3.09579e-18 2.67195e-27
7000 1.30538e-17 3.63931e-18 2.67181e-27
7100 2.0084e-17 4.2223e-18 2.673e-27
7200 2.50499e-17 4.83485e-18 2.67552e-27
7300 2.10854e-17 5.46465e-18 2.67938e-27
7400 2.40505e-17 6.09734e-18 2.68457e-27
7500 2.65026e-17 6.71721e-18 2.6911e-27
7600 4.07234e-17 7.30793e-18 2.69899e-27
7700 3.91323e-17 7.85356e-18 2.70825e-27
7800 2.23429e-17 8.33942e-18 2.71889e-27
7900 1.99574e-17 8.75314e-18 2.73094e-27
8000 2.22614e-17 9.08544e-18 2.74441e-27
8100 1.55867e-17 9.33078e-18 2.75933e-27
8200 1.93286e-17 9.48774e-18 2.77574e-27
8300 3.07564e-17 9.55915e-18 2.79365e-27
8400 2.27323e-17 9.5518e-18 2.81311e-27
8500 1.74392e-17 9.47598e-18 2.83416e-27
8600 2.40793e-17 9.34474e-18 2.85683e-27
8700 2.71336e-17 9.1729e-18 2.88118e-27
8800 3.40961e-17 8.97607e-18 2.90724e-27
8900 3.42486e-17 8.7696e-18 2.93509e-27
9000 2.84343e-17 8.56761e-18 2.96477e-27
9100 3.7414e-17 8.38221e-18 2.99634e-27
9200 3.57925e-17 8.22287e-18 3.02988e-27
9300 3.09924e-17 8.09608e-18 3.06545e-27
9400 4.14927e-17 8.00514e-18 3.10314e-27
9500 3.27841e-17 7.95033e-18 3.14301e-27
9600 2.9091e-17 7.92913e-18 3.18517e-27
9700 2.99027e-17 7.93669e-18 3.2297e-27
9800 4.53218e-17 7.96631e-18 3.27669e-27
9900 4.49148e-17 8.01007e-18 3.32627e-27
10000 5.4165e-17 8.05935e-18 3.37853e-27
10100 7.16465e-17 8.10541e-18 3.43359e-27
10200 5.47309e-17 8.13989e-18 3.49158e-27
