0 0 0
100 1.44167e-08 0
200 1.14817e-08 0
300 1.11203e-08 0
400 1.11535e-08 0
500 12735.1 12734.4
600 362.618 354.463
700 210.777 209.715
800 147.003 146.002
900 83.6305 83.0914
1000 50.3962 32.236
1100 24.0368 0
1200 16.8555 13.4389
1300 11.7252 2.60362
1400 10.5235 9.6821
1500 9.83866 8.52755
1600 5.59371 3.07835
1700 3.65612 2.19411
1800 2.98657 0.696934
1900 2.03068 0
2000 1.43603 0.0544151
2100 0.509686 0
2200 2.04887 0
2300 0.553478 0
2400 0.918396 0
2500 0.145685 0
2600 2.50332 0
2700 0.80481 0
2800 0.137914 0
2900 0.533214 0
3000 1.15235 0
3100 0.450983 0
3200 0.422263 0
3300 0.572007 0
3400 0.155704 0
3500 0.553077 0
3600 1.01961 0
3700 0.904882 0
3800 0.535312 0
3900 1.06601 0
4000 0.739321 0
4100 0.506803 0
4200 0.923869 0
4300 0.771997 0
4400 0.603563 0
4500 0.582178 0
4600 0.283088 0
4700 0.491465 0
4800 0.836944 0
4900 1.19045 0.251473
5000 0.783912 0
5100 0.721883 0
5200 0.962059 0.146356
5300 1.02442 0.451409
5400 1.39516 0.355252
5500 1.22768 0.4095
5600 0.89573 0.423015
5700 0.961089 0.417015
5800 0.642491 0.0237917
5900 1.20966 0.484308
6000 0.623673 0.159143
6100 0.630371 0.248122
6200 0.635449 0.315564
6300 0.913855 0.615458
6400 0.706087 0.594889
6500 1.0702 0.887315
6600 0.925745 0.838261
6700 1.24101 1.12281
6800 0.659252 0.739456
6900 0.93944 1.10355
7000 0.493989 0.669334
7100 0.90959 1.32571
7200 1.17441 1.71558
7300 0.899332 1.42687
7400 0.975932 1.68825
7500 1.1059 1.95886
7600 1.76084 2.93866
7700 1.70194 3.00704
7800 0.88659 1.95212
7900 0.683707 1.67487
8000 0.811321 2.14858
8100 0.409439 1.17584
8200 0.504029 1.64749
8300 1.0436 2.92407
8400 0.624725 2.01025
8500 0.313303 1.17475
8600 0.569556 2.10589
8700 0.654878 2.53933
8800 0.857113 3.23375
8900 0.817429 3.06136
9000 0.53301 2.4301
9100 0.800867 3.29738
9200 0.646921 3.09912
9300 0.449772 2.48392
9400 0.787571 3.72085
9500 0.444781 2.5228
9600 0.309009 1.90499
9700 0.262636 1.77351
9800 0.685771 3.97676
9900 0.625961 3.8574
10000 0.87071 4.77409
10100 1.35193 6.19089
10200 0.782292 4.85415
