0 0 nan
100 1.44167e-08 nan
200 1.14817e-08 nan
300 1.11203e-08 nan
400 1.11535e-08 nan
500 12735.1 nan
600 362.618 nan
700 210.777 nan
800 147.003 nan
900 83.6305 nan
1000 50.3962 nan
1100 24.0368 nan
1200 16.8555 nan
1300 11.7252 nan
1400 10.5235 nan
1500 9.83866 nan
1600 5.59371 nan
1700 3.65612 nan
1800 2.98657 nan
1900 2.03068 nan
2000 1.43603 nan
2100 0.509686 nan
2200 2.04887 nan
2300 0.553478 nan
2400 0.918396 0
2500 0.145685 0
2600 2.50332 0
2700 0.80481 0
2800 0.137914 0
2900 0.533214 0
3000 1.15235 0
3100 0.450983 0
3200 0.422263 0
3300 0.572007 0
3400 0.155704 0
3500 0.553077 0
3600 1.01961 0
3700 0.904882 0
3800 0.535312 0
3900 1.06601 0
4000 0.739321 0
4100 0.506803 0
4200 0.923869 0
4300 0.771997 0
4400 0.603563 0
4500 0.582178 0
4600 0.283088 0
4700 0.491465 0
4800 0.836944 0
4900 1.19045 0
5000 0.783912 0
5100 0.721883 0
5200 0.962059 0
5300 1.02442 0
5400 1.39516 0.682505
5500 1.22768 0.511401
5600 0.89573 0
5700 0.961089 0.255215
5800 0.642491 0
5900 1.20966 1.10102
6000 0.623673 0
6100 0.630371 0
6200 0.635449 0
6300 0.913855 0.766361
6400 0.706087 0.334593
6500 1.0702 1.39181
6600 0.925745 1.00465
6700 1.24101 2.02972
6800 0.659252 0.526326
6900 0.93944 1.4577
7000 0.493989 0.16758
7100 0.90959 1.36716
7200 1.17441 2.25647
7300 0.899332 1.64796
7400 0.975932 2.21854
7500 1.1059 2.70978
7600 1.76084 5.29566
7700 1.70194 5.09372
7800 0.88659 2.10181
7900 0.683707 1.67418
8000 0.811321 2.09364
8100 0.409439 0.804656
8200 0.504029 1.45889
8300 1.0436 3.59956
8400 0.624725 1.95508
8500 0.313303 0.795702
8600 0.569556 1.9913
8700 0.654878 2.47346
8800 0.857113 3.76044
8900 0.817429 3.65358
9000 0.53301 2.285
9100 0.800867 4.02904
9200 0.646921 3.53257
9300 0.449772 2.33528
9400 0.787571 4.47363
9500 0.444781 2.39536
9600 0.309009 1.39818
9700 0.262636 1.40019
9800 0.685771 4.74412
9900 0.625961 4.4909
10000 0.87071 6.48078
10100 1.35193 10.4423
10200 0.782292 6.27173
