0 0
100 0
200 0
300 0
400 0
500 1
600 0
700 0
800 0
900 0
1000 0
1100 0.902021
1200 0
1300 0
1400 0
1500 0
1600 0
1700 0
1800 0
1900 0
2000 0
2100 0.700493
2200 0
2300 0.661138
2400 0
2500 0
2600 0.603377
2700 0.585337
2800 0.568372
2900 0.55254
3000 0.537761
3100 0.523819
3200 0.510395
3300 0.497168
3400 0.483884
3500 0.470424
3600 0.456836
3700 0.443246
3800 0.429898
3900 0.417049
4000 0.404934
4100 0.393729
4200 0.383525
4300 0.374332
4400 0.366064
4500 0.400022
4600 0.404898
4700 0.409403
4800 0.413422
4900 0.416836
5000 0.41952
5100 0.421373
5200 0.422314
5300 0.422291
5400 0.528756
5500 0.500241
5600 0.416153
5700 0.452005
5800 0.406945
5900 0.505355
6000 0.375175
6100 0.385634
6200 0.368884
6300 0.454852
6400 0.369521
6500 0.468521
6600 0.426485
6700 0.496536
6800 0.340748
6900 0.413894
7000 0.27685
7100 0.368822
7200 0.398292
7300 0.35752
7400 0.373589
7500 0.381697
7600 0.462017
7700 0.43003
7800 0.304961
7900 0.276212
8000 0.269831
8100 0.209742
8200 0.22485
8300 0.287508
8400 0.232698
8500 0.180749
8600 0.211289
8700 0.211479
8800 0.230556
8900 0.233067
9000 0.186337
9100 0.221002
9200 0.200608
9300 0.164078
9400 0.198319
9500 0.156951
9600 0.13381
9700 0.125382
9800 0.172444
9900 0.162275
10000 0.182383
10100 0.218373
10200 0.161159
