0	 0	1	0	0	1
100	 0	0	0	nan	1
100	 0	0	0	nan	1
100	 -1	0	0	nan	1
100	 1	0	0	nan	1
100	 -2	0	0	nan	1
100	 2	0	0	nan	1
100	 -3	0	0	nan	1
100	 3	0	0	nan	1
100	 -4	0	0	nan	1
100	 4	0	0	nan	1
100	 -5	0	0	nan	1
100	 5	0	0	nan	1
200	 0	0	0	nan	1
200	 0	0	0	nan	1
200	 -1	0	0	nan	1
200	 1	0	0	nan	1
200	 -2	0	0	nan	1
200	 2	0	0	nan	1
200	 -3	0	0	nan	1
200	 3	0	0	nan	1
200	 -4	0	0	nan	1
200	 4	0	0	nan	1
200	 -5	0	0	nan	1
200	 5	0	0	nan	1
300	 0	0	0	nan	1
300	 0	0	0	nan	1
300	 -1	0	0	nan	1
300	 1	0	0	nan	1
300	 -2	0	0	nan	1
300	 2	0	0	nan	1
300	 -3	0	0	nan	1
300	 3	0	0	nan	1
300	 -4	0	0	nan	1
300	 4	0	0	nan	1
300	 -5	0	0	nan	1
300	 5	0	0	nan	1
400	 0	0	0	nan	1
400	 0	0	0	nan	1
400	 -1	0	0	nan	1
400	 1	0	0	nan	1
400	 -2	0	0	nan	1
400	 2	0	0	nan	1
400	 -3	0	0	nan	1
400	 3	0	0	nan	1
400	 -4	0	0	nan	1
400	 4	0	0	nan	1
400	 -5	0	0	nan	1
400	 5	0	0	nan	1
500	 0	0	0	nan	1
500	 0	0	0	nan	1
500	 -1	0	0	nan	1
500	 1	0	0	nan	1
500	 -2	0	0	nan	1
500	 2	1	7.40557e-13	7.40557e-13	1
500	 -3	0	0	nan	1
500	 3	0	0	nan	1
500	 -4	0	0	nan	1
500	 4	0	0	nan	1
500	 -5	0	0	nan	1
500	 5	0	0	nan	1
600	 0	0	0	nan	1
600	 0	0	0	nan	1
600	 -1	0	0	nan	1
600	 1	0	0	nan	1
600	 -2	0	0	nan	1
600	 2	0	0	nan	1
600	 -3	0	0	nan	1
600	 3	0	0	nan	1
600	 -4	0	0	nan	1
600	 4	0	0	nan	1
600	 -5	0	0	nan	1
600	 5	0	0	nan	1
700	 0	0	0	nan	1
700	 0	0	0	nan	1
700	 -1	0	0	nan	1
700	 1	0	0	nan	1
700	 -2	0	0	nan	1
700	 2	0	0	nan	1
700	 -3	0	0	nan	1
700	 3	0	0	nan	1
700	 -4	0	0	nan	1
700	 4	0	0	nan	1
700	 -5	0	0	nan	1
700	 5	0	0	nan	1
800	 0	0	0	nan	1
800	 0	0	0	nan	1
800	 -1	0	0	nan	1
800	 1	0	0	nan	1
800	 -2	0	0	nan	1
800	 2	0	0	nan	1
800	 -3	0	0	nan	1
800	 3	0	0	nan	1
800	 -4	0	0	nan	1
800	 4	0	0	nan	1
800	 -5	0	0	nan	1
800	 5	0	0	nan	1
900	 0	0	0	nan	1
900	 0	0	0	nan	1
900	 -1	0	0	nan	1
900	 1	0	0	nan	1
900	 -2	0	0	nan	1
900	 2	0	0	nan	1
900	 -3	0	0	nan	1
900	 3	0	0	nan	1
900	 -4	0	0	nan	1
900	 4	0	0	nan	1
900	 -5	0	0	nan	1
900	 5	0	0	nan	1
1000	 0	0	0	nan	1
1000	 0	0	0	nan	1
1000	 -1	0	0	nan	1
1000	 1	0	0	nan	1
1000	 -2	0	0	nan	1
1000	 2	0	0	nan	1
1000	 -3	0	0	nan	1
1000	 3	0	0	nan	1
1000	 -4	0	0	nan	1
1000	 4	0	0	nan	1
1000	 -5	0	0	nan	1
1000	 5	0	0	nan	1
1100	 0	0	0	nan	1
1100	 0	0	0	nan	1
1100	 -1	0	0	nan	1
1100	 1	0	0	nan	1
1100	 -2	0	0	nan	1
1100	 2	1	1.93899e-11	1.74901e-11	1
1100	 -3	0	0	nan	1
1100	 3	0	0	nan	1
1100	 -4	0	0	nan	1
1100	 4	0	0	nan	1
1100	 -5	0	0	nan	1
1100	 5	0	0	nan	1
1200	 0	0	0	nan	1
1200	 0	0	0	nan	1
1200	 -1	0	0	nan	1
1200	 1	0	0	nan	1
1200	 -2	0	0	nan	1
1200	 2	0	0	nan	1
1200	 -3	0	0	nan	1
1200	 3	0	0	nan	1
1200	 -4	0	0	nan	1
1200	 4	0	0	nan	1
1200	 -5	0	0	nan	1
1200	 5	0	0	nan	1
1300	 0	0	0	nan	1
1300	 0	0	0	nan	1
1300	 -1	0	0	nan	1
1300	 1	0	0	nan	1
1300	 -2	0	0	nan	1
1300	 2	0	0	nan	1
1300	 -3	0	0	nan	1
1300	 3	0	0	nan	1
1300	 -4	0	0	nan	1
1300	 4	0	0	nan	1
1300	 -5	0	0	nan	1
1300	 5	0	0	nan	1
1400	 0	0	0	nan	1
1400	 0	1	7.90697e-12	0	1
1400	 -1	0	0	nan	1
1400	 1	0	0	nan	1
1400	 -2	0	0	nan	1
1400	 2	0	0	nan	1
1400	 -3	0	0	nan	1
1400	 3	0	0	nan	1
1400	 -4	0	0	nan	1
1400	 4	1	7.90697e-12	0	1
1400	 -5	0	0	nan	1
1400	 5	0	0	nan	1
1500	 0	0	0	nan	1
1500	 0	0	0	nan	1
1500	 -1	0	0	nan	1
1500	 1	0	0	nan	1
1500	 -2	0	0	nan	1
1500	 2	0	0	nan	1
1500	 -3	0	0	nan	1
1500	 3	0	0	nan	1
1500	 -4	0	0	nan	1
1500	 4	0	0	nan	1
1500	 -5	0	0	nan	1
1500	 5	0	0	nan	1
1600	 0	0	0	nan	1
1600	 0	1	1.82306e-11	0	1
1600	 -1	0	0	nan	1
1600	 1	0	0	nan	1
1600	 -2	0	0	nan	1
1600	 2	0	0	nan	1
1600	 -3	0	0	nan	1
1600	 3	1	3.46279e-11	0	1
1600	 -4	0	0	nan	1
1600	 4	0	0	nan	1
1600	 -5	0	0	nan	1
1600	 5	0	0	nan	1
1700	 0	0	0	nan	1
1700	 0	0	0	nan	1
1700	 -1	0	0	nan	1
1700	 1	0	0	nan	1
1700	 -2	0	0	nan	1
1700	 2	0	0	nan	1
1700	 -3	0	0	nan	1
1700	 3	0	0	nan	1
1700	 -4	0	0	nan	1
1700	 4	0	0	nan	1
1700	 -5	0	0	nan	1
1700	 5	0	0	nan	1
1800	 0	0	0	nan	1
1800	 0	1	3.71094e-11	0	1
1800	 -1	0	0	nan	1
1800	 1	0	0	nan	1
1800	 -2	0	0	nan	1
1800	 2	0	0	nan	1
1800	 -3	0	0	nan	1
1800	 3	0	0	nan	1
1800	 -4	0	0	nan	1
1800	 4	0	0	nan	1
1800	 -5	0	0	nan	1
1800	 5	0	0	nan	1
1900	 0	0	0	nan	1
1900	 0	0	0	nan	1
1900	 -1	0	0	nan	1
1900	 1	0	0	nan	1
1900	 -2	0	0	nan	1
1900	 2	0	0	nan	1
1900	 -3	0	0	nan	1
1900	 3	0	0	nan	1
1900	 -4	0	0	nan	1
1900	 4	0	0	nan	1
1900	 -5	0	0	nan	1
1900	 5	0	0	nan	1
2000	 0	0	0	nan	1
2000	 0	0	0	nan	1
2000	 -1	0	0	nan	1
2000	 1	0	0	nan	1
2000	 -2	0	0	nan	1
2000	 2	0	0	nan	1
2000	 -3	0	0	nan	1
2000	 3	0	0	nan	1
2000	 -4	0	0	nan	1
2000	 4	0	0	nan	1
2000	 -5	0	0	nan	1
2000	 5	0	0	nan	1
2100	 0	0	0	nan	1
2100	 0	1	9.11208e-11	0	1
2100	 -1	1	4.92992e-08	3.00895e-08	1
2100	 1	0	0	nan	1
2100	 -2	0	0	nan	1
2100	 2	1	6.02667e-10	2.38781e-10	1
2100	 -3	0	0	nan	1
2100	 3	1	3.6108e-10	0	1
2100	 -4	0	0	nan	1
2100	 4	0	0	nan	1
2100	 -5	0	0	nan	1
2100	 5	0	0	nan	1
2200	 0	0	0	nan	1
2200	 0	0	0	nan	1
2200	 -1	0	0	nan	1
2200	 1	0	0	nan	1
2200	 -2	0	0	nan	1
2200	 2	0	0	nan	1
2200	 -3	0	0	nan	1
2200	 3	0	0	nan	1
2200	 -4	0	0	nan	1
2200	 4	0	0	nan	1
2200	 -5	0	0	nan	1
2200	 5	0	0	nan	1
2300	 0	0	0	nan	1
2300	 0	0	0	nan	1
2300	 -1	1	7.51447e-08	4.22925e-08	1
2300	 1	0	0	nan	1
2300	 -2	0	0	nan	1
2300	 2	0	0	nan	1
2300	 -3	0	0	nan	1
2300	 3	0	0	nan	1
2300	 -4	0	0	nan	1
2300	 4	0	0	nan	1
2300	 -5	0	0	nan	1
2300	 5	0	0	nan	1
2400	 0	0	0	nan	1
2400	 0	0	0	nan	1
2400	 -1	0	0	nan	1
2400	 1	0	0	nan	1
2400	 -2	0	0	nan	1
2400	 2	0	0	nan	1
2400	 -3	1	4.1866e-08	0	1
2400	 3	0	0	nan	1
2400	 -4	0	0	nan	1
2400	 4	0	0	nan	1
2400	 -5	0	0	nan	1
2400	 5	0	0	nan	1
2500	 0	0	0	nan	1
2500	 0	0	0	nan	1
2500	 -1	0	0	nan	1
2500	 1	0	0	nan	1
2500	 -2	0	0	nan	1
2500	 2	0	0	nan	1
2500	 -3	0	0	nan	1
2500	 3	0	0	nan	1
2500	 -4	0	0	nan	1
2500	 4	0	0	nan	1
2500	 -5	0	0	nan	1
2500	 5	0	0	nan	1
2600	 0	0.0411896	3.57209e-12	0	1
2600	 0	0.292653	1.65669e-09	0	1
2600	 -1	0.041355	2.84334e-06	1.60088e-06	1
2600	 1	0.293829	4.46657e-08	3.51101e-08	1
2600	 -2	0.0836804	5.40722e-07	0	1
2600	 2	0.594552	5.75246e-09	9.63079e-10	1
2600	 -3	0.0493692	1.01996e-06	0	1
2600	 3	0.35077	7.55753e-09	0	1
2600	 -4	0.0589413	1.31491e-07	0	1
2600	 4	0.41878	9.10687e-10	0	1
2600	 -5	0.0232187	2.19948e-07	0	1
2600	 5	0.16497	4.09524e-10	0	1
2700	 0	0.0557252	9.16497e-12	0	1
2700	 0	0.307755	2.49672e-09	0	1
2700	 -1	0.0561466	2.50352e-06	1.35101e-06	1
2700	 1	0.310082	5.65181e-08	4.31796e-08	1
2700	 -2	0.114414	4.89992e-07	0	1
2700	 2	0.631877	7.69873e-09	1.05873e-09	1
2700	 -3	0.0682188	9.24575e-07	0	1
2700	 3	0.376753	1.00581e-08	0	1
2700	 -4	0.082602	1.32704e-07	0	1
2700	 4	0.456188	1.1298e-09	0	1
2700	 -5	0.033118	2.11729e-07	0	1
2700	 5	0.182901	5.85587e-10	0	1
2800	 0	0.0741165	3.38755e-11	0	1
2800	 0	0.322445	3.78213e-09	0	1
2800	 -1	0.0749134	2.23203e-06	1.15419e-06	1
2800	 1	0.325912	7.08224e-08	5.23701e-08	1
2800	 -2	0.153626	4.48241e-07	0	1
2800	 2	0.66835	1.03082e-08	1.16325e-09	1
2800	 -3	0.0924717	8.46349e-07	0	1
2800	 3	0.402299	1.32999e-08	0	1
2800	 -4	0.113394	1.33352e-07	0	1
2800	 4	0.493322	1.45312e-09	0	1
2800	 -5	0.0461885	2.03636e-07	0	1
2800	 5	0.200943	8.33621e-10	0	1
2900	 0	0.0966979	1.08268e-10	0	1
2900	 0	0.336714	5.65585e-09	0	1
2900	 -1	0.0980178	2.02034e-06	1.00128e-06	1
2900	 1	0.341309	8.78655e-08	6.26311e-08	1
2900	 -2	0.20216	4.15107e-07	0	1
2900	 2	0.703944	1.37507e-08	1.27721e-09	1
2900	 -3	0.122735	7.8438e-07	0	1
2900	 3	0.427379	1.74597e-08	0	1
2900	 -4	0.152238	1.34119e-07	0	1
2900	 4	0.530111	1.93072e-09	0	1
2900	 -5	0.0629046	1.9663e-07	0	1
2900	 5	0.219041	1.18496e-09	0	1
3000	 0	0.123581	2.71963e-10	0	1
3000	 0	0.350822	8.27073e-09	0	1
3000	 -1	0.125595	1.86007e-06	8.84055e-07	1
3000	 1	0.356539	1.07832e-07	7.37947e-08	1
3000	 -2	0.260392	3.89969e-07	0	1
3000	 2	0.739201	1.81997e-08	1.40016e-09	1
3000	 -3	0.159331	7.3739e-07	0	1
3000	 3	0.45231	2.27196e-08	0	1
3000	 -4	0.199704	1.35545e-07	0	1
3000	 4	0.56692	2.6241e-09	0	1
3000	 -5	0.0836011	1.91338e-07	0	1
3000	 5	0.237327	1.68343e-09	0	1
3100	 0	0.154647	5.70214e-10	0	1
3100	 0	0.36531	1.17775e-08	0	1
3100	 -1	0.157544	1.74339e-06	7.95478e-07	1
3100	 1	0.372152	1.30726e-07	8.55355e-08	1
3100	 -2	0.328197	3.72052e-07	0	1
3100	 2	0.775272	2.38117e-08	1.53029e-09	1
3100	 -3	0.202267	7.0386e-07	0	1
3100	 3	0.477797	2.92443e-08	0	1
3100	 -4	0.255956	1.38011e-07	0	1
3100	 4	0.604624	3.60562e-09	0	1
3100	 -5	0.108439	1.88097e-07	0	1
3100	 5	0.256156	2.38675e-09	0	1
3200	 0	0.189604	1.05377e-09	0	1
3200	 0	0.380944	1.63068e-08	0	1
3200	 -1	0.193582	1.58003e-06	7.29624e-07	1
3200	 1	0.388936	1.56304e-07	9.73547e-08	1
3200	 -2	0.405054	3.20775e-07	0	1
3200	 2	0.813816	3.06997e-08	1.66442e-09	1
3200	 -3	0.25129	6.18102e-07	0	1
3200	 3	0.504881	3.71531e-08	0	1
3200	 -4	0.320811	1.41751e-07	0	1
3200	 4	0.644559	4.95587e-09	0	1
3200	 -5	0.137423	1.87022e-07	0	1
3200	 5	0.276103	3.36619e-09	0	1
3300	 0	0.228092	1.78005e-09	0	1
3300	 0	0.398613	2.19489e-08	0	1
3300	 -1	0.233353	1.53006e-06	6.81681e-07	1
3300	 1	0.407808	1.84049e-07	1.08608e-07	1
3300	 -2	0.490272	3.14935e-07	0	1
3300	 2	0.856799	3.89079e-08	1.79829e-09	1
3300	 -3	0.306028	6.07252e-07	0	1
3300	 3	0.534815	4.64935e-08	0	1
3300	 -4	0.393898	1.46876e-07	0	1
3300	 4	0.688376	6.75904e-09	0	1
3300	 -5	0.170463	1.88084e-07	0	1
3300	 5	0.297901	4.70389e-09	0	1
3400	 0	0.269799	2.81399e-09	0	1
3400	 0	0.419224	2.87376e-08	0	1
3400	 -1	0.276548	1.50428e-06	6.47785e-07	1
3400	 1	0.42971	2.13219e-07	1.18582e-07	1
3400	 -2	0.583236	3.13529e-07	0	1
3400	 2	0.906252	4.83961e-08	1.92718e-09	1
3400	 -3	0.366138	6.04532e-07	0	1
3400	 3	0.568919	5.72271e-08	0	1
3400	 -4	0.474864	1.53406e-07	0	1
3400	 4	0.73786	9.09695e-09	0	1
3400	 -5	0.207464	1.9116e-07	0	1
3400	 5	0.322365	6.48796e-09	0	1
3500	 0	0.314553	4.22764e-09	0	1
3500	 0	0.443611	3.66453e-08	0	1
3500	 -1	0.322994	1.44844e-06	6.24858e-07	1
3500	 1	0.455515	2.42945e-07	1.26598e-07	1
3500	 -2	0.683611	3.15937e-07	0	1
3500	 2	0.964091	5.90418e-08	2.04678e-09	1
3500	 -3	0.431442	5.71385e-07	0	1
3500	 3	0.608459	6.92325e-08	0	1
3500	 -4	0.563546	1.32723e-07	0	1
3500	 4	0.794764	1.20434e-08	0	1
3500	 -5	0.248403	1.31266e-07	0	1
3500	 5	0.350321	8.80626e-09	0	1
3600	 0	0.362363	6.09867e-09	0	1
3600	 0	0.472503	4.5588e-08	0	1
3600	 -1	0.372706	1.4563e-06	6.10472e-07	1
3600	 1	0.48599	2.72366e-07	1.32119e-07	1
3600	 -2	0.791453	3.21643e-07	0	1
3600	 2	1.03202	7.06577e-08	2.15369e-09	1.18556
3600	 -3	0.502001	5.80007e-07	0	1
3600	 3	0.654585	8.23251e-08	0	1
3600	 -4	0.660086	1.41016e-07	0	1
3600	 4	0.860721	1.56602e-08	0	1
3600	 -5	0.293386	1.36449e-07	0	1
3600	 5	0.382562	1.174e-08	0	1
3700	 0	0.413429	8.50775e-09	0	1
3700	 0	0.506522	5.54413e-08	0	1
3700	 -1	0.425894	1.43923e-06	6.0269e-07	1
3700	 1	0.521794	3.00749e-07	1.34816e-07	1
3700	 -2	0.907232	3.12474e-07	0	1
3700	 2	1.11152	8.3019e-08	2.24584e-09	1.23114
3700	 -3	0.578142	5.65578e-07	0	1
3700	 3	0.708324	9.62863e-08	0	1
3700	 -4	0.764972	1.29313e-07	0	1
3700	 4	0.937223	1.99946e-08	0	1
3700	 -5	0.342672	1.42888e-07	0	1
3700	 5	0.419833	1.53587e-08	0	1
3800	 0	0.468122	1.15355e-08	0	1
3800	 0	0.54621	6.60576e-08	0	1
3800	 -1	0.482947	1.46796e-06	5.99934e-07	1
3800	 1	0.563509	3.27559e-07	1.34594e-07	1
3800	 -2	1.0318	3.22501e-07	0	1
3800	 2	1.20392	9.58925e-08	2.32242e-09	1.27995
3800	 -3	0.660437	5.81546e-07	0	1
3800	 3	0.770606	1.10892e-07	0	1
3800	 -4	0.879026	1.38574e-07	0	1
3800	 4	1.02566	2.50784e-08	0	1
3800	 -5	0.396675	1.5052e-07	0	1
3800	 5	0.462845	1.97159e-08	0	1
3900	 0	0.526955	1.52591e-08	0	1
3900	 0	0.592075	7.72816e-08	0	1
3900	 -1	0.544401	1.47538e-06	6.00906e-07	1
3900	 1	0.611677	3.52494e-07	1.31577e-07	1
3900	 -2	1.16634	3.34759e-07	0	1
3900	 2	1.31047	1.09059e-07	2.38362e-09	1.33152
3900	 -3	0.749675	6.01046e-07	0	1
3900	 3	0.842318	1.25936e-07	0	1
3900	 -4	1.00337	1.48704e-07	0	1
3900	 4	1.12737	3.09281e-08	0	1
3900	 -5	0.45595	1.59301e-07	0	1
3900	 5	0.512296	2.48476e-08	0	1
4000	 0	0.590556	1.97488e-08	0	1
4000	 0	0.64462	8.89623e-08	0	1
4000	 -1	0.610912	1.51674e-06	6.04508e-07	1
4000	 1	0.66684	3.7546e-07	1.26065e-07	1
4000	 -2	1.31229	3.49042e-07	0	1
4000	 2	1.43243	1.22331e-07	2.43031e-09	1.38539
4000	 -3	0.84683	6.2366e-07	0	1
4000	 3	0.924356	1.41243e-07	0	1
4000	 -4	1.1394	1.59648e-07	0	1
4000	 4	1.24371	3.75447e-08	0	1
4000	 -5	0.521188	1.69205e-07	0	1
4000	 5	0.568902	3.0771e-08	0	1
4100	 0	0.659646	2.50645e-08	0	1
4100	 0	0.704384	1.00959e-07	0	1
4100	 -1	0.683239	1.56321e-06	6.09794e-07	1
4100	 1	0.729577	3.9654e-07	1.18479e-07	1
4100	 -2	1.47133	3.6518e-07	0	1
4100	 2	1.57112	1.35558e-07	2.46376e-09	1.44113
4100	 -3	0.953032	6.49059e-07	0	1
4100	 3	1.01767	1.56679e-07	0	1
4100	 -4	1.28873	1.71364e-07	0	1
4100	 4	1.37613	4.49136e-08	0	1
4100	 -5	0.593196	1.80222e-07	0	1
4100	 5	0.633427	3.74858e-08	0	1
4200	 0	0.735033	3.12525e-08	0	1
4200	 0	0.771963	9.22912e-08	0	1
4200	 -1	0.762228	1.57134e-06	6.15945e-07	1
4200	 1	0.800525	3.95833e-07	1.09312e-07	1
4200	 -2	1.64534	3.63449e-07	0	1
4200	 2	1.72801	1.39313e-07	2.48536e-09	1.49835
4200	 -3	1.06956	6.46858e-07	0	1
4200	 3	1.1233	1.72152e-07	0	1
4200	 -4	1.4532	1.72739e-07	0	1
4200	 4	1.52622	5.30053e-08	0	1
4200	 -5	0.672897	1.92355e-07	0	1
4200	 5	0.706706	4.49758e-08	0	1
4300	 0	0.817599	3.83423e-08	0	1
4300	 0	0.848031	1.02511e-07	0	1
4300	 -1	0.848812	1.62104e-06	6.22258e-07	1
4300	 1	0.880405	4.11903e-07	9.90772e-08	1
4300	 -2	1.8364	3.81252e-07	0	1
4300	 2	1.90476	1.51282e-07	2.49649e-09	1.55676
4300	 -3	1.19783	6.74689e-07	0	1
4300	 3	1.24241	1.8761e-07	0	1
4300	 -4	1.63488	1.85106e-07	0	1
4300	 4	1.69573	6.17768e-08	0	1
4300	 -5	0.761329	2.05612e-07	0	1
4300	 5	0.789666	5.32121e-08	0	1
4400	 0	0.908311	4.63437e-08	0	1
4400	 0	0.933357	9.55227e-08	0	1
4400	 -1	0.944008	1.6727e-06	6.28126e-07	1
4400	 1	0.970038	4.10379e-07	8.82725e-08	1
4400	 -2	2.04679	4.00476e-07	0	1
4400	 2	2.10323	1.55374e-07	2.49843e-09	1.61611
4400	 -3	1.3394	7.04596e-07	0	1
4400	 3	1.37633	2.03044e-07	0	1
4400	 -4	1.83604	1.98195e-07	0	1
4400	 4	1.88667	7.11733e-08	0	1
4400	 -5	0.859647	2.2e-07	0	1
4400	 5	0.883351	6.21579e-08	0	1
4500	 0	1.00822	5.52442e-08	0	1
4500	 0	1.02882	1.04143e-07	0	1
4500	 -1	1.04893	1.72557e-06	6.33059e-07	1.19556
4500	 1	1.07036	4.23271e-07	7.73514e-08	1.208
4500	 -2	2.27899	4.20972e-07	0	1
4500	 2	2.32555	1.5929e-07	2.49234e-09	1.6762
4500	 -3	1.49599	7.36375e-07	0	1
4500	 3	1.52655	2.0793e-07	0	1
4500	 -4	2.05921	2.12009e-07	0	1
4500	 4	2.10127	7.34692e-08	0	1
4500	 -5	0.969136	2.35526e-07	0	1
4500	 5	0.988933	7.17728e-08	0	1
4600	 0	1.11848	6.50077e-08	0	1
4600	 0	1.13541	1.12761e-07	0	1
4600	 -1	1.16479	1.77896e-06	6.3666e-07	1.25979
4600	 1	1.18242	4.35925e-07	6.6704e-08	1.26896
4600	 -2	2.53575	4.42576e-07	0	1
4600	 2	2.57412	1.69363e-07	2.47923e-09	1.73691
4600	 -3	1.66949	7.6981e-07	0	1
4600	 3	1.69475	2.22504e-07	0	1
4600	 -4	2.30715	2.26548e-07	0	1
4600	 4	2.34207	8.32887e-08	0	1
4600	 -5	1.09122	2.52178e-07	0	1
4600	 5	1.10774	8.20184e-08	0	1
4700	 0	1.24035	7.17591e-08	0	1
4700	 0	1.25425	1.20847e-07	0	1
4700	 -1	1.29294	1.8176e-06	6.38641e-07	1.32334
4700	 1	1.30743	4.46636e-07	5.66459e-08	1.33011
4700	 -2	2.82007	4.58035e-07	0	1
4700	 2	2.85168	1.784e-07	2.45998e-09	1.79811
4700	 -3	1.86198	7.92884e-07	0	1
4700	 3	1.88285	2.35609e-07	0	1
4700	 -4	2.58297	2.35983e-07	0	1
4700	 4	2.61192	9.27492e-08	0	1
4700	 -5	1.2275	2.62277e-07	0	1
4700	 5	1.24126	9.17976e-08	0	1
4800	 0	1.3752	7.90743e-08	0	1
4800	 0	1.38662	1.28784e-07	0	1
4800	 -1	1.43482	1.85509e-06	6.388e-07	1.3864
4800	 1	1.44673	4.57107e-07	4.74151e-08	1.39139
4800	 -2	3.13525	4.73928e-07	0	1
4800	 2	3.16129	1.87168e-07	2.43535e-09	1.85972
4800	 -3	2.07575	8.16613e-07	0	1
4800	 3	2.09299	2.48461e-07	0	1
4800	 -4	2.89005	2.45838e-07	0	1
4800	 4	2.91405	1.02332e-07	0	1
4800	 -5	1.37971	2.7307e-07	0	1
4800	 5	1.39117	1.018e-07	0	1
4900	 0	1.52457	8.68728e-08	0	1
4900	 0	1.53395	1.36588e-07	0	1
4900	 -1	1.59206	2.05343e-06	7.99362e-07	1.4491
4900	 1	1.60186	4.67526e-07	3.91757e-08	1.45279
4900	 -2	3.48495	4.90108e-07	0	1
4900	 2	3.50639	1.95734e-07	2.40603e-09	1.92163
4900	 -3	2.31336	8.40845e-07	0	1
4900	 3	2.32759	2.61113e-07	0	1
4900	 -4	3.23218	2.56144e-07	0	1
4900	 4	3.25207	1.11947e-07	0	1
4900	 -5	1.54983	2.84565e-07	0	1
4900	 5	1.55936	1.11966e-07	0	1
5000	 0	1.69014	9.50565e-08	0	1
5000	 0	1.69785	1.44294e-07	0	1
5000	 -1	1.76645	1.92535e-06	6.33313e-07	1.51156
5000	 1	1.7745	4.78065e-07	3.20254e-08	1.51429
5000	 -2	3.87321	5.06423e-07	0	1
5000	 2	3.89086	2.04177e-07	2.3726e-09	1.98377
5000	 -3	2.57761	8.65421e-07	0	1
5000	 3	2.58936	2.7364e-07	0	1
5000	 -4	3.61356	2.66921e-07	0	1
5000	 4	3.63004	1.21522e-07	0	1
5000	 -5	1.74003	2.96748e-07	0	1
5000	 5	1.74796	1.22256e-07	0	1
5100	 0	1.87377	1.03512e-07	0	1
5100	 0	1.88009	1.51954e-07	0	1
5100	 -1	1.95995	1.95761e-06	6.2766e-07	1.57387
5100	 1	1.96657	4.8889e-07	2.60072e-08	1.57589
5100	 -2	4.30449	5.22719e-07	0	1
5100	 2	4.31903	2.12589e-07	2.33558e-09	2.04603
5100	 -3	2.87162	8.90165e-07	0	1
5100	 3	2.88132	2.86136e-07	0	1
5100	 -4	4.03886	2.78161e-07	0	1
5100	 4	4.0525	1.31007e-07	0	1
5100	 -5	1.95274	3.09579e-07	0	1
5100	 5	1.95934	1.32659e-07	0	1
5200	 0	2.0775	1.12115e-07	0	1
5200	 0	2.0827	1.59631e-07	0	1
5200	 -1	2.17477	2.06555e-06	6.98033e-07	1.63612
5200	 1	2.18021	5.00175e-07	2.11227e-08	1.63761
5200	 -2	4.78377	5.3884e-07	0	1
5200	 2	4.79573	2.21065e-07	2.29545e-09	2.10831
5200	 -3	3.19888	9.14896e-07	0	1
5200	 3	3.20688	2.98713e-07	0	1
5200	 -4	4.51327	2.89835e-07	0	1
5200	 4	4.52456	1.4038e-07	0	1
5200	 -5	2.19069	3.22984e-07	0	1
5200	 5	2.19617	1.43185e-07	0	1
5300	 0	2.30364	1.20737e-07	0	1
5300	 0	2.30791	1.67395e-07	0	1
5300	 -1	2.41332	2.24017e-06	8.35772e-07	1.69835
5300	 1	2.41779	5.121e-07	1.73451e-08	1.69946
5300	 -2	5.31655	5.54631e-07	0	1
5300	 2	5.3264	2.29701e-07	2.25263e-09	2.17047
5300	 -3	3.56323	9.39413e-07	0	1
5300	 3	3.56983	3.11498e-07	0	1
5300	 -4	5.04258	3.01891e-07	0	1
5300	 4	5.05192	1.4964e-07	0	1
5300	 -5	2.45689	3.36868e-07	0	1
5300	 5	2.46144	1.53868e-07	0	1
5400	 0	2.55471	1.29254e-07	0	1
5400	 0	2.55822	1.75314e-07	0	1
5400	 -1	2.6783	2.30233e-06	7.65525e-07	1.76063
5400	 1	2.68198	5.24855e-07	1.46326e-08	1.76145
5400	 -2	5.90894	6.1369e-07	0	1
5400	 2	5.91706	2.38591e-07	2.20749e-09	2.23233
5400	 -3	3.96896	1.02864e-06	0	1
5400	 3	3.97441	3.24618e-07	0	1
5400	 -4	5.63322	3.14252e-07	0	1
5400	 4	5.64095	1.58811e-07	0	1
5400	 -5	2.75473	3.5112e-07	0	1
5400	 5	2.75851	1.64753e-07	0	1
5500	 0	2.83353	1.37554e-07	0	1
5500	 0	2.83642	1.83446e-07	0	1
5500	 -1	2.97272	2.24084e-06	7.65913e-07	1.82296
5500	 1	2.97574	5.38629e-07	1.29385e-08	1.82357
5500	 -2	6.56777	5.8468e-07	0	1
5500	 2	6.57445	2.47813e-07	2.1604e-09	2.29372
5500	 -3	4.42086	9.87051e-07	0	1
5500	 3	4.42535	3.38196e-07	0	1
5500	 -4	6.29239	3.26832e-07	0	1
5500	 4	6.29879	1.67928e-07	0	1
5500	 -5	3.08797	3.65621e-07	0	1
5500	 5	3.09111	1.75891e-07	0	1
5600	 0	3.14323	1.45547e-07	0	1
5600	 0	3.1456	1.9183e-07	0	1
5600	 -1	3.29989	2.25378e-06	7.45814e-07	1.88536
5600	 1	3.30237	5.53605e-07	1.22195e-08	1.88581
5600	 -2	7.30059	5.98703e-07	0	1
5600	 2	7.30609	2.57428e-07	2.11168e-09	2.35439
5600	 -3	4.92424	1.00982e-06	0	1
5600	 3	4.92795	3.52339e-07	0	1
5600	 -4	7.02809	3.39535e-07	0	1
5600	 4	7.03339	1.77038e-07	0	1
5600	 -5	3.46085	3.80259e-07	0	1
5600	 5	3.46345	1.87327e-07	0	1
5700	 0	3.48729	1.53166e-07	0	1
5700	 0	3.48924	2.00483e-07	0	1
5700	 -1	3.66352	2.30234e-06	7.16944e-07	1.94782
5700	 1	3.66556	5.69948e-07	1.24412e-08	1.94815
5700	 -2	8.11585	6.32813e-07	0	1
5700	 2	8.12037	2.67476e-07	2.06161e-09	2.41409
5700	 -3	5.48502	1.06256e-06	0	1
5700	 3	5.48809	3.67129e-07	0	1
5700	 -4	7.84928	3.52269e-07	0	1
5700	 4	7.85366	1.86184e-07	0	1
5700	 -5	3.87806	3.9493e-07	0	1
5700	 5	3.88023	1.99095e-07	0	1
5800	 0	3.86957	1.60377e-07	0	1
5800	 0	3.87117	2.09395e-07	0	1
5800	 -1	4.06773	2.25253e-06	5.50782e-07	2.0103
5800	 1	4.06941	5.87801e-07	1.35799e-08	2.01054
5800	 -2	9.0229	6.84498e-07	0	1
5800	 2	9.02663	2.77973e-07	2.01047e-09	2.47251
5800	 -3	6.10982	1.14136e-06	0	1
5800	 3	6.11235	3.82622e-07	0	1
5800	 -4	8.76591	3.64944e-07	0	1
5800	 4	8.76953	1.95407e-07	0	1
5800	 -5	4.34489	4.09549e-07	0	1
5800	 5	4.34668	2.11209e-07	0	1
5900	 0	4.29438	1.67175e-07	0	1
5900	 0	4.29569	2.1853e-07	0	1
5900	 -1	4.51711	2.37813e-06	6.84704e-07	2.07273
5900	 1	4.51849	6.07275e-07	1.56216e-08	2.07292
5900	 -2	10.0322	6.80082e-07	0	1
5900	 2	10.0353	2.88912e-07	1.95852e-09	2.52932
5900	 -3	6.80599	1.13744e-06	0	1
5900	 3	6.80808	3.98844e-07	0	1
5900	 -4	9.78911	3.77486e-07	0	1
5900	 4	9.79211	2.04738e-07	0	1
5900	 -5	4.8672	4.24053e-07	0	1
5900	 5	4.86869	2.23665e-07	0	1
6000	 0	4.7665	1.73585e-07	0	1
6000	 0	4.76758	2.27823e-07	0	1
6000	 -1	5.01675	2.33249e-06	5.55389e-07	2.13504
6000	 1	5.01789	6.28444e-07	1.85586e-08	2.13517
6000	 -2	11.1554	7.17252e-07	0	1
6000	 2	11.1579	3.00266e-07	1.90597e-09	2.58415
6000	 -3	7.58174	1.19492e-06	0	1
6000	 3	7.58346	4.15796e-07	0	1
6000	 -4	10.9313	3.89832e-07	0	1
6000	 4	10.9338	2.14193e-07	0	1
6000	 -5	5.45159	4.38397e-07	0	1
6000	 5	5.45283	2.3644e-07	0	1
6100	 0	5.29126	1.79655e-07	0	1
6100	 0	5.29214	2.37191e-07	0	1
6100	 -1	5.57234	2.30207e-06	5.58004e-07	2.19708
6100	 1	5.57328	6.51345e-07	2.23839e-08	2.19718
6100	 -2	12.4054	7.02144e-07	0	1
6100	 2	12.4075	3.11992e-07	1.85305e-09	2.63663
6100	 -3	8.44619	1.17556e-06	0	1
6100	 3	8.44761	4.33458e-07	0	1
6100	 -4	12.2064	4.01936e-07	0	1
6100	 4	12.2084	2.2378e-07	0	1
6100	 -5	6.10541	4.52557e-07	0	1
6100	 5	6.10644	2.49491e-07	0	1
6200	 0	5.87458	1.85453e-07	0	1
6200	 0	5.87531	2.46536e-07	0	1
6200	 -1	6.19019	2.30635e-06	5.50636e-07	2.25871
6200	 1	6.19096	6.7597e-07	2.70831e-08	2.25878
6200	 -2	13.7966	7.07399e-07	0	1
6200	 2	13.7984	3.24036e-07	1.79994e-09	2.68635
6200	 -3	9.40955	1.18622e-06	0	1
6200	 3	9.41073	4.5179e-07	0	1
6200	 -4	13.6297	4.13761e-07	0	1
6200	 4	13.6314	2.33491e-07	0	1
6200	 -5	6.83688	4.66519e-07	0	1
6200	 5	6.83773	2.62766e-07	0	1
6300	 0	6.52307	1.91057e-07	0	1
6300	 0	6.52367	2.55751e-07	0	1
6300	 -1	6.87734	2.34432e-06	5.97636e-07	2.31973
6300	 1	6.87798	7.02276e-07	3.26274e-08	2.31978
6300	 -2	15.3452	6.86841e-07	0	1
6300	 2	15.3466	3.36338e-07	1.74683e-09	2.73295
6300	 -3	10.4832	1.18374e-06	0	1
6300	 3	10.4842	4.70745e-07	0	1
6300	 -4	15.2187	4.4227e-07	0	1
6300	 4	15.2201	2.43312e-07	0	1
6300	 -5	7.65519	5.14042e-07	0	1
6300	 5	7.6559	2.76205e-07	0	1
6400	 0	7.24406	1.96549e-07	0	1
6400	 0	7.24456	2.64728e-07	0	1
6400	 -1	7.64163	2.42028e-06	5.60206e-07	2.37991
6400	 1	7.64215	7.30173e-07	3.89647e-08	2.37995
6400	 -2	17.069	7.55098e-07	0	1
6400	 2	17.0702	3.48841e-07	1.69387e-09	2.77606
6400	 -3	11.6798	1.26182e-06	0	1
6400	 3	11.6806	4.90271e-07	0	1
6400	 -4	16.9926	4.36505e-07	0	1
6400	 4	16.9937	2.53218e-07	0	1
6400	 -5	8.57062	4.93852e-07	0	1
6400	 5	8.5712	2.89746e-07	0	1
6500	 0	8.04574	2.02008e-07	0	1
6500	 0	8.04615	2.73366e-07	0	1
6500	 -1	8.49178	2.40915e-06	5.90197e-07	2.43897
6500	 1	8.49221	7.59536e-07	4.60137e-08	2.439
6500	 -2	18.988	7.37648e-07	0	1
6500	 2	18.9889	3.61487e-07	1.64122e-09	2.81537
6500	 -3	13.0134	1.23909e-06	0	1
6500	 3	13.0141	5.10315e-07	0	1
6500	 -4	18.9728	4.61025e-07	0	1
6500	 4	18.9738	2.63186e-07	0	1
6500	 -5	9.59464	5.07227e-07	0	1
6500	 5	9.59513	3.03331e-07	0	1
6600	 0	8.93719	2.07503e-07	0	1
6600	 0	8.93753	2.81579e-07	0	1
6600	 -1	9.43749	2.3779e-06	5.43908e-07	2.49661
6600	 1	9.43785	7.90202e-07	5.3658e-08	2.49663
6600	 -2	21.1243	7.37652e-07	0	1
6600	 2	21.1251	3.74228e-07	1.589e-09	2.85063
6600	 -3	14.4999	1.25343e-06	0	1
6600	 3	14.5004	5.3083e-07	0	1
6600	 -4	21.1834	4.65976e-07	0	1
6600	 4	21.1842	2.73187e-07	0	1
6600	 -5	10.7401	5.36176e-07	0	1
6600	 5	10.7405	3.1691e-07	0	1
6700	 0	9.92856	2.1309e-07	0	1
6700	 0	9.92883	2.89295e-07	0	1
6700	 -1	10.4896	2.46715e-06	5.60774e-07	2.55248
6700	 1	10.4899	8.2197e-07	6.17444e-08	2.5525
6700	 -2	23.5028	7.45525e-07	0	1
6700	 2	23.5035	3.87024e-07	1.53734e-09	2.88166
6700	 -3	16.1567	1.28928e-06	0	1
6700	 3	16.1571	5.51775e-07	0	1
6700	 -4	23.6513	4.91178e-07	0	1
6700	 4	23.6519	2.832e-07	0	1
6700	 -5	12.0214	5.78523e-07	0	1
6700	 5	12.0217	3.30444e-07	0	1
6800	 0	11.0311	2.18805e-07	0	1
6800	 0	11.0313	2.96465e-07	0	1
6800	 -1	11.6601	2.38196e-06	4.57385e-07	2.60623
6800	 1	11.6604	8.54612e-07	7.00837e-08	2.60624
6800	 -2	26.151	7.72716e-07	0	1
6800	 2	26.1515	3.99845e-07	1.48633e-09	2.90842
6800	 -3	18.0035	1.32209e-06	0	1
6800	 3	18.0039	5.73117e-07	0	1
6800	 -4	26.4063	5.01352e-07	0	1
6800	 4	26.4068	2.93206e-07	0	1
6800	 -5	13.4544	5.79073e-07	0	1
6800	 5	13.4547	3.43908e-07	0	1
6900	 0	12.2574	2.24669e-07	0	1
6900	 0	12.2576	3.03057e-07	0	1
6900	 -1	12.9625	2.38499e-06	4.8233e-07	2.65747
6900	 1	12.9627	8.87867e-07	7.84553e-08	2.65748
6900	 -2	29.0997	7.63951e-07	0	1
6900	 2	29.1001	4.12667e-07	1.43608e-09	2.93095
6900	 -3	20.0621	1.31318e-06	0	1
6900	 3	20.0624	5.94828e-07	0	1
6900	 -4	29.4818	5.24111e-07	0	1
6900	 4	29.4822	3.03195e-07	0	1
6900	 -5	15.0573	5.93814e-07	0	1
6900	 5	15.0575	3.57288e-07	0	1
7000	 0	13.6214	2.30683e-07	0	1
7000	 0	13.6216	3.28034e-07	0	1
7000	 -1	14.4117	2.40184e-06	3.837e-07	2.70582
7000	 1	14.4119	9.3939e-07	8.66149e-08	2.70582
7000	 -2	32.3831	8.13379e-07	0	1
7000	 2	32.3834	4.33454e-07	1.38667e-09	2.94943
7000	 -3	22.3569	1.38553e-06	0	1
7000	 3	22.3572	6.16881e-07	0	1
7000	 -4	32.9152	5.35499e-07	0	1
7000	 4	32.9156	3.13161e-07	0	1
7000	 -5	16.85	6.04488e-07	0	1
7000	 5	16.8501	3.70583e-07	0	1
7100	 0	15.1388	2.36834e-07	0	1
7100	 0	15.1389	3.14488e-07	0	1
7100	 -1	16.0244	2.39814e-06	4.43003e-07	2.7509
7100	 1	16.0245	9.55087e-07	9.43061e-08	2.7509
7100	 -2	36.0393	7.79806e-07	0	1
7100	 2	36.0396	4.38248e-07	1.33817e-09	2.96414
7100	 -3	24.9151	1.33629e-06	0	1
7100	 3	24.9153	6.3925e-07	0	1
7100	 -4	36.7481	5.35962e-07	0	1
7100	 4	36.7484	3.2311e-07	0	1
7100	 -5	18.8548	6.13393e-07	0	1
7100	 5	18.855	3.83805e-07	0	1
7200	 0	16.8267	2.43096e-07	0	1
7200	 0	16.8268	3.34718e-07	0	1
7200	 -1	17.819	2.39678e-06	4.57358e-07	2.79238
7200	 1	17.8191	1.00296e-06	1.01273e-07	2.79239
7200	 -2	40.111	7.95187e-07	0	1
7200	 2	40.1112	4.57417e-07	1.29064e-09	2.97547
7200	 -3	27.7669	1.33771e-06	0	1
7200	 3	27.767	6.619e-07	0	1
7200	 -4	41.027	5.28848e-07	0	1
7200	 4	41.0273	3.33048e-07	0	1
7200	 -5	21.097	5.95716e-07	0	1
7200	 5	21.0971	3.96969e-07	0	1
7300	 0	18.7046	2.49435e-07	0	1
7300	 0	18.7047	3.32763e-07	0	1
7300	 -1	19.8162	2.33214e-06	3.88483e-07	2.82997
7300	 1	19.8163	1.0298e-06	1.07277e-07	2.82998
7300	 -2	44.6455	7.84317e-07	0	1
7300	 2	44.6457	4.73214e-07	1.24414e-09	2.98388
7300	 -3	30.9461	1.34506e-06	0	1
7300	 3	30.9462	6.93142e-07	0	1
7300	 -4	45.8038	5.54273e-07	0	1
7300	 4	45.804	3.48633e-07	0	1
7300	 -5	23.6044	6.35677e-07	0	1
7300	 5	23.6045	4.10098e-07	0	1
7400	 0	20.794	2.55812e-07	0	1
7400	 0	20.794	3.53674e-07	0	1
7400	 -1	22.039	2.35196e-06	3.85811e-07	2.86346
7400	 1	22.0391	1.07783e-06	1.12109e-07	2.86346
7400	 -2	49.6956	8.09582e-07	0	1
7400	 2	49.6958	4.87113e-07	1.19871e-09	2.98987
7400	 -3	34.4904	1.36596e-06	0	1
7400	 3	34.4905	7.07868e-07	0	1
7400	 -4	51.1364	5.45764e-07	0	1
7400	 4	51.1366	3.52954e-07	0	1
7400	 -5	26.4084	6.24918e-07	0	1
7400	 5	26.4085	4.23214e-07	0	1
7500	 0	23.1187	2.65469e-07	0	1
7500	 0	23.1188	3.57966e-07	0	1
7500	 -1	24.5131	2.32238e-06	3.82361e-07	2.89272
7500	 1	24.5132	1.11079e-06	1.15604e-07	2.89272
7500	 -2	55.3203	8.00817e-07	0	1
7500	 2	55.3204	5.0051e-07	1.15438e-09	2.99395
7500	 -3	38.4419	1.35774e-06	0	1
7500	 3	38.442	7.32351e-07	0	1
7500	 -4	57.0895	5.68285e-07	0	1
7500	 4	57.0897	3.63546e-07	0	1
7500	 -5	29.5439	6.4411e-07	0	1
7500	 5	29.544	4.37054e-07	0	1
7600	 0	25.7055	2.71634e-07	0	1
7600	 0	25.7056	3.76329e-07	0	1
7600	 -1	27.267	2.40006e-06	4.41909e-07	2.91772
7600	 1	27.2671	1.15502e-06	1.17651e-07	2.91773
7600	 -2	61.5851	8.21518e-07	0	1
7600	 2	61.5852	5.22041e-07	1.1112e-09	2.99658
7600	 -3	42.8474	1.38951e-06	0	1
7600	 3	42.8474	7.59837e-07	0	1
7600	 -4	63.7353	5.67693e-07	0	1
7600	 4	63.7355	3.76399e-07	0	1
7600	 -5	33.0501	6.55767e-07	0	1
7600	 5	33.0501	4.50383e-07	0	1
7700	 0	28.5841	2.77721e-07	0	1
7700	 0	28.5842	3.72746e-07	0	1
7700	 -1	30.3325	2.41658e-06	4.14398e-07	2.93859
7700	 1	30.3326	1.17739e-06	1.18203e-07	2.93859
7700	 -2	68.5632	8.28396e-07	0	1
7700	 2	68.5633	5.36756e-07	1.06918e-09	2.99818
7700	 -3	47.7591	1.40903e-06	0	1
7700	 3	47.7592	7.90749e-07	0	1
7700	 -4	71.1545	5.81489e-07	0	1
7700	 4	71.1546	3.91641e-07	0	1
7700	 -5	36.9706	6.7704e-07	0	1
7700	 5	36.9707	4.63763e-07	0	1
7800	 0	31.7876	2.85272e-07	0	1
7800	 0	31.7876	3.74973e-07	0	1
7800	 -1	33.745	2.26255e-06	3.02654e-07	2.95552
7800	 1	33.7451	1.20449e-06	1.17276e-07	2.95552
7800	 -2	76.3361	8.2305e-07	0	1
7800	 2	76.3361	5.46773e-07	1.02834e-09	2.9991
7800	 -3	53.2355	1.39906e-06	0	1
7800	 3	53.2356	8.11674e-07	0	1
7800	 -4	79.4369	5.87556e-07	0	1
7800	 4	79.437	4.0022e-07	0	1
7800	 -5	41.3543	6.84449e-07	0	1
7800	 5	41.3543	4.77523e-07	0	1
7900	 0	35.3527	2.95569e-07	0	1
7900	 0	35.3527	3.59928e-07	0	1
7900	 -1	37.544	2.2063e-06	2.62136e-07	2.96885
7900	 1	37.544	1.21515e-06	1.14949e-07	2.96885
7900	 -2	84.9946	8.14284e-07	0	1
7900	 2	84.9946	5.52537e-07	9.8868e-10	2.99959
7900	 -3	59.3416	1.39448e-06	0	1
7900	 3	59.3416	8.37246e-07	0	1
7900	 -4	88.6832	6.01332e-07	0	1
7900	 4	88.6832	4.11898e-07	0	1
7900	 -5	46.2558	7.08186e-07	0	1
7900	 5	46.2558	4.92018e-07	0	1
8000	 0	39.3206	3.04309e-07	0	1
8000	 0	39.3206	3.78541e-07	0	1
8000	 -1	41.7734	2.26877e-06	2.76451e-07	2.97898
8000	 1	41.7735	1.25585e-06	1.11356e-07	2.97898
8000	 -2	94.64	8.41927e-07	0	1
8000	 2	94.6401	5.71303e-07	9.50219e-10	2.99983
8000	 -3	66.1498	1.43068e-06	0	1
8000	 3	66.1499	8.61404e-07	0	1
8000	 -4	99.0054	6.12936e-07	0	1
8000	 4	99.0054	4.2297e-07	0	1
8000	 -5	51.7361	7.15383e-07	0	1
8000	 5	51.7361	5.06501e-07	0	1
8100	 0	43.737	3.12994e-07	0	1
8100	 0	43.737	3.5426e-07	0	1
8100	 -1	46.4823	2.21674e-06	2.00631e-07	2.98639
8100	 1	46.4823	1.255e-06	1.0668e-07	2.98639
8100	 -2	105.385	8.48975e-07	0	1
8100	 2	105.385	5.71828e-07	9.12954e-10	2.99993
8100	 -3	73.7412	1.44628e-06	0	1
8100	 3	73.7412	8.85097e-07	0	1
8100	 -4	110.529	6.23514e-07	0	1
8100	 4	110.529	4.34029e-07	0	1
8100	 -5	57.8634	7.33771e-07	0	1
8100	 5	57.8634	5.212e-07	0	1
8200	 0	48.6529	3.2123e-07	0	1
8200	 0	48.6529	3.73105e-07	0	1
8200	 -1	51.7252	2.22713e-06	2.16527e-07	2.99159
8200	 1	51.7253	1.29346e-06	1.01135e-07	2.99159
8200	 -2	117.356	8.60556e-07	0	1
8200	 2	117.356	5.85257e-07	8.76882e-10	2.99998
8200	 -3	82.2059	1.45105e-06	0	1
8200	 3	82.2059	9.01729e-07	0	1
8200	 -4	123.393	6.22127e-07	0	1
8200	 4	123.393	4.40752e-07	0	1
8200	 -5	64.7139	7.29502e-07	0	1
8200	 5	64.7139	5.36007e-07	0	1
8300	 0	54.1249	3.28886e-07	0	1
8300	 0	54.1249	3.6639e-07	0	1
8300	 -1	57.563	2.2583e-06	2.70909e-07	2.99507
8300	 1	57.563	1.30656e-06	9.49532e-08	2.99507
8300	 -2	130.693	8.47164e-07	0	1
8300	 2	130.693	5.98156e-07	8.41996e-10	2.99999
8300	 -3	91.6447	1.43815e-06	0	1
8300	 3	91.6447	9.32753e-07	0	1
8300	 -4	137.754	6.36361e-07	0	1
8300	 4	137.754	4.57478e-07	0	1
8300	 -5	72.3729	7.47275e-07	0	1
8300	 5	72.3729	5.50834e-07	0	1
8400	 0	60.2163	3.33286e-07	0	1
8400	 0	60.2163	3.77756e-07	0	1
8400	 -1	64.0635	2.13106e-06	2.12916e-07	2.99727
8400	 1	64.0635	1.33431e-06	8.83716e-08	2.99727
8400	 -2	145.552	8.3048e-07	0	1
8400	 2	145.552	6.08545e-07	8.08286e-10	3
8400	 -3	102.17	1.40222e-06	0	1
8400	 3	102.17	9.4916e-07	0	1
8400	 -4	153.787	6.28032e-07	0	1
8400	 4	153.787	4.65131e-07	0	1
8400	 -5	80.9354	7.37863e-07	0	1
8400	 5	80.9355	5.65038e-07	0	1
8500	 0	66.9975	3.40577e-07	0	1
8500	 0	66.9975	3.78908e-07	0	1
8500	 -1	71.302	2.1287e-06	1.66644e-07	2.99858
8500	 1	71.302	1.35229e-06	8.16167e-08	2.99858
8500	 -2	162.108	8.44091e-07	0	1
8500	 2	162.108	6.19315e-07	7.75737e-10	3
8500	 -3	113.907	1.43227e-06	0	1
8500	 3	113.907	9.72349e-07	0	1
8500	 -4	171.686	6.43792e-07	0	1
8500	 4	171.686	4.77518e-07	0	1
8500	 -5	90.5081	7.60442e-07	0	1
8500	 5	90.5081	5.79628e-07	0	1
8600	 0	74.547	3.45423e-07	0	1
8600	 0	74.547	3.92455e-07	0	1
8600	 -1	79.3629	2.10504e-06	1.97555e-07	2.99931
8600	 1	79.3629	1.37997e-06	7.48937e-08	2.99931
8600	 -2	180.554	8.26434e-07	0	1
8600	 2	180.554	6.34028e-07	7.44335e-10	3
8600	 -3	126.995	1.41077e-06	0	1
8600	 3	126.995	9.93485e-07	0	1
8600	 -4	191.667	6.45819e-07	0	1
8600	 4	191.667	4.89124e-07	0	1
8600	 -5	101.21	7.7114e-07	0	1
8600	 5	101.21	5.93592e-07	0	1
8700	 0	82.9521	3.5057e-07	0	1
8700	 0	82.9521	3.895e-07	0	1
8700	 -1	88.3399	2.14407e-06	2.04674e-07	2.99969
8700	 1	88.3399	1.39112e-06	6.83766e-08	2.99969
8700	 -2	201.109	8.46731e-07	0	1
8700	 2	201.109	6.43338e-07	7.14061e-10	3
8700	 -3	141.59	1.43149e-06	0	1
8700	 3	141.59	1.01645e-06	0	1
8700	 -4	213.974	6.48788e-07	0	1
8700	 4	213.974	5.02318e-07	0	1
8700	 -5	113.173	7.6735e-07	0	1
8700	 5	113.173	6.07288e-07	0	1
8800	 0	92.3104	3.55811e-07	0	1
8800	 0	92.3104	3.9989e-07	0	1
8800	 -1	98.3375	2.18761e-06	2.18531e-07	2.99987
8800	 1	98.3375	1.4138e-06	6.22036e-08	2.99987
8800	 -2	224.012	8.67466e-07	0	1
8800	 2	224.012	6.54793e-07	6.84895e-10	3
8800	 -3	157.867	1.46198e-06	0	1
8800	 3	157.867	1.0344e-06	0	1
8800	 -4	238.877	6.57264e-07	0	1
8800	 4	238.877	5.12544e-07	0	1
8800	 -5	126.547	7.751e-07	0	1
8800	 5	126.547	6.20628e-07	0	1
8900	 0	102.73	3.62205e-07	0	1
8900	 0	102.73	3.89703e-07	0	1
8900	 -1	109.472	2.09565e-06	2.0221e-07	2.99995
8900	 1	109.472	1.41666e-06	5.64737e-08	2.99995
8900	 -2	249.533	8.31989e-07	0	1
8900	 2	249.533	6.59823e-07	6.56815e-10	3
8900	 -3	176.018	1.41284e-06	0	1
8900	 3	176.018	1.05512e-06	0	1
8900	 -4	266.679	6.55502e-07	0	1
8900	 4	266.679	5.24814e-07	0	1
8900	 -5	141.497	7.8419e-07	0	1
8900	 5	141.497	6.33794e-07	0	1
9000	 0	114.333	3.68006e-07	0	1
9000	 0	114.333	3.99794e-07	0	1
9000	 -1	121.874	2.06539e-06	1.74211e-07	2.99998
9000	 1	121.874	1.43756e-06	5.12481e-08	2.99998
9000	 -2	277.973	8.2542e-07	0	1
9000	 2	277.973	6.70132e-07	6.29797e-10	3
9000	 -3	196.261	1.41334e-06	0	1
9000	 3	196.261	1.07117e-06	0	1
9000	 -4	297.716	6.69319e-07	0	1
9000	 4	297.716	5.3427e-07	0	1
9000	 -5	158.21	8.03218e-07	0	1
9000	 5	158.21	6.46487e-07	0	1
9100	 0	127.252	3.7453e-07	0	1
9100	 0	127.252	3.84933e-07	0	1
9100	 -1	135.687	2.08436e-06	1.88676e-07	3
9100	 1	135.687	1.43464e-06	4.65528e-08	3
9100	 -2	309.666	8.35759e-07	0	1
9100	 2	309.666	6.72124e-07	6.03816e-10	3
9100	 -3	218.837	1.42587e-06	0	1
9100	 3	218.837	1.08979e-06	0	1
9100	 -4	332.365	6.7061e-07	0	1
9100	 4	332.365	5.45533e-07	0	1
9100	 -5	176.891	8.08217e-07	0	1
9100	 5	176.891	6.58954e-07	0	1
9200	 0	141.639	3.80197e-07	0	1
9200	 0	141.639	3.99628e-07	0	1
9200	 -1	151.072	2.06537e-06	1.74095e-07	3
9200	 1	151.072	1.45857e-06	4.2384e-08	3
9200	 -2	344.986	8.46131e-07	0	1
9200	 2	344.986	6.81795e-07	5.78847e-10	3
9200	 -3	244.015	1.42666e-06	0	1
9200	 3	244.015	1.10178e-06	0	1
9200	 -4	371.048	6.74781e-07	0	1
9200	 4	371.048	5.52586e-07	0	1
9200	 -5	197.774	7.97747e-07	0	1
9200	 5	197.774	6.70953e-07	0	1
9300	 0	157.661	3.86232e-07	0	1
9300	 0	157.661	3.97985e-07	0	1
9300	 -1	168.21	2.06274e-06	1.51472e-07	3
9300	 1	168.21	1.46683e-06	3.87142e-08	3
9300	 -2	384.347	8.60287e-07	0	1
9300	 2	384.347	6.88949e-07	5.54863e-10	3
9300	 -3	272.096	1.44285e-06	0	1
9300	 3	272.096	1.11954e-06	0	1
9300	 -4	414.233	6.77674e-07	0	1
9300	 4	414.233	5.63445e-07	0	1
9300	 -5	221.116	8.00195e-07	0	1
9300	 5	221.116	6.82729e-07	0	1
9400	 0	175.504	3.90212e-07	0	1
9400	 0	175.504	4.01127e-07	0	1
9400	 -1	187.301	2.07558e-06	1.68798e-07	3
9400	 1	187.301	1.47839e-06	3.54987e-08	3
9400	 -2	428.215	8.54197e-07	0	1
9400	 2	428.215	6.93382e-07	5.31837e-10	3
9400	 -3	303.414	1.43766e-06	0	1
9400	 3	303.414	1.13027e-06	0	1
9400	 -4	462.445	6.73537e-07	0	1
9400	 4	462.445	5.69843e-07	0	1
9400	 -5	247.208	8.09282e-07	0	1
9400	 5	247.208	6.93875e-07	0	1
9500	 0	195.376	3.94693e-07	0	1
9500	 0	195.376	4.07681e-07	0	1
9500	 -1	208.568	1.99464e-06	1.37129e-07	3
9500	 1	208.568	1.49287e-06	3.2682e-08	3
9500	 -2	477.106	8.42891e-07	0	1
9500	 2	477.106	7.0443e-07	5.09741e-10	3
9500	 -3	338.344	1.41301e-06	0	1
9500	 3	338.344	1.14822e-06	0	1
9500	 -4	516.269	6.70138e-07	0	1
9500	 4	516.269	5.80931e-07	0	1
9500	 -5	276.373	8.0409e-07	0	1
9500	 5	276.373	7.04832e-07	0	1
9600	 0	217.507	3.97198e-07	0	1
9600	 0	217.507	4.06275e-07	0	1
9600	 -1	232.259	1.96727e-06	1.19423e-07	3
9600	 1	232.259	1.49874e-06	3.02042e-08	3
9600	 -2	531.597	8.45144e-07	0	1
9600	 2	531.597	7.10205e-07	4.88547e-10	3
9600	 -3	377.303	1.41982e-06	0	1
9600	 3	377.303	1.16296e-06	0	1
9600	 -4	576.359	6.76842e-07	0	1
9600	 4	576.359	5.9001e-07	0	1
9600	 -5	308.971	8.11898e-07	0	1
9600	 5	308.971	7.15182e-07	0	1
9700	 0	242.158	4.00862e-07	0	1
9700	 0	242.158	4.18081e-07	0	1
9700	 -1	258.652	1.97737e-06	1.11327e-07	3
9700	 1	258.652	1.51695e-06	2.80052e-08	3
9700	 -2	592.331	8.5136e-07	0	1
9700	 2	592.331	7.18609e-07	4.68226e-10	3
9700	 -3	420.756	1.43792e-06	0	1
9700	 3	420.756	1.17374e-06	0	1
9700	 -4	643.443	6.84743e-07	0	1
9700	 4	643.443	5.96378e-07	0	1
9700	 -5	345.408	8.27983e-07	0	1
9700	 5	345.408	7.25465e-07	0	1
9800	 0	269.614	4.0472e-07	0	1
9800	 0	269.614	4.19986e-07	0	1
9800	 -1	288.056	1.99201e-06	1.37134e-07	3
9800	 1	288.056	1.52563e-06	2.60291e-08	3
9800	 -2	660.026	8.52196e-07	0	1
9800	 2	660.026	7.25088e-07	4.48751e-10	3
9800	 -3	469.223	1.43336e-06	0	1
9800	 3	469.223	1.18741e-06	0	1
9800	 -4	718.337	6.86063e-07	0	1
9800	 4	718.337	6.04567e-07	0	1
9800	 -5	386.134	8.25983e-07	0	1
9800	 5	386.134	7.35584e-07	0	1
9900	 0	300.196	4.07122e-07	0	1
9900	 0	300.196	4.17896e-07	0	1
9900	 -1	320.815	1.97079e-06	1.2756e-07	3
9900	 1	320.815	1.52978e-06	2.42263e-08	3
9900	 -2	735.479	8.57243e-07	0	1
9900	 2	735.479	7.29543e-07	4.30093e-10	3
9900	 -3	523.282	1.43625e-06	0	1
9900	 3	523.282	1.20027e-06	0	1
9900	 -4	801.95	6.86252e-07	0	1
9900	 4	801.95	6.12271e-07	0	1
9900	 -5	431.653	8.24394e-07	0	1
9900	 5	431.653	7.4526e-07	0	1
10000	 0	334.262	4.09408e-07	0	1
10000	 0	334.262	4.15791e-07	0	1
10000	 -1	357.314	1.95059e-06	1.31145e-07	3
10000	 1	357.314	1.53357e-06	2.25553e-08	3
10000	 -2	819.584	8.43671e-07	0	1
10000	 2	819.584	7.35915e-07	4.12225e-10	3
10000	 -3	583.579	1.4237e-06	0	1
10000	 3	583.579	1.2157e-06	0	1
10000	 -4	895.297	6.88395e-07	0	1
10000	 4	895.297	6.21622e-07	0	1
10000	 -5	482.529	8.35758e-07	0	1
10000	 5	482.529	7.54699e-07	0	1
10100	 0	372.209	4.11565e-07	0	1
10100	 0	372.209	4.12071e-07	0	1
10100	 -1	397.981	1.95328e-06	1.38838e-07	3
10100	 1	397.981	1.53554e-06	2.09834e-08	3
10100	 -2	913.334	8.38144e-07	0	1
10100	 2	913.334	7.38557e-07	3.95117e-10	3
10100	 -3	650.837	1.41941e-06	0	1
10100	 3	650.837	1.2267e-06	0	1
10100	 -4	999.511	6.91686e-07	0	1
10100	 4	999.511	6.28059e-07	0	1
10100	 -5	539.392	8.43342e-07	0	1
10100	 5	539.392	7.63903e-07	0	1
10200	 0	414.481	4.14818e-07	0	1
10200	 0	414.481	4.04723e-07	0	1
10200	 -1	443.293	1.92982e-06	1.16781e-07	3
10200	 1	443.293	1.53435e-06	1.94863e-08	3
10200	 -2	1017.84	8.40679e-07	0	1
10200	 2	1017.84	7.36986e-07	3.78743e-10	3
10200	 -3	725.859	1.42781e-06	0	1
10200	 3	725.859	1.23388e-06	0	1
10200	 -4	1115.86	6.98844e-07	0	1
10200	 4	1115.86	6.31917e-07	0	1
10200	 -5	602.945	8.53821e-07	0	1
10200	 5	602.945	7.73109e-07	0	1
