0 0 9.84595e-23 0
100 3.53047e-19 1.63531e-22 1.18248e-25
200 5.88568e-19 2.67875e-22 5.91392e-26
300 8.24252e-19 4.32767e-22 3.94429e-26
400 1.06017e-18 6.89548e-22 2.95997e-26
500 1.29636e-18 1.08359e-21 2.36978e-26
600 1.53284e-18 1.67939e-21 1.97666e-26
700 1.76963e-18 2.56702e-21 1.69615e-26
800 2.00669e-18 3.86986e-21 1.48603e-26
900 2.24395e-18 5.75374e-21 1.32282e-26
1000 2.48129e-18 8.43712e-21 1.19246e-26
1100 2.71851e-18 1.22019e-20 1.086e-26
1200 2.95537e-18 1.7404e-20 9.97448e-27
1300 3.19151e-18 2.44828e-20 9.22685e-27
1400 3.42651e-18 3.39673e-20 8.58755e-27
1500 3.65984e-18 4.64783e-20 8.03493e-27
1600 3.8909e-18 6.27232e-20 7.55274e-27
1700 4.11902e-18 8.34825e-20 7.12857e-27
1800 4.34345e-18 1.09585e-19 6.75277e-27
1900 4.56348e-18 1.41872e-19 6.41771e-27
2000 4.7784e-18 1.81147e-19 6.1173e-27
2100 4.98763e-18 2.28115e-19 5.84661e-27
2200 5.19072e-18 2.83313e-19 5.60159e-27
2300 5.38751e-18 3.47031e-19 5.37891e-27
2400 5.57815e-18 4.19236e-19 5.1758e-27
2500 5.76318e-18 4.99502e-19 4.98992e-27
2600 5.94359e-18 5.86956e-19 4.81931e-27
2700 6.12086e-18 6.80241e-19 4.66227e-27
2800 6.29696e-18 7.77516e-19 4.51739e-27
2900 6.47433e-18 8.76485e-19 4.3834e-27
3000 6.65573e-18 9.74471e-19 4.25925e-27
3100 6.84436e-18 1.06852e-18 4.144e-27
3200 7.04331e-18 1.15554e-18 4.03683e-27
3300 7.25588e-18 1.23247e-18 3.93702e-27
3400 7.48508e-18 1.29645e-18 3.84395e-27
3500 7.73344e-18 1.34501e-18 3.75706e-27
3600 8.00313e-18 1.37622e-18 3.67584e-27
3700 8.29559e-18 1.38879e-18 3.59987e-27
3800 8.61146e-18 1.38222e-18 3.52874e-27
3900 8.95062e-18 1.35678e-18 3.46211e-27
4000 9.31226e-18 1.31352e-18 3.39965e-27
4100 9.69476e-18 1.25419e-18 3.34109e-27
4200 1.0096e-17 1.18112e-18 3.28616e-27
4300 6.64319e-18 1.09711e-18 3.23465e-27
4400 6.96089e-18 1.00521e-18 3.18633e-27
4500 7.28708e-18 9.08572e-19 3.14101e-27
4600 7.61874e-18 8.10309e-19 3.09854e-27
4700 7.95317e-18 7.13334e-19 3.05874e-27
4800 8.28778e-18 6.20272e-19 3.02148e-27
4900 8.6206e-18 5.33398e-19 2.98662e-27
5000 8.94972e-18 4.54632e-19 2.95406e-27
5100 9.27384e-18 3.85561e-19 2.92368e-27
5200 9.59173e-18 3.27519e-19 2.89538e-27
5300 9.90246e-18 2.81688e-19 2.86908e-27
5400 1.54088e-17 2.49228e-19 2.8447e-27
5500 1.39139e-17 2.31414e-19 2.82216e-27
5600 1.07809e-17 2.29782e-19 2.80138e-27
5700 1.27741e-17 2.46251e-19 2.78233e-27
5800 1.13072e-17 2.83232e-19 2.76493e-27
5900 1.86819e-17 3.43686e-19 2.74914e-27
6000 1.17641e-17 4.31135e-19 2.73491e-27
6100 1.19579e-17 5.49612e-19 2.7222e-27
6200 1.21234e-17 7.03528e-19 2.71099e-27
6300 1.69385e-17 8.97472e-19 2.70123e-27
6400 1.4713e-17 1.13592e-18 2.6929e-27
6500 2.0014e-17 1.42288e-18 2.68597e-27
6600 1.82504e-17 1.76147e-18 2.68043e-27
6700 2.3083e-17 2.1535e-18 2.67625e-27
6800 1.59416e-17 2.59898e-18 2.67343e-27
6900 2.01852e-17 3.09579e-18 2.67195e-27
7000 1.41185e-17 3.63931e-18 2.67181e-27
7100 1.94554e-17 4.2223e-18 2.673e-27
7200 2.28715e-17 4.83485e-18 2.67552e-27
7300 2.03726e-17 5.46465e-18 2.67938e-27
7400 2.25587e-17 6.09734e-18 2.68457e-27
7500 2.42904e-17 6.71721e-18 2.6911e-27
7600 3.35394e-17 7.30793e-18 2.69899e-27
7700 3.28689e-17 7.85356e-18 2.70825e-27
7800 2.17927e-17 8.33942e-18 2.71889e-27
7900 2.00497e-17 8.75314e-18 2.73094e-27
8000 2.19591e-17 9.08544e-18 2.74441e-27
8100 1.67709e-17 9.33078e-18 2.75933e-27
8200 2.00032e-17 9.48774e-18 2.77574e-27
8300 2.87131e-17 9.55915e-18 2.79365e-27
8400 2.30649e-17 9.5518e-18 2.81311e-27
8500 1.87726e-17 9.47598e-18 2.83416e-27
8600 2.44376e-17 9.34474e-18 2.85683e-27
8700 2.7059e-17 9.1729e-18 2.88118e-27
8800 3.23436e-17 8.97607e-18 2.90724e-27
8900 3.27726e-17 8.7696e-18 2.93509e-27
9000 2.8654e-17 8.56761e-18 2.96477e-27
9100 3.55426e-17 8.38221e-18 2.99634e-27
9200 3.46603e-17 8.22287e-18 3.02988e-27
9300 3.13397e-17 8.09608e-18 3.06545e-27
9400 3.9356e-17 8.00514e-18 3.10314e-27
9500 3.31289e-17 7.95033e-18 3.14301e-27
9600 3.03942e-17 7.92913e-18 3.18517e-27
9700 3.10366e-17 7.93669e-18 3.2297e-27
9800 4.33173e-17 7.96631e-18 3.27669e-27
9900 4.33731e-17 8.01007e-18 3.32627e-27
10000 5.00771e-17 8.05935e-18 3.37853e-27
10100 6.16974e-17 8.10541e-18 3.43359e-27
10200 5.12568e-17 8.13989e-18 3.49158e-27
