0 0
100 0
200 0
300 0
400 0
500 1
600 0
700 0
800 0
900 0
1000 0
1100 0.902021
1200 0
1300 0
1400 0
1500 0
1600 0
1700 0
1800 0
1900 0
2000 0
2100 0.70468
2200 0
2300 0.666143
2400 0
2500 0
2600 0.609818
2700 0.592032
2800 0.575028
2900 0.558836
3000 0.543397
3100 0.528581
3200 0.514202
3300 0.500081
3400 0.486087
3500 0.472168
3600 0.458381
3700 0.444823
3800 0.43166
3900 0.419055
4000 0.407153
4100 0.396047
4200 0.385773
4300 0.280248
4400 0.272034
4500 0.300828
4600 0.304493
4700 0.308055
4800 0.337378
4900 0.339652
5000 0.341366
5100 0.342413
5200 0.342708
5300 0.342193
5400 0.454894
5500 0.419334
5600 0.347962
5700 0.387463
5800 0.347323
5900 0.444517
6000 0.328471
6100 0.33786
6200 0.322763
6300 0.394154
6400 0.335529
6500 0.405435
6600 0.372801
6700 0.422586
6800 0.303774
6900 0.355609
7000 0.256707
7100 0.321304
7200 0.340273
7300 0.310313
7400 0.321105
7500 0.322666
7600 0.378905
7700 0.355737
7800 0.267167
7900 0.244151
8000 0.238973
8100 0.192661
8200 0.204327
8300 0.247682
8400 0.206458
8500 0.165866
8600 0.189349
8700 0.189578
8800 0.202036
8900 0.200816
9000 0.167939
9100 0.190276
9200 0.175267
9300 0.149085
9400 0.171351
9500 0.141015
9600 0.12303
9700 0.115762
9800 0.148234
9900 0.139985
10000 0.151001
10100 0.171273
10200 0.135039
