0 0 0
100 1.44167e-08 0
200 1.14817e-08 0
300 1.11203e-08 0
400 1.11535e-08 0
500 12735.1 12734.2
600 362.618 353.227
700 210.777 209.401
800 147.003 145.712
900 83.6305 82.897
1000 50.3962 28.2553
1100 24.0368 0
1200 16.8555 12.6094
1300 11.7252 0.327324
1400 10.5235 9.38256
1500 9.83866 8.18693
1600 5.59371 2.53119
1700 3.65612 1.73615
1800 2.98657 0.0525013
1900 2.03068 0
2000 1.43603 0
2100 0.509686 0
2200 2.04887 0
2300 0.553478 0
2400 0.918396 0
2500 0.145685 0
2600 2.50332 0
2700 0.80481 0
2800 0.137914 0
2900 0.533214 0
3000 1.15235 0
3100 0.450983 0
3200 0.422263 0
3300 0.572007 0
3400 0.155704 0
3500 0.553077 0
3600 1.01961 0
3700 0.904882 0
3800 0.535312 0
3900 1.06601 0
4000 0.739321 0
4100 0.506803 0
4200 0.923869 0
4300 0.771997 0
4400 0.603563 0
4500 0.582178 0
4600 0.283088 0
4700 0.491465 0
4800 0.836944 0
4900 1.19045 0.334315
5000 0.783912 0
5100 0.721883 0
5200 0.962059 0.205374
5300 1.02442 0.55274
5400 1.39516 0.42924
5500 1.22768 0.555808
5600 0.89573 0.489919
5700 0.961089 0.520786
5800 0.642491 0.0241585
5900 1.20966 0.631494
6000 0.623673 0.156312
6100 0.630371 0.264887
6200 0.635449 0.332719
6300 0.913855 0.7535
6400 0.706087 0.637606
6500 1.0702 1.12827
6600 0.925745 1.00121
6700 1.24101 1.44607
6800 0.659252 0.811824
6900 0.93944 1.34451
7000 0.493989 0.644149
7100 0.90959 1.52934
7200 1.17441 2.08862
7300 0.899332 1.68404
7400 0.975932 2.03062
7500 1.1059 2.40152
7600 1.76084 3.76956
7700 1.70194 3.80163
7800 0.88659 2.2504
7900 0.683707 1.91055
8000 0.811321 2.42242
8100 0.409439 1.26163
8200 0.504029 1.81764
8300 1.0436 3.43133
8400 0.624725 2.26656
8500 0.313303 1.25791
8600 0.569556 2.34962
8700 0.654878 2.82422
8800 0.857113 3.72558
8900 0.817429 3.56981
9000 0.53301 2.68256
9100 0.800867 3.85521
9200 0.646921 3.55881
9300 0.449772 2.7312
9400 0.787571 4.32437
9500 0.444781 2.79964
9600 0.309009 2.02006
9700 0.262636 1.90953
9800 0.685771 4.62624
9900 0.625961 4.47163
10000 0.87071 5.76625
10100 1.35193 7.89339
10200 0.782292 5.79308
