0 0.615329 0
20 5.72671e-06 1.44285e-08
40 1.55036 1.77522e-07
60 0.152857 7.88087e-07
80 0.443699 2.27061e-06
100 0.00065094 5.13898e-06
120 1.00837 9.9657e-06
140 0.00222071 1.73561e-05
160 0.235576 2.79265e-05
180 0.016136 4.22867e-05
200 0.0120294 6.10256e-05
220 0.0124417 8.46991e-05
240 0.048318 0.000113822
260 0.0157168 0.000148859
280 0.0324135 0.000190224
300 0.0316362 0.000238272
320 0.0297075 0.0002933
340 0.0280971 0.000355546
360 0.0267278 0.000425187
380 0.0255525 0.000502343
400 0.0245411 0.000587079
420 0.0236719 0.000679403
440 0.0229277 0.000779272
460 0.0222934 0.000886597
480 0.0217559 0.00100124
500 0.0213033 0.00112302
520 0.0209254 0.00125173
540 0.0206132 0.00138711
560 0.020359 0.00152888
580 0.0201561 0.00167672
600 0.0199986 0.00183031
620 0.0198814 0.00198929
640 0.0198002 0.00215329
660 0.0197508 0.00232191
680 0.0197298 0.00249476
700 0.0197339 0.00267143
720 0.0197603 0.00285151
740 0.0198064 0.00303457
760 0.0198697 0.0032202
780 0.019948 0.00340797
800 0.0200394 0.00359748
820 0.020142 0.00378831
840 0.020254 0.00398005
860 0.0203739 0.0041723
880 0.0205003 0.00436468
900 0.0206317 0.00455681
920 0.0207669 0.00474831
940 0.0209048 0.00493882
960 0.0210442 0.00512801
980 0.0211843 0.00531554
1000 0.021324 0.00550108
1020 0.0214626 0.00568435
1040 0.0215992 0.00586503
1060 0.0217331 0.00604287
1080 0.0218637 0.00621759
1100 0.0219903 0.00638895
1120 0.0221124 0.00655672
1140 0.0222295 0.00672068
1160 0.022341 0.00688062
1180 0.0224467 0.00703637
1200 0.0225461 0.00718773
1220 0.0226388 0.00733456
1240 0.0227245 0.0074767
1260 0.0228031 0.00761402
1280 0.0228741 0.00774639
1300 0.0229374 0.00787372
1320 0.0229929 0.0079959
1340 0.0230403 0.00811285
1360 0.0230795 0.0082245
1380 0.0231104 0.00833078
1400 0.023133 0.00843164
1420 0.0231471 0.00852705
1440 0.0231527 0.00861696
1460 0.0231498 0.00870137
1480 0.0231383 0.00878025
1500 0.0231183 0.00885361
1520 0.0230898 0.00892144
1540 0.0230528 0.00898377
1560 0.0230074 0.00904061
1580 0.0229536 0.00909199
1600 0.0228916 0.00913794
1620 0.0228214 0.0091785
1640 0.022743 0.00921373
1660 0.0226567 0.00924368
1680 0.0225625 0.0092684
1700 0.0224606 0.00928797
1720 0.022351 0.00930244
1740 0.022234 0.0093119
1760 0.0221097 0.00931642
1780 0.0219783 0.00931609
1800 0.0218399 0.009311
1820 0.0216947 0.00930123
1840 0.0215428 0.00928688
1860 0.0213845 0.00926805
1880 0.02122 0.00924483
1900 0.0210493 0.00921734
1920 0.0208728 0.00918568
1940 0.0206907 0.00914996
1960 0.020503 0.00911029
1980 0.0203101 0.00906677
2000 0.0201122 0.00901954
2020 0.0199094 0.00896869
2040 0.0197019 0.00891436
2060 0.0194901 0.00885665
2080 0.019274 0.0087957
2100 0.0190539 0.00873161
2120 0.0188301 0.00866452
2140 0.0186027 0.00859454
2160 0.0183719 0.0085218
2180 0.0181381 0.00844641
2200 0.0179013 0.00836851
2220 0.0176618 0.00828821
2240 0.0174198 0.00820563
2260 0.0171755 0.0081209
2280 0.0169292 0.00803413
2300 0.016681 0.00794546
2320 0.0164311 0.00785498
2340 0.0161797 0.00776284
2360 0.0159271 0.00766913
2380 0.0156735 0.00757398
2400 0.0154189 0.0074775
2420 0.0151637 0.00737979
2440 0.0149079 0.00728098
2460 0.0146518 0.00718117
2480 0.0143956 0.00708047
2500 0.0141394 0.00697898
2520 0.0138833 0.0068768
2540 0.0136277 0.00677403
2560 0.0133725 0.00667077
2580 0.013118 0.00656711
2600 0.0128643 0.00646316
2620 0.0126115 0.00635898
2640 0.0123599 0.00625468
2660 0.0121094 0.00615034
2680 0.0118604 0.00604604
2700 0.0116128 0.00594185
2720 0.0113668 0.00583785
2740 0.0111225 0.00573412
2760 0.01088 0.00563072
2780 0.0106395 0.00552773
2800 0.0104009 0.00542519
2820 0.0101645 0.00532318
2840 0.00993031 0.00522175
2860 0.00969837 0.00512096
2880 0.0094688 0.00502086
2900 0.00924167 0.00492149
2920 0.00901705 0.0048229
2940 0.00879499 0.00472513
2960 0.00857558 0.00462823
2980 0.00835885 0.00453223
3000 0.00814487 0.00443716
3020 0.00793368 0.00434306
3040 0.00772533 0.00424995
3060 0.00751986 0.00415786
3080 0.00731732 0.00406681
3100 0.00711772 0.00397683
3120 0.00692112 0.00388794
3140 0.00672752 0.00380014
3160 0.00653697 0.00371346
3180 0.00634949 0.0036279
3200 0.00616509 0.00354348
3220 0.00598379 0.00346021
3240 0.00580561 0.00337809
3260 0.00563057 0.00329713
3280 0.00545867 0.00321733
3300 0.00528992 0.0031387
3320 0.00512433 0.00306123
3340 0.00496191 0.00298493
3360 0.00480266 0.00290979
3380 0.00464658 0.00283582
3400 0.00449368 0.00276301
3420 0.00434395 0.00269135
3440 0.00419739 0.00262085
3460 0.00405401 0.00255151
3480 0.00391379 0.00248331
3500 0.00377673 0.00241625
3520 0.00364283 0.00235034
3540 0.00351208 0.00228556
3560 0.00338447 0.00222191
3580 0.00325999 0.00215939
3600 0.00313864 0.002098
3620 0.00302041 0.00203774
3640 0.00290527 0.0019786
3660 0.00279324 0.00192058
3680 0.00268428 0.00186369
3700 0.00257839 0.00180792
3720 0.00247556 0.00175327
3740 0.00237576 0.00169976
3760 0.002279 0.00164738
3780 0.00218524 0.00159613
3800 0.00209448 0.00154603
3820 0.00200669 0.00149707
3840 0.00192186 0.00144927
3860 0.00183996 0.00140263
3880 0.00176098 0.00135715
3900 0.00168488 0.00131285
3920 0.00161166 0.00126974
3940 0.00154127 0.00122781
3960 0.0014737 0.00118709
3980 0.0014089 0.00114758
4000 0.00134686 0.00110928
4020 0.00128754 0.0010722
4040 0.0012309 0.00103636
4060 0.0011769 0.00100175
4080 0.00112551 0.000968392
4100 0.00107668 0.000936281
4120 0.00103038 0.000905426
4140 0.000986554 0.000875832
4160 0.000945163 0.000847505
4180 0.00090616 0.00082045
4200 0.0008695 0.000794673
4220 0.000835136 0.000770181
4240 0.000803026 0.000746983
4260 0.000773127 0.000725091
4280 0.000745402 0.00070452
4300 0.000719818 0.000685292
4320 0.000696351 0.000667436
4340 0.000674989 0.000650991
4360 0.000655732 0.000636012
4380 0.000638604 0.000622575
4400 0.000623661 0.000610785
4420 0.000611 0.000600791
4440 0.000600784 0.000592805
4460 0.000593276 0.000587135
4480 0.000588897 0.000584252
4500 0.00058834 0.000584889
4520 2.51279e-06 0
4540 1.79235e-06 0
4560 1.25109e-06 0
4580 8.5392e-07 0
4600 5.69243e-07 0
4620 5.55596e-05 5.519e-05
4640 2.32111e-07 0
4660 0.00325943 0.00325929
4680 0.00331146 0.00331138
4700 3.88399e-08 0
4720 1.66468e-08 0
4740 5.59173e-09 0
4760 1.21311e-09 0
4780 9.36476e-11 0
4800 6.70292e-05 6.70292e-05
