0 1.99301e-19 5.4741e-20 0
20 5.97908e-19 5.90727e-20 2.55678e-24
40 9.96531e-19 6.37118e-20 1.27842e-24
60 1.39518e-18 6.86772e-20 8.52311e-25
80 1.79387e-18 7.39886e-20 6.39268e-25
100 2.19262e-18 7.96667e-20 5.1145e-25
120 2.59142e-18 8.5733e-20 4.26244e-25
140 2.9903e-18 9.22103e-20 3.65389e-25
160 3.38926e-18 9.9122e-20 3.19752e-25
180 3.78832e-18 1.06493e-19 2.84262e-25
200 4.18748e-18 1.14348e-19 2.55873e-25
220 4.58676e-18 1.22716e-19 2.3265e-25
240 4.98618e-18 1.31622e-19 2.133e-25
260 5.38573e-18 1.41097e-19 1.9693e-25
280 5.78544e-18 1.5117e-19 1.82902e-25
300 6.18531e-18 1.61872e-19 1.70747e-25
320 6.58535e-18 1.73237e-19 1.60113e-25
340 6.98558e-18 1.85296e-19 1.50733e-25
360 7.38601e-18 1.98086e-19 1.42398e-25
380 7.78665e-18 2.11641e-19 1.34942e-25
400 8.18751e-18 2.25998e-19 1.28233e-25
420 8.5886e-18 2.41196e-19 1.22166e-25
440 8.98993e-18 2.57274e-19 1.16652e-25
460 9.39152e-18 2.74271e-19 1.11619e-25
480 9.79338e-18 2.9223e-19 1.07007e-25
500 1.01955e-17 3.11192e-19 1.02765e-25
520 1.05979e-17 3.31201e-19 9.88518e-26
540 1.10007e-17 3.52301e-19 9.52297e-26
560 1.14037e-17 3.74539e-19 9.18677e-26
580 1.1807e-17 3.97959e-19 8.8739e-26
600 1.22107e-17 4.22611e-19 8.58203e-26
620 1.26148e-17 4.48541e-19 8.30911e-26
640 1.30192e-17 4.75798e-19 8.05338e-26
660 1.3424e-17 5.04433e-19 7.81327e-26
680 1.38291e-17 5.34495e-19 7.58741e-26
700 1.42347e-17 5.66035e-19 7.37457e-26
720 1.46406e-17 5.99105e-19 7.17367e-26
740 1.5047e-17 6.33755e-19 6.98374e-26
760 1.54538e-17 6.70039e-19 6.80392e-26
780 1.5861e-17 7.08009e-19 6.63342e-26
800 1.62687e-17 7.47716e-19 6.47155e-26
820 1.66769e-17 7.89213e-19 6.31768e-26
840 1.70855e-17 8.32552e-19 6.17124e-26
860 1.74946e-17 8.77785e-19 6.03171e-26
880 1.79043e-17 9.24964e-19 5.89861e-26
900 1.83144e-17 9.74139e-19 5.77152e-26
920 1.87251e-17 1.02536e-18 5.65005e-26
940 1.91363e-17 1.07868e-18 5.53384e-26
960 1.9548e-17 1.13414e-18 5.42256e-26
980 1.99603e-17 1.1918e-18 5.31591e-26
1000 2.03732e-17 1.25169e-18 5.21361e-26
1020 2.07867e-17 1.31387e-18 5.11541e-26
1040 2.12008e-17 1.37837e-18 5.02107e-26
1060 2.16154e-17 1.44524e-18 4.93037e-26
1080 2.20308e-17 1.51451e-18 4.84311e-26
1100 2.24467e-17 1.58623e-18 4.7591e-26
1120 2.28633e-17 1.66042e-18 4.67817e-26
1140 2.32805e-17 1.73713e-18 4.60015e-26
1160 2.36985e-17 1.81637e-18 4.52491e-26
1180 2.41171e-17 1.89818e-18 4.45229e-26
1200 2.45364e-17 1.98257e-18 4.38216e-26
1220 2.49564e-17 2.06957e-18 4.3144e-26
1240 2.53771e-17 2.1592e-18 4.24891e-26
1260 2.57986e-17 2.25146e-18 4.18556e-26
1280 2.62208e-17 2.34636e-18 4.12427e-26
1300 2.66438e-17 2.44391e-18 4.06492e-26
1320 2.70676e-17 2.54412e-18 4.00745e-26
1340 2.74922e-17 2.64696e-18 3.95176e-26
1360 2.79175e-17 2.75245e-18 3.89778e-26
1380 2.83437e-17 2.86055e-18 3.84543e-26
1400 2.87707e-17 2.97126e-18 3.79464e-26
1420 2.91986e-17 3.08455e-18 3.74534e-26
1440 2.96273e-17 3.20039e-18 3.69749e-26
1460 3.00568e-17 3.31874e-18 3.651e-26
1480 3.04873e-17 3.43957e-18 3.60584e-26
1500 3.09186e-17 3.56283e-18 3.56194e-26
1520 3.13509e-17 3.68847e-18 3.51927e-26
1540 3.17841e-17 3.81644e-18 3.47776e-26
1560 3.22182e-17 3.94666e-18 3.43738e-26
1580 3.26533e-17 4.07908e-18 3.39808e-26
1600 3.30893e-17 4.21361e-18 3.35983e-26
1620 3.35263e-17 4.35018e-18 3.32258e-26
1640 3.39644e-17 4.4887e-18 3.2863e-26
1660 3.44034e-17 4.62907e-18 3.25095e-26
1680 3.48434e-17 4.77121e-18 3.2165e-26
1700 3.52845e-17 4.915e-18 3.18293e-26
1720 3.57266e-17 5.06033e-18 3.15019e-26
1740 3.61698e-17 5.20709e-18 3.11826e-26
1760 3.66141e-17 5.35516e-18 3.08712e-26
1780 3.70594e-17 5.5044e-18 3.05674e-26
1800 3.75059e-17 5.6547e-18 3.02708e-26
1820 3.79535e-17 5.8059e-18 2.99814e-26
1840 3.84023e-17 5.95787e-18 2.96988e-26
1860 3.88521e-17 6.11046e-18 2.94228e-26
1880 3.93032e-17 6.26352e-18 2.91533e-26
1900 3.97554e-17 6.41688e-18 2.889e-26
1920 4.02089e-17 6.5704e-18 2.86328e-26
1940 4.06635e-17 6.7239e-18 2.83814e-26
1960 4.11194e-17 6.87722e-18 2.81357e-26
1980 4.15766e-17 7.03019e-18 2.78955e-26
2000 4.2035e-17 7.18263e-18 2.76607e-26
2020 4.24946e-17 7.33436e-18 2.7431e-26
2040 4.29556e-17 7.48521e-18 2.72064e-26
2060 4.34179e-17 7.635e-18 2.69867e-26
2080 4.38815e-17 7.78354e-18 2.67718e-26
2100 4.43464e-17 7.93066e-18 2.65615e-26
2120 4.48127e-17 8.07616e-18 2.63557e-26
2140 4.52804e-17 8.21986e-18 2.61543e-26
2160 4.57494e-17 8.36159e-18 2.59571e-26
2180 4.62199e-17 8.50116e-18 2.57641e-26
2200 4.66918e-17 8.63839e-18 2.55752e-26
2220 4.71651e-17 8.7731e-18 2.53901e-26
2240 4.76399e-17 8.90511e-18 2.52089e-26
2260 4.81161e-17 9.03425e-18 2.50315e-26
2280 4.85939e-17 9.16035e-18 2.48577e-26
2300 4.90731e-17 9.28324e-18 2.46874e-26
2320 4.95539e-17 9.40276e-18 2.45206e-26
2340 5.00363e-17 9.51875e-18 2.43572e-26
2360 5.05201e-17 9.63106e-18 2.4197e-26
2380 5.10056e-17 9.73954e-18 2.40401e-26
2400 5.14927e-17 9.84405e-18 2.38863e-26
2420 5.19814e-17 9.94446e-18 2.37356e-26
2440 5.24717e-17 1.00406e-17 2.35879e-26
2460 5.29636e-17 1.01325e-17 2.34431e-26
2480 5.34573e-17 1.02198e-17 2.33011e-26
2500 5.39526e-17 1.03026e-17 2.3162e-26
2520 5.44496e-17 1.03807e-17 2.30255e-26
2540 5.49484e-17 1.04541e-17 2.28918e-26
2560 5.54489e-17 1.05227e-17 2.27607e-26
2580 5.59512e-17 1.05864e-17 2.26321e-26
2600 5.64552e-17 1.06451e-17 2.2506e-26
2620 5.69611e-17 1.06988e-17 2.23823e-26
2640 5.74688e-17 1.07476e-17 2.22611e-26
2660 5.79783e-17 1.07912e-17 2.21422e-26
2680 5.84897e-17 1.08299e-17 2.20256e-26
2700 5.9003e-17 1.08634e-17 2.19113e-26
2720 5.95181e-17 1.0892e-17 2.17991e-26
2740 6.00352e-17 1.09155e-17 2.16891e-26
2760 6.05543e-17 1.0934e-17 2.15813e-26
2780 6.10753e-17 1.09476e-17 2.14755e-26
2800 6.15983e-17 1.09563e-17 2.13717e-26
2820 6.21233e-17 1.09603e-17 2.127e-26
2840 6.26503e-17 1.09595e-17 2.11702e-26
2860 6.31794e-17 1.09541e-17 2.10723e-26
2880 6.37105e-17 1.09441e-17 2.09763e-26
2900 6.42438e-17 1.09299e-17 2.08822e-26
2920 6.47791e-17 1.09113e-17 2.07899e-26
2940 6.53166e-17 1.08887e-17 2.06994e-26
2960 6.58563e-17 1.08621e-17 2.06106e-26
2980 6.63981e-17 1.08318e-17 2.05236e-26
3000 6.69421e-17 1.07978e-17 2.04383e-26
3020 6.74884e-17 1.07605e-17 2.03546e-26
3040 6.80369e-17 1.072e-17 2.02726e-26
3060 6.85877e-17 1.06766e-17 2.01922e-26
3080 6.91408e-17 1.06303e-17 2.01133e-26
3100 6.96962e-17 1.05816e-17 2.00361e-26
3120 7.0254e-17 1.05306e-17 1.99603e-26
3140 7.08141e-17 1.04777e-17 1.98861e-26
3160 7.13767e-17 1.04229e-17 1.98134e-26
3180 7.19416e-17 1.03668e-17 1.97421e-26
3200 7.2509e-17 1.03094e-17 1.96723e-26
3220 7.30789e-17 1.02512e-17 1.96038e-26
3240 7.36512e-17 1.01923e-17 1.95368e-26
3260 7.42261e-17 1.01332e-17 1.94712e-26
3280 7.48035e-17 1.0074e-17 1.94069e-26
3300 7.53835e-17 1.00153e-17 1.9344e-26
3320 7.59661e-17 9.95714e-18 1.92824e-26
3340 7.65513e-17 9.89999e-18 1.92221e-26
3360 7.71392e-17 9.84416e-18 1.9163e-26
3380 7.77297e-17 9.78997e-18 1.91053e-26
3400 7.8323e-17 9.73775e-18 1.90488e-26
3420 7.8919e-17 9.68786e-18 1.89935e-26
3440 7.95177e-17 9.64061e-18 1.89395e-26
3460 8.01193e-17 9.59636e-18 1.88866e-26
3480 8.07236e-17 9.55545e-18 1.8835e-26
3500 8.13308e-17 9.51821e-18 1.87845e-26
3520 8.19409e-17 9.48498e-18 1.87351e-26
3540 8.25539e-17 9.45611e-18 1.8687e-26
3560 8.31698e-17 9.43192e-18 1.86399e-26
3580 8.37886e-17 9.41274e-18 1.8594e-26
3600 8.44105e-17 9.39891e-18 1.85492e-26
3620 8.50354e-17 9.39074e-18 1.85055e-26
3640 8.56634e-17 9.38857e-18 1.84629e-26
3660 8.62944e-17 9.39269e-18 1.84213e-26
3680 8.69285e-17 9.40342e-18 1.83808e-26
3700 8.75658e-17 9.42105e-18 1.83414e-26
3720 8.82063e-17 9.44588e-18 1.8303e-26
3740 8.885e-17 9.4782e-18 1.82656e-26
3760 8.94969e-17 9.51827e-18 1.82292e-26
3780 9.01471e-17 9.56637e-18 1.81939e-26
3800 9.08006e-17 9.62275e-18 1.81596e-26
3820 9.14575e-17 9.68765e-18 1.81262e-26
3840 9.21177e-17 9.76131e-18 1.80939e-26
3860 9.27814e-17 9.84396e-18 1.80625e-26
3880 9.34485e-17 9.9358e-18 1.80321e-26
3900 9.4119e-17 1.0037e-17 1.80026e-26
3920 9.47931e-17 1.01478e-17 1.79742e-26
3940 9.54708e-17 1.02684e-17 1.79466e-26
3960 9.6152e-17 1.03988e-17 1.792e-26
3980 9.68368e-17 1.05393e-17 1.78944e-26
4000 9.75254e-17 1.069e-17 1.78696e-26
4020 9.82176e-17 1.08509e-17 1.78458e-26
4040 9.89135e-17 1.10222e-17 1.78229e-26
4060 9.96132e-17 1.12039e-17 1.78009e-26
4080 1.00317e-16 1.13962e-17 1.77798e-26
4100 1.01024e-16 1.1599e-17 1.77596e-26
4120 1.01735e-16 1.18123e-17 1.77403e-26
4140 1.02451e-16 1.20363e-17 1.77219e-26
4160 1.0317e-16 1.22708e-17 1.77044e-26
4180 1.03893e-16 1.25159e-17 1.76878e-26
4200 1.0462e-16 1.27715e-17 1.7672e-26
4220 1.05351e-16 1.30375e-17 1.76571e-26
4240 1.06087e-16 1.33138e-17 1.76431e-26
4260 1.06827e-16 1.36004e-17 1.763e-26
4280 1.0757e-16 1.38971e-17 1.76177e-26
4300 1.08319e-16 1.42038e-17 1.76063e-26
4320 1.09071e-16 1.45204e-17 1.75957e-26
4340 1.09828e-16 1.48465e-17 1.7586e-26
4360 1.10589e-16 1.51821e-17 1.75771e-26
4380 1.11354e-16 1.5527e-17 1.75691e-26
4400 1.12124e-16 1.58809e-17 1.7562e-26
4420 1.12899e-16 1.62435e-17 1.75557e-26
4440 1.13678e-16 1.66145e-17 1.75502e-26
4460 1.14462e-16 1.69938e-17 1.75456e-26
4480 1.15251e-16 1.7381e-17 1.75418e-26
4500 1.16044e-16 1.77757e-17 1.75389e-26
4520 1.16842e-16 1.81777e-17 1.75368e-26
4540 1.17644e-16 1.85865e-17 1.75355e-26
4560 1.18452e-16 1.90019e-17 1.75351e-26
4580 1.19265e-16 1.94234e-17 1.75355e-26
4600 1.20082e-16 1.98506e-17 1.75368e-26
4620 1.20905e-16 2.02831e-17 1.75389e-26
4640 1.21732e-16 2.07206e-17 1.75418e-26
4660 1.22565e-16 2.11625e-17 1.75456e-26
4680 1.23403e-16 2.16084e-17 1.75503e-26
4700 1.24246e-16 2.20579e-17 1.75557e-26
4720 1.25095e-16 2.25106e-17 1.75621e-26
4740 1.25948e-16 2.29658e-17 1.75692e-26
4760 1.26808e-16 2.34232e-17 1.75772e-26
4780 1.27672e-16 2.38822e-17 1.75861e-26
4800 1.28542e-16 2.43424e-17 1.75958e-26
