0 0.61194 0
20 7.26792e-06 1.8846e-08
40 1.583 2.31264e-07
60 0.153332 1.02397e-06
80 0.458352 2.94247e-06
100 0.000813778 6.64206e-06
120 0.992252 1.28467e-05
140 0.00269727 2.23147e-05
160 0.244623 3.58108e-05
180 0.0183236 5.40828e-05
200 0.0138929 7.78438e-05
220 0.0144172 0.000107758
240 0.0532514 0.000144428
260 0.0183317 0.000188391
280 0.0363819 0.000240108
300 0.0366556 0.000299965
320 0.0343728 0.000368271
340 0.0324765 0.000445253
360 0.0308724 0.000531066
380 0.0295024 0.000625787
400 0.028329 0.000729423
420 0.0273252 0.000841914
440 0.0264696 0.000963134
460 0.025744 0.0010929
480 0.025132 0.00123098
500 0.0246195 0.00137707
520 0.0241941 0.00153086
540 0.023845 0.00169197
560 0.0235628 0.00186
580 0.0233394 0.0020345
600 0.0231677 0.00221503
620 0.0230415 0.0024011
640 0.0229554 0.00259222
660 0.0229044 0.00278786
680 0.0228843 0.00298753
700 0.0228911 0.00319069
720 0.0229213 0.00339681
740 0.0229717 0.00360538
760 0.0230395 0.00381587
780 0.023122 0.00402777
800 0.0232168 0.00424057
820 0.0233217 0.00445377
840 0.0234348 0.0046669
860 0.0235541 0.00487947
880 0.023678 0.00509104
900 0.023805 0.00530117
920 0.0239337 0.00550944
940 0.0240628 0.00571543
960 0.0241911 0.00591877
980 0.0243175 0.00611909
1000 0.0244411 0.00631604
1020 0.024561 0.0065093
1040 0.0246764 0.00669856
1060 0.0247866 0.00688353
1080 0.0248908 0.00706395
1100 0.0249886 0.00723956
1120 0.0250794 0.00741014
1140 0.0251627 0.00757547
1160 0.0252381 0.00773538
1180 0.0253052 0.00788968
1200 0.0253638 0.00803822
1220 0.0254135 0.00818086
1240 0.0254541 0.00831748
1260 0.0254855 0.00844798
1280 0.0255074 0.00857227
1300 0.0255198 0.00869028
1320 0.0255224 0.00880194
1340 0.0255154 0.00890721
1360 0.0254986 0.00900605
1380 0.025472 0.00909846
1400 0.0254357 0.00918441
1420 0.0253896 0.00926393
1440 0.0253338 0.00933701
1460 0.0252685 0.00940369
1480 0.0251936 0.009464
1500 0.0251093 0.00951799
1520 0.0250157 0.00956571
1540 0.024913 0.00960722
1560 0.0248012 0.00964259
1580 0.0246807 0.00967191
1600 0.0245514 0.00969524
1620 0.0244137 0.00971269
1640 0.0242677 0.00972434
1660 0.0241136 0.00973031
1680 0.0239516 0.0097307
1700 0.0237819 0.00972561
1720 0.0236048 0.00971516
1740 0.0234205 0.00969948
1760 0.0232292 0.00967869
1780 0.0230311 0.00965291
1800 0.0228265 0.00962228
1820 0.0226157 0.00958692
1840 0.0223988 0.00954697
1860 0.0221762 0.00950257
1880 0.021948 0.00945386
1900 0.0217146 0.00940098
1920 0.0214762 0.00934406
1940 0.021233 0.00928326
1960 0.0209854 0.00921872
1980 0.0207335 0.00915058
2000 0.0204776 0.00907898
2020 0.020218 0.00900407
2040 0.0199549 0.00892601
2060 0.0196886 0.00884492
2080 0.0194193 0.00876096
2100 0.0191472 0.00867427
2120 0.0188727 0.008585
2140 0.018596 0.00849328
2160 0.0183173 0.00839926
2180 0.0180367 0.00830308
2200 0.0177547 0.00820488
2220 0.0174714 0.00810479
2240 0.017187 0.00800295
2260 0.0169017 0.0078995
2280 0.0166158 0.00779456
2300 0.0163295 0.00768827
2320 0.0160429 0.00758075
2340 0.0157564 0.00747213
2360 0.01547 0.00736253
2380 0.015184 0.00725207
2400 0.0148985 0.00714087
2420 0.0146138 0.00702905
2440 0.0143301 0.00691671
2460 0.0140474 0.00680396
2480 0.0137659 0.00669092
2500 0.0134859 0.00657768
2520 0.0132074 0.00646434
2540 0.0129306 0.006351
2560 0.0126557 0.00623775
2580 0.0123828 0.00612469
2600 0.0121119 0.00601189
2620 0.0118433 0.00589945
2640 0.011577 0.00578743
2660 0.0113132 0.00567593
2680 0.011052 0.00556501
2700 0.0107934 0.00545473
2720 0.0105375 0.00534518
2740 0.0102845 0.0052364
2760 0.0100343 0.00512847
2780 0.00978721 0.00502143
2800 0.00954314 0.00491533
2820 0.00930219 0.00481023
2840 0.00906442 0.00470618
2860 0.00882989 0.00460321
2880 0.00859865 0.00450136
2900 0.00837073 0.00440068
2920 0.00814619 0.00430119
2940 0.00792506 0.00420292
2960 0.00770737 0.00410591
2980 0.00749315 0.00401018
3000 0.00728242 0.00391574
3020 0.00707521 0.00382262
3040 0.00687152 0.00373084
3060 0.00667138 0.00364041
3080 0.0064748 0.00355133
3100 0.00628178 0.00346363
3120 0.00609232 0.00337731
3140 0.00590644 0.00329237
3160 0.00572412 0.00320881
3180 0.00554536 0.00312664
3200 0.00537017 0.00304586
3220 0.00519853 0.00296647
3240 0.00503043 0.00288846
3260 0.00486586 0.00281182
3280 0.00470481 0.00273656
3300 0.00454726 0.00266266
3320 0.00439319 0.00259011
3340 0.0042426 0.00251892
3360 0.00409545 0.00244906
3380 0.00395174 0.00238052
3400 0.00381143 0.00231331
3420 0.00367451 0.00224739
3440 0.00354095 0.00218277
3460 0.00341072 0.00211943
3480 0.00328381 0.00205736
3500 0.00316019 0.00199655
3520 0.00303982 0.00193697
3540 0.00292269 0.00187864
3560 0.00280876 0.00182152
3580 0.00269801 0.00176562
3600 0.00259041 0.00171091
3620 0.00248592 0.0016574
3640 0.00238452 0.00160507
3660 0.00228618 0.00155391
3680 0.00219087 0.00150392
3700 0.00209855 0.00145508
3720 0.0020092 0.00140739
3740 0.00192277 0.00136085
3760 0.00183925 0.00131544
3780 0.00175859 0.00127117
3800 0.00168076 0.00122804
3820 0.00160573 0.00118602
3840 0.00153345 0.00114513
3860 0.0014639 0.00110537
3880 0.00139704 0.00106672
3900 0.00133282 0.00102919
3920 0.00127122 0.000992773
3940 0.00121218 0.000957471
3960 0.00115567 0.000923282
3980 0.00110165 0.000890203
4000 0.00105007 0.000858232
4020 0.00100088 0.000827368
4040 0.000954049 0.000797607
4060 0.000909519 0.000768947
4080 0.000867246 0.000741386
4100 0.00082718 0.000714918
4120 0.000789271 0.000689541
4140 0.000753468 0.000665251
4160 0.000719721 0.000642043
4180 0.000687979 0.000619913
4200 0.000658191 0.000598859
4220 0.000630307 0.000578876
4240 0.000604279 0.000559965
4260 0.000580061 0.000542126
4280 0.000557609 0.000525361
4300 0.000536885 0.00050968
4320 0.000517857 0.000495095
4340 0.000500502 0.000481627
4360 0.000484807 0.000469308
4380 0.000470776 0.000458186
4400 0.000458436 0.000448328
4420 0.000447844 0.000439833
4440 0.000439104 0.000432846
4460 0.000432394 0.000427579
4480 0.000428003 0.000424361
4500 0.000426412 0.000423708
4520 1.96872e-06 0
4540 1.40391e-06 0
4560 9.79711e-07 0
4580 6.68525e-07 0
4600 4.45534e-07 0
4620 3.23838e-05 3.20947e-05
4640 1.81555e-07 0
4660 0.00189548 0.00189537
4680 0.00192573 0.00192567
4700 3.03461e-08 0
4720 1.30013e-08 0
4740 4.36544e-09 0
4760 9.46665e-10 0
4780 7.30402e-11 0
4800 3.89795e-05 3.89795e-05
