0 0.610499 0
20 7.47749e-06 1.88479e-08
40 1.58129 2.31287e-07
60 0.152957 1.02407e-06
80 0.457986 2.94277e-06
100 0.000834546 6.64274e-06
120 0.989639 1.2848e-05
140 0.00275661 2.2317e-05
160 0.244582 3.58144e-05
180 0.0185785 5.40882e-05
200 0.0141373 7.78517e-05
220 0.0146666 0.000107769
240 0.0535566 0.000144443
260 0.0186432 0.00018841
280 0.0367094 0.000240132
300 0.0372746 0.000299996
320 0.0349293 0.000368308
340 0.032981 0.000445298
360 0.0313328 0.00053112
380 0.0299247 0.00062585
400 0.0287181 0.000729497
420 0.027685 0.000841999
440 0.0268036 0.000963231
460 0.026055 0.00109301
480 0.0254225 0.0012311
500 0.0248917 0.00137721
520 0.0244498 0.00153102
540 0.0240858 0.00169214
560 0.0237902 0.00186019
580 0.0235546 0.00203471
600 0.0233718 0.00221526
620 0.0232355 0.00240134
640 0.0231401 0.00259248
660 0.0230806 0.00278814
680 0.0230527 0.00298783
700 0.0230522 0.00319101
720 0.0230757 0.00339715
740 0.0231199 0.00360574
760 0.0231818 0.00381626
780 0.0232588 0.00402818
800 0.0233485 0.004241
820 0.0234485 0.00445422
840 0.0235569 0.00466737
860 0.0236718 0.00487997
880 0.0237916 0.00509156
900 0.0239146 0.00530171
920 0.0240394 0.00550999
940 0.0241647 0.00571601
960 0.0242895 0.00591937
980 0.0244124 0.00611971
1000 0.0245327 0.00631668
1020 0.0246494 0.00650996
1040 0.0247617 0.00669924
1060 0.0248688 0.00688423
1080 0.0249701 0.00706466
1100 0.025065 0.00724029
1120 0.025153 0.00741089
1140 0.0252335 0.00757624
1160 0.0253063 0.00773616
1180 0.0253708 0.00789048
1200 0.0254268 0.00803903
1220 0.025474 0.00818169
1240 0.0255122 0.00831832
1260 0.0255412 0.00844884
1280 0.0255607 0.00857314
1300 0.0255708 0.00869116
1320 0.0255712 0.00880283
1340 0.0255619 0.00890811
1360 0.0255429 0.00900696
1380 0.0255142 0.00909938
1400 0.0254758 0.00918534
1420 0.0254276 0.00926486
1440 0.0253699 0.00933795
1460 0.0253025 0.00940464
1480 0.0252257 0.00946496
1500 0.0251394 0.00951895
1520 0.025044 0.00956667
1540 0.0249394 0.00960819
1560 0.0248258 0.00964357
1580 0.0247035 0.00967288
1600 0.0245725 0.00969622
1620 0.024433 0.00971367
1640 0.0242853 0.00972533
1660 0.0241295 0.0097313
1680 0.0239659 0.00973168
1700 0.0237946 0.00972659
1720 0.0236159 0.00971615
1740 0.02343 0.00970046
1760 0.0232372 0.00967967
1780 0.0230376 0.00965389
1800 0.0228315 0.00962325
1820 0.0226193 0.00958789
1840 0.022401 0.00954794
1860 0.022177 0.00950353
1880 0.0219475 0.00945482
1900 0.0217127 0.00940193
1920 0.021473 0.00934501
1940 0.0212286 0.0092842
1960 0.0209797 0.00921965
1980 0.0207266 0.0091515
2000 0.0204695 0.0090799
2020 0.0202087 0.00900498
2040 0.0199445 0.00892691
2060 0.0196771 0.00884581
2080 0.0194067 0.00876184
2100 0.0191336 0.00867515
2120 0.0188581 0.00858586
2140 0.0185804 0.00849414
2160 0.0183007 0.00840011
2180 0.0180192 0.00830392
2200 0.0177363 0.0082057
2220 0.0174521 0.00810561
2240 0.0171669 0.00800376
2260 0.0168808 0.00790029
2280 0.0165941 0.00779535
2300 0.016307 0.00768904
2320 0.0160198 0.00758151
2340 0.0157325 0.00747288
2360 0.0154455 0.00736327
2380 0.0151589 0.00725281
2400 0.0148728 0.0071416
2420 0.0145876 0.00702976
2440 0.0143032 0.00691741
2460 0.01402 0.00680465
2480 0.0137381 0.0066916
2500 0.0134577 0.00657834
2520 0.0131788 0.00646499
2540 0.0129016 0.00635164
2560 0.0126263 0.00623838
2580 0.0123531 0.00612531
2600 0.0120819 0.0060125
2620 0.011813 0.00590004
2640 0.0115465 0.00578802
2660 0.0112825 0.0056765
2680 0.0110211 0.00556557
2700 0.0107623 0.00545529
2720 0.0105064 0.00534572
2740 0.0102532 0.00523693
2760 0.0100031 0.00512899
2780 0.00975592 0.00502193
2800 0.00951185 0.00491583
2820 0.00927093 0.00481072
2840 0.00903322 0.00470665
2860 0.00879878 0.00460367
2880 0.00856765 0.00450182
2900 0.00833987 0.00440112
2920 0.0081155 0.00430162
2940 0.00789456 0.00420335
2960 0.00767709 0.00410633
2980 0.00746311 0.00401058
3000 0.00725265 0.00391614
3020 0.00704572 0.00382301
3040 0.00684235 0.00373122
3060 0.00664255 0.00364077
3080 0.00644632 0.00355169
3100 0.00625368 0.00346398
3120 0.00606462 0.00337765
3140 0.00587915 0.0032927
3160 0.00569727 0.00320914
3180 0.00551897 0.00312696
3200 0.00534425 0.00304617
3220 0.0051731 0.00296677
3240 0.00500551 0.00288875
3260 0.00484146 0.0028121
3280 0.00468094 0.00273683
3300 0.00452394 0.00266293
3320 0.00437043 0.00259038
3340 0.00422041 0.00251917
3360 0.00407384 0.0024493
3380 0.00393072 0.00238076
3400 0.003791 0.00231354
3420 0.00365468 0.00224762
3440 0.00352173 0.00218299
3460 0.00339212 0.00211965
3480 0.00326583 0.00205757
3500 0.00314282 0.00199675
3520 0.00302307 0.00193717
3540 0.00290656 0.00187883
3560 0.00279325 0.00182171
3580 0.00268312 0.0017658
3600 0.00257613 0.00171109
3620 0.00247225 0.00165757
3640 0.00237146 0.00160523
3660 0.00227372 0.00155407
3680 0.00217899 0.00150407
3700 0.00208726 0.00145523
3720 0.00199848 0.00140753
3740 0.00191262 0.00136099
3760 0.00182965 0.00131558
3780 0.00174953 0.0012713
3800 0.00167223 0.00122816
3820 0.00159771 0.00118614
3840 0.00152594 0.00114525
3860 0.00145687 0.00110548
3880 0.00139048 0.00106683
3900 0.00132672 0.00102929
3920 0.00126556 0.000992874
3940 0.00120694 0.000957568
3960 0.00115084 0.000923375
3980 0.0010972 0.000890293
4000 0.00104599 0.000858319
4020 0.000997159 0.000827451
4040 0.00095066 0.000797688
4060 0.000906447 0.000769025
4080 0.000864473 0.000741461
4100 0.000824687 0.000714991
4120 0.00078704 0.000689611
4140 0.000751483 0.000665318
4160 0.000717964 0.000642108
4180 0.000686432 0.000619976
4200 0.000656838 0.000598919
4220 0.000629132 0.000578935
4240 0.000603266 0.000560022
4260 0.000579194 0.00054218
4280 0.000556874 0.000525414
4300 0.000536269 0.000509731
4320 0.000517346 0.000495145
4340 0.000500084 0.000481676
4360 0.00048447 0.000469356
4380 0.000470509 0.000458232
4400 0.000458229 0.000448373
4420 0.000447688 0.000439878
4440 0.000438992 0.000432889
4460 0.000432317 0.000427623
4480 0.000427954 0.000424404
4500 0.000426387 0.000423751
4520 1.91936e-06 0
4540 1.3687e-06 0
4560 9.5512e-07 0
4580 6.51736e-07 0
4600 4.34339e-07 0
4620 3.15461e-05 3.12642e-05
4640 1.76987e-07 0
4660 0.00184644 0.00184633
4680 0.0018759 0.00187584
4700 2.95808e-08 0
4720 1.26731e-08 0
4740 4.25517e-09 0
4760 9.22734e-10 0
4780 7.11922e-11 0
4800 3.79709e-05 3.79709e-05
