0 0.599715 0
20 9.1308e-06 1.886e-08
40 1.56657 2.31435e-07
60 0.150095 1.02472e-06
80 0.454446 2.94464e-06
100 0.000995511 6.64698e-06
120 0.970555 1.28562e-05
140 0.00320715 2.23312e-05
160 0.243832 3.58372e-05
180 0.0204413 5.41228e-05
200 0.0159372 7.79013e-05
220 0.0164991 0.000107837
240 0.0556247 0.000144535
260 0.020926 0.00018853
280 0.0390208 0.000240285
300 0.0418042 0.000300187
320 0.0389803 0.000368543
340 0.0366358 0.000445583
360 0.0346519 0.000531459
380 0.0329548 0.00062625
400 0.0314965 0.000729963
420 0.0302427 0.000842536
440 0.0291664 0.000963846
460 0.028245 0.00109371
480 0.0274588 0.00123189
500 0.0267908 0.00137809
520 0.0262259 0.00153199
540 0.0257515 0.00169322
560 0.0253563 0.00186137
580 0.0250308 0.00203601
600 0.0247666 0.00221667
620 0.0245562 0.00240288
640 0.0243933 0.00259413
660 0.0242721 0.00278992
680 0.0241874 0.00298974
700 0.0241347 0.00319304
720 0.0241098 0.00339932
740 0.0241091 0.00360805
760 0.0241292 0.00381869
780 0.0241671 0.00403075
800 0.02422 0.0042437
820 0.0242854 0.00445707
840 0.024361 0.00467035
860 0.0244449 0.00488308
880 0.0245351 0.00509481
900 0.0246299 0.00530509
920 0.0247278 0.00551351
940 0.0248273 0.00571966
960 0.0249272 0.00592315
980 0.0250263 0.00612361
1000 0.0251236 0.00632071
1020 0.025218 0.00651412
1040 0.0253087 0.00670351
1060 0.025395 0.00688862
1080 0.025476 0.00706917
1100 0.0255513 0.00724491
1120 0.0256201 0.00741562
1140 0.0256821 0.00758108
1160 0.0257367 0.0077411
1180 0.0257836 0.00789551
1200 0.0258224 0.00804416
1220 0.0258528 0.00818691
1240 0.0258746 0.00832363
1260 0.0258875 0.00845423
1280 0.0258914 0.00857861
1300 0.0258861 0.0086967
1320 0.0258715 0.00880844
1340 0.0258475 0.00891379
1360 0.0258141 0.00901271
1380 0.0257713 0.00910518
1400 0.0257191 0.0091912
1420 0.0256574 0.00927078
1440 0.0255863 0.00934391
1460 0.0255059 0.00941064
1480 0.0254163 0.009471
1500 0.0253176 0.00952503
1520 0.0252098 0.00957278
1540 0.0250932 0.00961432
1560 0.0249678 0.00964972
1580 0.0248339 0.00967906
1600 0.0246915 0.00970241
1620 0.0245409 0.00971987
1640 0.0243822 0.00973154
1660 0.0242157 0.00973751
1680 0.0240415 0.00973789
1700 0.0238599 0.0097328
1720 0.023671 0.00972235
1740 0.0234752 0.00970666
1760 0.0232726 0.00968585
1780 0.0230635 0.00966005
1800 0.0228481 0.00962939
1820 0.0226266 0.00959401
1840 0.0223994 0.00955403
1860 0.0221666 0.0095096
1880 0.0219285 0.00946085
1900 0.0216853 0.00940793
1920 0.0214374 0.00935097
1940 0.0211849 0.00929013
1960 0.0209282 0.00922554
1980 0.0206674 0.00915734
2000 0.0204029 0.00908569
2020 0.0201348 0.00901073
2040 0.0198635 0.00893261
2060 0.0195892 0.00885146
2080 0.0193121 0.00876744
2100 0.0190326 0.00868068
2120 0.0187507 0.00859134
2140 0.0184669 0.00849956
2160 0.0181812 0.00840547
2180 0.017894 0.00830922
2200 0.0176056 0.00821094
2220 0.017316 0.00811078
2240 0.0170256 0.00800887
2260 0.0167345 0.00790534
2280 0.0164431 0.00780032
2300 0.0161514 0.00769395
2320 0.0158598 0.00758635
2340 0.0155683 0.00747765
2360 0.0152773 0.00736797
2380 0.0149869 0.00725743
2400 0.0146972 0.00714615
2420 0.0144086 0.00703425
2440 0.0141211 0.00692182
2460 0.0138349 0.006809
2480 0.0135501 0.00669587
2500 0.013267 0.00658254
2520 0.0129857 0.00646912
2540 0.0127063 0.00635569
2560 0.012429 0.00624236
2580 0.0121539 0.00612921
2600 0.0118811 0.00601634
2620 0.0116108 0.00590381
2640 0.0113431 0.00579171
2660 0.011078 0.00568013
2680 0.0108157 0.00556912
2700 0.0105562 0.00545877
2720 0.0102998 0.00534913
2740 0.0100463 0.00524028
2760 0.00979604 0.00513226
2780 0.00954894 0.00502514
2800 0.00930511 0.00491897
2820 0.00906461 0.00481379
2840 0.00882749 0.00470966
2860 0.00859381 0.00460661
2880 0.00836362 0.00450469
2900 0.00813695 0.00440393
2920 0.00791385 0.00430437
2940 0.00769434 0.00420603
2960 0.00747846 0.00410895
2980 0.00726623 0.00401314
3000 0.00705767 0.00391864
3020 0.0068528 0.00382545
3040 0.00665163 0.0037336
3060 0.00645416 0.0036431
3080 0.0062604 0.00355396
3100 0.00607036 0.00346619
3120 0.00588404 0.0033798
3140 0.00570143 0.0032948
3160 0.00552252 0.00321118
3180 0.0053473 0.00312896
3200 0.00517577 0.00304812
3220 0.00500791 0.00296866
3240 0.0048437 0.00289059
3260 0.00468313 0.0028139
3280 0.00452617 0.00273858
3300 0.0043728 0.00266463
3320 0.004223 0.00259203
3340 0.00407675 0.00252078
3360 0.00393401 0.00245087
3380 0.00379477 0.00238228
3400 0.00365898 0.00231502
3420 0.00352662 0.00224905
3440 0.00339766 0.00218439
3460 0.00327207 0.002121
3480 0.00314981 0.00205888
3500 0.00303084 0.00199802
3520 0.00291514 0.00193841
3540 0.00280267 0.00188003
3560 0.0026934 0.00182287
3580 0.00258728 0.00176692
3600 0.00248428 0.00171218
3620 0.00238436 0.00165863
3640 0.00228749 0.00160626
3660 0.00219363 0.00155506
3680 0.00210273 0.00150503
3700 0.00201477 0.00145615
3720 0.0019297 0.00140843
3740 0.00184748 0.00136185
3760 0.00176808 0.00131642
3780 0.00169145 0.00127211
3800 0.00161756 0.00122894
3820 0.00154636 0.0011869
3840 0.00147782 0.00114598
3860 0.00141188 0.00110618
3880 0.00134852 0.00106751
3900 0.00128769 0.00102995
3920 0.00122935 0.000993507
3940 0.00117345 0.000958179
3960 0.00111995 0.000923965
3980 0.0010688 0.000890861
4000 0.00101996 0.000858867
4020 0.000973388 0.000827979
4040 0.000929031 0.000798197
4060 0.000886844 0.000769516
4080 0.000846778 0.000741934
4100 0.000808786 0.000715447
4120 0.000772818 0.000690051
4140 0.000738826 0.000665743
4160 0.00070676 0.000642518
4180 0.000676573 0.000620372
4200 0.000648216 0.000599302
4220 0.000621643 0.000579305
4240 0.00059681 0.000560379
4260 0.000573674 0.000542526
4280 0.000552197 0.00052575
4300 0.000532346 0.000510057
4320 0.000514093 0.000495461
4340 0.000497421 0.000481983
4360 0.000482324 0.000469655
4380 0.00046881 0.000458525
4400 0.000456913 0.00044866
4420 0.000446697 0.000440158
4440 0.000438274 0.000433166
4460 0.000431824 0.000427896
4480 0.000427646 0.000424675
4500 0.000426227 0.000424021
4520 1.60581e-06 0
4540 1.145e-06 0
4560 7.98946e-07 0
4580 5.45119e-07 0
4600 3.63252e-07 0
4620 2.62567e-05 2.6021e-05
4640 1.47987e-07 0
4660 0.00153678 0.00153669
4680 0.0015613 0.00156125
4700 2.47243e-08 0
4720 1.05912e-08 0
4740 3.55568e-09 0
4760 7.70952e-10 0
4780 5.94737e-11 0
4800 3.16029e-05 3.16029e-05
