0 0.595965 0
20 9.23582e-06 1.6485e-08
40 1.54704 2.02565e-07
60 0.148563 8.98107e-07
80 0.447157 2.58428e-06
100 0.00100121 5.8414e-06
120 0.967949 1.13134e-05
140 0.00322191 1.96779e-05
160 0.24004 3.16217e-05
180 0.0205349 4.78208e-05
200 0.0161059 6.89237e-05
220 0.0166226 9.55385e-05
240 0.0548033 0.000128224
260 0.0209866 0.00016748
280 0.0386086 0.000213745
300 0.0420504 0.00026739
320 0.0391186 0.000328722
340 0.0366801 0.000397974
360 0.0346121 0.000475315
380 0.0328382 0.000560849
400 0.0313087 0.000654613
420 0.0299881 0.000756587
440 0.0288486 0.000866691
460 0.027867 0.000984791
480 0.0270233 0.00111071
500 0.0263002 0.00124421
520 0.0256826 0.00138503
540 0.0251576 0.00153286
560 0.0247139 0.00168736
580 0.024342 0.00184816
600 0.0240334 0.00201487
620 0.0237806 0.00218707
640 0.0235773 0.00236434
660 0.0234177 0.00254622
680 0.0232966 0.00273226
700 0.0232096 0.002922
720 0.0231523 0.00311497
740 0.0231213 0.0033107
760 0.0231131 0.00350872
780 0.0231247 0.00370856
800 0.0231533 0.00390977
820 0.0231965 0.00411189
840 0.023252 0.00431447
860 0.0233178 0.00451709
880 0.0233918 0.00471931
900 0.0234725 0.00492073
920 0.0235583 0.00512095
940 0.0236477 0.0053196
960 0.0237393 0.00551629
980 0.0238321 0.00571069
1000 0.023925 0.00590246
1020 0.0240168 0.00609128
1040 0.0241068 0.00627685
1060 0.024194 0.00645889
1080 0.0242778 0.00663712
1100 0.0243574 0.00681131
1120 0.0244323 0.00698121
1140 0.0245018 0.00714662
1160 0.0245656 0.00730732
1180 0.024623 0.00746315
1200 0.0246738 0.00761393
1220 0.0247175 0.00775951
1240 0.0247539 0.00789975
1260 0.0247826 0.00803453
1280 0.0248035 0.00816374
1300 0.0248163 0.0082873
1320 0.0248208 0.00840512
1340 0.024817 0.00851713
1360 0.0248047 0.00862327
1380 0.0247838 0.00872352
1400 0.0247543 0.00881782
1420 0.024716 0.00890617
1440 0.0246691 0.00898855
1460 0.0246135 0.00906497
1480 0.0245492 0.00913543
1500 0.0244763 0.00919995
1520 0.0243949 0.00925856
1540 0.0243049 0.0093113
1560 0.0242065 0.0093582
1580 0.0240999 0.00939933
1600 0.023985 0.00943473
1620 0.0238621 0.00946447
1640 0.0237313 0.00948863
1660 0.0235927 0.00950727
1680 0.0234465 0.00952049
1700 0.0232928 0.00952836
1720 0.0231319 0.00953098
1740 0.0229639 0.00952845
1760 0.022789 0.00952086
1780 0.0226074 0.00950833
1800 0.0224193 0.00949095
1820 0.022225 0.00946884
1840 0.0220245 0.00944212
1860 0.0218182 0.0094109
1880 0.0216063 0.0093753
1900 0.021389 0.00933545
1920 0.0211664 0.00929146
1940 0.020939 0.00924347
1960 0.0207067 0.0091916
1980 0.0204701 0.00913598
2000 0.0202291 0.00907674
2020 0.0199841 0.00901401
2040 0.0197354 0.00894792
2060 0.0194831 0.00887861
2080 0.0192275 0.0088062
2100 0.0189688 0.00873084
2120 0.0187073 0.00865265
2140 0.0184432 0.00857177
2160 0.0181767 0.00848833
2180 0.017908 0.00840246
2200 0.0176375 0.0083143
2220 0.0173652 0.00822397
2240 0.0170915 0.0081316
2260 0.0168165 0.00803732
2280 0.0165405 0.00794126
2300 0.0162637 0.00784355
2320 0.0159863 0.0077443
2340 0.0157085 0.00764365
2360 0.0154304 0.0075417
2380 0.0151524 0.00743859
2400 0.0148745 0.00733442
2420 0.0145971 0.00722932
2440 0.0143201 0.00712338
2460 0.0140439 0.00701673
2480 0.0137686 0.00690947
2500 0.0134944 0.0068017
2520 0.0132214 0.00669353
2540 0.0129498 0.00658505
2560 0.0126798 0.00647637
2580 0.0124114 0.00636756
2600 0.0121449 0.00625873
2620 0.0118803 0.00614997
2640 0.0116178 0.00604135
2660 0.0113574 0.00593295
2680 0.0110994 0.00582486
2700 0.0108439 0.00571715
2720 0.0105909 0.00560989
2740 0.0103405 0.00550315
2760 0.0100928 0.00539699
2780 0.00984791 0.00529148
2800 0.00960594 0.00518668
2820 0.00936693 0.00508263
2840 0.00913097 0.0049794
2860 0.00889811 0.00487703
2880 0.00866841 0.00477556
2900 0.00844194 0.00467505
2920 0.00821874 0.00457553
2940 0.00799885 0.00447703
2960 0.00778233 0.0043796
2980 0.00756919 0.00428326
3000 0.00735949 0.00418804
3020 0.00715325 0.00409397
3040 0.00695048 0.00400107
3060 0.00675121 0.00390936
3080 0.00655547 0.00381886
3100 0.00636325 0.00372958
3120 0.00617457 0.00364153
3140 0.00598945 0.00355474
3160 0.00580787 0.00346921
3180 0.00562984 0.00338494
3200 0.00545536 0.00330194
3220 0.00528442 0.00322021
3240 0.00511702 0.00313976
3260 0.00495315 0.00306058
3280 0.00479279 0.00298268
3300 0.00463592 0.00290606
3320 0.00448254 0.0028307
3340 0.00433263 0.00275661
3360 0.00418616 0.00268377
3380 0.00404311 0.00261219
3400 0.00390346 0.00254186
3420 0.00376719 0.00247277
3440 0.00363426 0.00240492
3460 0.00350466 0.00233828
3480 0.00337836 0.00227287
3500 0.00325532 0.00220866
3520 0.00313552 0.00214565
3540 0.00301892 0.00208384
3560 0.0029055 0.00202322
3580 0.00279522 0.00196377
3600 0.00268806 0.0019055
3620 0.00258397 0.00184839
3640 0.00248293 0.00179245
3660 0.0023849 0.00173766
3680 0.00228985 0.00168402
3700 0.00219775 0.00163154
3720 0.00210855 0.0015802
3740 0.00202223 0.00153
3760 0.00193875 0.00148095
3780 0.00185807 0.00143305
3800 0.00178017 0.00138628
3820 0.00170499 0.00134066
3840 0.00163251 0.00129619
3860 0.00156269 0.00125287
3880 0.00149549 0.0012107
3900 0.00143088 0.00116968
3920 0.00136882 0.00112982
3940 0.00130926 0.00109111
3960 0.00125216 0.00105357
3980 0.0011975 0.0010172
4000 0.00114522 0.000981989
4020 0.00109528 0.000947952
4040 0.00104764 0.000915089
4060 0.00100227 0.000883399
4080 0.000959099 0.000852885
4100 0.000918102 0.000823548
4120 0.000879229 0.000795388
4140 0.000842433 0.000768405
4160 0.00080767 0.0007426
4180 0.000774896 0.000717972
4200 0.000744065 0.000694524
4220 0.000715136 0.000672256
4240 0.000688067 0.000651173
4260 0.000662822 0.000631279
4280 0.000639366 0.000612583
4300 0.000617673 0.000595101
4320 0.000597721 0.000578852
4340 0.0005795 0.000563867
4360 0.000563015 0.000550187
4380 0.000548288 0.000537873
4400 0.000535369 0.000527011
4420 0.000524345 0.000517723
4440 0.000515359 0.000510186
4460 0.000508639 0.00050466
4480 0.000504547 0.000501538
4500 0.000503676 0.000501442
4520 1.62645e-06 0
4540 1.15976e-06 0
4560 8.0928e-07 0
4580 5.52193e-07 0
4600 3.67981e-07 0
4620 3.06906e-05 3.04518e-05
4640 1.49928e-07 0
4660 0.00179844 0.00179835
4680 0.00182715 0.0018271
4700 2.50528e-08 0
4720 1.07325e-08 0
4740 3.60339e-09 0
4760 7.81359e-10 0
4780 6.02836e-11 0
4800 3.69842e-05 3.69842e-05
