0 0.609708 0
20 6.55405e-06 1.44399e-08
40 1.54705 1.77662e-07
60 0.151512 7.88707e-07
80 0.443741 2.2724e-06
100 0.000734708 5.14302e-06
120 0.997327 9.97355e-06
140 0.00246779 1.73697e-05
160 0.236288 2.79484e-05
180 0.0172969 4.232e-05
200 0.0131102 6.10736e-05
220 0.0135417 8.47658e-05
240 0.0499611 0.000113911
260 0.0170859 0.000148976
280 0.033996 0.000190374
300 0.0343785 0.00023846
320 0.0321844 0.000293531
340 0.0303528 0.000355826
360 0.028795 0.000425521
380 0.0274567 0.000502739
400 0.0263026 0.000587541
420 0.0253077 0.000679937
440 0.0244521 0.000779886
460 0.0237187 0.000887294
480 0.0230924 0.00100203
500 0.0225603 0.00112391
520 0.0221107 0.00125271
540 0.0217337 0.0013882
560 0.0214209 0.00153008
580 0.0211646 0.00167804
600 0.0209586 0.00183176
620 0.020797 0.00199086
640 0.0206751 0.00215498
660 0.0205884 0.00232374
680 0.020533 0.00249673
700 0.0205053 0.00267353
720 0.0205021 0.00285375
740 0.0205207 0.00303696
760 0.0205584 0.00322273
780 0.0206127 0.00341065
800 0.0206815 0.00360031
820 0.0207627 0.00379129
840 0.0208546 0.00398318
860 0.0209554 0.00417559
880 0.0210635 0.00436812
900 0.0211775 0.00456039
920 0.0212961 0.00475204
940 0.021418 0.00494271
960 0.021542 0.00513205
980 0.0216672 0.00531972
1000 0.0217926 0.00550541
1020 0.0219172 0.00568882
1040 0.0220403 0.00586965
1060 0.022161 0.00604762
1080 0.0222787 0.00622248
1100 0.0223928 0.00639398
1120 0.0225027 0.00656188
1140 0.0226078 0.00672597
1160 0.0227076 0.00688604
1180 0.0228018 0.0070419
1200 0.0228898 0.00719339
1220 0.0229714 0.00734033
1240 0.0230462 0.00748258
1260 0.0231139 0.00762001
1280 0.0231743 0.00775249
1300 0.0232272 0.00787992
1320 0.0232723 0.0080022
1340 0.0233095 0.00811924
1360 0.0233387 0.00823097
1380 0.0233596 0.00833734
1400 0.0233723 0.00843828
1420 0.0233767 0.00853376
1440 0.0233727 0.00862375
1460 0.0233602 0.00870822
1480 0.0233393 0.00878716
1500 0.02331 0.00886058
1520 0.0232723 0.00892847
1540 0.0232262 0.00899084
1560 0.0231718 0.00904772
1580 0.023109 0.00909914
1600 0.0230382 0.00914513
1620 0.0229592 0.00918573
1640 0.0228722 0.00922099
1660 0.0227773 0.00925096
1680 0.0226746 0.0092757
1700 0.0225643 0.00929528
1720 0.0224465 0.00930976
1740 0.0223213 0.00931923
1760 0.0221889 0.00932376
1780 0.0220494 0.00932343
1800 0.0219031 0.00931833
1820 0.0217501 0.00930855
1840 0.0215906 0.00929419
1860 0.0214247 0.00927534
1880 0.0212526 0.00925211
1900 0.0210746 0.0092246
1920 0.0208909 0.00919291
1940 0.0207016 0.00915716
1960 0.0205069 0.00911746
1980 0.0203071 0.00907391
2000 0.0201024 0.00902663
2020 0.0198929 0.00897575
2040 0.0196789 0.00892137
2060 0.0194607 0.00886362
2080 0.0192383 0.00880262
2100 0.0190121 0.00873849
2120 0.0187823 0.00867134
2140 0.018549 0.00860131
2160 0.0183126 0.0085285
2180 0.0180731 0.00845306
2200 0.0178309 0.00837509
2220 0.0175861 0.00829473
2240 0.017339 0.00821209
2260 0.0170898 0.00812729
2280 0.0168386 0.00804046
2300 0.0165857 0.00795171
2320 0.0163313 0.00786117
2340 0.0160756 0.00776895
2360 0.0158189 0.00767517
2380 0.0155612 0.00757994
2400 0.0153027 0.00748338
2420 0.0150438 0.0073856
2440 0.0147845 0.00728672
2460 0.0145251 0.00718683
2480 0.0142656 0.00708604
2500 0.0140064 0.00698447
2520 0.0137475 0.00688221
2540 0.0134892 0.00677936
2560 0.0132315 0.00667602
2580 0.0129746 0.00657228
2600 0.0127188 0.00646824
2620 0.012464 0.00636399
2640 0.0122106 0.00625961
2660 0.0119585 0.00615518
2680 0.0117079 0.0060508
2700 0.011459 0.00594653
2720 0.0112119 0.00584245
2740 0.0109666 0.00573864
2760 0.0107233 0.00563516
2780 0.0104821 0.00553208
2800 0.0102431 0.00542946
2820 0.0100063 0.00532737
2840 0.00977196 0.00522586
2860 0.00954002 0.00512499
2880 0.0093106 0.00502481
2900 0.00908378 0.00492536
2920 0.00885961 0.00482669
2940 0.00863817 0.00472885
2960 0.00841951 0.00463187
2980 0.00820369 0.0045358
3000 0.00799075 0.00444065
3020 0.00778075 0.00434648
3040 0.00757372 0.00425329
3060 0.0073697 0.00416113
3080 0.00716873 0.00407001
3100 0.00697085 0.00397996
3120 0.00677607 0.003891
3140 0.00658442 0.00380313
3160 0.00639593 0.00371638
3180 0.00621061 0.00363076
3200 0.00602849 0.00354627
3220 0.00584956 0.00346293
3240 0.00567385 0.00338075
3260 0.00550137 0.00329973
3280 0.00533211 0.00321987
3300 0.00516608 0.00314117
3320 0.00500329 0.00306364
3340 0.00484374 0.00298728
3360 0.00468742 0.00291208
3380 0.00453434 0.00283805
3400 0.00438448 0.00276518
3420 0.00423784 0.00269347
3440 0.00409441 0.00262292
3460 0.00395419 0.00255352
3480 0.00381716 0.00248526
3500 0.00368332 0.00241815
3520 0.00355265 0.00235219
3540 0.00342514 0.00228736
3560 0.00330078 0.00222366
3580 0.00317954 0.00216109
3600 0.00306143 0.00209965
3620 0.00294642 0.00203934
3640 0.00283449 0.00198015
3660 0.00272563 0.00192209
3680 0.00261982 0.00186515
3700 0.00251704 0.00180934
3720 0.00241727 0.00175465
3740 0.0023205 0.0017011
3760 0.0022267 0.00164867
3780 0.00213586 0.00159739
3800 0.00204794 0.00154724
3820 0.00196293 0.00149825
3840 0.00188081 0.00145041
3860 0.00180155 0.00140373
3880 0.00172513 0.00135822
3900 0.00165151 0.00131389
3920 0.00158067 0.00127074
3940 0.00151259 0.00122878
3960 0.00144723 0.00118802
3980 0.00138456 0.00114848
4000 0.00132455 0.00111015
4020 0.00126716 0.00107305
4040 0.00121235 0.00103717
4060 0.0011601 0.00100254
4080 0.00111035 0.000969154
4100 0.00106307 0.000937018
4120 0.00101821 0.000906138
4140 0.00097574 0.000876522
4160 0.000935607 0.000848172
4180 0.000897769 0.000821096
4200 0.000862183 0.000795298
4220 0.000828804 0.000770787
4240 0.000797592 0.000747571
4260 0.000768508 0.000725662
4280 0.000741518 0.000705075
4300 0.000716592 0.000685832
4320 0.000693711 0.000667961
4340 0.000672864 0.000651503
4360 0.000654059 0.000636513
4380 0.000637324 0.000623065
4400 0.000622716 0.000611266
4420 0.000610341 0.000601264
4440 0.000600364 0.000593271
4460 0.000593055 0.000587598
4480 0.00058884 0.000584711
4500 0.000588416 0.00058535
4520 2.23271e-06 0
4540 1.59242e-06 0
4560 1.11143e-06 0
4580 7.58531e-07 0
4600 5.05605e-07 0
4620 4.90716e-05 4.87434e-05
4640 2.06115e-07 0
4660 0.0028787 0.00287858
4680 0.00292466 0.00292459
4700 3.44758e-08 0
4720 1.47743e-08 0
4740 4.96208e-09 0
4760 1.07637e-09 0
4780 8.30789e-11 0
4800 5.91996e-05 5.91996e-05
