0 0.610324 0
20 6.99097e-06 1.64672e-08
40 1.56472 2.02346e-07
60 0.152306 8.97138e-07
80 0.451049 2.58149e-06
100 0.000782238 5.8351e-06
120 0.993837 1.13012e-05
140 0.00260623 1.96566e-05
160 0.240525 3.15876e-05
180 0.0179303 4.77693e-05
200 0.0136113 6.88493e-05
220 0.0140887 9.54355e-05
240 0.0517751 0.000128085
260 0.0178405 0.000167299
280 0.0353434 0.000213514
300 0.0357871 0.000267102
320 0.0335187 0.000328367
340 0.0316294 0.000397545
360 0.0300266 0.000474803
380 0.0286532 0.000560244
400 0.0274723 0.000653908
420 0.0264575 0.000755771
440 0.0255879 0.000865756
460 0.0248456 0.00098373
480 0.0242148 0.00110951
500 0.0236818 0.00124287
520 0.0232344 0.00138353
540 0.0228622 0.0015312
560 0.0225562 0.00168554
580 0.0223086 0.00184616
600 0.0221124 0.00201269
620 0.0219618 0.00218471
640 0.0218515 0.00236179
660 0.0217768 0.00254347
680 0.0217336 0.00272932
700 0.0217182 0.00291885
720 0.0217271 0.00311161
740 0.0217574 0.00330713
760 0.0218061 0.00350494
780 0.0218709 0.00370456
800 0.0219494 0.00390555
820 0.0220395 0.00410745
840 0.0221392 0.00430982
860 0.0222468 0.00451222
880 0.0223606 0.00471422
900 0.0224791 0.00491542
920 0.0226009 0.00511543
940 0.0227248 0.00531386
960 0.0228497 0.00551035
980 0.0229743 0.00570454
1000 0.0230979 0.0058961
1020 0.0232193 0.00608471
1040 0.023338 0.00627008
1060 0.023453 0.00645192
1080 0.0235637 0.00662997
1100 0.0236695 0.00680396
1120 0.0237698 0.00697368
1140 0.0238641 0.00713891
1160 0.0239519 0.00729945
1180 0.0240329 0.0074551
1200 0.0241066 0.00760572
1220 0.0241728 0.00775114
1240 0.0242312 0.00789123
1260 0.0242814 0.00802587
1280 0.0243233 0.00815494
1300 0.0243568 0.00827837
1320 0.0243816 0.00839605
1340 0.0243976 0.00850794
1360 0.0244048 0.00861398
1380 0.024403 0.00871411
1400 0.0243922 0.00880831
1420 0.0243724 0.00889657
1440 0.0243437 0.00897886
1460 0.0243059 0.0090552
1480 0.0242591 0.00912558
1500 0.0242035 0.00919003
1520 0.024139 0.00924858
1540 0.0240657 0.00930126
1560 0.0239837 0.00934811
1580 0.0238932 0.00938919
1600 0.0237942 0.00942456
1620 0.023687 0.00945427
1640 0.0235715 0.0094784
1660 0.0234481 0.00949702
1680 0.0233167 0.00951022
1700 0.0231777 0.00951808
1720 0.0230312 0.0095207
1740 0.0228774 0.00951817
1760 0.0227164 0.0095106
1780 0.0225485 0.00949807
1800 0.0223738 0.00948072
1820 0.0221927 0.00945863
1840 0.0220052 0.00943194
1860 0.0218116 0.00940076
1880 0.0216121 0.0093652
1900 0.021407 0.00932538
1920 0.0211965 0.00928145
1940 0.0209807 0.0092335
1960 0.02076 0.00918169
1980 0.0205346 0.00912613
2000 0.0203046 0.00906695
2020 0.0200704 0.00900429
2040 0.0198321 0.00893827
2060 0.0195901 0.00886903
2080 0.0193444 0.00879671
2100 0.0190955 0.00872143
2120 0.0188434 0.00864332
2140 0.0185885 0.00856253
2160 0.0183309 0.00847918
2180 0.0180709 0.0083934
2200 0.0178087 0.00830533
2220 0.0175446 0.0082151
2240 0.0172787 0.00812283
2260 0.0170113 0.00802865
2280 0.0167425 0.0079327
2300 0.0164727 0.00783509
2320 0.016202 0.00773595
2340 0.0159306 0.0076354
2360 0.0156587 0.00753357
2380 0.0153865 0.00743057
2400 0.0151143 0.00732651
2420 0.0148421 0.00722152
2440 0.0145701 0.0071157
2460 0.0142987 0.00700917
2480 0.0140278 0.00690202
2500 0.0137577 0.00679437
2520 0.0134886 0.00668631
2540 0.0132205 0.00657795
2560 0.0129537 0.00646938
2580 0.0126884 0.0063607
2600 0.0124245 0.00625199
2620 0.0121623 0.00614334
2640 0.0119019 0.00603483
2660 0.0116435 0.00592655
2680 0.011387 0.00581858
2700 0.0111327 0.00571099
2720 0.0108807 0.00560384
2740 0.010631 0.00549722
2760 0.0103838 0.00539117
2780 0.0101391 0.00528578
2800 0.00989709 0.00518108
2820 0.00965774 0.00507715
2840 0.00942117 0.00497403
2860 0.00918745 0.00487177
2880 0.00895663 0.00477041
2900 0.00872879 0.00467001
2920 0.00850398 0.0045706
2940 0.00828224 0.00447221
2960 0.00806362 0.00437488
2980 0.00784817 0.00427864
3000 0.00763592 0.00418353
3020 0.00742691 0.00408956
3040 0.00722116 0.00399676
3060 0.00701871 0.00390514
3080 0.00681957 0.00381474
3100 0.00662377 0.00372556
3120 0.00643132 0.00363761
3140 0.00624224 0.00355091
3160 0.00605653 0.00346547
3180 0.00587421 0.00338129
3200 0.00569528 0.00329838
3220 0.00551974 0.00321674
3240 0.00534759 0.00313637
3260 0.00517884 0.00305728
3280 0.00501348 0.00297947
3300 0.0048515 0.00290292
3320 0.0046929 0.00282765
3340 0.00453767 0.00275363
3360 0.00438579 0.00268088
3380 0.00423726 0.00260938
3400 0.00409205 0.00253912
3420 0.00395017 0.00247011
3440 0.00381159 0.00240232
3460 0.00367629 0.00233576
3480 0.00354426 0.00227042
3500 0.00341548 0.00220628
3520 0.00328993 0.00214334
3540 0.00316758 0.0020816
3560 0.00304842 0.00202104
3580 0.00293243 0.00196165
3600 0.00281958 0.00190344
3620 0.00270985 0.0018464
3640 0.00260322 0.00179051
3660 0.00249965 0.00173578
3680 0.00239914 0.00168221
3700 0.00230164 0.00162978
3720 0.00220715 0.00157849
3740 0.00211562 0.00152835
3760 0.00202703 0.00147936
3780 0.00194136 0.0014315
3800 0.00185857 0.00138479
3820 0.00177864 0.00133922
3840 0.00170154 0.0012948
3860 0.00162723 0.00125152
3880 0.00155569 0.00120939
3900 0.00148688 0.00116842
3920 0.00142076 0.0011286
3940 0.00135731 0.00108994
3960 0.00129648 0.00105244
3980 0.00123824 0.0010161
4000 0.00118255 0.00098093
4020 0.00112937 0.00094693
4040 0.00107865 0.000914102
4060 0.00103036 0.000882447
4080 0.000984448 0.000851966
4100 0.00094087 0.00082266
4120 0.00089958 0.00079453
4140 0.000860531 0.000767576
4160 0.000823676 0.000741799
4180 0.000788965 0.000717198
4200 0.000756352 0.000693775
4220 0.00072579 0.000671531
4240 0.000697233 0.00065047
4260 0.000670639 0.000630598
4280 0.000645969 0.000611923
4300 0.000623188 0.00059446
4320 0.00060227 0.000578228
4340 0.000583198 0.000563259
4360 0.000565968 0.000549593
4380 0.000550597 0.000537293
4400 0.000537125 0.000526443
4420 0.000525632 0.000517165
4440 0.000516252 0.000509636
4460 0.000509206 0.000504116
4480 0.000504847 0.000500997
4500 0.00050376 0.000500901
4520 2.08165e-06 0
4540 1.48456e-06 0
4560 1.03607e-06 0
4580 7.07033e-07 0
4600 4.71236e-07 0
4620 3.96158e-05 3.93099e-05
4640 1.92064e-07 0
4660 0.00232159 0.00232148
4680 0.00235865 0.00235858
4700 3.21132e-08 0
4720 1.376e-08 0
4740 4.62076e-09 0
4760 1.00217e-09 0
4780 7.73362e-11 0
4800 4.77425e-05 4.77425e-05
