0 0.614254 0
20 5.88308e-06 1.44309e-08
40 1.54987 1.77552e-07
60 0.152605 7.88217e-07
80 0.443771 2.27099e-06
100 0.000666892 5.13983e-06
120 1.00622 9.96735e-06
140 0.0022682 1.73589e-05
160 0.235749 2.79311e-05
180 0.0163634 4.22937e-05
200 0.0122399 6.10357e-05
220 0.0126562 8.47131e-05
240 0.0486507 0.000113841
260 0.015984 0.000148884
280 0.0327285 0.000190256
300 0.0321718 0.000238312
320 0.0301923 0.000293349
340 0.0285395 0.000355604
360 0.027134 0.000425257
380 0.0259274 0.000502426
400 0.0248886 0.000587176
420 0.0239952 0.000679515
440 0.0232296 0.000779401
460 0.0225762 0.000886743
480 0.0220216 0.0010014
500 0.0215536 0.00112321
520 0.0211619 0.00125194
540 0.0208372 0.00138734
560 0.0205716 0.00152913
580 0.0203583 0.001677
600 0.0201914 0.00183062
620 0.0200656 0.00198962
640 0.0199765 0.00215365
660 0.0199198 0.0023223
680 0.0198921 0.00249517
700 0.01989 0.00267187
720 0.0199106 0.00285198
740 0.0199513 0.00303507
760 0.0200095 0.00322073
780 0.0200832 0.00340854
800 0.0201701 0.00359807
820 0.0202685 0.00378893
840 0.0203765 0.00398071
860 0.0204927 0.00417299
880 0.0206154 0.00436541
900 0.0207434 0.00455756
920 0.0208753 0.00474909
940 0.02101 0.00493964
960 0.0211464 0.00512886
980 0.0212835 0.00531642
1000 0.0214204 0.00550199
1020 0.0215562 0.00568529
1040 0.0216901 0.005866
1060 0.0218214 0.00604387
1080 0.0219494 0.00621862
1100 0.0220735 0.00639001
1120 0.0221931 0.0065578
1140 0.0223078 0.00672179
1160 0.022417 0.00688176
1180 0.0225204 0.00703753
1200 0.0226175 0.00718892
1220 0.022708 0.00733577
1240 0.0227915 0.00747793
1260 0.0228678 0.00761527
1280 0.0229367 0.00774767
1300 0.022998 0.00787502
1320 0.0230513 0.00799722
1340 0.0230967 0.00811419
1360 0.0231338 0.00822586
1380 0.0231627 0.00833216
1400 0.0231833 0.00843304
1420 0.0231954 0.00852846
1440 0.023199 0.00861839
1460 0.0231942 0.00870281
1480 0.0231808 0.0087817
1500 0.0231589 0.00885507
1520 0.0231285 0.00892292
1540 0.0230897 0.00898526
1560 0.0230424 0.0090421
1580 0.0229868 0.00909349
1600 0.0229229 0.00913945
1620 0.0228509 0.00918002
1640 0.0227708 0.00921526
1660 0.0226827 0.00924521
1680 0.0225868 0.00926994
1700 0.0224831 0.0092895
1720 0.0223719 0.00930398
1740 0.0222532 0.00931344
1760 0.0221272 0.00931796
1780 0.0219941 0.00931763
1800 0.0218541 0.00931254
1820 0.0217073 0.00930277
1840 0.0215538 0.00928841
1860 0.0213939 0.00926958
1880 0.0212278 0.00924636
1900 0.0210557 0.00921887
1920 0.0208777 0.0091872
1940 0.020694 0.00915147
1960 0.0205049 0.00911179
1980 0.0203106 0.00906827
2000 0.0201112 0.00902103
2020 0.019907 0.00897017
2040 0.0196982 0.00891583
2060 0.019485 0.00885812
2080 0.0192677 0.00879715
2100 0.0190463 0.00873306
2120 0.0188212 0.00866595
2140 0.0185926 0.00859596
2160 0.0183607 0.00852321
2180 0.0181256 0.00844781
2200 0.0178877 0.00836989
2220 0.0176471 0.00828957
2240 0.017404 0.00820698
2260 0.0171587 0.00812224
2280 0.0169114 0.00803546
2300 0.0166622 0.00794677
2320 0.0164114 0.00785628
2340 0.0161591 0.00776412
2360 0.0159056 0.0076704
2380 0.0156511 0.00757523
2400 0.0153957 0.00747873
2420 0.0151397 0.00738101
2440 0.0148832 0.00728219
2460 0.0146264 0.00718236
2480 0.0143695 0.00708164
2500 0.0141126 0.00698013
2520 0.013856 0.00687793
2540 0.0135997 0.00677515
2560 0.013344 0.00667187
2580 0.013089 0.0065682
2600 0.0128348 0.00646422
2620 0.0125817 0.00636003
2640 0.0123296 0.00625572
2660 0.0120788 0.00615136
2680 0.0118294 0.00604704
2700 0.0115815 0.00594283
2720 0.0113353 0.00583882
2740 0.0110908 0.00573507
2760 0.0108481 0.00563165
2780 0.0106074 0.00552864
2800 0.0103687 0.00542609
2820 0.0101322 0.00532406
2840 0.00989797 0.00522262
2860 0.00966602 0.00512181
2880 0.00943646 0.00502169
2900 0.00920937 0.0049223
2920 0.00898483 0.0048237
2940 0.00876288 0.00472591
2960 0.0085436 0.004629
2980 0.00832705 0.00453298
3000 0.00811326 0.00443789
3020 0.0079023 0.00434377
3040 0.00769421 0.00425065
3060 0.00748903 0.00415855
3080 0.00728679 0.00406749
3100 0.00708754 0.00397749
3120 0.00689129 0.00388858
3140 0.00669809 0.00380077
3160 0.00650795 0.00371407
3180 0.0063209 0.0036285
3200 0.00613696 0.00354407
3220 0.00595614 0.00346078
3240 0.00577846 0.00337865
3260 0.00560393 0.00329768
3280 0.00543256 0.00321786
3300 0.00526437 0.00313922
3320 0.00509935 0.00306174
3340 0.00493751 0.00298542
3360 0.00477886 0.00291027
3380 0.00462339 0.00283629
3400 0.00447111 0.00276346
3420 0.00432201 0.0026918
3440 0.0041761 0.00262129
3460 0.00403336 0.00255193
3480 0.0038938 0.00248372
3500 0.0037574 0.00241665
3520 0.00362416 0.00235073
3540 0.00349407 0.00228593
3560 0.00336713 0.00222228
3580 0.00324332 0.00215975
3600 0.00312264 0.00209835
3620 0.00300507 0.00203807
3640 0.0028906 0.00197892
3660 0.00277921 0.0019209
3680 0.0026709 0.00186399
3700 0.00256566 0.00180822
3720 0.00246346 0.00175356
3740 0.00236429 0.00170004
3760 0.00226814 0.00164765
3780 0.00217498 0.0015964
3800 0.00208481 0.00154628
3820 0.0019976 0.00149732
3840 0.00191333 0.00144951
3860 0.00183197 0.00140286
3880 0.00175352 0.00135738
3900 0.00167794 0.00131307
3920 0.00160521 0.00126995
3940 0.0015353 0.00122802
3960 0.00146819 0.00118729
3980 0.00140384 0.00114777
4000 0.00134222 0.00110946
4020 0.00128329 0.00107238
4040 0.00122704 0.00103653
4060 0.0011734 0.00100192
4080 0.00112235 0.000968552
4100 0.00107385 0.000936435
4120 0.00102784 0.000905575
4140 0.000984301 0.000875977
4160 0.000943171 0.000847645
4180 0.000904411 0.000820586
4200 0.000867974 0.000794804
4220 0.000833816 0.000770308
4240 0.000801893 0.000747107
4260 0.000772164 0.000725211
4280 0.000744592 0.000704637
4300 0.000719145 0.000685406
4320 0.000695801 0.000667546
4340 0.000674546 0.000651099
4360 0.000655383 0.000636117
4380 0.000638337 0.000622678
4400 0.000623464 0.000610886
4420 0.000610863 0.000600891
4440 0.000600697 0.000592903
4460 0.00059323 0.000587232
4480 0.000588886 0.000584348
4500 0.000588356 0.000584986
4520 2.45425e-06 0
4540 1.75056e-06 0
4560 1.2219e-06 0
4580 8.33981e-07 0
4600 5.5594e-07 0
4620 5.41972e-05 5.38363e-05
4640 2.26675e-07 0
4660 0.00317948 0.00317934
4680 0.00323024 0.00323016
4700 3.79271e-08 0
4720 1.62551e-08 0
4740 5.46001e-09 0
4760 1.1845e-09 0
4780 9.14361e-11 0
4800 6.53851e-05 6.53851e-05
