0 0.611627 0
20 6.79991e-06 1.64652e-08
40 1.56598 2.02321e-07
60 0.152635 8.97027e-07
80 0.451253 2.58117e-06
100 0.000763159 5.83438e-06
120 0.996272 1.12998e-05
140 0.00255107 1.96542e-05
160 0.240486 3.15837e-05
180 0.0176845 4.77634e-05
200 0.0133785 6.88408e-05
220 0.0138516 9.54237e-05
240 0.0514594 0.000128069
260 0.017545 0.000167278
280 0.0350206 0.000213488
300 0.0351977 0.000267069
320 0.0329881 0.000328326
340 0.0311477 0.000397495
360 0.0295865 0.000474744
380 0.028249 0.000560175
400 0.0270995 0.000653827
420 0.0261123 0.000755678
440 0.0252672 0.000865649
460 0.0245466 0.000983608
480 0.0239352 0.00110937
500 0.0234195 0.00124271
520 0.0229878 0.00138336
540 0.0226297 0.00153101
560 0.0223365 0.00168533
580 0.0221004 0.00184594
600 0.0219147 0.00201245
620 0.0217737 0.00218444
640 0.0216722 0.0023615
660 0.0216056 0.00254316
680 0.0215698 0.00272898
700 0.0215613 0.00291849
720 0.0215765 0.00311123
740 0.0216127 0.00330672
760 0.021667 0.0035045
780 0.021737 0.0037041
800 0.0218203 0.00390507
820 0.021915 0.00410695
840 0.0220191 0.00430929
860 0.0221308 0.00451166
880 0.0222485 0.00471364
900 0.0223708 0.00491482
920 0.0224962 0.0051148
940 0.0226236 0.0053132
960 0.0227517 0.00550966
980 0.0228796 0.00570383
1000 0.0230062 0.00589537
1020 0.0231307 0.00608396
1040 0.0232522 0.00626931
1060 0.0233701 0.00645112
1080 0.0234835 0.00662915
1100 0.023592 0.00680312
1120 0.0236949 0.00697282
1140 0.0237918 0.00713803
1160 0.0238822 0.00729854
1180 0.0239656 0.00745418
1200 0.0240417 0.00760478
1220 0.0241103 0.00775018
1240 0.0241709 0.00789025
1260 0.0242234 0.00802487
1280 0.0242676 0.00815393
1300 0.0243032 0.00827734
1320 0.0243302 0.00839502
1340 0.0243483 0.00850689
1360 0.0243575 0.00861291
1380 0.0243578 0.00871303
1400 0.0243491 0.00880722
1420 0.0243313 0.00889547
1440 0.0243045 0.00897775
1460 0.0242686 0.00905408
1480 0.0242238 0.00912445
1500 0.02417 0.00918889
1520 0.0241074 0.00924744
1540 0.0240359 0.00930011
1560 0.0239557 0.00934696
1580 0.023867 0.00938803
1600 0.0237698 0.00942339
1620 0.0236642 0.0094531
1640 0.0235505 0.00947722
1660 0.0234287 0.00949584
1680 0.023299 0.00950904
1700 0.0231617 0.00951691
1720 0.0230168 0.00951952
1740 0.0228645 0.00951699
1760 0.0227051 0.00950942
1780 0.0225387 0.0094969
1800 0.0223656 0.00947954
1820 0.0221859 0.00945746
1840 0.0219998 0.00943077
1860 0.0218077 0.00939959
1880 0.0216096 0.00936404
1900 0.0214059 0.00932423
1920 0.0211967 0.0092803
1940 0.0209823 0.00923236
1960 0.0207629 0.00918055
1980 0.0205388 0.009125
2000 0.0203101 0.00906583
2020 0.0200771 0.00900317
2040 0.01984 0.00893716
2060 0.0195991 0.00886794
2080 0.0193546 0.00879562
2100 0.0191068 0.00872035
2120 0.0188558 0.00864225
2140 0.0186019 0.00856147
2160 0.0183454 0.00847813
2180 0.0180864 0.00839237
2200 0.0178252 0.00830431
2220 0.017562 0.00821408
2240 0.017297 0.00812182
2260 0.0170305 0.00802766
2280 0.0167626 0.00793172
2300 0.0164936 0.00783412
2320 0.0162237 0.00773499
2340 0.0159531 0.00763446
2360 0.0156819 0.00753264
2380 0.0154104 0.00742965
2400 0.0151388 0.00732561
2420 0.0148673 0.00722063
2440 0.0145959 0.00711482
2460 0.014325 0.0070083
2480 0.0140547 0.00690117
2500 0.0137851 0.00679353
2520 0.0135165 0.00668548
2540 0.0132489 0.00657714
2560 0.0129825 0.00646858
2580 0.0127175 0.00635991
2600 0.012454 0.00625121
2620 0.0121921 0.00614258
2640 0.011932 0.00603408
2660 0.0116738 0.00592582
2680 0.0114176 0.00581786
2700 0.0111635 0.00571028
2720 0.0109117 0.00560315
2740 0.0106621 0.00549653
2760 0.010415 0.00539051
2780 0.0101704 0.00528512
2800 0.00992836 0.00518044
2820 0.00968902 0.00507652
2840 0.00945243 0.00497341
2860 0.00921865 0.00487117
2880 0.00898776 0.00476982
2900 0.00875981 0.00466943
2920 0.00853486 0.00457003
2940 0.00831296 0.00447165
2960 0.00809415 0.00437434
2980 0.00787848 0.00427811
3000 0.00766599 0.00418301
3020 0.00745671 0.00408905
3040 0.00725067 0.00399626
3060 0.0070479 0.00390466
3080 0.00684842 0.00381427
3100 0.00665226 0.00372509
3120 0.00645942 0.00363716
3140 0.00626994 0.00355047
3160 0.0060838 0.00346504
3180 0.00590104 0.00338087
3200 0.00572164 0.00329797
3220 0.00554562 0.00321634
3240 0.00537298 0.00313598
3260 0.00520371 0.0030569
3280 0.00503782 0.0029791
3300 0.00487529 0.00290256
3320 0.00471613 0.0028273
3340 0.00456033 0.00275329
3360 0.00440787 0.00268055
3380 0.00425875 0.00260906
3400 0.00411295 0.00253881
3420 0.00397046 0.0024698
3440 0.00383126 0.00240202
3460 0.00369535 0.00233547
3480 0.0035627 0.00227013
3500 0.00343329 0.002206
3520 0.00330711 0.00214308
3540 0.00318413 0.00208134
3560 0.00306435 0.00202079
3580 0.00294773 0.00196141
3600 0.00283425 0.00190321
3620 0.0027239 0.00184617
3640 0.00261665 0.00179029
3660 0.00251248 0.00173557
3680 0.00241136 0.001682
3700 0.00231327 0.00162958
3720 0.00221818 0.0015783
3740 0.00212608 0.00152816
3760 0.00203693 0.00147917
3780 0.0019507 0.00143132
3800 0.00186737 0.00138462
3820 0.00178691 0.00133905
3840 0.00170929 0.00129464
3860 0.00163449 0.00125136
3880 0.00156246 0.00120924
3900 0.00149318 0.00116827
3920 0.00142661 0.00112846
3940 0.00136272 0.0010898
3960 0.00130147 0.00105231
3980 0.00124283 0.00101597
4000 0.00118676 0.000980809
4020 0.00113321 0.000946813
4040 0.00108215 0.000913989
4060 0.00103353 0.000882337
4080 0.000987308 0.00085186
4100 0.00094344 0.000822558
4120 0.000901879 0.000794432
4140 0.000862576 0.000767481
4160 0.000825484 0.000741707
4180 0.000790555 0.00071711
4200 0.000757741 0.000693689
4220 0.000726995 0.000671448
4240 0.00069827 0.00065039
4260 0.000671523 0.00063052
4280 0.000646716 0.000611847
4300 0.000623812 0.000594386
4320 0.000602785 0.000578157
4340 0.000583616 0.000563189
4360 0.000566303 0.000549525
4380 0.000550858 0.000537226
4400 0.000537323 0.000526378
4420 0.000525777 0.000517101
4440 0.000516353 0.000509573
4460 0.000509269 0.000504053
4480 0.00050488 0.000500935
4500 0.000503769 0.000500839
4520 2.13336e-06 0
4540 1.52146e-06 0
4560 1.06184e-06 0
4580 7.24632e-07 0
4600 4.82974e-07 0
4620 4.06394e-05 4.03259e-05
4640 1.96855e-07 0
4660 0.00238159 0.00238148
4680 0.00241961 0.00241954
4700 3.29167e-08 0
4720 1.41046e-08 0
4740 4.73658e-09 0
4760 1.02731e-09 0
4780 7.92785e-11 0
4800 4.89765e-05 4.89765e-05
