0 0.616381 0
20 5.57463e-06 1.44261e-08
40 1.55075 1.77492e-07
60 0.153101 7.87953e-07
80 0.443594 2.27023e-06
100 0.00063537 5.13811e-06
120 1.01049 9.96402e-06
140 0.00217414 1.73531e-05
160 0.235388 2.79217e-05
180 0.0159111 4.22796e-05
200 0.0118216 6.10152e-05
220 0.01223 8.46848e-05
240 0.0479832 0.000113802
260 0.0154528 0.000148834
280 0.0320994 0.000190192
300 0.031107 0.000238232
320 0.029228 0.000293251
340 0.027659 0.000355485
360 0.0263251 0.000425115
380 0.0251806 0.000502258
400 0.024196 0.000586979
420 0.0233506 0.000679288
440 0.0226274 0.00077914
460 0.0220119 0.000886446
480 0.0214911 0.00100107
500 0.0210536 0.00112283
520 0.0206893 0.00125152
540 0.0203894 0.00138687
560 0.0201464 0.00152862
580 0.0199536 0.00167644
600 0.0198054 0.00183
620 0.0196968 0.00198896
640 0.0196233 0.00215292
660 0.0195812 0.00232152
680 0.0195668 0.00249434
700 0.0195771 0.00267098
720 0.0196092 0.00285102
740 0.0196606 0.00303405
760 0.0197288 0.00321965
780 0.0198119 0.00340739
800 0.0199076 0.00359687
820 0.0200144 0.00378767
840 0.0201303 0.00397937
860 0.020254 0.0041716
880 0.0203839 0.00436394
900 0.0205187 0.00455604
920 0.0206572 0.0047475
940 0.0207983 0.00493799
960 0.0209408 0.00512714
980 0.0210838 0.00531464
1000 0.0212264 0.00550015
1020 0.0213677 0.00568338
1040 0.021507 0.00586404
1060 0.0216435 0.00604184
1080 0.0217766 0.00621654
1100 0.0219058 0.00638787
1120 0.0220303 0.00655561
1140 0.0221498 0.00671954
1160 0.0222637 0.00687946
1180 0.0223717 0.00703517
1200 0.0224733 0.00718651
1220 0.0225683 0.00733331
1240 0.0226563 0.00747543
1260 0.022737 0.00761273
1280 0.0228102 0.00774508
1300 0.0228756 0.00787239
1320 0.0229332 0.00799455
1340 0.0229827 0.00811148
1360 0.0230239 0.00822311
1380 0.0230569 0.00832937
1400 0.0230815 0.00843021
1420 0.0230976 0.0085256
1440 0.0231051 0.00861551
1460 0.0231042 0.0086999
1480 0.0230946 0.00877877
1500 0.0230766 0.00885211
1520 0.02305 0.00891993
1540 0.0230149 0.00898225
1560 0.0229713 0.00903908
1580 0.0229194 0.00909045
1600 0.0228592 0.00913639
1620 0.0227908 0.00917695
1640 0.0227142 0.00921217
1660 0.0226297 0.00924212
1680 0.0225373 0.00926683
1700 0.0224371 0.0092864
1720 0.0223293 0.00930087
1740 0.022214 0.00931032
1760 0.0220914 0.00931485
1780 0.0219616 0.00931452
1800 0.0218249 0.00930942
1820 0.0216813 0.00929965
1840 0.0215311 0.00928531
1860 0.0213743 0.00926648
1880 0.0212114 0.00924327
1900 0.0210423 0.00921578
1920 0.0208673 0.00918413
1940 0.0206867 0.00914841
1960 0.0205005 0.00910874
1980 0.0203091 0.00906524
2000 0.0201125 0.00901801
2020 0.0199111 0.00896717
2040 0.0197051 0.00891285
2060 0.0194946 0.00885515
2080 0.0192799 0.00879421
2100 0.0190611 0.00873014
2120 0.0188385 0.00866305
2140 0.0186124 0.00859309
2160 0.0183829 0.00852035
2180 0.0181502 0.00844498
2200 0.0179146 0.00836709
2220 0.0176762 0.0082868
2240 0.0174353 0.00820424
2260 0.0171921 0.00811952
2280 0.0169468 0.00803277
2300 0.0166996 0.00794411
2320 0.0164507 0.00785365
2340 0.0162003 0.00776152
2360 0.0159486 0.00766783
2380 0.0156958 0.0075727
2400 0.015442 0.00747623
2420 0.0151876 0.00737854
2440 0.0149326 0.00727975
2460 0.0146773 0.00717996
2480 0.0144217 0.00707927
2500 0.0141662 0.0069778
2520 0.0139108 0.00687563
2540 0.0136557 0.00677288
2560 0.0134011 0.00666964
2580 0.0131471 0.006566
2600 0.0128939 0.00646206
2620 0.0126416 0.00635791
2640 0.0123903 0.00625362
2660 0.0121403 0.0061493
2680 0.0118916 0.00604501
2700 0.0116443 0.00594084
2720 0.0113985 0.00583686
2740 0.0111545 0.00573315
2760 0.0109122 0.00562977
2780 0.0106718 0.00552679
2800 0.0104334 0.00542427
2820 0.0101971 0.00532228
2840 0.00996296 0.00522087
2860 0.00973106 0.00512009
2880 0.00950149 0.00502001
2900 0.00927432 0.00492065
2920 0.00904962 0.00482208
2940 0.00882747 0.00472433
2960 0.00860792 0.00462745
2980 0.00839103 0.00453146
3000 0.00817686 0.00443641
3020 0.00796545 0.00434232
3040 0.00775684 0.00424923
3060 0.0075511 0.00415715
3080 0.00734824 0.00406612
3100 0.00714831 0.00397616
3120 0.00695134 0.00388728
3140 0.00675736 0.0037995
3160 0.0065664 0.00371283
3180 0.00637848 0.00362729
3200 0.00619362 0.00354288
3220 0.00601185 0.00345963
3240 0.00583317 0.00337752
3260 0.0056576 0.00329657
3280 0.00548516 0.00321679
3300 0.00531586 0.00313817
3320 0.0051497 0.00306071
3340 0.00498669 0.00298442
3360 0.00482683 0.0029093
3380 0.00467014 0.00283534
3400 0.00451661 0.00276254
3420 0.00436625 0.0026909
3440 0.00421904 0.00262041
3460 0.004075 0.00255108
3480 0.00393412 0.00248289
3500 0.0037964 0.00241584
3520 0.00366182 0.00234994
3540 0.0035304 0.00228517
3560 0.00340211 0.00222153
3580 0.00327696 0.00215903
3600 0.00315493 0.00209765
3620 0.00303602 0.00203739
3640 0.00292022 0.00197826
3660 0.00280752 0.00192025
3680 0.0026979 0.00186337
3700 0.00259136 0.00180761
3720 0.00248788 0.00175298
3740 0.00238746 0.00169947
3760 0.00229007 0.0016471
3780 0.0021957 0.00159586
3800 0.00210433 0.00154577
3820 0.00201596 0.00149682
3840 0.00193055 0.00144902
3860 0.0018481 0.00140239
3880 0.00176858 0.00135692
3900 0.00169196 0.00131263
3920 0.00161823 0.00126952
3940 0.00154736 0.00122761
3960 0.00147931 0.00118689
3980 0.00141407 0.00114738
4000 0.0013516 0.00110909
4020 0.00129187 0.00107202
4040 0.00123484 0.00103618
4060 0.00118047 0.00100158
4080 0.00112873 0.000968228
4100 0.00107958 0.000936122
4120 0.00103297 0.000905272
4140 0.000988855 0.000875684
4160 0.000947197 0.000847362
4180 0.000907946 0.000820311
4200 0.000871057 0.000794538
4220 0.000836484 0.000770051
4240 0.000804183 0.000746857
4260 0.00077411 0.000724968
4280 0.000746229 0.000704401
4300 0.000720505 0.000685176
4320 0.000696914 0.000667323
4340 0.000675441 0.000650881
4360 0.000656088 0.000635904
4380 0.000638877 0.00062247
4400 0.000623862 0.000610682
4420 0.00061114 0.000600689
4440 0.000600873 0.000592704
4460 0.000593322 0.000587036
4480 0.000588908 0.000584153
4500 0.000588323 0.00058479
4520 2.57263e-06 0
4540 1.83507e-06 0
4560 1.28093e-06 0
4580 8.74307e-07 0
4600 5.82846e-07 0
4620 5.6956e-05 5.65776e-05
4640 2.37669e-07 0
4660 0.00334138 0.00334123
4680 0.00339472 0.00339464
4700 3.97735e-08 0
4720 1.70474e-08 0
4740 5.72646e-09 0
4760 1.24238e-09 0
4780 9.591e-11 0
4800 6.87144e-05 6.87144e-05
