0 0.608997 0
20 7.18757e-06 1.64692e-08
40 1.56337 2.02371e-07
60 0.151969 8.97247e-07
80 0.450811 2.58181e-06
100 0.000801793 5.83581e-06
120 0.991372 1.13025e-05
140 0.00266249 1.9659e-05
160 0.240548 3.15915e-05
180 0.0181787 4.7775e-05
200 0.0138471 6.88577e-05
220 0.0143287 9.5447e-05
240 0.0520885 0.000128101
260 0.0181395 0.000167319
280 0.035667 0.00021354
300 0.0363832 0.000267134
320 0.0340547 0.000328407
340 0.0321155 0.000397592
360 0.0304702 0.00047486
380 0.0290602 0.000560312
400 0.0278472 0.000653987
420 0.0268043 0.000755863
440 0.0259099 0.000865861
460 0.0251454 0.000983848
480 0.0244949 0.00110964
500 0.0239442 0.00124302
520 0.0234809 0.0013837
540 0.0230944 0.00153139
560 0.0227755 0.00168574
580 0.0225161 0.00184639
600 0.0223092 0.00201294
620 0.0221489 0.00218498
640 0.0220297 0.00236207
660 0.0219469 0.00254378
680 0.0218962 0.00272965
700 0.0218739 0.0029192
720 0.0218764 0.00311199
740 0.0219006 0.00330753
760 0.0219439 0.00350536
780 0.0220034 0.00370501
800 0.022077 0.00390603
820 0.0221625 0.00410795
840 0.0222578 0.00431034
860 0.0223612 0.00451276
880 0.0224711 0.00471479
900 0.0225858 0.00491602
920 0.0227041 0.00511605
940 0.0228245 0.0053145
960 0.022946 0.00551101
980 0.0230675 0.00570522
1000 0.0231879 0.00589681
1020 0.0233064 0.00608545
1040 0.0234221 0.00627084
1060 0.0235343 0.0064527
1080 0.0236422 0.00663077
1100 0.0237453 0.00680479
1120 0.023843 0.00697453
1140 0.0239348 0.00713977
1160 0.0240201 0.00730033
1180 0.0240987 0.007456
1200 0.02417 0.00760664
1220 0.0242339 0.00775207
1240 0.0242899 0.00789218
1260 0.0243379 0.00802683
1280 0.0243777 0.00815593
1300 0.0244089 0.00827936
1320 0.0244316 0.00839707
1340 0.0244455 0.00850897
1360 0.0244506 0.00861502
1380 0.0244468 0.00871516
1400 0.0244341 0.00880938
1420 0.0244123 0.00889764
1440 0.0243816 0.00897995
1460 0.0243419 0.00905629
1480 0.0242933 0.00912668
1500 0.0242358 0.00919114
1520 0.0241694 0.0092497
1540 0.0240944 0.00930238
1560 0.0240106 0.00934924
1580 0.0239184 0.00939033
1600 0.0238177 0.00942569
1620 0.0237087 0.00945541
1640 0.0235916 0.00947954
1660 0.0234665 0.00949817
1680 0.0233335 0.00951137
1700 0.0231929 0.00951923
1720 0.0230448 0.00952185
1740 0.0228894 0.00951932
1760 0.0227269 0.00951174
1780 0.0225575 0.00949922
1800 0.0223814 0.00948186
1820 0.0221988 0.00945978
1840 0.0220098 0.00943308
1860 0.0218148 0.00940189
1880 0.021614 0.00936633
1900 0.0214075 0.00932651
1920 0.0211957 0.00928257
1940 0.0209786 0.00923462
1960 0.0207566 0.0091828
1980 0.0205299 0.00912723
2000 0.0202988 0.00906804
2020 0.0200633 0.00900537
2040 0.0198239 0.00893935
2060 0.0195807 0.0088701
2080 0.0193339 0.00879777
2100 0.0190839 0.00872248
2120 0.0188307 0.00864437
2140 0.0185748 0.00856356
2160 0.0183162 0.0084802
2180 0.0180552 0.00839442
2200 0.0177921 0.00830634
2220 0.017527 0.00821609
2240 0.0172602 0.00812381
2260 0.016992 0.00802962
2280 0.0167224 0.00793366
2300 0.0164518 0.00783604
2320 0.0161803 0.00773689
2340 0.0159082 0.00763633
2360 0.0156356 0.00753448
2380 0.0153627 0.00743147
2400 0.0150898 0.0073274
2420 0.014817 0.00722239
2440 0.0145444 0.00711656
2460 0.0142724 0.00701001
2480 0.014001 0.00690285
2500 0.0137304 0.00679519
2520 0.0134609 0.00668712
2540 0.0131924 0.00657875
2560 0.0129252 0.00647016
2580 0.0126594 0.00636146
2600 0.0123953 0.00625274
2620 0.0121328 0.00614408
2640 0.0118721 0.00603556
2660 0.0116134 0.00592727
2680 0.0113568 0.00581928
2700 0.0111023 0.00571167
2720 0.0108501 0.00560452
2740 0.0106003 0.00549788
2760 0.010353 0.00539182
2780 0.0101083 0.00528641
2800 0.00986621 0.00518171
2820 0.00962686 0.00507776
2840 0.00939031 0.00497463
2860 0.00915665 0.00487236
2880 0.00892592 0.00477099
2900 0.00869819 0.00467057
2920 0.00847352 0.00457115
2940 0.00825195 0.00447275
2960 0.00803353 0.00437541
2980 0.00781829 0.00427916
3000 0.00760629 0.00418403
3020 0.00739755 0.00409005
3040 0.0071921 0.00399724
3060 0.00698996 0.00390561
3080 0.00679116 0.0038152
3100 0.00659572 0.003726
3120 0.00640366 0.00363805
3140 0.00621498 0.00355134
3160 0.0060297 0.00346588
3180 0.00584782 0.00338169
3200 0.00566935 0.00329877
3220 0.00549429 0.00321713
3240 0.00532265 0.00313675
3260 0.0051544 0.00305765
3280 0.00498957 0.00297983
3300 0.00482813 0.00290327
3320 0.00467008 0.00282799
3340 0.00451541 0.00275397
3360 0.0043641 0.0026812
3380 0.00421615 0.00260969
3400 0.00407154 0.00253943
3420 0.00393026 0.00247041
3440 0.00379228 0.00240261
3460 0.00365759 0.00233604
3480 0.00352618 0.00227069
3500 0.00339801 0.00220654
3520 0.00327307 0.0021436
3540 0.00315135 0.00208185
3560 0.00303281 0.00202128
3580 0.00291743 0.00196189
3600 0.0028052 0.00190367
3620 0.00269608 0.00184662
3640 0.00259005 0.00179073
3660 0.00248709 0.00173599
3680 0.00238716 0.00168241
3700 0.00229026 0.00162997
3720 0.00219633 0.00157868
3740 0.00210537 0.00152854
3760 0.00201734 0.00147953
3780 0.00193221 0.00143167
3800 0.00184996 0.00138496
3820 0.00177055 0.00133938
3840 0.00169395 0.00129495
3860 0.00162014 0.00125167
3880 0.00154907 0.00120954
3900 0.00148072 0.00116856
3920 0.00141504 0.00112873
3940 0.00135202 0.00109007
3960 0.0012916 0.00105256
3980 0.00123375 0.00101622
4000 0.00117843 0.000981049
4020 0.00112561 0.000947045
4040 0.00107523 0.000914212
4060 0.00102726 0.000882553
4080 0.00098165 0.000852068
4100 0.000938356 0.000822759
4120 0.000897333 0.000794626
4140 0.000858532 0.000767669
4160 0.000821907 0.000741889
4180 0.00078741 0.000717285
4200 0.000754994 0.000693859
4220 0.000724612 0.000671613
4240 0.000696219 0.000650549
4260 0.000669774 0.000630674
4280 0.000645238 0.000611997
4300 0.000622578 0.000594531
4320 0.000601767 0.000578298
4340 0.000582789 0.000563327
4360 0.000565642 0.00054966
4380 0.000550342 0.000537358
4400 0.000536931 0.000526506
4420 0.00052549 0.000517228
4440 0.000516154 0.000509698
4460 0.000509143 0.000504177
4480 0.000504814 0.000501058
4500 0.000503751 0.000500962
4520 2.03114e-06 0
4540 1.44851e-06 0
4560 1.01089e-06 0
4580 6.89845e-07 0
4600 4.59773e-07 0
4620 3.86178e-05 3.83194e-05
4640 1.87384e-07 0
4660 0.00226309 0.00226298
4680 0.00229921 0.00229915
4700 3.13287e-08 0
4720 1.34235e-08 0
4740 4.50767e-09 0
4760 9.7762e-10 0
4780 7.544e-11 0
4800 4.65396e-05 4.65396e-05
