0 0.604484 0
20 8.3803e-06 1.88551e-08
40 1.57345 2.31375e-07
60 0.151371 1.02446e-06
80 0.456172 2.94388e-06
100 0.000923049 6.64525e-06
120 0.978899 1.28529e-05
140 0.00300631 2.23254e-05
160 0.244253 3.5828e-05
180 0.0196259 5.41087e-05
200 0.0151466 7.78812e-05
220 0.015695 0.000107809
240 0.0547531 0.000144497
260 0.0199257 0.000188481
280 0.0380262 0.000240223
300 0.0398209 0.000300109
320 0.0372111 0.000368448
340 0.0350436 0.000445467
360 0.0332094 0.000531321
380 0.0316411 0.000626088
400 0.0302947 0.000729774
420 0.0291391 0.000842318
440 0.0281493 0.000963596
460 0.0273045 0.00109343
480 0.0265864 0.00123157
500 0.025979 0.00137774
520 0.0254684 0.0015316
540 0.0250427 0.00169278
560 0.0246913 0.00186089
580 0.0244053 0.00203548
600 0.0241768 0.0022161
620 0.0239988 0.00240225
640 0.0238654 0.00259346
660 0.0237711 0.0027892
680 0.023711 0.00298896
700 0.023681 0.00319222
720 0.0236771 0.00339844
740 0.0236959 0.00360711
760 0.0237341 0.0038177
780 0.0237888 0.0040297
800 0.0238575 0.0042426
820 0.0239378 0.00445591
840 0.0240276 0.00466914
860 0.0241248 0.00488182
880 0.0242276 0.00509349
900 0.0243345 0.00530372
920 0.0244439 0.00551208
940 0.0245545 0.00571817
960 0.024665 0.00592161
980 0.0247742 0.00612203
1000 0.0248813 0.00631908
1020 0.0249851 0.00651243
1040 0.025085 0.00670178
1060 0.0251801 0.00688684
1080 0.0252697 0.00706734
1100 0.0253533 0.00724303
1120 0.0254302 0.00741369
1140 0.0255 0.00757911
1160 0.0255622 0.00773909
1180 0.0256165 0.00789347
1200 0.0256626 0.00804208
1220 0.0257 0.00818479
1240 0.0257286 0.00832148
1260 0.0257483 0.00845204
1280 0.0257587 0.00857639
1300 0.0257598 0.00869445
1320 0.0257514 0.00880616
1340 0.0257336 0.00891148
1360 0.0257062 0.00901038
1380 0.0256692 0.00910283
1400 0.0256227 0.00918882
1420 0.0255666 0.00926837
1440 0.025501 0.00934149
1460 0.025426 0.0094082
1480 0.0253417 0.00946854
1500 0.0252481 0.00952256
1520 0.0251454 0.0095703
1540 0.0250338 0.00961183
1560 0.0249132 0.00964722
1580 0.024784 0.00967655
1600 0.0246463 0.0096999
1620 0.0245003 0.00971735
1640 0.0243461 0.00972901
1660 0.024184 0.00973498
1680 0.0240141 0.00973537
1700 0.0238367 0.00973028
1720 0.023652 0.00971983
1740 0.0234602 0.00970414
1760 0.0232616 0.00968334
1780 0.0230564 0.00965755
1800 0.0228448 0.0096269
1820 0.0226271 0.00959152
1840 0.0224035 0.00955156
1860 0.0221743 0.00950714
1880 0.0219397 0.0094584
1900 0.0216999 0.00940549
1920 0.0214553 0.00934855
1940 0.0212061 0.00928772
1960 0.0209525 0.00922314
1980 0.0206949 0.00915497
2000 0.0204334 0.00908334
2020 0.0201683 0.0090084
2040 0.0198998 0.00893029
2060 0.0196283 0.00884917
2080 0.0193539 0.00876517
2100 0.0190769 0.00867843
2120 0.0187977 0.00858912
2140 0.0185163 0.00849736
2160 0.018233 0.00840329
2180 0.0179481 0.00830706
2200 0.0176619 0.00820881
2220 0.0173745 0.00810868
2240 0.0170861 0.00800679
2260 0.0167971 0.00790329
2280 0.0165075 0.0077983
2300 0.0162177 0.00769196
2320 0.0159278 0.00758439
2340 0.015638 0.00747572
2360 0.0153486 0.00736606
2380 0.0150597 0.00725555
2400 0.0147714 0.0071443
2420 0.0144841 0.00703242
2440 0.0141979 0.00692003
2460 0.0139128 0.00680723
2480 0.0136292 0.00669413
2500 0.0133471 0.00658084
2520 0.0130668 0.00646744
2540 0.0127882 0.00635405
2560 0.0125117 0.00624075
2580 0.0122373 0.00612763
2600 0.0119652 0.00601478
2620 0.0116954 0.00590228
2640 0.0114281 0.00579021
2660 0.0111634 0.00567865
2680 0.0109014 0.00556768
2700 0.0106422 0.00545735
2720 0.0103859 0.00534775
2740 0.0101325 0.00523892
2760 0.00988222 0.00513093
2780 0.00963505 0.00502384
2800 0.00939107 0.00491769
2820 0.00915035 0.00481254
2840 0.00891295 0.00470844
2860 0.00867891 0.00460542
2880 0.00844828 0.00450352
2900 0.00822112 0.00440279
2920 0.00799745 0.00430325
2940 0.00777732 0.00420494
2960 0.00756074 0.00410788
2980 0.00734775 0.0040121
3000 0.00713837 0.00391762
3020 0.00693262 0.00382446
3040 0.0067305 0.00373263
3060 0.00653204 0.00364215
3080 0.00633723 0.00355304
3100 0.00614609 0.00346529
3120 0.00595861 0.00337893
3140 0.00577479 0.00329395
3160 0.00559463 0.00321035
3180 0.00541812 0.00312814
3200 0.00524525 0.00304733
3220 0.00507601 0.00296789
3240 0.00491038 0.00288984
3260 0.00474836 0.00281317
3280 0.00458991 0.00273787
3300 0.00443503 0.00266394
3320 0.00428369 0.00259136
3340 0.00413587 0.00252013
3360 0.00399154 0.00245023
3380 0.00385068 0.00238167
3400 0.00371326 0.00231442
3420 0.00357926 0.00224847
3440 0.00344865 0.00218382
3460 0.00332139 0.00212045
3480 0.00319746 0.00205835
3500 0.00307682 0.0019975
3520 0.00295945 0.0019379
3540 0.00284531 0.00187954
3560 0.00273437 0.0018224
3580 0.0026266 0.00176647
3600 0.00252195 0.00171174
3620 0.0024204 0.0016582
3640 0.00232191 0.00160584
3660 0.00222645 0.00155466
3680 0.00213398 0.00150464
3700 0.00204447 0.00145578
3720 0.00195787 0.00140807
3740 0.00187416 0.0013615
3760 0.00179329 0.00131608
3780 0.00171523 0.00127178
3800 0.00163994 0.00122862
3820 0.00156737 0.00118659
3840 0.00149751 0.00114568
3860 0.00143029 0.0011059
3880 0.00136569 0.00106723
3900 0.00130365 0.00102968
3920 0.00124415 0.00099325
3940 0.00118714 0.000957931
3960 0.00113257 0.000923725
3980 0.00108041 0.00089063
4000 0.0010306 0.000858644
4020 0.000983101 0.000827765
4040 0.000937868 0.00079799
4060 0.000894852 0.000769317
4080 0.000854006 0.000741742
4100 0.00081528 0.000715262
4120 0.000778626 0.000689872
4140 0.000743994 0.00066557
4160 0.000711334 0.000642351
4180 0.000680598 0.000620211
4200 0.000651735 0.000599146
4220 0.0006247 0.000579154
4240 0.000599444 0.000560234
4260 0.000575926 0.000542386
4280 0.000554105 0.000525613
4300 0.000533946 0.000509925
4320 0.000515421 0.000495332
4340 0.000498508 0.000481858
4360 0.000483199 0.000469534
4380 0.000469504 0.000458406
4400 0.00045745 0.000448543
4420 0.000447102 0.000440044
4440 0.000438567 0.000433053
4460 0.000432025 0.000427785
4480 0.000427772 0.000424565
4500 0.000426292 0.000423911
4520 1.73359e-06 0
4540 1.23616e-06 0
4560 8.62587e-07 0
4580 5.88563e-07 0
4600 3.92217e-07 0
4620 2.84057e-05 2.81512e-05
4640 1.59802e-07 0
4660 0.00166259 0.00166249
4680 0.00168912 0.00168906
4700 2.67024e-08 0
4720 1.14391e-08 0
4740 3.84055e-09 0
4760 8.3276e-10 0
4780 6.42453e-11 0
4800 3.41901e-05 3.41901e-05
