0 0.602172 0
20 7.71221e-06 1.44518e-08
40 1.54016 1.77809e-07
60 0.149628 7.89357e-07
80 0.442727 2.27427e-06
100 0.000849541 5.14726e-06
120 0.983147 9.98177e-06
140 0.00279789 1.7384e-05
160 0.236638 2.79715e-05
180 0.0187719 4.23549e-05
200 0.0145012 6.11239e-05
220 0.0149539 8.48356e-05
240 0.0518624 0.000114005
260 0.0188381 0.000149099
280 0.0359189 0.000190531
300 0.0378819 0.000238656
320 0.0353294 0.000293773
340 0.0332002 0.000356119
360 0.0313898 0.000425872
380 0.0298334 0.000503153
400 0.0284892 0.000588025
420 0.0273271 0.000680498
440 0.0263237 0.000780528
460 0.025459 0.000888026
480 0.0247157 0.00100285
500 0.0240787 0.00112483
520 0.0235351 0.00125375
540 0.0230736 0.00138934
560 0.0226843 0.00153134
580 0.0223589 0.00167943
600 0.0220901 0.00183326
620 0.0218715 0.0019925
640 0.0216975 0.00215676
660 0.0215631 0.00232565
680 0.0214639 0.00249878
700 0.0213959 0.00267574
720 0.0213555 0.0028561
740 0.0213396 0.00303946
760 0.0213451 0.00322539
780 0.0213695 0.00341346
800 0.0214102 0.00360328
820 0.021465 0.00379441
840 0.021532 0.00398646
860 0.0216092 0.00417903
880 0.0216949 0.00437172
900 0.0217876 0.00456415
920 0.0218858 0.00475596
940 0.0219882 0.00494678
960 0.0220935 0.00513628
980 0.0222007 0.0053241
1000 0.0223087 0.00550995
1020 0.0224166 0.00569351
1040 0.0225234 0.00587449
1060 0.0226284 0.00605261
1080 0.0227308 0.00622761
1100 0.02283 0.00639925
1120 0.0229254 0.00656729
1140 0.0230163 0.00673151
1160 0.0231023 0.00689171
1180 0.0231829 0.00704771
1200 0.0232577 0.00719932
1220 0.0233263 0.00734638
1240 0.0233883 0.00748875
1260 0.0234436 0.00762629
1280 0.0234917 0.00775888
1300 0.0235324 0.00788641
1320 0.0235657 0.00800879
1340 0.0235912 0.00812593
1360 0.0236088 0.00823776
1380 0.0236184 0.00834421
1400 0.0236199 0.00844523
1420 0.0236132 0.00854079
1440 0.0235983 0.00863085
1460 0.0235751 0.00871539
1480 0.0235436 0.00879441
1500 0.0235038 0.00886788
1520 0.0234557 0.00893582
1540 0.0233994 0.00899825
1560 0.0233349 0.00905518
1580 0.0232623 0.00910664
1600 0.0231815 0.00915267
1620 0.0230928 0.0091933
1640 0.0229962 0.00922859
1660 0.0228919 0.00925858
1680 0.0227799 0.00928334
1700 0.0226603 0.00930294
1720 0.0225334 0.00931744
1740 0.0223992 0.00932691
1760 0.022258 0.00933144
1780 0.0221098 0.00933111
1800 0.0219549 0.00932601
1820 0.0217934 0.00931622
1840 0.0216255 0.00930185
1860 0.0214514 0.00928299
1880 0.0212713 0.00925974
1900 0.0210853 0.0092322
1920 0.0208937 0.00920049
1940 0.0206967 0.00916471
1960 0.0204945 0.00912497
1980 0.0202873 0.00908139
2000 0.0200753 0.00903407
2020 0.0198587 0.00898315
2040 0.0196378 0.00892873
2060 0.0194127 0.00887093
2080 0.0191837 0.00880988
2100 0.018951 0.00874569
2120 0.0187148 0.00867849
2140 0.0184753 0.00860839
2160 0.0182328 0.00853553
2180 0.0179875 0.00846003
2200 0.0177396 0.00838199
2220 0.0174893 0.00830156
2240 0.0172368 0.00821885
2260 0.0169824 0.00813399
2280 0.0167262 0.00804708
2300 0.0164685 0.00795826
2320 0.0162094 0.00786765
2340 0.0159492 0.00777535
2360 0.0156882 0.00768149
2380 0.0154263 0.00758619
2400 0.015164 0.00748955
2420 0.0149013 0.00739169
2440 0.0146384 0.00729272
2460 0.0143756 0.00719275
2480 0.014113 0.00709188
2500 0.0138507 0.00699023
2520 0.013589 0.00688788
2540 0.013328 0.00678495
2560 0.0130679 0.00668152
2580 0.0128088 0.0065777
2600 0.0125509 0.00647357
2620 0.0122942 0.00636923
2640 0.012039 0.00626477
2660 0.0117854 0.00616025
2680 0.0115336 0.00605578
2700 0.0112835 0.00595143
2720 0.0110354 0.00584726
2740 0.0107893 0.00574336
2760 0.0105454 0.0056398
2780 0.0103038 0.00553664
2800 0.0100645 0.00543394
2820 0.00982772 0.00533176
2840 0.00959344 0.00523017
2860 0.00936177 0.00512922
2880 0.00913278 0.00502895
2900 0.00890656 0.00492942
2920 0.00868315 0.00483067
2940 0.00846263 0.00473275
2960 0.00824505 0.00463569
2980 0.00803046 0.00453953
3000 0.00781891 0.00444431
3020 0.00761043 0.00435006
3040 0.00740507 0.0042568
3060 0.00720287 0.00416456
3080 0.00700385 0.00407337
3100 0.00680804 0.00398324
3120 0.00661546 0.0038942
3140 0.00642614 0.00380626
3160 0.00624009 0.00371944
3180 0.00605733 0.00363375
3200 0.00587787 0.00354919
3220 0.00570171 0.00346579
3240 0.00552886 0.00338354
3260 0.00535932 0.00330245
3280 0.0051931 0.00322252
3300 0.00503019 0.00314376
3320 0.0048706 0.00306616
3340 0.0047143 0.00298974
3360 0.00456131 0.00291448
3380 0.0044116 0.00284039
3400 0.00426517 0.00276746
3420 0.004122 0.00269569
3440 0.00398208 0.00262508
3460 0.0038454 0.00255562
3480 0.00371193 0.00248731
3500 0.00358167 0.00242015
3520 0.00345459 0.00235412
3540 0.00333068 0.00228924
3560 0.00320991 0.00222549
3580 0.00309226 0.00216287
3600 0.00297772 0.00210138
3620 0.00286626 0.00204102
3640 0.00275785 0.00198179
3660 0.00265248 0.00192367
3680 0.00255012 0.00186669
3700 0.00245075 0.00181083
3720 0.00235434 0.0017561
3740 0.00226086 0.0017025
3760 0.0021703 0.00165003
3780 0.00208263 0.0015987
3800 0.00199781 0.00154852
3820 0.00191583 0.00149948
3840 0.00183665 0.0014516
3860 0.00176025 0.00140489
3880 0.00168659 0.00135934
3900 0.00161566 0.00131497
3920 0.00154741 0.00127178
3940 0.00148182 0.00122979
3960 0.00141885 0.001189
3980 0.00135846 0.00114943
4000 0.00130064 0.00111106
4020 0.00124533 0.00107393
4040 0.0011925 0.00103803
4060 0.00114211 0.00100337
4080 0.00109413 0.000969952
4100 0.00104851 0.00093779
4120 0.00100521 0.000906885
4140 0.000964185 0.000877244
4160 0.0009254 0.000848871
4180 0.000888809 0.000821772
4200 0.000854371 0.000795954
4220 0.000822046 0.000771422
4240 0.000791794 0.000748187
4260 0.000763581 0.00072626
4280 0.000737375 0.000705656
4300 0.000713151 0.000686397
4320 0.000690894 0.000668512
4340 0.000670597 0.00065204
4360 0.000652273 0.000637037
4380 0.000635955 0.000623579
4400 0.000621706 0.00061177
4420 0.000609634 0.00060176
4440 0.000599912 0.00059376
4460 0.000592815 0.000588082
4480 0.000588773 0.000585193
4500 0.00058849 0.000585832
4520 1.93555e-06 0
4540 1.38035e-06 0
4560 9.63322e-07 0
4580 6.57384e-07 0
4600 4.38139e-07 0
4620 4.22728e-05 4.19884e-05
4640 1.78568e-07 0
4660 0.00247976 0.00247966
4680 0.00251935 0.00251929
4700 2.98553e-08 0
4720 1.27924e-08 0
4740 4.29583e-09 0
4760 9.31709e-10 0
4780 7.19023e-11 0
4800 5.09956e-05 5.09956e-05
