0 0.618914 0
20 5.7616e-06 1.64518e-08
40 1.57157 2.02157e-07
60 0.154431 8.96298e-07
80 0.451764 2.57908e-06
100 0.000658081 5.82964e-06
120 1.01026 1.12906e-05
140 0.00224228 1.96382e-05
160 0.23991 3.15581e-05
180 0.0162633 4.77246e-05
200 0.0120437 6.87849e-05
220 0.0124901 9.53461e-05
240 0.0495172 0.000127965
260 0.0158449 0.000167142
280 0.0330991 0.000213314
300 0.0318025 0.000266852
320 0.0299196 0.00032806
340 0.0283515 0.000397172
360 0.0270224 0.000474358
380 0.0258857 0.00055972
400 0.0249118 0.000653295
420 0.0240795 0.000755064
440 0.0233715 0.000864946
460 0.0227731 0.000982808
480 0.022271 0.00110847
500 0.0218534 0.0012417
520 0.02151 0.00138224
540 0.0212318 0.00152977
560 0.0210109 0.00168396
580 0.0208407 0.00184444
600 0.0207151 0.00201081
620 0.020629 0.00218267
640 0.0205779 0.00235958
660 0.0205577 0.00254109
680 0.0205647 0.00272676
700 0.0205958 0.00291612
720 0.020648 0.0031087
740 0.0207185 0.00330403
760 0.020805 0.00350165
780 0.0209052 0.00370109
800 0.021017 0.0039019
820 0.0211386 0.00410361
840 0.0212682 0.00430578
860 0.0214042 0.00450799
880 0.0215451 0.00470981
900 0.0216896 0.00491082
920 0.0218363 0.00511064
940 0.0219842 0.00530889
960 0.0221321 0.00550519
980 0.0222791 0.00569919
1000 0.0224243 0.00589058
1020 0.0225667 0.00607902
1040 0.0227057 0.00626421
1060 0.0228406 0.00644588
1080 0.0229706 0.00662376
1100 0.0230953 0.00679759
1120 0.0232141 0.00696716
1140 0.0233265 0.00713223
1160 0.023432 0.00729261
1180 0.0235303 0.00744812
1200 0.0236211 0.0075986
1220 0.0237041 0.00774388
1240 0.0237788 0.00788384
1260 0.0238453 0.00801835
1280 0.0239031 0.00814731
1300 0.0239522 0.00827061
1320 0.0239925 0.00838819
1340 0.0240237 0.00849998
1360 0.0240459 0.00860591
1380 0.0240589 0.00870595
1400 0.0240627 0.00880007
1420 0.0240574 0.00888824
1440 0.0240428 0.00897046
1460 0.0240191 0.00904672
1480 0.0239862 0.00911704
1500 0.0239442 0.00918143
1520 0.0238931 0.00923992
1540 0.0238332 0.00929255
1560 0.0237644 0.00933936
1580 0.0236869 0.0093804
1600 0.0236007 0.00941573
1620 0.0235061 0.00944541
1640 0.0234032 0.00946952
1660 0.023292 0.00948813
1680 0.0231729 0.00950132
1700 0.0230459 0.00950917
1720 0.0229112 0.00951179
1740 0.0227691 0.00950926
1760 0.0226196 0.00950169
1780 0.022463 0.00948918
1800 0.0222996 0.00947184
1820 0.0221294 0.00944978
1840 0.0219528 0.00942311
1860 0.0217698 0.00939195
1880 0.0215809 0.00935643
1900 0.0213861 0.00931665
1920 0.0211857 0.00927275
1940 0.0209799 0.00922486
1960 0.020769 0.00917309
1980 0.0205531 0.00911758
2000 0.0203326 0.00905846
2020 0.0201075 0.00899586
2040 0.0198783 0.0089299
2060 0.0196451 0.00886073
2080 0.0194081 0.00878847
2100 0.0191675 0.00871326
2120 0.0189237 0.00863523
2140 0.0186768 0.00855451
2160 0.018427 0.00847124
2180 0.0181746 0.00838555
2200 0.0179198 0.00829756
2220 0.0176628 0.00820741
2240 0.0174039 0.00811522
2260 0.0171432 0.00802114
2280 0.016881 0.00792527
2300 0.0166175 0.00782775
2320 0.0163528 0.00772871
2340 0.0160873 0.00762826
2360 0.015821 0.00752652
2380 0.0155542 0.00742361
2400 0.0152871 0.00731965
2420 0.0150198 0.00721476
2440 0.0147525 0.00710904
2460 0.0144855 0.0070026
2480 0.0142189 0.00689556
2500 0.0139528 0.00678801
2520 0.0136874 0.00668005
2540 0.0134229 0.00657179
2560 0.0131594 0.00646332
2580 0.012897 0.00635474
2600 0.012636 0.00624613
2620 0.0123763 0.00613758
2640 0.0121183 0.00602918
2660 0.0118619 0.005921
2680 0.0116074 0.00581313
2700 0.0113547 0.00570564
2720 0.0111041 0.00559859
2740 0.0108556 0.00549207
2760 0.0106093 0.00538613
2780 0.0103654 0.00528083
2800 0.0101238 0.00517623
2820 0.00988471 0.0050724
2840 0.00964818 0.00496937
2860 0.00941429 0.00486721
2880 0.00918309 0.00476595
2900 0.00895465 0.00466564
2920 0.00872902 0.00456632
2940 0.00850626 0.00446802
2960 0.00828643 0.00437078
2980 0.00806956 0.00427464
3000 0.00785569 0.00417961
3020 0.00764487 0.00408573
3040 0.00743713 0.00399301
3060 0.0072325 0.00390149
3080 0.00703101 0.00381117
3100 0.00683268 0.00372207
3120 0.00663754 0.0036342
3140 0.0064456 0.00354758
3160 0.00625689 0.00346222
3180 0.0060714 0.00337812
3200 0.00588917 0.00329529
3220 0.00571019 0.00321372
3240 0.00553447 0.00313344
3260 0.00536203 0.00305442
3280 0.00519285 0.00297668
3300 0.00502696 0.0029002
3320 0.00486433 0.002825
3340 0.00470498 0.00275106
3360 0.0045489 0.00267837
3380 0.00439609 0.00260694
3400 0.00424653 0.00253675
3420 0.00410024 0.00246779
3440 0.00395719 0.00240007
3460 0.00381738 0.00233357
3480 0.0036808 0.00226829
3500 0.00354744 0.00220421
3520 0.00341729 0.00214133
3540 0.00329033 0.00207965
3560 0.00316656 0.00201914
3580 0.00304596 0.00195982
3600 0.00292852 0.00190166
3620 0.00281422 0.00184467
3640 0.00270305 0.00178884
3660 0.00259498 0.00173416
3680 0.00249002 0.00168063
3700 0.00238812 0.00162825
3720 0.00228929 0.00157702
3740 0.00219349 0.00152692
3760 0.00210071 0.00147797
3780 0.00201093 0.00143016
3800 0.00192412 0.00138349
3820 0.00184027 0.00133797
3840 0.00175935 0.00129358
3860 0.00168132 0.00125035
3880 0.00160618 0.00120826
3900 0.00153388 0.00116732
3920 0.0014644 0.00112754
3940 0.0013977 0.00108892
3960 0.00133376 0.00105145
3980 0.00127254 0.00101515
4000 0.001214 0.000980012
4020 0.0011581 0.000946044
4040 0.0011048 0.000913246
4060 0.00105407 0.00088162
4080 0.00100585 0.000851168
4100 0.000960105 0.00082189
4120 0.000916784 0.000793786
4140 0.000875838 0.000766858
4160 0.000837219 0.000741104
4180 0.000800876 0.000716527
4200 0.000766758 0.000693126
4220 0.000734817 0.000670903
4240 0.000705002 0.000649861
4260 0.000677267 0.000630007
4280 0.000651568 0.00061135
4300 0.000627866 0.000593903
4320 0.000606129 0.000577687
4340 0.000586335 0.000562731
4360 0.000568473 0.000549079
4380 0.000552554 0.00053679
4400 0.000538612 0.00052595
4420 0.00052672 0.000516681
4440 0.000517005 0.000509159
4460 0.000509681 0.000503644
4480 0.000505095 0.000500528
4500 0.000503824 0.000500432
4520 2.47025e-06 0
4540 1.76191e-06 0
4560 1.22977e-06 0
4580 8.39324e-07 0
4600 5.59479e-07 0
4620 4.73575e-05 4.69943e-05
4640 2.28096e-07 0
4660 0.00277542 0.00277529
4680 0.00281972 0.00281965
4700 3.81579e-08 0
4720 1.63529e-08 0
4740 5.49241e-09 0
4760 1.19142e-09 0
4780 9.19579e-11 0
4800 5.70754e-05 5.70754e-05
