0 0.609033 0
20 7.69333e-06 1.88498e-08
40 1.57947 2.3131e-07
60 0.152573 1.02417e-06
80 0.457585 2.94306e-06
100 0.000855844 6.64339e-06
120 0.986997 1.28493e-05
140 0.00281716 2.23192e-05
160 0.244525 3.58179e-05
180 0.0188362 5.40936e-05
200 0.0143848 7.78593e-05
220 0.014919 0.000107779
240 0.0538594 0.000144457
260 0.0189583 0.000188428
280 0.0370375 0.000240156
300 0.0379006 0.000300025
320 0.0354914 0.000368344
340 0.0334901 0.000445342
360 0.0317968 0.000531172
380 0.0303498 0.000625912
400 0.0291093 0.000729569
420 0.0280464 0.000842082
440 0.0271387 0.000963326
460 0.0263666 0.00109312
480 0.0257133 0.00123122
500 0.0251638 0.00137735
520 0.0247052 0.00153117
540 0.0243261 0.00169231
560 0.0240168 0.00186037
580 0.0237688 0.00203491
600 0.0235748 0.00221547
620 0.0234283 0.00240158
640 0.0233235 0.00259273
660 0.0232555 0.00278842
680 0.0232196 0.00298812
700 0.0232118 0.00319132
720 0.0232286 0.00339749
740 0.0232664 0.0036061
760 0.0233225 0.00381663
780 0.023394 0.00402857
800 0.0234784 0.00424141
820 0.0235735 0.00445466
840 0.0236773 0.00466783
860 0.0237878 0.00488045
880 0.0239033 0.00509206
900 0.0240223 0.00530223
920 0.0241432 0.00551054
940 0.0242649 0.00571657
960 0.0243861 0.00591995
980 0.0245056 0.00612031
1000 0.0246226 0.0063173
1020 0.024736 0.0065106
1040 0.0248452 0.0066999
1060 0.0249493 0.00688491
1080 0.0250476 0.00706536
1100 0.0251397 0.007241
1120 0.0252248 0.00741162
1140 0.0253027 0.00757699
1160 0.0253728 0.00773692
1180 0.0254347 0.00789125
1200 0.0254882 0.00803982
1220 0.0255329 0.00818249
1240 0.0255687 0.00831914
1260 0.0255953 0.00844967
1280 0.0256125 0.00857398
1300 0.0256203 0.00869201
1320 0.0256184 0.00880369
1340 0.025607 0.00890898
1360 0.0255859 0.00900785
1380 0.025555 0.00910027
1400 0.0255145 0.00918625
1420 0.0254644 0.00926577
1440 0.0254046 0.00933887
1460 0.0253353 0.00940557
1480 0.0252565 0.00946589
1500 0.0251684 0.00951989
1520 0.0250711 0.00956762
1540 0.0249647 0.00960914
1560 0.0248493 0.00964452
1580 0.0247252 0.00967384
1600 0.0245925 0.00969718
1620 0.0244513 0.00971463
1640 0.0243019 0.00972629
1660 0.0241445 0.00973225
1680 0.0239793 0.00973264
1700 0.0238064 0.00972755
1720 0.0236261 0.0097171
1740 0.0234387 0.00970142
1760 0.0232444 0.00968062
1780 0.0230434 0.00965484
1800 0.0228359 0.0096242
1820 0.0226222 0.00958883
1840 0.0224025 0.00954888
1860 0.0221772 0.00950447
1880 0.0219463 0.00945575
1900 0.0217103 0.00940285
1920 0.0214693 0.00934593
1940 0.0212236 0.00928512
1960 0.0209735 0.00922056
1980 0.0207192 0.0091524
2000 0.020461 0.00908079
2020 0.0201991 0.00900587
2040 0.0199338 0.00892779
2060 0.0196653 0.00884668
2080 0.0193939 0.00876271
2100 0.0191198 0.008676
2120 0.0188433 0.00858671
2140 0.0185646 0.00849497
2160 0.018284 0.00840094
2180 0.0180016 0.00830474
2200 0.0177178 0.00820651
2220 0.0174328 0.0081064
2240 0.0171467 0.00800455
2260 0.0168599 0.00790107
2280 0.0165724 0.00779611
2300 0.0162846 0.0076898
2320 0.0159967 0.00758226
2340 0.0157088 0.00747362
2360 0.0154211 0.007364
2380 0.0151339 0.00725352
2400 0.0148472 0.0071423
2420 0.0145614 0.00703045
2440 0.0142766 0.00691809
2460 0.0139929 0.00680532
2480 0.0137106 0.00669226
2500 0.0134296 0.00657899
2520 0.0131504 0.00646563
2540 0.0128728 0.00635227
2560 0.0125972 0.006239
2580 0.0123236 0.00612591
2600 0.0120522 0.00601309
2620 0.0117831 0.00590062
2640 0.0115164 0.00578859
2660 0.0112522 0.00567706
2680 0.0109906 0.00556612
2700 0.0107317 0.00545582
2720 0.0104756 0.00534625
2740 0.0102224 0.00523745
2760 0.00997223 0.00512949
2780 0.00972506 0.00502243
2800 0.009481 0.00491631
2820 0.00924012 0.00481119
2840 0.00900248 0.00470712
2860 0.00876812 0.00460413
2880 0.00853711 0.00450226
2900 0.00830948 0.00440156
2920 0.00808528 0.00430205
2940 0.00786454 0.00420376
2960 0.00764728 0.00410673
2980 0.00743355 0.00401098
3000 0.00722335 0.00391652
3020 0.00701672 0.00382339
3040 0.00681366 0.00373158
3060 0.0066142 0.00364113
3080 0.00641833 0.00355204
3100 0.00622606 0.00346432
3120 0.0060374 0.00337798
3140 0.00585235 0.00329302
3160 0.0056709 0.00320945
3180 0.00549306 0.00312727
3200 0.00531881 0.00304647
3220 0.00514814 0.00296706
3240 0.00498105 0.00288903
3260 0.00481751 0.00281238
3280 0.00465752 0.0027371
3300 0.00450106 0.00266319
3320 0.00434811 0.00259063
3340 0.00419864 0.00251942
3360 0.00405265 0.00244955
3380 0.0039101 0.002381
3400 0.00377098 0.00231377
3420 0.00363525 0.00224784
3440 0.0035029 0.00218321
3460 0.00337389 0.00211985
3480 0.0032482 0.00205777
3500 0.0031258 0.00199694
3520 0.00300667 0.00193736
3540 0.00289076 0.00187901
3560 0.00277806 0.00182189
3580 0.00266853 0.00176597
3600 0.00256215 0.00171126
3620 0.00245887 0.00165773
3640 0.00235867 0.00160539
3660 0.00226151 0.00155422
3680 0.00216737 0.00150422
3700 0.00207621 0.00145537
3720 0.00198799 0.00140767
3740 0.00190268 0.00136112
3760 0.00182025 0.00131571
3780 0.00174066 0.00127143
3800 0.00166388 0.00122828
3820 0.00158987 0.00118626
3840 0.00151859 0.00114536
3860 0.00145 0.00110559
3880 0.00138407 0.00106693
3900 0.00132076 0.00102939
3920 0.00126002 0.000992971
3940 0.00120182 0.000957663
3960 0.00114611 0.000923466
3980 0.00109286 0.00089038
4000 0.00104201 0.000858403
4020 0.000993521 0.000827533
4040 0.00094735 0.000797766
4060 0.000903446 0.000769101
4080 0.000861763 0.000741534
4100 0.000822252 0.000715061
4120 0.000784862 0.000689679
4140 0.000749544 0.000665384
4160 0.000716247 0.000642171
4180 0.000684921 0.000620037
4200 0.000655516 0.000598978
4220 0.000627984 0.000578992
4240 0.000602276 0.000560077
4260 0.000578347 0.000542234
4280 0.000556157 0.000525466
4300 0.000535667 0.000509782
4320 0.000516848 0.000495194
4340 0.000499676 0.000481723
4360 0.000484141 0.000469402
4380 0.000470249 0.000458278
4400 0.000458027 0.000448417
4420 0.000447536 0.000439921
4440 0.000438882 0.000432932
4460 0.000432242 0.000427665
4480 0.000427907 0.000424446
4500 0.000426362 0.000423792
4520 1.87119e-06 0
4540 1.33433e-06 0
4560 9.31126e-07 0
4580 6.35354e-07 0
4600 4.23416e-07 0
4620 3.073e-05 3.04552e-05
4640 1.7253e-07 0
4660 0.00179866 0.00179856
4680 0.00182736 0.0018273
4700 2.88341e-08 0
4720 1.2353e-08 0
4740 4.14761e-09 0
4760 8.99391e-10 0
4780 6.93898e-11 0
4800 3.69884e-05 3.69884e-05
