0 0.745589 0
20 6.93329e-06 1.33601e-08
40 2.23862 1.64365e-07
60 0.208845 7.29621e-07
80 0.706093 2.102e-06
100 0.000716926 4.75701e-06
120 1.10239 9.22427e-06
140 0.00233393 1.60636e-05
160 0.371739 2.58448e-05
180 0.0171864 3.91315e-05
200 0.00940771 5.64678e-05
220 0.0103654 7.8367e-05
240 0.0781631 0.000105304
260 0.0146217 0.000137709
280 0.0463464 0.000175961
300 0.0285089 0.000220389
320 0.0270196 0.000271264
340 0.0257571 0.000328807
360 0.0246717 0.000393178
380 0.0237374 0.000464488
400 0.0229394 0.000542793
420 0.022267 0.0006281
440 0.0217099 0.000720368
460 0.0212573 0.000819511
480 0.0208981 0.000925401
500 0.0206217 0.00103787
520 0.0204177 0.00115672
540 0.0202769 0.00128171
560 0.0201912 0.00141259
580 0.0201532 0.00154905
600 0.0201565 0.0016908
620 0.0201956 0.0018375
640 0.0202654 0.00198881
660 0.0203615 0.00214436
680 0.02048 0.00230379
700 0.0206174 0.00246672
720 0.0207706 0.00263276
740 0.0209368 0.00280152
760 0.0211134 0.00297262
780 0.021298 0.00314568
800 0.0214886 0.0033203
820 0.0216833 0.0034961
840 0.0218803 0.00367271
860 0.0220781 0.00384977
880 0.0222753 0.0040269
900 0.0224704 0.00420376
920 0.0226625 0.00438002
940 0.0228503 0.00455533
960 0.023033 0.00472938
980 0.0232096 0.00490186
1000 0.0233795 0.00507249
1020 0.0235418 0.00524097
1040 0.0236959 0.00540705
1060 0.0238414 0.00557046
1080 0.0239777 0.00573097
1100 0.0241043 0.00588836
1120 0.024221 0.0060424
1140 0.0243274 0.00619289
1160 0.0244233 0.00633966
1180 0.0245083 0.00648253
1200 0.0245824 0.00662134
1220 0.0246454 0.00675594
1240 0.0246972 0.00688619
1260 0.0247378 0.00701198
1280 0.024767 0.0071332
1300 0.0247848 0.00724974
1320 0.0247914 0.00736152
1340 0.0247867 0.00746847
1360 0.0247708 0.00757051
1380 0.0247438 0.0076676
1400 0.0247057 0.00775969
1420 0.0246568 0.00784673
1440 0.0245971 0.00792872
1460 0.0245267 0.00800562
1480 0.024446 0.00807743
1500 0.024355 0.00814414
1520 0.0242539 0.00820577
1540 0.024143 0.00826233
1560 0.0240224 0.00831384
1580 0.0238923 0.00836033
1600 0.0237531 0.00840183
1620 0.0236049 0.00843837
1640 0.0234479 0.00847002
1660 0.0232825 0.00849682
1680 0.0231088 0.00851882
1700 0.0229272 0.00853609
1720 0.0227378 0.0085487
1740 0.022541 0.00855671
1760 0.022337 0.00856021
1780 0.022126 0.00855926
1800 0.0219084 0.00855396
1820 0.0216845 0.00854439
1840 0.0214545 0.00853064
1860 0.0212186 0.0085128
1880 0.0209772 0.00849097
1900 0.0207305 0.00846524
1920 0.0204789 0.00843572
1940 0.0202225 0.00840251
1960 0.0199617 0.00836572
1980 0.0196967 0.00832544
2000 0.0194279 0.0082818
2020 0.0191555 0.00823489
2040 0.0188798 0.00818483
2060 0.018601 0.00813174
2080 0.0183194 0.00807572
2100 0.0180353 0.00801689
2120 0.017749 0.00795536
2140 0.0174607 0.00789125
2160 0.0171707 0.00782468
2180 0.0168792 0.00775577
2200 0.0165866 0.00768461
2220 0.016293 0.00761134
2240 0.0159987 0.00753607
2260 0.015704 0.00745892
2280 0.0154091 0.00737999
2300 0.0151142 0.0072994
2320 0.0148196 0.00721727
2340 0.0145256 0.0071337
2360 0.0142322 0.00704882
2380 0.0139399 0.00696272
2400 0.0136487 0.00687552
2420 0.0133589 0.00678732
2440 0.0130707 0.00669823
2460 0.0127844 0.00660836
2480 0.0125 0.0065178
2500 0.0122178 0.00642665
2520 0.011938 0.00633503
2540 0.0116607 0.00624301
2560 0.0113862 0.0061507
2580 0.0111145 0.00605819
2600 0.010846 0.00596556
2620 0.0105806 0.00587291
2640 0.0103185 0.00578033
2660 0.01006 0.00568788
2680 0.00980501 0.00559566
2700 0.0095538 0.00550375
2720 0.00930645 0.00541221
2740 0.00906306 0.00532112
2760 0.00882374 0.00523055
2780 0.00858858 0.00514057
2800 0.00835767 0.00505124
2820 0.00813108 0.00496262
2840 0.00790889 0.00487478
2860 0.00769117 0.00478777
2880 0.00747796 0.00470165
2900 0.00726931 0.00461646
2920 0.00706528 0.00453225
2940 0.0068659 0.00444908
2960 0.00667118 0.00436698
2980 0.00648116 0.00428599
3000 0.00629584 0.00420616
3020 0.00611523 0.00412751
3040 0.00593934 0.00405009
3060 0.00576815 0.00397392
3080 0.00560165 0.00389902
3100 0.00543983 0.00382543
3120 0.00528265 0.00375317
3140 0.0051301 0.00368226
3160 0.00498212 0.00361271
3180 0.00483869 0.00354454
3200 0.00469974 0.00347777
3220 0.00456524 0.00341241
3240 0.00443512 0.00334847
3260 0.00430933 0.00328595
3280 0.00418779 0.00322486
3300 0.00407045 0.0031652
3320 0.00395722 0.00310697
3340 0.00384804 0.00305017
3360 0.00374283 0.0029948
3380 0.00364149 0.00294086
3400 0.00354395 0.00288833
3420 0.00345013 0.00283721
3440 0.00335993 0.00278748
3460 0.00327326 0.00273914
3480 0.00319003 0.00269216
3500 0.00311014 0.00264654
3520 0.00303351 0.00260225
3540 0.00296004 0.00255928
3560 0.00288962 0.00251761
3580 0.00282216 0.0024772
3600 0.00275757 0.00243805
3620 0.00269574 0.00240011
3640 0.00263658 0.00236337
3660 0.00258 0.00232779
3680 0.00252588 0.00229336
3700 0.00247414 0.00226002
3720 0.00242469 0.00222777
3740 0.00237742 0.00219655
3760 0.00233224 0.00216634
3780 0.00228906 0.00213711
3800 0.0022478 0.00210882
3820 0.00220836 0.00208143
3840 0.00217065 0.00205492
3860 0.0021346 0.00202925
3880 0.00210012 0.00200437
3900 0.00206713 0.00198027
3920 0.00203556 0.00195691
3940 0.00200533 0.00193426
3960 0.00197638 0.00191229
3980 0.00194864 0.00189097
4000 0.00192205 0.00187028
4020 0.00189656 0.0018502
4040 0.00187211 0.0018307
4060 0.00184866 0.00181177
4080 0.00182617 0.00179341
4100 0.0018046 0.0017756
4120 0.00178393 0.00175833
4140 0.00176414 0.00174163
4160 0.00174521 0.00172549
4180 0.00172714 0.00170994
4200 0.00170994 0.00169499
4220 0.00169362 0.00168069
4240 0.00167821 0.00166709
4260 0.00166375 0.00165424
4280 0.00165031 0.00164222
4300 0.00163797 0.00163112
4320 0.00162683 0.00162108
4340 0.00161702 0.00161223
4360 0.00160874 0.00160477
4380 0.00160219 0.00159894
4400 0.0015977 0.00159505
4420 0.00159564 0.00159352
4440 0.00159658 0.00159489
4460 0.00160125 0.00159992
4480 0.00161074 0.00160972
4500 0.00162668 0.0016259
4520 2.48359e-05 2.42533e-05
4540 4.26833e-07 0
4560 3.05897e-07 0
4580 2.13949e-07 0
4600 1.45547e-07 0
4620 0.00873983 0.00873973
4640 6.04498e-08 0
4660 0.00909191 0.00909187
4680 0.00927242 0.0092724
4700 9.88163e-09 0
4720 4.21042e-09 0
4740 1.42774e-09 0
4760 3.25513e-10 0
4780 2.82576e-11 0
4800 0.0104208 0.0104208
