0 0.724613 0
20 9.29842e-06 1.78746e-08
40 2.19328 2.19327e-07
60 0.202218 9.71041e-07
80 0.69262 2.79017e-06
100 0.000888893 6.2978e-06
120 1.06983 1.21799e-05
140 0.00281699 2.11549e-05
160 0.364622 3.39468e-05
180 0.0184181 5.12637e-05
200 0.0108473 7.37804e-05
220 0.0120203 0.000102125
240 0.0784762 0.000136867
260 0.0170119 0.000178514
280 0.0480562 0.000227502
300 0.0328427 0.000284194
320 0.031043 0.00034888
340 0.0295231 0.000421774
360 0.0282213 0.000503021
380 0.0271045 0.000592691
400 0.0261535 0.000690789
420 0.0253544 0.000797255
440 0.0246941 0.000911968
460 0.0241593 0.00103475
480 0.0237364 0.00116539
500 0.0234124 0.00130359
520 0.0231749 0.00144905
540 0.0230128 0.00160141
560 0.0229162 0.00176029
580 0.0228761 0.00192527
600 0.0228849 0.00209592
620 0.0229356 0.00227179
640 0.0230222 0.00245239
660 0.0231393 0.00263726
680 0.0232819 0.00282588
700 0.0234459 0.00301778
720 0.0236274 0.00321245
740 0.0238228 0.00340939
760 0.024029 0.00360811
780 0.0242432 0.00380812
800 0.0244628 0.00400895
820 0.0246855 0.00421012
840 0.0249092 0.00441118
860 0.0251319 0.00461168
880 0.025352 0.0048112
900 0.0255678 0.00500931
920 0.0257781 0.00520561
940 0.0259815 0.00539974
960 0.0261769 0.00559132
980 0.0263633 0.00578001
1000 0.0265398 0.00596548
1020 0.0267057 0.00614743
1040 0.0268603 0.00632556
1060 0.0270029 0.00649961
1080 0.0271332 0.00666932
1100 0.0272505 0.00683446
1120 0.0273546 0.00699482
1140 0.0274452 0.0071502
1160 0.0275221 0.00730042
1180 0.027585 0.00744532
1200 0.0276339 0.00758476
1220 0.0276686 0.0077186
1240 0.0276892 0.00784674
1260 0.0276957 0.00796908
1280 0.0276882 0.00808554
1300 0.0276666 0.00819604
1320 0.0276312 0.00830054
1340 0.027582 0.008399
1360 0.0275193 0.00849138
1380 0.0274433 0.00857768
1400 0.0273542 0.00865788
1420 0.0272522 0.00873199
1440 0.0271375 0.00880003
1460 0.0270106 0.00886203
1480 0.0268716 0.00891803
1500 0.0267209 0.00896805
1520 0.0265587 0.00901217
1540 0.0263855 0.00905044
1560 0.0262015 0.00908293
1580 0.0260071 0.00910971
1600 0.0258026 0.00913087
1620 0.0255884 0.00914649
1640 0.0253649 0.00915666
1660 0.0251324 0.00916149
1680 0.0248913 0.00916107
1700 0.0246419 0.00915552
1720 0.0243847 0.00914495
1740 0.02412 0.00912946
1760 0.0238481 0.00910919
1780 0.0235694 0.00908425
1800 0.0232844 0.00905476
1820 0.0229934 0.00902086
1840 0.0226966 0.00898267
1860 0.0223946 0.00894033
1880 0.0220877 0.00889396
1900 0.0217762 0.00884371
1920 0.0214605 0.00878971
1940 0.0211409 0.0087321
1960 0.0208178 0.00867101
1980 0.0204915 0.00860659
2000 0.0201624 0.00853897
2020 0.0198308 0.00846829
2040 0.019497 0.00839469
2060 0.0191614 0.00831832
2080 0.0188242 0.0082393
2100 0.0184858 0.00815778
2120 0.0181466 0.0080739
2140 0.0178067 0.00798779
2160 0.0174665 0.00789959
2180 0.0171263 0.00780943
2200 0.0167863 0.00771745
2220 0.0164469 0.00762378
2240 0.0161083 0.00752855
2260 0.0157708 0.00743189
2280 0.0154346 0.00733392
2300 0.0151 0.00723477
2320 0.0147672 0.00713457
2340 0.0144364 0.00703343
2360 0.0141079 0.00693147
2380 0.0137819 0.00682881
2400 0.0134586 0.00672556
2420 0.0131382 0.00662184
2440 0.0128209 0.00651775
2460 0.0125069 0.00641339
2480 0.0121963 0.00630888
2500 0.0118894 0.00620431
2520 0.0115863 0.00609978
2540 0.0112872 0.00599539
2560 0.0109921 0.00589121
2580 0.0107013 0.00578735
2600 0.0104148 0.00568389
2620 0.0101328 0.00558091
2640 0.00985541 0.00547849
2660 0.00958272 0.00537671
2680 0.00931482 0.00527563
2700 0.00905181 0.00517533
2720 0.00879376 0.00507588
2740 0.00854074 0.00497734
2760 0.00829282 0.00487976
2780 0.00805005 0.00478321
2800 0.00781247 0.00468774
2820 0.00758013 0.0045934
2840 0.00735305 0.00450023
2860 0.00713127 0.00440829
2880 0.00691479 0.00431762
2900 0.00670362 0.00422824
2920 0.00649777 0.00414021
2940 0.00629723 0.00405355
2960 0.00610199 0.00396829
2980 0.00591203 0.00388446
3000 0.00572732 0.00380209
3020 0.00554783 0.0037212
3040 0.00537353 0.0036418
3060 0.00520437 0.00356391
3080 0.0050403 0.00348755
3100 0.00488128 0.00341274
3120 0.00472723 0.00333947
3140 0.00457809 0.00326776
3160 0.00443381 0.00319762
3180 0.0042943 0.00312904
3200 0.0041595 0.00306203
3220 0.00402931 0.00299659
3240 0.00390366 0.00293271
3260 0.00378245 0.00287038
3280 0.00366561 0.00280962
3300 0.00355304 0.00275039
3320 0.00344464 0.0026927
3340 0.00334032 0.00263653
3360 0.00323998 0.00258186
3380 0.00314352 0.00252869
3400 0.00305083 0.002477
3420 0.00296182 0.00242676
3440 0.00287638 0.00237796
3460 0.00279441 0.00233058
3480 0.0027158 0.00228459
3500 0.00264045 0.00223998
3520 0.00256825 0.0021967
3540 0.0024991 0.00215475
3560 0.00243289 0.00211409
3580 0.00236953 0.0020747
3600 0.00230889 0.00203654
3620 0.0022509 0.00199958
3640 0.00219543 0.00196379
3660 0.00214239 0.00192915
3680 0.00209169 0.00189562
3700 0.00204321 0.00186315
3720 0.00199688 0.00183173
3740 0.00195259 0.00180132
3760 0.00191025 0.00177188
3780 0.00186977 0.00174338
3800 0.00183106 0.00171578
3820 0.00179404 0.00168905
3840 0.00175863 0.00166315
3860 0.00172473 0.00163805
3880 0.00169228 0.00161372
3900 0.00166121 0.00159013
3920 0.00163143 0.00156724
3940 0.00160288 0.00154503
3960 0.00157549 0.00152347
3980 0.00154922 0.00150252
4000 0.00152399 0.00148218
4020 0.00149976 0.00146241
4040 0.00147647 0.00144319
4060 0.00145409 0.00142452
4080 0.00143258 0.00140637
4100 0.00141189 0.00138874
4120 0.00139201 0.00137163
4140 0.00137291 0.00135503
4160 0.00135458 0.00133894
4180 0.001337 0.00132339
4200 0.00132018 0.00130837
4220 0.00130412 0.00129393
4240 0.00128883 0.00128008
4260 0.00127435 0.00126687
4280 0.00126072 0.00125436
4300 0.00124798 0.00124262
4320 0.00123622 0.00123172
4340 0.00122553 0.00122177
4360 0.00121603 0.00121293
4380 0.00120789 0.00120534
4400 0.00120132 0.00119925
4420 0.00119661 0.00119495
4440 0.00119415 0.00119283
4460 0.00119449 0.00119345
4480 0.0011984 0.0011976
4500 0.00120708 0.00120647
4520 1.49021e-05 1.44468e-05
4540 3.33622e-07 0
4560 2.39112e-07 0
4580 1.67252e-07 0
4600 1.1379e-07 0
4620 0.005206 0.00520593
4640 4.72724e-08 0
4660 0.00541571 0.00541569
4680 0.00552323 0.00552322
4700 7.73355e-09 0
4720 3.29658e-09 0
4740 1.11855e-09 0
4760 2.55276e-10 0
4780 2.22039e-11 0
4800 0.00620725 0.00620725
