0 0.722322 0
20 9.56161e-06 1.7885e-08
40 2.18761 2.19454e-07
60 0.201504 9.71605e-07
80 0.690813 2.79179e-06
100 0.000909761 6.30146e-06
120 1.06654 1.2187e-05
140 0.00287592 2.11672e-05
160 0.363699 3.39665e-05
180 0.0185918 5.12935e-05
200 0.0110385 7.38233e-05
220 0.0122303 0.000102184
240 0.0785452 0.000136947
260 0.0173042 0.000178618
280 0.0482714 0.000227634
300 0.0333988 0.000284359
320 0.0315459 0.000349082
340 0.0299811 0.00042202
360 0.0286406 0.000503313
380 0.0274901 0.000593035
400 0.0265095 0.00069119
420 0.0256845 0.000797718
440 0.0250014 0.000912499
460 0.0244465 0.00103536
480 0.024006 0.00116606
500 0.0236662 0.00130435
520 0.0234148 0.00144989
540 0.0232403 0.00160234
560 0.0231326 0.00176131
580 0.0230826 0.00192639
600 0.0230823 0.00209714
620 0.0231248 0.00227311
640 0.0232039 0.00245382
660 0.0233141 0.00263879
680 0.0234503 0.00282752
700 0.0236084 0.00301953
720 0.0237843 0.00321431
740 0.0239745 0.00341137
760 0.0241758 0.0036102
780 0.0243852 0.00381034
800 0.0246003 0.00401128
820 0.0248187 0.00421257
840 0.0250381 0.00441375
860 0.0252568 0.00461436
880 0.0254729 0.00481399
900 0.0256849 0.00501222
920 0.0258913 0.00520864
940 0.026091 0.00540288
960 0.0262828 0.00559457
980 0.0264656 0.00578337
1000 0.0266386 0.00596895
1020 0.026801 0.006151
1040 0.0269521 0.00632924
1060 0.0270914 0.00650339
1080 0.0272182 0.0066732
1100 0.0273323 0.00683844
1120 0.0274331 0.00699889
1140 0.0275205 0.00715436
1160 0.0275941 0.00730467
1180 0.0276539 0.00744965
1200 0.0276997 0.00758917
1220 0.0277314 0.00772309
1240 0.027749 0.0078513
1260 0.0277525 0.00797371
1280 0.027742 0.00809024
1300 0.0277175 0.00820081
1320 0.0276793 0.00830537
1340 0.0276273 0.00840388
1360 0.0275619 0.00849632
1380 0.0274832 0.00858266
1400 0.0273914 0.00866291
1420 0.0272868 0.00873707
1440 0.0271697 0.00880515
1460 0.0270402 0.00886719
1480 0.0268988 0.00892321
1500 0.0267457 0.00897327
1520 0.0265812 0.00901741
1540 0.0264057 0.0090557
1560 0.0262195 0.00908821
1580 0.026023 0.00911501
1600 0.0258164 0.00913618
1620 0.0256002 0.0091518
1640 0.0253747 0.00916198
1660 0.0251403 0.00916681
1680 0.0248973 0.0091664
1700 0.0246461 0.00916084
1720 0.0243871 0.00915026
1740 0.0241207 0.00913477
1760 0.0238472 0.00911448
1780 0.0235669 0.00908953
1800 0.0232804 0.00906002
1820 0.0229879 0.0090261
1840 0.0226897 0.00898789
1860 0.0223864 0.00894552
1880 0.0220781 0.00889913
1900 0.0217654 0.00884885
1920 0.0214485 0.00879482
1940 0.0211278 0.00873718
1960 0.0208036 0.00867605
1980 0.0204763 0.00861159
2000 0.0201462 0.00854393
2020 0.0198136 0.00847321
2040 0.019479 0.00839957
2060 0.0191426 0.00832315
2080 0.0188046 0.00824409
2100 0.0184656 0.00816252
2120 0.0181256 0.00807859
2140 0.0177851 0.00799243
2160 0.0174444 0.00790418
2180 0.0171037 0.00781397
2200 0.0167632 0.00772194
2220 0.0164234 0.00762821
2240 0.0160844 0.00753293
2260 0.0157466 0.00743621
2280 0.0154101 0.00733818
2300 0.0150752 0.00723898
2320 0.0147422 0.00713871
2340 0.0144113 0.00703751
2360 0.0140826 0.0069355
2380 0.0137566 0.00683278
2400 0.0134332 0.00672947
2420 0.0131128 0.00662569
2440 0.0127955 0.00652154
2460 0.0124816 0.00641712
2480 0.0121711 0.00631255
2500 0.0118644 0.00620792
2520 0.0115614 0.00610333
2540 0.0112624 0.00599887
2560 0.0109676 0.00589464
2580 0.010677 0.00579072
2600 0.0103908 0.0056872
2620 0.0101091 0.00558416
2640 0.00983204 0.00548168
2660 0.0095597 0.00537983
2680 0.00929217 0.0052787
2700 0.00902954 0.00517834
2720 0.00877189 0.00507883
2740 0.00851929 0.00498023
2760 0.0082718 0.0048826
2780 0.00802948 0.00478599
2800 0.00779236 0.00469046
2820 0.00756049 0.00459607
2840 0.0073339 0.00450285
2860 0.0071126 0.00441086
2880 0.00689662 0.00432013
2900 0.00668596 0.0042307
2920 0.00648062 0.00414262
2940 0.0062806 0.00405591
2960 0.00608587 0.0039706
2980 0.00589642 0.00388672
3000 0.00571223 0.0038043
3020 0.00553326 0.00372336
3040 0.00535948 0.00364391
3060 0.00519083 0.00356598
3080 0.00502727 0.00348958
3100 0.00486874 0.00341472
3120 0.0047152 0.00334141
3140 0.00456656 0.00326966
3160 0.00442276 0.00319948
3180 0.00428373 0.00313086
3200 0.00414939 0.00306381
3220 0.00401967 0.00299833
3240 0.00389447 0.00293441
3260 0.00377371 0.00287205
3280 0.0036573 0.00281125
3300 0.00354515 0.00275199
3320 0.00343716 0.00269426
3340 0.00333324 0.00263806
3360 0.00323328 0.00258336
3380 0.0031372 0.00253016
3400 0.00304487 0.00247844
3420 0.00295622 0.00242817
3440 0.00287112 0.00237935
3460 0.00278948 0.00233194
3480 0.00271118 0.00228592
3500 0.00263614 0.00224128
3520 0.00256423 0.00219798
3540 0.00249536 0.00215601
3560 0.00242942 0.00211532
3580 0.00236631 0.0020759
3600 0.00230593 0.00203772
3620 0.00224816 0.00200074
3640 0.00219292 0.00196494
3660 0.0021401 0.00193027
3680 0.0020896 0.00189672
3700 0.00204132 0.00186424
3720 0.00199517 0.0018328
3740 0.00195105 0.00180237
3760 0.00190888 0.00177291
3780 0.00186855 0.00174439
3800 0.00182999 0.00171677
3820 0.00179311 0.00169003
3840 0.00175783 0.00166411
3860 0.00172405 0.001639
3880 0.00169172 0.00161466
3900 0.00166075 0.00159105
3920 0.00163107 0.00156815
3940 0.00160262 0.00154593
3960 0.00157532 0.00152435
3980 0.00154913 0.0015034
4000 0.00152398 0.00148304
4020 0.00149981 0.00146326
4040 0.00147659 0.00144403
4060 0.00145427 0.00142535
4080 0.00143281 0.00140719
4100 0.00141218 0.00138955
4120 0.00139235 0.00137243
4140 0.00137329 0.00135582
4160 0.001355 0.00133972
4180 0.00133745 0.00132416
4200 0.00132066 0.00130913
4220 0.00130463 0.00129468
4240 0.00128937 0.00128082
4260 0.00127491 0.00126761
4280 0.00126129 0.00125509
4300 0.00124857 0.00124334
4320 0.00123683 0.00123243
4340 0.00122614 0.00122248
4360 0.00121665 0.00121363
4380 0.00120852 0.00120604
4400 0.00120196 0.00119995
4420 0.00119726 0.00119564
4440 0.00119481 0.00119353
4460 0.00119516 0.00119415
4480 0.00119908 0.0011983
4500 0.00120776 0.00120717
4520 1.45236e-05 1.40797e-05
4540 3.25243e-07 0
4560 2.33106e-07 0
4580 1.63049e-07 0
4600 1.1093e-07 0
4620 0.00507374 0.00507366
4640 4.6084e-08 0
4660 0.00527812 0.00527809
4680 0.00538291 0.00538289
4700 7.53904e-09 0
4720 3.21366e-09 0
4740 1.09042e-09 0
4760 2.48859e-10 0
4780 2.16464e-11 0
4800 0.00604955 0.00604955
