0 0.705903 0
20 1.16258e-05 1.79508e-08
40 2.14659 2.20262e-07
60 0.196398 9.75182e-07
80 0.677683 2.80207e-06
100 0.00107054 6.32465e-06
120 1.04306 1.22318e-05
140 0.00332252 2.12451e-05
160 0.357022 3.40915e-05
180 0.0198838 5.14823e-05
200 0.012456 7.4095e-05
220 0.0137853 0.00010256
240 0.0790442 0.000137451
260 0.0194626 0.000179275
280 0.049848 0.000228472
300 0.0374952 0.000285406
320 0.0352324 0.000350367
340 0.0333225 0.000423573
360 0.0316858 0.000505166
380 0.0302779 0.000595218
400 0.0290725 0.000693735
420 0.0280505 0.000800654
440 0.0271945 0.000915857
460 0.0264876 0.00103917
480 0.025913 0.00117035
500 0.025455 0.00130915
520 0.0250986 0.00145523
540 0.0248308 0.00160824
560 0.0246395 0.00176779
580 0.0245146 0.00193348
600 0.0244467 0.00210486
620 0.0244279 0.00228148
640 0.0244511 0.00246285
660 0.0245099 0.0026485
680 0.0245988 0.00283793
700 0.0247129 0.00303065
720 0.0248477 0.00322614
740 0.0249993 0.00342392
760 0.025164 0.00362349
780 0.0253388 0.00382436
800 0.0255207 0.00402604
820 0.0257072 0.00422807
840 0.025896 0.00442999
860 0.026085 0.00463135
880 0.0262723 0.00483171
900 0.0264562 0.00503067
920 0.0266353 0.00522781
940 0.0268082 0.00542277
960 0.0269738 0.00561516
980 0.0271309 0.00580466
1000 0.0272786 0.00599092
1020 0.0274163 0.00617365
1040 0.027543 0.00635254
1060 0.0276583 0.00652733
1080 0.0277615 0.00669776
1100 0.0278523 0.00686361
1120 0.0279303 0.00702465
1140 0.0279951 0.00718069
1160 0.0280467 0.00733155
1180 0.0280847 0.00747707
1200 0.0281091 0.0076171
1220 0.0281197 0.00775152
1240 0.0281167 0.0078802
1260 0.0280999 0.00800306
1280 0.0280695 0.00812001
1300 0.0280255 0.00823099
1320 0.0279682 0.00833594
1340 0.0278975 0.00843481
1360 0.0278137 0.00852759
1380 0.027717 0.00861425
1400 0.0276077 0.0086948
1420 0.027486 0.00876923
1440 0.0273521 0.00883756
1460 0.0272063 0.00889982
1480 0.0270489 0.00895605
1500 0.0268803 0.0090063
1520 0.0267007 0.0090506
1540 0.0265105 0.00908904
1560 0.02631 0.00912166
1580 0.0260996 0.00914856
1600 0.0258795 0.0091698
1620 0.0256502 0.00918549
1640 0.0254121 0.00919571
1660 0.0251654 0.00920056
1680 0.0249106 0.00920014
1700 0.0246479 0.00919456
1720 0.0243779 0.00918394
1740 0.0241008 0.00916839
1760 0.023817 0.00914803
1780 0.0235269 0.00912298
1800 0.0232309 0.00909337
1820 0.0229293 0.00905932
1840 0.0226224 0.00902097
1860 0.0223107 0.00897845
1880 0.0219945 0.00893189
1900 0.0216742 0.00888142
1920 0.0213501 0.00882719
1940 0.0210225 0.00876934
1960 0.0206918 0.00870799
1980 0.0203584 0.00864329
2000 0.0200225 0.00857538
2020 0.0196846 0.0085044
2040 0.0193449 0.00843049
2060 0.0190037 0.00835379
2080 0.0186613 0.00827443
2100 0.0183182 0.00819257
2120 0.0179745 0.00810833
2140 0.0176306 0.00802185
2160 0.0172867 0.00793328
2180 0.0169431 0.00784273
2200 0.0166002 0.00775036
2220 0.0162582 0.00765629
2240 0.0159173 0.00756065
2260 0.0155778 0.00746358
2280 0.0152399 0.00736519
2300 0.0149039 0.00726562
2320 0.0145701 0.00716499
2340 0.0142386 0.00706342
2360 0.0139097 0.00696102
2380 0.0135835 0.00685793
2400 0.0132603 0.00675424
2420 0.0129403 0.00665007
2440 0.0126236 0.00654554
2460 0.0123105 0.00644074
2480 0.0120011 0.00633579
2500 0.0116955 0.00623077
2520 0.011394 0.00612579
2540 0.0110966 0.00602095
2560 0.0108036 0.00591633
2580 0.0105149 0.00581203
2600 0.0102308 0.00570813
2620 0.00995138 0.00560471
2640 0.00967669 0.00550185
2660 0.00940686 0.00539963
2680 0.00914197 0.00529813
2700 0.0088821 0.0051974
2720 0.0086273 0.00509753
2740 0.00837766 0.00499856
2760 0.00813321 0.00490057
2780 0.00789401 0.00480361
2800 0.00766008 0.00470773
2820 0.00743146 0.00461298
2840 0.00720818 0.00451942
2860 0.00699023 0.00442709
2880 0.00677764 0.00433603
2900 0.0065704 0.00424628
2920 0.0063685 0.00415787
2940 0.00617193 0.00407084
2960 0.00598067 0.00398521
2980 0.00579469 0.00390103
3000 0.00561395 0.0038183
3020 0.00543843 0.00373706
3040 0.00526807 0.00365733
3060 0.00510282 0.00357911
3080 0.00494263 0.00350243
3100 0.00478744 0.00342729
3120 0.00463718 0.00335371
3140 0.00449179 0.0032817
3160 0.00435119 0.00321125
3180 0.0042153 0.00314238
3200 0.00408404 0.00307509
3220 0.00395734 0.00300936
3240 0.00383509 0.00294521
3260 0.00371722 0.00288262
3280 0.00360363 0.0028216
3300 0.00349423 0.00276212
3320 0.00338891 0.00270418
3340 0.00328758 0.00264777
3360 0.00319015 0.00259287
3380 0.0030965 0.00253948
3400 0.00300654 0.00248756
3420 0.00292017 0.00243711
3440 0.00283727 0.0023881
3460 0.00275775 0.00234052
3480 0.0026815 0.00229434
3500 0.00260842 0.00224953
3520 0.0025384 0.00220607
3540 0.00247134 0.00216394
3560 0.00240714 0.00212311
3580 0.00234569 0.00208354
3600 0.00228689 0.00204522
3620 0.00223064 0.00200811
3640 0.00217684 0.00197217
3660 0.00212539 0.00193738
3680 0.00207619 0.0019037
3700 0.00202915 0.0018711
3720 0.00198418 0.00183955
3740 0.00194118 0.001809
3760 0.00190006 0.00177944
3780 0.00186074 0.00175081
3800 0.00182312 0.00172309
3820 0.00178713 0.00169625
3840 0.00175268 0.00167024
3860 0.00171969 0.00164504
3880 0.0016881 0.0016206
3900 0.00165782 0.00159691
3920 0.00162879 0.00157393
3940 0.00160094 0.00155162
3960 0.00157421 0.00152996
3980 0.00154854 0.00150893
4000 0.00152387 0.0014885
4020 0.00150016 0.00146864
4040 0.00147736 0.00144935
4060 0.00145542 0.00143059
4080 0.00143432 0.00141237
4100 0.00141401 0.00139467
4120 0.00139447 0.00137748
4140 0.00137568 0.00136081
4160 0.00135763 0.00134465
4180 0.0013403 0.00132903
4200 0.00132371 0.00131395
4220 0.00130785 0.00129944
4240 0.00129274 0.00128554
4260 0.00127842 0.00127228
4280 0.00126493 0.00125971
4300 0.00125231 0.00124791
4320 0.00124066 0.00123697
4340 0.00123005 0.00122698
4360 0.00122063 0.0012181
4380 0.00121256 0.00121048
4400 0.00120605 0.00120437
4420 0.0012014 0.00120005
4440 0.001199 0.00119792
4460 0.00119939 0.00119854
4480 0.00120336 0.00120271
4500 0.00121211 0.00121161
4520 1.21254e-05 1.17541e-05
4540 2.72034e-07 0
4560 1.94964e-07 0
4580 1.36366e-07 0
4600 9.27729e-08 0
4620 0.00423567 0.00423561
4640 3.85383e-08 0
4660 0.00440629 0.00440627
4680 0.00449377 0.00449376
4700 6.30417e-09 0
4720 2.68727e-09 0
4740 9.11825e-10 0
4760 2.08114e-10 0
4780 1.81055e-11 0
4800 0.0050503 0.0050503
