0 0.705093 0
20 1.13493e-05 1.55669e-08
40 2.14037 1.9127e-07
60 0.196082 8.47964e-07
80 0.675001 2.43981e-06
100 0.00106869 5.51443e-06
120 1.04298 1.06793e-05
140 0.00332305 1.85735e-05
160 0.355846 2.98448e-05
180 0.0199859 4.51301e-05
200 0.0125548 6.50404e-05
220 0.0138463 9.01487e-05
240 0.0789183 0.00012098
260 0.019499 0.000158006
280 0.0497746 0.000201638
300 0.0377206 0.000252225
320 0.0353797 0.000310052
340 0.0334015 0.000375341
360 0.0317038 0.000448247
380 0.0302401 0.000528866
400 0.0289827 0.000617233
420 0.0279114 0.000713324
440 0.0270083 0.000817063
460 0.0262557 0.000928323
480 0.0256365 0.00104693
500 0.0251346 0.00117267
520 0.024735 0.00130528
540 0.0244244 0.00144447
560 0.0241908 0.00158992
580 0.0240239 0.00174129
600 0.0239146 0.00189819
620 0.0238547 0.00206024
640 0.0238374 0.00222703
660 0.0238563 0.00239814
680 0.023906 0.00257314
700 0.0239817 0.00275158
720 0.0240789 0.00293303
740 0.024194 0.00311705
760 0.0243233 0.00330318
780 0.0244638 0.003491
800 0.0246127 0.00368007
820 0.0247675 0.00386996
840 0.0249261 0.00406025
860 0.0250864 0.00425053
880 0.0252465 0.00444041
900 0.025405 0.00462949
920 0.0255603 0.00481741
940 0.0257112 0.00500381
960 0.0258565 0.00518834
980 0.0259952 0.00537068
1000 0.0261264 0.0055505
1020 0.0262493 0.00572751
1040 0.0263632 0.00590144
1060 0.0264675 0.006072
1080 0.0265616 0.00623896
1100 0.0266452 0.00640208
1120 0.0267178 0.00656115
1140 0.0267791 0.00671595
1160 0.0268288 0.0068663
1180 0.0268668 0.00701205
1200 0.026893 0.00715301
1220 0.0269071 0.00728907
1240 0.0269091 0.00742008
1260 0.0268991 0.00754595
1280 0.0268769 0.00766656
1300 0.0268427 0.00778183
1320 0.0267965 0.0078917
1340 0.0267384 0.00799609
1360 0.0266686 0.00809495
1380 0.0265871 0.00818826
1400 0.0264942 0.00827598
1420 0.02639 0.0083581
1440 0.0262748 0.00843461
1460 0.0261487 0.0085055
1480 0.026012 0.0085708
1500 0.0258648 0.00863052
1520 0.0257076 0.00868469
1540 0.0255405 0.00873335
1560 0.0253638 0.00877653
1580 0.0251778 0.0088143
1600 0.0249827 0.0088467
1620 0.024779 0.0088738
1640 0.0245668 0.00889567
1660 0.0243464 0.00891238
1680 0.0241183 0.00892401
1700 0.0238826 0.00893064
1720 0.0236398 0.00893237
1740 0.02339 0.00892929
1760 0.0231337 0.00892149
1780 0.0228711 0.00890908
1800 0.0226026 0.00889215
1820 0.0223285 0.00887082
1840 0.0220491 0.0088452
1860 0.0217647 0.00881539
1880 0.0214757 0.00878152
1900 0.0211823 0.0087437
1920 0.0208849 0.00870204
1940 0.0205837 0.00865668
1960 0.0202791 0.00860773
1980 0.0199715 0.00855531
2000 0.019661 0.00849956
2020 0.0193481 0.00844059
2040 0.0190329 0.00837853
2060 0.0187158 0.00831351
2080 0.0183971 0.00824566
2100 0.0180771 0.00817511
2120 0.0177561 0.00810198
2140 0.0174343 0.00802639
2160 0.0171119 0.00794848
2180 0.0167894 0.00786838
2200 0.0164669 0.00778621
2220 0.0161447 0.00770209
2240 0.0158231 0.00761615
2260 0.0155022 0.00752852
2280 0.0151825 0.00743931
2300 0.0148639 0.00734864
2320 0.0145469 0.00725665
2340 0.0142317 0.00716344
2360 0.0139184 0.00706913
2380 0.0136073 0.00697383
2400 0.0132985 0.00687767
2420 0.0129923 0.00678075
2440 0.0126889 0.00668317
2460 0.0123884 0.00658505
2480 0.012091 0.00648649
2500 0.0117969 0.00638759
2520 0.0115063 0.00628845
2540 0.0112193 0.00618917
2560 0.010936 0.00608985
2580 0.0106566 0.00599056
2600 0.0103813 0.00589141
2620 0.0101101 0.00579249
2640 0.00984312 0.00569386
2660 0.00958053 0.00559562
2680 0.0093224 0.00549785
2700 0.00906883 0.00540061
2720 0.0088199 0.00530398
2740 0.00857568 0.00520803
2760 0.00833624 0.00511283
2780 0.00810164 0.00501843
2800 0.00787193 0.00492491
2820 0.00764716 0.00483231
2840 0.00742737 0.00474069
2860 0.00721257 0.00465011
2880 0.0070028 0.00456061
2900 0.00679806 0.00447224
2920 0.00659837 0.00438504
2940 0.00640372 0.00429905
2960 0.00621412 0.00421432
2980 0.00602954 0.00413086
3000 0.00584996 0.00404872
3020 0.00567537 0.00396793
3040 0.00550574 0.00388851
3060 0.00534101 0.00381049
3080 0.00518116 0.00373388
3100 0.00502614 0.00365872
3120 0.00487588 0.00358501
3140 0.00473035 0.00351276
3160 0.00458946 0.003442
3180 0.00445317 0.00337273
3200 0.00432139 0.00330496
3220 0.00419406 0.00323869
3240 0.0040711 0.00317393
3260 0.00395243 0.00311068
3280 0.00383796 0.00304893
3300 0.00372761 0.00298869
3320 0.0036213 0.00292995
3340 0.00351892 0.00287271
3360 0.0034204 0.00281695
3380 0.00332563 0.00276266
3400 0.00323453 0.00270984
3420 0.00314699 0.00265846
3440 0.00306291 0.00260852
3460 0.00298221 0.00256
3480 0.00290477 0.00251287
3500 0.0028305 0.00246713
3520 0.00275931 0.00242273
3540 0.00269108 0.00237967
3560 0.00262573 0.00233792
3580 0.00256315 0.00229746
3600 0.00250324 0.00225824
3620 0.0024459 0.00222026
3640 0.00239104 0.00218347
3660 0.00233856 0.00214784
3680 0.00228837 0.00211336
3700 0.00224036 0.00207997
3720 0.00219445 0.00204766
3740 0.00215055 0.00201638
3760 0.00210857 0.0019861
3780 0.00206841 0.00195679
3800 0.00202999 0.00192841
3820 0.00199323 0.00190093
3840 0.00195804 0.00187431
3860 0.00192436 0.00184852
3880 0.00189209 0.00182353
3900 0.00186117 0.0017993
3920 0.00183153 0.00177579
3940 0.00180309 0.00175299
3960 0.00177581 0.00173085
3980 0.00174961 0.00170937
4000 0.00172444 0.0016885
4020 0.00170025 0.00166822
4040 0.00167699 0.00164853
4060 0.00165462 0.0016294
4080 0.00163311 0.00161081
4100 0.00161242 0.00159277
4120 0.00159252 0.00157527
4140 0.00157341 0.0015583
4160 0.00155506 0.00154188
4180 0.00153747 0.00152603
4200 0.00152065 0.00151075
4220 0.00150462 0.00149609
4240 0.00148939 0.00148208
4260 0.00147501 0.00146877
4280 0.00146152 0.00145623
4300 0.001449 0.00144454
4320 0.00143754 0.0014338
4340 0.00142726 0.00142415
4360 0.00141831 0.00141574
4380 0.0014109 0.00140879
4400 0.00140527 0.00140357
4420 0.00140179 0.00140042
4440 0.00140092 0.00139983
4460 0.0014033 0.00140245
4480 0.00140988 0.00140922
4500 0.00142207 0.00142157
4520 1.40239e-05 1.36474e-05
4540 2.75844e-07 0
4560 1.97681e-07 0
4580 1.38257e-07 0
4600 9.40526e-08 0
4620 0.00491793 0.00491787
4640 3.90625e-08 0
4660 0.00511604 0.00511602
4680 0.00521761 0.0052176
4700 6.3871e-09 0
4720 2.72206e-09 0
4740 9.23382e-10 0
4760 2.10668e-10 0
4780 1.83144e-11 0
4800 0.00586378 0.00586378
