0 0.734579 0
20 7.90187e-06 1.34193e-08
40 2.21128 1.65093e-07
60 0.205343 7.32854e-07
80 0.697322 2.11132e-06
100 0.000800304 4.77809e-06
120 1.0864 9.26515e-06
140 0.00257613 1.61347e-05
160 0.367278 2.59593e-05
180 0.017919 3.9305e-05
200 0.0102307 5.6718e-05
220 0.0112657 7.87143e-05
240 0.0783416 0.000105771
260 0.0158758 0.000138319
280 0.0472188 0.000176741
300 0.0309241 0.000221365
320 0.0292147 0.000272467
340 0.0277656 0.000330264
360 0.0265193 0.00039492
380 0.0254446 0.000466546
400 0.0245236 0.000545198
420 0.0237433 0.000630883
440 0.0230914 0.00072356
460 0.0225553 0.000823143
480 0.0221226 0.000929502
500 0.0217811 0.00104247
520 0.0215193 0.00116185
540 0.0213271 0.00128739
560 0.0211952 0.00141885
580 0.0211158 0.00155592
600 0.0210817 0.0016983
620 0.0210867 0.00184565
640 0.0211254 0.00199762
660 0.021193 0.00215387
680 0.0212851 0.002314
700 0.021398 0.00247765
720 0.0215283 0.00264442
740 0.0216729 0.00281394
760 0.021829 0.0029858
780 0.0219942 0.00315962
800 0.0221662 0.00333501
820 0.022343 0.00351159
840 0.0225227 0.00368899
860 0.0227038 0.00386683
880 0.0228846 0.00404475
900 0.0230638 0.00422239
920 0.0232402 0.00439943
940 0.0234127 0.00457551
960 0.0235802 0.00475034
980 0.0237419 0.00492359
1000 0.023897 0.00509497
1020 0.0240447 0.0052642
1040 0.0241843 0.00543101
1060 0.0243155 0.00559515
1080 0.0244376 0.00575637
1100 0.0245501 0.00591445
1120 0.0246529 0.00606917
1140 0.0247454 0.00622034
1160 0.0248275 0.00636776
1180 0.0248989 0.00651126
1200 0.0249595 0.00665068
1220 0.0250091 0.00678588
1240 0.0250476 0.00691671
1260 0.0250749 0.00704306
1280 0.0250911 0.00716481
1300 0.025096 0.00728187
1320 0.0250898 0.00739415
1340 0.0250725 0.00750157
1360 0.0250441 0.00760406
1380 0.0250047 0.00770158
1400 0.0249544 0.00779408
1420 0.0248934 0.00788151
1440 0.0248219 0.00796385
1460 0.0247399 0.0080411
1480 0.0246476 0.00811322
1500 0.0245452 0.00818024
1520 0.0244329 0.00824214
1540 0.024311 0.00829895
1560 0.0241796 0.00835069
1580 0.024039 0.00839738
1600 0.0238893 0.00843906
1620 0.0237309 0.00847577
1640 0.0235639 0.00850756
1660 0.0233886 0.00853447
1680 0.0232053 0.00855657
1700 0.0230143 0.00857392
1720 0.0228157 0.00858658
1740 0.0226099 0.00859463
1760 0.0223971 0.00859814
1780 0.0221777 0.00859719
1800 0.0219518 0.00859187
1820 0.0217197 0.00858226
1840 0.0214818 0.00856844
1860 0.0212383 0.00855053
1880 0.0209895 0.0085286
1900 0.0207356 0.00850276
1920 0.020477 0.00847311
1940 0.0202139 0.00843975
1960 0.0199466 0.00840279
1980 0.0196754 0.00836234
2000 0.0194006 0.0083185
2020 0.0191223 0.00827138
2040 0.018841 0.0082211
2060 0.0185569 0.00816777
2080 0.0182703 0.0081115
2100 0.0179813 0.00805241
2120 0.0176904 0.00799062
2140 0.0173977 0.00792623
2160 0.0171036 0.00785936
2180 0.0168082 0.00779014
2200 0.0165119 0.00771867
2220 0.0162148 0.00764508
2240 0.0159173 0.00756947
2260 0.0156196 0.00749197
2280 0.0153219 0.00741269
2300 0.0150245 0.00733175
2320 0.0147276 0.00724925
2340 0.0144315 0.00716532
2360 0.0141363 0.00708005
2380 0.0138422 0.00699357
2400 0.0135496 0.00690599
2420 0.0132585 0.0068174
2440 0.0129693 0.00672791
2460 0.0126821 0.00663764
2480 0.012397 0.00654668
2500 0.0121144 0.00645513
2520 0.0118343 0.0063631
2540 0.0115569 0.00627068
2560 0.0112825 0.00617796
2580 0.011011 0.00608504
2600 0.0107429 0.005992
2620 0.010478 0.00589894
2640 0.0102167 0.00580594
2660 0.00995897 0.00571309
2680 0.00970502 0.00562046
2700 0.00945494 0.00552814
2720 0.00920884 0.00543619
2740 0.00896682 0.0053447
2760 0.00872898 0.00525373
2780 0.0084954 0.00516335
2800 0.00826617 0.00507362
2820 0.00804135 0.00498462
2840 0.00782102 0.00489639
2860 0.00760522 0.00480899
2880 0.00739401 0.00472248
2900 0.00718744 0.00463692
2920 0.00698552 0.00455234
2940 0.0067883 0.0044688
2960 0.0065958 0.00438633
2980 0.00640802 0.00430499
3000 0.00622497 0.0042248
3020 0.00604667 0.00414581
3040 0.00587308 0.00406804
3060 0.00570422 0.00399153
3080 0.00554005 0.0039163
3100 0.00538056 0.00384239
3120 0.0052257 0.0037698
3140 0.00507546 0.00369857
3160 0.00492978 0.00362872
3180 0.00478861 0.00356025
3200 0.00465192 0.00349319
3220 0.00451964 0.00342754
3240 0.00439171 0.00336331
3260 0.00426807 0.00330051
3280 0.00414865 0.00323915
3300 0.00403338 0.00317922
3320 0.00392218 0.00312074
3340 0.00381498 0.00306369
3360 0.0037117 0.00300808
3380 0.00361225 0.00295389
3400 0.00351654 0.00290113
3420 0.00342449 0.00284978
3440 0.00333601 0.00279983
3460 0.00325101 0.00275128
3480 0.00316939 0.00270409
3500 0.00309107 0.00265827
3520 0.00301593 0.00261379
3540 0.0029439 0.00257063
3560 0.00287487 0.00252876
3580 0.00280875 0.00248818
3600 0.00274543 0.00244885
3620 0.00268482 0.00241075
3640 0.00262683 0.00237384
3660 0.00257136 0.00233811
3680 0.0025183 0.00230352
3700 0.00246758 0.00227004
3720 0.00241908 0.00223764
3740 0.00237273 0.00220628
3760 0.00232841 0.00217594
3780 0.00228606 0.00214658
3800 0.00224557 0.00211816
3820 0.00220686 0.00209066
3840 0.00216984 0.00206403
3860 0.00213444 0.00203824
3880 0.00210057 0.00201326
3900 0.00206815 0.00198905
3920 0.00203711 0.00196559
3940 0.00200739 0.00194283
3960 0.0019789 0.00192077
3980 0.00195159 0.00189935
4000 0.00192541 0.00187857
4020 0.00190029 0.0018584
4040 0.00187618 0.00183881
4060 0.00185305 0.0018198
4080 0.00183085 0.00180136
4100 0.00180955 0.00178346
4120 0.00178912 0.00176613
4140 0.00176954 0.00174935
4160 0.00175081 0.00173314
4180 0.00173291 0.00171751
4200 0.00171587 0.0017025
4220 0.00169969 0.00168814
4240 0.0016844 0.00167448
4260 0.00167006 0.00166157
4280 0.00165671 0.0016495
4300 0.00164445 0.00163835
4320 0.00163338 0.00162826
4340 0.00162364 0.00161938
4360 0.00161541 0.00161188
4380 0.00160892 0.00160603
4400 0.00160447 0.00160212
4420 0.00160247 0.00160058
4440 0.00160346 0.00160196
4460 0.00160819 0.00160701
4480 0.00161776 0.00161685
4500 0.0016338 0.00163311
4520 2.20159e-05 2.14983e-05
4540 3.7919e-07 0
4560 2.71744e-07 0
4580 1.90055e-07 0
4600 1.29288e-07 0
4620 0.00774705 0.00774697
4640 5.36932e-08 0
4660 0.00805914 0.00805911
4680 0.00821915 0.00821913
4700 8.77651e-09 0
4720 3.73954e-09 0
4740 1.2681e-09 0
4760 2.89141e-10 0
4780 2.51056e-11 0
4800 0.00923704 0.00923704
