0 0.728346 0
20 8.65381e-06 1.54714e-08
40 2.19885 1.90096e-07
60 0.203362 8.4276e-07
80 0.693805 2.42484e-06
100 0.000851886 5.48059e-06
120 1.07631 1.06137e-05
140 0.00271783 1.84595e-05
160 0.365378 2.96616e-05
180 0.0182294 4.48531e-05
200 0.0106135 6.46412e-05
220 0.0117224 8.95954e-05
240 0.0783657 0.000120238
260 0.0165531 0.000157036
280 0.0476839 0.0002004
300 0.0321023 0.000250677
320 0.0303241 0.000308149
340 0.0288195 0.000373037
360 0.0275279 0.000445496
380 0.0264168 0.00052562
400 0.0254672 0.000613444
420 0.0246654 0.000708946
440 0.0239985 0.000812048
460 0.0234535 0.000922625
480 0.0230171 0.0010405
500 0.0226766 0.00116547
520 0.0224199 0.00129726
540 0.0222364 0.0014356
560 0.0221164 0.00158016
580 0.0220514 0.0017306
600 0.0220339 0.00188654
620 0.0220573 0.0020476
640 0.0221158 0.00221337
660 0.0222043 0.00238342
680 0.0223181 0.00255734
700 0.0224533 0.00273469
720 0.0226061 0.00291503
740 0.0227733 0.00309792
760 0.0229518 0.00328291
780 0.0231391 0.00346958
800 0.0233327 0.00365748
820 0.0235303 0.00384621
840 0.0237301 0.00403533
860 0.0239302 0.00422444
880 0.024129 0.00441315
900 0.024325 0.00460108
920 0.0245169 0.00478785
940 0.0247036 0.0049731
960 0.024884 0.0051565
980 0.025057 0.00533771
1000 0.0252219 0.00551643
1020 0.0253779 0.00569236
1040 0.0255244 0.00586522
1060 0.0256607 0.00603474
1080 0.0257864 0.00620067
1100 0.0259009 0.00636279
1120 0.0260041 0.00652087
1140 0.0260954 0.00667473
1160 0.0261747 0.00682416
1180 0.0262419 0.00696901
1200 0.0262966 0.00710911
1220 0.0263389 0.00724433
1240 0.0263686 0.00737454
1260 0.0263857 0.00749963
1280 0.0263903 0.0076195
1300 0.0263823 0.00773407
1320 0.0263618 0.00784326
1340 0.026329 0.00794701
1360 0.0262839 0.00804527
1380 0.0262267 0.00813801
1400 0.0261575 0.00822519
1420 0.0260766 0.0083068
1440 0.025984 0.00838284
1460 0.0258802 0.0084533
1480 0.0257651 0.00851819
1500 0.0256392 0.00857755
1520 0.0255026 0.00863139
1540 0.0253557 0.00867974
1560 0.0251986 0.00872266
1580 0.0250318 0.0087602
1600 0.0248553 0.0087924
1620 0.0246697 0.00881933
1640 0.0244751 0.00884107
1660 0.0242718 0.00885767
1680 0.0240602 0.00886923
1700 0.0238406 0.00887583
1720 0.0236133 0.00887755
1740 0.0233786 0.00887449
1760 0.0231368 0.00886674
1780 0.0228882 0.0088544
1800 0.0226333 0.00883758
1820 0.0223722 0.00881638
1840 0.0221053 0.00879091
1860 0.021833 0.00876129
1880 0.0215555 0.00872762
1900 0.0212731 0.00869003
1920 0.0209863 0.00864863
1940 0.0206953 0.00860355
1960 0.0204003 0.0085549
1980 0.0201018 0.0085028
2000 0.0198001 0.00844739
2020 0.0194954 0.00838878
2040 0.019188 0.00832711
2060 0.0188782 0.00826249
2080 0.0185664 0.00819505
2100 0.0182528 0.00812493
2120 0.0179378 0.00805225
2140 0.0176215 0.00797713
2160 0.0173043 0.0078997
2180 0.0169865 0.00782009
2200 0.0166683 0.00773842
2220 0.01635 0.00765482
2240 0.0160318 0.0075694
2260 0.015714 0.00748231
2280 0.0153969 0.00739365
2300 0.0150807 0.00730354
2320 0.0147657 0.00721211
2340 0.014452 0.00711947
2360 0.0141399 0.00702574
2380 0.0138296 0.00693103
2400 0.0135214 0.00683546
2420 0.0132154 0.00673913
2440 0.0129118 0.00664215
2460 0.0126109 0.00654463
2480 0.0123128 0.00644668
2500 0.0120177 0.00634838
2520 0.0117257 0.00624986
2540 0.0114371 0.00615118
2560 0.011152 0.00605247
2580 0.0108705 0.00595379
2600 0.0105928 0.00585525
2620 0.0103191 0.00575693
2640 0.0100493 0.00565892
2660 0.00978378 0.00556128
2680 0.00952248 0.0054641
2700 0.00926557 0.00536746
2720 0.00901312 0.00527142
2740 0.00876524 0.00517606
2760 0.00852199 0.00508145
2780 0.00828345 0.00498763
2800 0.00804969 0.00489468
2820 0.00782075 0.00480265
2840 0.0075967 0.0047116
2860 0.00737756 0.00462157
2880 0.00716337 0.00453262
2900 0.00695416 0.00444479
2920 0.00674995 0.00435813
2940 0.00655074 0.00427267
2960 0.00635655 0.00418845
2980 0.00616736 0.00410551
3000 0.00598318 0.00402387
3020 0.00580398 0.00394358
3040 0.00562974 0.00386465
3060 0.00546044 0.0037871
3080 0.00529604 0.00371097
3100 0.0051365 0.00363626
3120 0.00498178 0.003563
3140 0.00483183 0.0034912
3160 0.00468659 0.00342088
3180 0.004546 0.00335203
3200 0.00441001 0.00328467
3220 0.00427854 0.00321881
3240 0.00415152 0.00315445
3260 0.00402887 0.00309158
3280 0.00391052 0.00303022
3300 0.00379638 0.00297035
3320 0.00368637 0.00291197
3340 0.00358041 0.00285508
3360 0.00347839 0.00279966
3380 0.00338024 0.0027457
3400 0.00328585 0.00269321
3420 0.00319514 0.00264215
3440 0.00310799 0.00259251
3460 0.00302433 0.00254429
3480 0.00294404 0.00249745
3500 0.00286703 0.00245198
3520 0.00279319 0.00240786
3540 0.00272243 0.00236507
3560 0.00265465 0.00232357
3580 0.00258974 0.00228335
3600 0.0025276 0.00224438
3620 0.00246814 0.00220663
3640 0.00241126 0.00217007
3660 0.00235685 0.00213466
3680 0.00230482 0.00210039
3700 0.00225506 0.00206721
3720 0.0022075 0.00203509
3740 0.00216202 0.002004
3760 0.00211855 0.00197391
3780 0.00207698 0.00194478
3800 0.00203724 0.00191658
3820 0.00199922 0.00188927
3840 0.00196286 0.00186281
3860 0.00192806 0.00183718
3880 0.00189476 0.00181234
3900 0.00186286 0.00178825
3920 0.00183231 0.00176489
3940 0.00180302 0.00174223
3960 0.00177494 0.00172023
3980 0.001748 0.00169887
4000 0.00172214 0.00167813
4020 0.00169732 0.00165798
4040 0.00167348 0.00163841
4060 0.00165057 0.00161939
4080 0.00162856 0.00160093
4100 0.00160742 0.00158299
4120 0.00158711 0.0015656
4140 0.00156762 0.00154874
4160 0.00154894 0.00153242
4180 0.00153105 0.00151666
4200 0.00151396 0.00150148
4220 0.00149768 0.0014869
4240 0.00148224 0.00147298
4260 0.00146767 0.00145975
4280 0.00145401 0.00144729
4300 0.00144135 0.00143567
4320 0.00142977 0.001425
4340 0.00141938 0.00141541
4360 0.00141034 0.00140705
4380 0.00140284 0.00140014
4400 0.00139714 0.00139495
4420 0.00139358 0.00139182
4440 0.00139263 0.00139123
4460 0.00139493 0.00139384
4480 0.00140142 0.00140057
4500 0.00141349 0.00141284
4520 1.80101e-05 1.7528e-05
4540 3.53173e-07 0
4560 2.53112e-07 0
4580 1.77034e-07 0
4600 1.20438e-07 0
4620 0.00631635 0.00631627
4640 5.00262e-08 0
4660 0.00657079 0.00657076
4680 0.00670125 0.00670123
4700 8.18067e-09 0
4720 3.48645e-09 0
4740 1.18264e-09 0
4760 2.69785e-10 0
4780 2.34467e-11 0
4800 0.00753116 0.00753116
