0 0.743409 0
20 7.11669e-06 1.33725e-08
40 2.23323 1.64517e-07
60 0.20815 7.30298e-07
80 0.704366 2.10395e-06
100 0.000732858 4.76142e-06
120 1.09922 9.23283e-06
140 0.00238055 1.60785e-05
160 0.37086 2.58688e-05
180 0.0173285 3.91679e-05
200 0.00956769 5.65202e-05
220 0.0105405 7.84398e-05
240 0.0781975 0.000105402
260 0.0148658 0.000137837
280 0.0465164 0.000176124
300 0.0289796 0.000220593
320 0.0274483 0.000271516
340 0.0261501 0.000329112
360 0.0250339 0.000393543
380 0.0240727 0.000464919
400 0.0232512 0.000543297
420 0.022558 0.000628683
440 0.0219827 0.000721036
460 0.0215141 0.000820271
480 0.0211409 0.000926259
500 0.0208519 0.00103883
520 0.0206368 0.00115779
540 0.0204862 0.0012829
560 0.0203916 0.0014139
580 0.0203456 0.00155049
600 0.0203418 0.00169237
620 0.0203743 0.00183921
640 0.0204381 0.00199066
660 0.0205287 0.00214635
680 0.0206422 0.00230593
700 0.0207749 0.00246901
720 0.0209237 0.0026352
740 0.0210857 0.00280412
760 0.0212583 0.00297538
780 0.0214392 0.0031486
800 0.0216262 0.00332338
820 0.0218174 0.00349935
840 0.0220111 0.00367612
860 0.0222056 0.00385334
880 0.0223996 0.00403064
900 0.0225917 0.00420766
920 0.0227807 0.00438408
940 0.0229656 0.00455955
960 0.0231453 0.00473377
980 0.023319 0.00490641
1000 0.0234859 0.00507719
1020 0.0236453 0.00524583
1040 0.0237967 0.00541206
1060 0.0239393 0.00557563
1080 0.0240728 0.00573629
1100 0.0241967 0.00589382
1120 0.0243106 0.006048
1140 0.0244143 0.00619864
1160 0.0245074 0.00634555
1180 0.0245897 0.00648855
1200 0.0246612 0.00662748
1220 0.0247215 0.00676221
1240 0.0247706 0.00689258
1260 0.0248085 0.00701849
1280 0.0248351 0.00713982
1300 0.0248504 0.00725647
1320 0.0248544 0.00736836
1340 0.0248471 0.0074754
1360 0.0248287 0.00757754
1380 0.0247991 0.00767472
1400 0.0247586 0.00776689
1420 0.0247072 0.00785402
1440 0.0246451 0.00793607
1460 0.0245724 0.00801305
1480 0.0244893 0.00808492
1500 0.024396 0.0081517
1520 0.0242926 0.00821339
1540 0.0241794 0.00827
1560 0.0240566 0.00832156
1580 0.0239244 0.00836809
1600 0.023783 0.00840962
1620 0.0236327 0.0084462
1640 0.0234737 0.00847788
1660 0.0233062 0.0085047
1680 0.0231306 0.00852673
1700 0.022947 0.00854401
1720 0.0227557 0.00855663
1740 0.022557 0.00856465
1760 0.0223512 0.00856815
1780 0.0221385 0.00856721
1800 0.0219192 0.0085619
1820 0.0216935 0.00855232
1840 0.0214618 0.00853856
1860 0.0212244 0.0085207
1880 0.0209814 0.00849885
1900 0.0207332 0.0084731
1920 0.0204801 0.00844355
1940 0.0202223 0.00841031
1960 0.0199602 0.00837348
1980 0.0196939 0.00833317
2000 0.0194238 0.00828948
2020 0.0191501 0.00824253
2040 0.0188732 0.00819243
2060 0.0185933 0.00813928
2080 0.0183106 0.00808321
2100 0.0180255 0.00802432
2120 0.0177382 0.00796274
2140 0.017449 0.00789858
2160 0.0171581 0.00783194
2180 0.0168658 0.00776296
2200 0.0165723 0.00769174
2220 0.016278 0.00761841
2240 0.015983 0.00754307
2260 0.0156876 0.00746584
2280 0.0153921 0.00738684
2300 0.0150967 0.00730617
2320 0.0148016 0.00722397
2340 0.014507 0.00714032
2360 0.0142133 0.00705536
2380 0.0139206 0.00696918
2400 0.013629 0.0068819
2420 0.013339 0.00679362
2440 0.0130505 0.00670445
2460 0.0127639 0.00661449
2480 0.0124794 0.00652384
2500 0.0121971 0.00643262
2520 0.0119172 0.0063409
2540 0.0116398 0.0062488
2560 0.0113653 0.00615641
2580 0.0110937 0.00606381
2600 0.0108251 0.0059711
2620 0.0105598 0.00587836
2640 0.0102979 0.00578569
2660 0.0100395 0.00569316
2680 0.00978473 0.00560086
2700 0.00953373 0.00550885
2720 0.00928661 0.00541723
2740 0.00904348 0.00532605
2760 0.00880445 0.0052354
2780 0.00856959 0.00514534
2800 0.00833901 0.00505592
2820 0.00811277 0.00496723
2840 0.00789094 0.00487931
2860 0.0076736 0.00479222
2880 0.00746079 0.00470601
2900 0.00725256 0.00462074
2920 0.00704895 0.00453646
2940 0.00684999 0.00445321
2960 0.00665572 0.00437103
2980 0.00646615 0.00428997
3000 0.00628129 0.00421006
3020 0.00610115 0.00413134
3040 0.00592572 0.00405385
3060 0.005755 0.0039776
3080 0.00558898 0.00390264
3100 0.00542763 0.00382898
3120 0.00527093 0.00375665
3140 0.00511884 0.00368567
3160 0.00497134 0.00361606
3180 0.00482836 0.00354783
3200 0.00468988 0.003481
3220 0.00455583 0.00341558
3240 0.00442616 0.00335158
3260 0.00430081 0.003289
3280 0.00417971 0.00322785
3300 0.00406279 0.00316813
3320 0.00394999 0.00310985
3340 0.00384121 0.003053
3360 0.00373639 0.00299758
3380 0.00363544 0.00294359
3400 0.00353829 0.00289101
3420 0.00344483 0.00283984
3440 0.00335498 0.00279007
3460 0.00326866 0.00274168
3480 0.00318576 0.00269466
3500 0.0031062 0.002649
3520 0.00302988 0.00260467
3540 0.0029567 0.00256166
3560 0.00288657 0.00251994
3580 0.00281939 0.0024795
3600 0.00275506 0.00244031
3620 0.00269348 0.00240234
3640 0.00263457 0.00236556
3660 0.00257821 0.00232995
3680 0.00252432 0.00229548
3700 0.00247279 0.00226212
3720 0.00242353 0.00222983
3740 0.00237645 0.00219859
3760 0.00233145 0.00216835
3780 0.00228845 0.00213909
3800 0.00224734 0.00211078
3820 0.00220805 0.00208337
3840 0.00217049 0.00205683
3860 0.00213457 0.00203113
3880 0.00210022 0.00200623
3900 0.00206735 0.00198211
3920 0.00203589 0.00195873
3940 0.00200577 0.00193606
3960 0.00197691 0.00191407
3980 0.00194926 0.00189273
4000 0.00192276 0.00187202
4020 0.00189734 0.00185191
4040 0.00187297 0.0018324
4060 0.00184958 0.00181345
4080 0.00182715 0.00179507
4100 0.00180564 0.00177724
4120 0.00178502 0.00175997
4140 0.00176527 0.00174325
4160 0.00174638 0.00172709
4180 0.00172835 0.00171152
4200 0.00171118 0.00169657
4220 0.00169489 0.00168225
4240 0.00167951 0.00166864
4260 0.00166507 0.00165577
4280 0.00165165 0.00164374
4300 0.00163933 0.00163264
4320 0.0016282 0.00162258
4340 0.00161841 0.00161373
4360 0.00161013 0.00160626
4380 0.0016036 0.00160043
4400 0.00159911 0.00159653
4420 0.00159707 0.001595
4440 0.00159802 0.00159637
4460 0.0016027 0.00160141
4480 0.00161221 0.00161121
4500 0.00162817 0.00162741
4520 2.42454e-05 2.36764e-05
4540 4.16875e-07 0
4560 2.98759e-07 0
4580 2.08955e-07 0
4600 1.42148e-07 0
4620 0.00853195 0.00853186
4640 5.90374e-08 0
4660 0.00887566 0.00887562
4680 0.00905188 0.00905186
4700 9.6506e-09 0
4720 4.11198e-09 0
4740 1.39437e-09 0
4760 3.1791e-10 0
4780 2.75989e-11 0
4800 0.0101729 0.0101729
