0 0.730603 0
20 8.42282e-06 1.54605e-08
40 2.20446 1.89962e-07
60 0.204072 8.42166e-07
80 0.695601 2.42313e-06
100 0.000832838 5.47673e-06
120 1.07956 1.06063e-05
140 0.00266346 1.84465e-05
160 0.366293 2.96408e-05
180 0.0180677 4.48215e-05
200 0.0104338 6.45957e-05
220 0.0115255 8.95323e-05
240 0.0783139 0.000120153
260 0.016279 0.000156926
280 0.0474879 0.000200259
300 0.0315779 0.0002505
320 0.0298492 0.000307932
340 0.0283864 0.000372774
360 0.0271309 0.000445182
380 0.0260511 0.00052525
400 0.025129 0.000613012
420 0.0243513 0.000708446
440 0.0237056 0.000811476
460 0.0231793 0.000921975
480 0.0227593 0.00103977
500 0.0224333 0.00116465
520 0.0221896 0.00129635
540 0.0220176 0.00143459
560 0.0219079 0.00157905
580 0.0218521 0.00172938
600 0.021843 0.00188521
620 0.021874 0.00204616
640 0.0219395 0.00221181
660 0.0220343 0.00238174
680 0.0221541 0.00255554
700 0.0222948 0.00273277
720 0.0224527 0.00291298
740 0.0226247 0.00309573
760 0.0228078 0.0032806
780 0.0229994 0.00346713
800 0.0231971 0.00365491
820 0.0233988 0.0038435
840 0.0236024 0.00403248
860 0.0238063 0.00422147
880 0.0240087 0.00441005
900 0.0242083 0.00459784
920 0.0244037 0.00478447
940 0.0245938 0.0049696
960 0.0247776 0.00515287
980 0.0249539 0.00533395
1000 0.0251221 0.00551255
1020 0.0252813 0.00568835
1040 0.025431 0.00586108
1060 0.0255704 0.00603048
1080 0.0256992 0.0061963
1100 0.0258169 0.00635831
1120 0.025923 0.00651628
1140 0.0260174 0.00667003
1160 0.0260997 0.00681935
1180 0.0261698 0.0069641
1200 0.0262274 0.0071041
1220 0.0262726 0.00723923
1240 0.0263051 0.00736935
1260 0.026325 0.00749435
1280 0.0263324 0.00761414
1300 0.0263271 0.00772862
1320 0.0263093 0.00783773
1340 0.0262792 0.00794141
1360 0.0262367 0.0080396
1380 0.026182 0.00813227
1400 0.0261154 0.0082194
1420 0.0260369 0.00830095
1440 0.0259468 0.00837693
1460 0.0258453 0.00844734
1480 0.0257327 0.00851219
1500 0.0256091 0.00857151
1520 0.0254747 0.00862531
1540 0.02533 0.00867363
1560 0.0251751 0.00871652
1580 0.0250104 0.00875403
1600 0.024836 0.00878621
1620 0.0246523 0.00881312
1640 0.0244597 0.00883484
1660 0.0242584 0.00885144
1680 0.0240486 0.00886299
1700 0.0238308 0.00886958
1720 0.0236053 0.0088713
1740 0.0233723 0.00886824
1760 0.0231322 0.00886049
1780 0.0228853 0.00884816
1800 0.0226319 0.00883135
1820 0.0223723 0.00881017
1840 0.0221069 0.00878472
1860 0.021836 0.00875512
1880 0.0215598 0.00872148
1900 0.0212788 0.00868391
1920 0.0209933 0.00864254
1940 0.0207034 0.00859749
1960 0.0204097 0.00854887
1980 0.0201123 0.00849681
2000 0.0198116 0.00844144
2020 0.0195079 0.00838287
2040 0.0192014 0.00832124
2060 0.0188926 0.00825667
2080 0.0185817 0.00818928
2100 0.0182689 0.00811921
2120 0.0179546 0.00804658
2140 0.017639 0.00797151
2160 0.0173225 0.00789413
2180 0.0170053 0.00781458
2200 0.0166877 0.00773297
2220 0.0163699 0.00764942
2240 0.0160522 0.00756407
2260 0.0157349 0.00747704
2280 0.0154182 0.00738844
2300 0.0151024 0.0072984
2320 0.0147876 0.00720703
2340 0.0144742 0.00711446
2360 0.0141624 0.00702079
2380 0.0138523 0.00692615
2400 0.0135442 0.00683064
2420 0.0132383 0.00673438
2440 0.0129348 0.00663747
2460 0.0126339 0.00654002
2480 0.0123358 0.00644214
2500 0.0120407 0.00634391
2520 0.0117487 0.00624545
2540 0.01146 0.00614685
2560 0.0111747 0.0060482
2580 0.0108931 0.0059496
2600 0.0106152 0.00585113
2620 0.0103412 0.00575288
2640 0.0100712 0.00565493
2660 0.0098054 0.00555736
2680 0.00954382 0.00546025
2700 0.00928659 0.00536368
2720 0.00903381 0.00526771
2740 0.00878557 0.00517242
2760 0.00854195 0.00507787
2780 0.00830303 0.00498412
2800 0.00806886 0.00489123
2820 0.00783951 0.00479927
2840 0.00761502 0.00470828
2860 0.00739544 0.00461832
2880 0.0071808 0.00452943
2900 0.00697113 0.00444166
2920 0.00676645 0.00435506
2940 0.00656677 0.00426966
2960 0.00637209 0.0041855
2980 0.00618242 0.00410262
3000 0.00599775 0.00402104
3020 0.00581806 0.0039408
3040 0.00564334 0.00386192
3060 0.00547355 0.00378443
3080 0.00530866 0.00370835
3100 0.00514864 0.0036337
3120 0.00499344 0.00356049
3140 0.00484301 0.00348874
3160 0.00469731 0.00341847
3180 0.00455626 0.00334967
3200 0.0044198 0.00328236
3220 0.00428788 0.00321654
3240 0.00416042 0.00315223
3260 0.00403734 0.00308941
3280 0.00391856 0.00302808
3300 0.00380401 0.00296826
3320 0.0036936 0.00290992
3340 0.00358724 0.00285306
3360 0.00348484 0.00279769
3380 0.00338631 0.00274377
3400 0.00329156 0.00269131
3420 0.0032005 0.00264029
3440 0.00311302 0.00259069
3460 0.00302902 0.0025425
3480 0.00294842 0.00249569
3500 0.0028711 0.00245026
3520 0.00279697 0.00240617
3540 0.00272593 0.0023634
3560 0.00265788 0.00232194
3580 0.00259271 0.00228175
3600 0.00253033 0.0022428
3620 0.00247063 0.00220507
3640 0.00241352 0.00216854
3660 0.00235889 0.00213316
3680 0.00230665 0.00209891
3700 0.00225671 0.00206575
3720 0.00220895 0.00203366
3740 0.0021633 0.00200259
3760 0.00211966 0.00197252
3780 0.00207794 0.00194341
3800 0.00203804 0.00191523
3820 0.00199989 0.00188793
3840 0.00196339 0.0018615
3860 0.00192847 0.00183588
3880 0.00189505 0.00181106
3900 0.00186304 0.00178699
3920 0.00183238 0.00176365
3940 0.001803 0.001741
3960 0.00177483 0.00171902
3980 0.00174781 0.00169768
4000 0.00172188 0.00167695
4020 0.00169698 0.00165682
4040 0.00167307 0.00163726
4060 0.0016501 0.00161825
4080 0.00162804 0.0015998
4100 0.00160684 0.00158188
4120 0.00158649 0.00156449
4140 0.00156696 0.00154765
4160 0.00154824 0.00153134
4180 0.00153031 0.00151559
4200 0.00151319 0.00150042
4220 0.00149689 0.00148586
4240 0.00148142 0.00147194
4260 0.00146683 0.00145872
4280 0.00145316 0.00144627
4300 0.00144048 0.00143466
4320 0.00142888 0.001424
4340 0.00141848 0.00141441
4360 0.00140943 0.00140606
4380 0.00140192 0.00139916
4400 0.00139621 0.00139397
4420 0.00139264 0.00139084
4440 0.00139169 0.00139025
4460 0.00139398 0.00139286
4480 0.00140045 0.00139959
4500 0.00141251 0.00141185
4520 1.84647e-05 1.79706e-05
4540 3.61961e-07 0
4560 2.59412e-07 0
4580 1.81442e-07 0
4600 1.23437e-07 0
4620 0.00647583 0.00647575
4640 5.12725e-08 0
4660 0.00673671 0.00673668
4680 0.00687046 0.00687044
4700 8.38458e-09 0
4720 3.57335e-09 0
4740 1.21211e-09 0
4760 2.76505e-10 0
4780 2.40299e-11 0
4800 0.00772132 0.00772132
