0 0.747757 0
20 6.75478e-06 1.33474e-08
40 2.24397 1.64209e-07
60 0.209537 7.28928e-07
80 0.707807 2.10001e-06
100 0.00070135 4.75249e-06
120 1.10556 9.21551e-06
140 0.00228819 1.60483e-05
160 0.372612 2.58202e-05
180 0.0170465 3.90944e-05
200 0.00924999 5.64142e-05
220 0.0101928 7.82926e-05
240 0.0781295 0.000105204
260 0.0143808 0.000137578
280 0.0461786 0.000175794
300 0.0280444 0.000220179
320 0.0265961 0.000271007
340 0.0253684 0.000328494
360 0.0243131 0.000392804
380 0.0234051 0.000464047
400 0.0226302 0.000542277
420 0.021978 0.000627503
440 0.0214387 0.000719684
460 0.0210018 0.000818733
480 0.0206565 0.000924522
500 0.0203923 0.00103689
520 0.0201992 0.00115562
540 0.0200681 0.0012805
560 0.019991 0.00141125
580 0.0199608 0.00154758
600 0.0199713 0.0016892
620 0.0200167 0.00183576
640 0.0200924 0.00198692
660 0.0201938 0.00214233
680 0.0203173 0.0023016
700 0.0204594 0.00246437
720 0.020617 0.00263026
740 0.0207872 0.00279886
760 0.0209676 0.0029698
780 0.0211559 0.00314269
800 0.0213501 0.00331714
820 0.0215481 0.00349278
840 0.0217485 0.00366923
860 0.0219495 0.00384611
880 0.0221497 0.00402308
900 0.0223479 0.00419977
920 0.022543 0.00437586
940 0.0227338 0.004551
960 0.0229194 0.00472489
980 0.0230989 0.00489721
1000 0.0232716 0.00506767
1020 0.0234367 0.00523599
1040 0.0235937 0.00540191
1060 0.0237419 0.00556517
1080 0.023881 0.00572553
1100 0.0240104 0.00588276
1120 0.0241298 0.00603666
1140 0.024239 0.00618701
1160 0.0243375 0.00633364
1180 0.0244253 0.00647637
1200 0.0245021 0.00661505
1220 0.0245678 0.00674952
1240 0.0246222 0.00687965
1260 0.0246654 0.00700532
1280 0.0246972 0.00712642
1300 0.0247177 0.00724286
1320 0.0247268 0.00735453
1340 0.0247247 0.00746138
1360 0.0247113 0.00756333
1380 0.0246867 0.00766032
1400 0.0246512 0.00775232
1420 0.0246047 0.00783928
1440 0.0245474 0.00792119
1460 0.0244795 0.00799802
1480 0.0244011 0.00806976
1500 0.0243125 0.00813641
1520 0.0242137 0.00819798
1540 0.024105 0.00825449
1560 0.0239867 0.00830595
1580 0.0238588 0.00835239
1600 0.0237218 0.00839385
1620 0.0235757 0.00843036
1640 0.0234208 0.00846198
1660 0.0232574 0.00848875
1680 0.0230858 0.00851073
1700 0.0229061 0.00852799
1720 0.0227187 0.00854058
1740 0.0225237 0.00854859
1760 0.0223216 0.00855208
1780 0.0221125 0.00855113
1800 0.0218967 0.00854584
1820 0.0216744 0.00853628
1840 0.0214461 0.00852254
1860 0.0212118 0.00850472
1880 0.020972 0.00848291
1900 0.0207269 0.0084572
1920 0.0204767 0.00842771
1940 0.0202218 0.00839453
1960 0.0199624 0.00835777
1980 0.0196988 0.00831754
2000 0.0194313 0.00827393
2020 0.0191602 0.00822707
2040 0.0188857 0.00817706
2060 0.018608 0.00812401
2080 0.0183276 0.00806805
2100 0.0180446 0.00800927
2120 0.0177593 0.00794781
2140 0.0174719 0.00788376
2160 0.0171829 0.00781725
2180 0.0168923 0.0077484
2200 0.0166005 0.00767732
2220 0.0163076 0.00760412
2240 0.0160141 0.00752892
2260 0.0157201 0.00745183
2280 0.0154258 0.00737298
2300 0.0151315 0.00729247
2320 0.0148375 0.00721041
2340 0.0145439 0.00712693
2360 0.014251 0.00704212
2380 0.0139591 0.00695611
2400 0.0136683 0.00686899
2420 0.0133788 0.00678087
2440 0.0130909 0.00669187
2460 0.0128047 0.00660208
2480 0.0125206 0.00651161
2500 0.0122385 0.00642055
2520 0.0119588 0.00632901
2540 0.0116816 0.00623708
2560 0.0114071 0.00614486
2580 0.0111355 0.00605243
2600 0.0108668 0.0059599
2620 0.0106014 0.00586734
2640 0.0103392 0.00577484
2660 0.0100805 0.00568248
2680 0.00982541 0.00559035
2700 0.00957401 0.00549852
2720 0.00932643 0.00540707
2740 0.00908279 0.00531606
2760 0.0088432 0.00522558
2780 0.00860774 0.00513568
2800 0.0083765 0.00504644
2820 0.00814957 0.00495791
2840 0.00792702 0.00487015
2860 0.00770891 0.00478323
2880 0.00749531 0.00469718
2900 0.00728626 0.00461207
2920 0.00708181 0.00452795
2940 0.00688198 0.00444485
2960 0.00668682 0.00436283
2980 0.00649635 0.00428192
3000 0.00631057 0.00420217
3020 0.0061295 0.00412359
3040 0.00595313 0.00404624
3060 0.00578147 0.00397014
3080 0.0056145 0.00389532
3100 0.0054522 0.0038218
3120 0.00529455 0.00374961
3140 0.00514152 0.00367876
3160 0.00499307 0.00360928
3180 0.00484916 0.00354118
3200 0.00470975 0.00347447
3220 0.00457479 0.00340917
3240 0.00444422 0.00334529
3260 0.00431798 0.00328283
3280 0.004196 0.00322179
3300 0.00407823 0.00316219
3320 0.00396458 0.00310402
3340 0.00385498 0.00304728
3360 0.00374936 0.00299196
3380 0.00364763 0.00293807
3400 0.00354972 0.00288559
3420 0.00345552 0.00283451
3440 0.00336496 0.00278483
3460 0.00327794 0.00273654
3480 0.00319437 0.00268961
3500 0.00311416 0.00264403
3520 0.00303721 0.00259978
3540 0.00296343 0.00255685
3560 0.00289272 0.00251522
3580 0.00282499 0.00247485
3600 0.00276012 0.00243573
3620 0.00269804 0.00239783
3640 0.00263864 0.00236112
3660 0.00258181 0.00232558
3680 0.00252747 0.00229118
3700 0.00247552 0.00225788
3720 0.00242586 0.00222565
3740 0.0023784 0.00219446
3760 0.00233304 0.00216429
3780 0.00228969 0.00213508
3800 0.00224826 0.00210682
3820 0.00220866 0.00207946
3840 0.00217081 0.00205297
3860 0.00213462 0.00202732
3880 0.00210001 0.00200247
3900 0.0020669 0.00197839
3920 0.00203522 0.00195506
3940 0.00200488 0.00193243
3960 0.00197583 0.00191047
3980 0.001948 0.00188918
4000 0.00192133 0.00186851
4020 0.00189576 0.00184844
4040 0.00187124 0.00182896
4060 0.00184772 0.00181005
4080 0.00182517 0.0017917
4100 0.00180354 0.00177391
4120 0.00178282 0.00175667
4140 0.00176298 0.00173998
4160 0.00174401 0.00172385
4180 0.0017259 0.00170831
4200 0.00170867 0.00169338
4220 0.00169232 0.0016791
4240 0.00167688 0.00166551
4260 0.0016624 0.00165267
4280 0.00164894 0.00164066
4300 0.00163658 0.00162958
4320 0.00162542 0.00161954
4340 0.00161561 0.0016107
4360 0.00160731 0.00160325
4380 0.00160075 0.00159742
4400 0.00159624 0.00159354
4420 0.00159418 0.00159201
4440 0.0015951 0.00159337
4460 0.00159976 0.0015984
4480 0.00160924 0.00160819
4500 0.00162516 0.00162436
4520 2.54401e-05 2.48436e-05
4540 4.37014e-07 0
4560 3.13196e-07 0
4580 2.19056e-07 0
4600 1.49022e-07 0
4620 0.00895257 0.00895247
4640 6.18939e-08 0
4660 0.00931322 0.00931318
4680 0.00949813 0.0094981
4700 1.01179e-08 0
4720 4.31108e-09 0
4740 1.46187e-09 0
4760 3.33287e-10 0
4780 2.89311e-11 0
4800 0.0106744 0.0106744
