0 0.726076 0
20 8.89124e-06 1.5482e-08
40 2.19319 1.90226e-07
60 0.20265 8.43339e-07
80 0.691995 2.4265e-06
100 0.00087138 5.48435e-06
120 1.07304 1.0621e-05
140 0.00277325 1.84722e-05
160 0.364456 2.9682e-05
180 0.0183936 4.4884e-05
200 0.0107957 6.46857e-05
220 0.0119221 8.9657e-05
240 0.0784182 0.00012032
260 0.0168308 0.000157144
280 0.0478824 0.000200538
300 0.0326334 0.000250849
320 0.0308046 0.000308361
340 0.0292572 0.000373293
360 0.0279288 0.000445802
380 0.0267856 0.000525982
400 0.0258079 0.000613866
420 0.0249815 0.000709433
440 0.024293 0.000812606
460 0.023729 0.00092326
480 0.0232758 0.00104122
500 0.0229204 0.00116627
520 0.0226506 0.00129816
540 0.0224554 0.00143659
560 0.0223249 0.00158125
580 0.0222504 0.00173179
600 0.0222244 0.00188784
620 0.02224 0.00204901
640 0.0222915 0.00221489
660 0.0223735 0.00238506
680 0.0224813 0.0025591
700 0.0226109 0.00273657
720 0.0227585 0.00291703
740 0.0229208 0.00310005
760 0.0230947 0.00328517
780 0.0232776 0.00347196
800 0.0234669 0.00366
820 0.0236605 0.00384885
840 0.0238563 0.0040381
860 0.0240526 0.00422735
880 0.0242477 0.00441619
900 0.0244401 0.00460424
920 0.0246286 0.00479114
940 0.0248118 0.00497652
960 0.0249887 0.00516004
980 0.0251585 0.00534138
1000 0.0253201 0.00552022
1020 0.0254728 0.00569627
1040 0.0256161 0.00586925
1060 0.0257492 0.00603888
1080 0.0258718 0.00620493
1100 0.0259833 0.00636716
1120 0.0260833 0.00652536
1140 0.0261717 0.00667932
1160 0.026248 0.00682885
1180 0.0263122 0.0069738
1200 0.0263641 0.007114
1220 0.0264034 0.00724931
1240 0.0264303 0.00737961
1260 0.0264447 0.00750479
1280 0.0264465 0.00762474
1300 0.0264358 0.00773939
1320 0.0264126 0.00784865
1340 0.0263772 0.00795247
1360 0.0263295 0.0080508
1380 0.0262697 0.0081436
1400 0.0261981 0.00823084
1420 0.0261147 0.00831251
1440 0.0260197 0.0083886
1460 0.0259135 0.00845911
1480 0.0257961 0.00852405
1500 0.0256679 0.00858344
1520 0.0255291 0.00863732
1540 0.02538 0.00868571
1560 0.0252208 0.00872866
1580 0.0250519 0.00876622
1600 0.0248734 0.00879844
1620 0.0246858 0.0088254
1640 0.0244892 0.00884714
1660 0.0242841 0.00886376
1680 0.0240706 0.00887533
1700 0.0238492 0.00888193
1720 0.0236202 0.00888365
1740 0.0233838 0.00888059
1760 0.0231404 0.00887283
1780 0.0228903 0.00886048
1800 0.0226338 0.00884365
1820 0.0223712 0.00882244
1840 0.0221029 0.00879695
1860 0.0218292 0.00876731
1880 0.0215504 0.00873362
1900 0.0212668 0.00869601
1920 0.0209787 0.00865458
1940 0.0206865 0.00860946
1960 0.0203904 0.00856078
1980 0.0200909 0.00850865
2000 0.0197881 0.0084532
2020 0.0194824 0.00839455
2040 0.0191741 0.00833283
2060 0.0188634 0.00826817
2080 0.0185508 0.00820069
2100 0.0182364 0.00813052
2120 0.0179206 0.00805778
2140 0.0176037 0.00798261
2160 0.0172858 0.00790513
2180 0.0169674 0.00782546
2200 0.0166487 0.00774374
2220 0.0163298 0.00766008
2240 0.0160112 0.00757461
2260 0.015693 0.00748745
2280 0.0153756 0.00739873
2300 0.015059 0.00730856
2320 0.0147437 0.00721707
2340 0.0144298 0.00712436
2360 0.0141175 0.00703057
2380 0.013807 0.0069358
2400 0.0134986 0.00684016
2420 0.0131926 0.00674376
2440 0.0128889 0.00664672
2460 0.012588 0.00654913
2480 0.0122899 0.00645111
2500 0.0119948 0.00635275
2520 0.011703 0.00625415
2540 0.0114145 0.00615541
2560 0.0111295 0.00605663
2580 0.0108482 0.00595789
2600 0.0105707 0.00585928
2620 0.0102971 0.00576089
2640 0.0100277 0.00566281
2660 0.00976237 0.0055651
2680 0.00950138 0.00546786
2700 0.00924478 0.00537115
2720 0.00899267 0.00527505
2740 0.00874514 0.00517962
2760 0.00850227 0.00508494
2780 0.00826412 0.00499106
2800 0.00803076 0.00489804
2820 0.00780225 0.00480595
2840 0.00757862 0.00471484
2860 0.00735992 0.00462475
2880 0.00714619 0.00453574
2900 0.00693744 0.00444785
2920 0.00673369 0.00436112
2940 0.00653496 0.00427561
2960 0.00634124 0.00419133
2980 0.00615253 0.00410833
3000 0.00596883 0.00402664
3020 0.00579011 0.00394629
3040 0.00561636 0.0038673
3060 0.00544754 0.00378971
3080 0.00528362 0.00371352
3100 0.00512456 0.00363876
3120 0.00497032 0.00356545
3140 0.00482083 0.0034936
3160 0.00467606 0.00342323
3180 0.00453593 0.00335433
3200 0.00440039 0.00328693
3220 0.00426936 0.00322102
3240 0.00414277 0.00315662
3260 0.00402055 0.00309371
3280 0.00390262 0.0030323
3300 0.00378889 0.00297239
3320 0.00367928 0.00291397
3340 0.00357371 0.00285704
3360 0.00347207 0.00280158
3380 0.00337428 0.00274759
3400 0.00328025 0.00269506
3420 0.00318988 0.00264396
3440 0.00310307 0.0025943
3460 0.00301973 0.00254604
3480 0.00293975 0.00249917
3500 0.00286303 0.00245367
3520 0.00278949 0.00240952
3540 0.002719 0.0023667
3560 0.00265148 0.00232517
3580 0.00258683 0.00228492
3600 0.00252494 0.00224592
3620 0.00246571 0.00220815
3640 0.00240905 0.00217156
3660 0.00235485 0.00213613
3680 0.00230302 0.00210183
3700 0.00225346 0.00206863
3720 0.00220607 0.00203649
3740 0.00216077 0.00200538
3760 0.00211746 0.00197527
3780 0.00207605 0.00194612
3800 0.00203645 0.0019179
3820 0.00199857 0.00189056
3840 0.00196234 0.00186409
3860 0.00192766 0.00183844
3880 0.00189447 0.00181358
3900 0.00186268 0.00178948
3920 0.00183223 0.00176611
3940 0.00180304 0.00174343
3960 0.00177504 0.00172141
3980 0.00174818 0.00170004
4000 0.0017224 0.00167929
4020 0.00169765 0.00165912
4040 0.00167387 0.00163954
4060 0.00165102 0.00162051
4080 0.00162907 0.00160203
4100 0.00160798 0.00158408
4120 0.00158772 0.00156667
4140 0.00156827 0.0015498
4160 0.00154962 0.00153347
4180 0.00153176 0.0015177
4200 0.0015147 0.00150251
4220 0.00149845 0.00148793
4240 0.00148303 0.00147399
4260 0.00146848 0.00146076
4280 0.00145485 0.00144828
4300 0.0014422 0.00143666
4320 0.00143063 0.00142598
4340 0.00142026 0.00141638
4360 0.00141122 0.00140802
4380 0.00140373 0.00140111
4400 0.00139804 0.00139591
4420 0.00139449 0.00139278
4440 0.00139355 0.00139219
4460 0.00139587 0.0013948
4480 0.00140236 0.00140154
4500 0.00141444 0.00141382
4520 1.75664e-05 1.7096e-05
4540 3.44589e-07 0
4560 2.46959e-07 0
4580 1.7273e-07 0
4600 1.17509e-07 0
4620 0.00616068 0.0061606
4640 4.88089e-08 0
4660 0.00640886 0.00640883
4680 0.0065361 0.00653608
4700 7.98151e-09 0
4720 3.40157e-09 0
4740 1.15385e-09 0
4760 2.63222e-10 0
4780 2.2877e-11 0
4800 0.00734555 0.00734555
