0 0.713023 0
20 1.06914e-05 1.7924e-08
40 2.16446 2.19933e-07
60 0.19861 9.73726e-07
80 0.683415 2.79788e-06
100 0.000998357 6.31521e-06
120 1.05322 1.22136e-05
140 0.00312359 2.12134e-05
160 0.359929 3.40406e-05
180 0.0193136 5.14055e-05
200 0.0118313 7.39844e-05
220 0.0131005 0.000102407
240 0.0788274 0.000137246
260 0.0185134 0.000179008
280 0.0491576 0.000228131
300 0.0356958 0.00028498
320 0.033617 0.000349844
340 0.0318616 0.000422941
360 0.0303574 0.000504412
380 0.0290645 0.00059433
400 0.0279594 0.000692699
420 0.0270251 0.000799459
440 0.0262461 0.00091449
460 0.0256069 0.00103762
480 0.0250919 0.00116861
500 0.0246865 0.00130719
520 0.0243767 0.00145305
540 0.0241502 0.00160584
560 0.023996 0.00176515
580 0.0239042 0.0019306
600 0.0238663 0.00210172
620 0.0238745 0.00227807
640 0.0239224 0.00245918
660 0.0240038 0.00264455
680 0.0241136 0.0028337
700 0.024247 0.00302612
720 0.0243999 0.00322133
740 0.0245684 0.00341881
760 0.0247492 0.00361808
780 0.0249392 0.00381865
800 0.0251356 0.00402004
820 0.0253361 0.00422176
840 0.0255382 0.00442338
860 0.0257402 0.00462443
880 0.02594 0.0048245
900 0.0261362 0.00502316
920 0.0263271 0.00522001
940 0.0265117 0.00541467
960 0.0266886 0.00560678
980 0.0268568 0.00579599
1000 0.0270155 0.00598198
1020 0.0271638 0.00616443
1040 0.027301 0.00634305
1060 0.0274266 0.00651758
1080 0.0275399 0.00668776
1100 0.0276407 0.00685336
1120 0.0277284 0.00701416
1140 0.0278029 0.00716997
1160 0.0278638 0.00732061
1180 0.0279111 0.00746591
1200 0.0279445 0.00760573
1220 0.0279641 0.00773995
1240 0.0279698 0.00786844
1260 0.0279616 0.00799112
1280 0.0279395 0.00810789
1300 0.0279038 0.00821871
1320 0.0278544 0.0083235
1340 0.0277916 0.00842222
1360 0.0277155 0.00851486
1380 0.0276263 0.0086014
1400 0.0275243 0.00868182
1420 0.0274097 0.00875614
1440 0.0272827 0.00882437
1460 0.0271437 0.00888654
1480 0.026993 0.00894269
1500 0.0268308 0.00899285
1520 0.0266574 0.00903709
1540 0.0264733 0.00907547
1560 0.0262786 0.00910805
1580 0.0260739 0.0091349
1600 0.0258594 0.00915612
1620 0.0256354 0.00917178
1640 0.0254024 0.00918198
1660 0.0251607 0.00918682
1680 0.0249107 0.00918641
1700 0.0246527 0.00918084
1720 0.0243872 0.00917023
1740 0.0241144 0.00915471
1760 0.0238347 0.00913438
1780 0.0235486 0.00910936
1800 0.0232564 0.0090798
1820 0.0229584 0.0090458
1840 0.0226551 0.00900751
1860 0.0223467 0.00896505
1880 0.0220337 0.00891856
1900 0.0217163 0.00886817
1920 0.0213951 0.00881402
1940 0.0210702 0.00875625
1960 0.0207421 0.00869499
1980 0.0204111 0.00863039
2000 0.0200775 0.00856258
2020 0.0197416 0.0084917
2040 0.0194039 0.0084179
2060 0.0190645 0.00834132
2080 0.0187239 0.00826208
2100 0.0183823 0.00818034
2120 0.01804 0.00809623
2140 0.0176974 0.00800988
2160 0.0173547 0.00792143
2180 0.0170122 0.00783103
2200 0.0166702 0.00773879
2220 0.0163289 0.00764486
2240 0.0159887 0.00754937
2260 0.0156498 0.00745244
2280 0.0153124 0.0073542
2300 0.0149767 0.00725478
2320 0.0146431 0.00715429
2340 0.0143118 0.00705287
2360 0.0139829 0.00695063
2380 0.0136566 0.00684769
2400 0.0133333 0.00674416
2420 0.013013 0.00664015
2440 0.012696 0.00653577
2460 0.0123825 0.00643113
2480 0.0120725 0.00632633
2500 0.0117664 0.00622147
2520 0.0114642 0.00611665
2540 0.0111661 0.00601196
2560 0.0108722 0.0059075
2580 0.0105827 0.00580336
2600 0.0102977 0.00569961
2620 0.0100172 0.00559634
2640 0.00974149 0.00549364
2660 0.00947056 0.00539158
2680 0.00920452 0.00529022
2700 0.00894346 0.00518965
2720 0.00868743 0.00508992
2740 0.00843652 0.0049911
2760 0.00819077 0.00489325
2780 0.00795024 0.00479644
2800 0.00771495 0.0047007
2820 0.00748496 0.0046061
2840 0.00726027 0.00451268
2860 0.00704091 0.00442048
2880 0.00682689 0.00432956
2900 0.00661821 0.00423994
2920 0.00641487 0.00415166
2940 0.00621684 0.00406476
2960 0.00602413 0.00397927
2980 0.0058367 0.00389521
3000 0.00565452 0.0038126
3020 0.00547756 0.00373149
3040 0.00530577 0.00365187
3060 0.0051391 0.00357377
3080 0.00497751 0.0034972
3100 0.00482093 0.00342217
3120 0.00466931 0.00334871
3140 0.00452257 0.0032768
3160 0.00438064 0.00320646
3180 0.00424345 0.00313769
3200 0.00411092 0.0030705
3220 0.00398297 0.00300487
3240 0.0038595 0.00294082
3260 0.00374044 0.00287832
3280 0.00362568 0.00281738
3300 0.00351514 0.002758
3320 0.00340872 0.00270014
3340 0.00330633 0.00264382
3360 0.00320785 0.002589
3380 0.0031132 0.00253569
3400 0.00302227 0.00248385
3420 0.00293495 0.00243347
3440 0.00285115 0.00238454
3460 0.00277076 0.00233703
3480 0.00269367 0.00229091
3500 0.00261978 0.00224617
3520 0.00254899 0.00220278
3540 0.00248119 0.00216071
3560 0.00241627 0.00211994
3580 0.00235414 0.00208043
3600 0.00229469 0.00204217
3620 0.00223782 0.00200511
3640 0.00218342 0.00196922
3660 0.00213141 0.00193449
3680 0.00208168 0.00190086
3700 0.00203413 0.00186831
3720 0.00198868 0.0018368
3740 0.00194522 0.0018063
3760 0.00190367 0.00177678
3780 0.00186394 0.0017482
3800 0.00182593 0.00172052
3820 0.00178958 0.00169372
3840 0.00175479 0.00166775
3860 0.00172148 0.00164258
3880 0.00168958 0.00161819
3900 0.00165902 0.00159453
3920 0.00162973 0.00157158
3940 0.00160163 0.0015493
3960 0.00157467 0.00152768
3980 0.00154878 0.00150668
4000 0.00152392 0.00148627
4020 0.00150002 0.00146645
4040 0.00147705 0.00144718
4060 0.00145496 0.00142846
4080 0.00143371 0.00141026
4100 0.00141327 0.00139258
4120 0.00139361 0.00137542
4140 0.00137471 0.00135878
4160 0.00135656 0.00134265
4180 0.00133914 0.00132705
4200 0.00132247 0.00131199
4220 0.00130654 0.0012975
4240 0.00129137 0.00128362
4260 0.00127699 0.00127038
4280 0.00126345 0.00125783
4300 0.00125079 0.00124605
4320 0.0012391 0.00123512
4340 0.00122846 0.00122515
4360 0.00121901 0.00121628
4380 0.00121092 0.00120868
4400 0.00120439 0.00120257
4420 0.00119972 0.00119825
4440 0.00119729 0.00119613
4460 0.00119767 0.00119675
4480 0.00120162 0.00120091
4500 0.00121034 0.0012098
4520 1.31015e-05 1.27006e-05
4540 2.93716e-07 0
4560 2.10505e-07 0
4580 1.47238e-07 0
4600 1.00171e-07 0
4620 0.00457678 0.00457671
4640 4.16127e-08 0
4660 0.00476114 0.00476112
4680 0.00485567 0.00485565
4700 6.80728e-09 0
4720 2.90173e-09 0
4740 9.84588e-10 0
4760 2.24715e-10 0
4780 1.95484e-11 0
4800 0.00545701 0.00545701
