0 0.720993 0
20 9.25048e-06 1.34818e-08
40 2.17717 1.65862e-07
60 0.201046 7.36268e-07
80 0.686337 2.12115e-06
100 0.00091362 4.80035e-06
120 1.06679 9.30831e-06
140 0.00289865 1.62099e-05
160 0.361711 2.60802e-05
180 0.0188733 3.9488e-05
200 0.0112969 5.69822e-05
220 0.0124303 7.9081e-05
240 0.0785771 0.000106263
260 0.0174933 0.000138963
280 0.0483394 0.000177564
300 0.0340299 0.000222396
320 0.0320207 0.000273736
340 0.0303188 0.000331802
360 0.0288551 0.00039676
380 0.0275915 0.000468719
400 0.0265054 0.000547738
420 0.0255803 0.000633822
440 0.0248014 0.00072693
460 0.0241538 0.000826977
480 0.0236228 0.000933831
500 0.0231944 0.00104733
520 0.0228556 0.00116726
540 0.0225948 0.00129339
560 0.0224017 0.00142546
580 0.0222672 0.00156317
600 0.0221834 0.00170621
620 0.0221434 0.00185424
640 0.022141 0.00200693
660 0.0221708 0.0021639
680 0.0222281 0.00232478
700 0.0223088 0.00248919
720 0.0224089 0.00265674
740 0.0225251 0.00282704
760 0.0226545 0.00299971
780 0.0227943 0.00317434
800 0.022942 0.00335055
820 0.0230955 0.00352795
840 0.0232528 0.00370617
860 0.0234122 0.00388484
880 0.0235719 0.00406359
900 0.0237306 0.00424206
920 0.023887 0.00441992
940 0.0240398 0.00459683
960 0.0241881 0.00477246
980 0.0243309 0.00494652
1000 0.0244674 0.0051187
1020 0.0245968 0.00528872
1040 0.0247184 0.00545631
1060 0.0248317 0.00562121
1080 0.0249362 0.00578318
1100 0.0250315 0.005942
1120 0.0251171 0.00609744
1140 0.0251927 0.00624931
1160 0.0252582 0.00639742
1180 0.0253131 0.00654159
1200 0.0253574 0.00668166
1220 0.025391 0.00681748
1240 0.0254136 0.00694893
1260 0.0254254 0.00707586
1280 0.0254261 0.00719818
1300 0.0254159 0.00731579
1320 0.0253948 0.00742859
1340 0.0253627 0.00753651
1360 0.0253198 0.00763948
1380 0.0252662 0.00773745
1400 0.0252019 0.00783038
1420 0.0251272 0.00791822
1440 0.0250421 0.00800095
1460 0.0249468 0.00807855
1480 0.0248415 0.00815101
1500 0.0247264 0.00821834
1520 0.0246016 0.00828053
1540 0.0244674 0.0083376
1560 0.024324 0.00838958
1580 0.0241716 0.00843649
1600 0.0240104 0.00847837
1620 0.0238408 0.00851525
1640 0.0236628 0.00854718
1660 0.0234769 0.00857422
1680 0.0232832 0.00859643
1700 0.023082 0.00861386
1720 0.0228735 0.00862658
1740 0.0226581 0.00863466
1760 0.022436 0.00863819
1780 0.0222074 0.00863724
1800 0.0219727 0.00863189
1820 0.0217321 0.00862223
1840 0.0214859 0.00860835
1860 0.0212344 0.00859035
1880 0.0209779 0.00856832
1900 0.0207166 0.00854236
1920 0.0204508 0.00851257
1940 0.0201808 0.00847906
1960 0.0199068 0.00844193
1980 0.0196293 0.00840129
2000 0.0193483 0.00835724
2020 0.0190643 0.00830991
2040 0.0187774 0.00825939
2060 0.018488 0.00820582
2080 0.0181963 0.00814929
2100 0.0179026 0.00808992
2120 0.0176072 0.00802783
2140 0.0173102 0.00796314
2160 0.0170121 0.00789597
2180 0.016713 0.00782642
2200 0.0164132 0.00775462
2220 0.016113 0.00768068
2240 0.0158125 0.00760473
2260 0.0155121 0.00752687
2280 0.0152119 0.00744722
2300 0.0149123 0.0073659
2320 0.0146134 0.00728302
2340 0.0143155 0.00719869
2360 0.0140188 0.00711303
2380 0.0137234 0.00702615
2400 0.0134297 0.00693815
2420 0.0131378 0.00684915
2440 0.0128479 0.00675925
2460 0.0125603 0.00666856
2480 0.012275 0.00657717
2500 0.0119923 0.0064852
2520 0.0117124 0.00639274
2540 0.0114353 0.00629988
2560 0.0111614 0.00620673
2580 0.0108907 0.00611338
2600 0.0106233 0.00601991
2620 0.0103595 0.00592642
2640 0.0100993 0.00583299
2660 0.00984294 0.0057397
2680 0.00959043 0.00564664
2700 0.00934193 0.00555389
2720 0.00909753 0.00546151
2740 0.00885733 0.00536959
2760 0.00862142 0.0052782
2780 0.00838987 0.0051874
2800 0.00816276 0.00509725
2820 0.00794015 0.00500783
2840 0.0077221 0.00491919
2860 0.00750865 0.00483139
2880 0.00729986 0.00474448
2900 0.00709576 0.00465851
2920 0.00689636 0.00457354
2940 0.0067017 0.00448961
2960 0.00651179 0.00440676
2980 0.00632664 0.00432504
3000 0.00614623 0.00424448
3020 0.00597058 0.00416512
3040 0.00579966 0.00408699
3060 0.00563346 0.00401012
3080 0.00547195 0.00393454
3100 0.00531511 0.00386028
3120 0.00516289 0.00378736
3140 0.00501526 0.0037158
3160 0.00487216 0.00364562
3180 0.00473356 0.00357683
3200 0.00459939 0.00350946
3220 0.0044696 0.0034435
3240 0.00434411 0.00337897
3260 0.00422287 0.00331588
3280 0.0041058 0.00325424
3300 0.00399283 0.00319403
3320 0.00388388 0.00313527
3340 0.00377887 0.00307796
3360 0.00367772 0.00302209
3380 0.00358034 0.00296765
3400 0.00348664 0.00291464
3420 0.00339655 0.00286305
3440 0.00330996 0.00281287
3460 0.00322678 0.00276409
3480 0.00314693 0.00271669
3500 0.0030703 0.00267065
3520 0.0029968 0.00262596
3540 0.00292634 0.0025826
3560 0.00285882 0.00254054
3580 0.00279414 0.00249977
3600 0.00273221 0.00246026
3620 0.00267293 0.00242197
3640 0.0026162 0.0023849
3660 0.00256193 0.002349
3680 0.00251003 0.00231425
3700 0.0024604 0.00228061
3720 0.00241294 0.00224806
3740 0.00236757 0.00221656
3760 0.00232419 0.00218608
3780 0.00228272 0.00215658
3800 0.00224306 0.00212803
3820 0.00220514 0.0021004
3840 0.00216887 0.00207364
3860 0.00213416 0.00204773
3880 0.00210094 0.00202263
3900 0.00206914 0.00199832
3920 0.00203868 0.00197474
3940 0.00200949 0.00195188
3960 0.0019815 0.00192971
3980 0.00195466 0.0019082
4000 0.00192891 0.00188732
4020 0.00190418 0.00186705
4040 0.00188045 0.00184738
4060 0.00185765 0.00182828
4080 0.00183576 0.00180975
4100 0.00181474 0.00179177
4120 0.00179457 0.00177435
4140 0.00177522 0.0017575
4160 0.0017567 0.00174121
4180 0.001739 0.00172551
4200 0.00172212 0.00171043
4220 0.00170609 0.00169601
4240 0.00169093 0.00168228
4260 0.0016767 0.00166931
4280 0.00166346 0.00165718
4300 0.00165129 0.00164598
4320 0.00164029 0.00163585
4340 0.00163062 0.00162692
4360 0.00162245 0.00161939
4380 0.00161602 0.00161351
4400 0.00161162 0.00160959
4420 0.00160967 0.00160804
4440 0.00161072 0.00160942
4460 0.00161552 0.0016145
4480 0.00162517 0.00162438
4500 0.00164132 0.00164072
4520 1.90386e-05 1.85899e-05
4540 3.28659e-07 0
4560 2.35523e-07 0
4580 1.64717e-07 0
4600 1.12047e-07 0
4620 0.00669901 0.00669893
4640 4.65296e-08 0
4660 0.00696888 0.00696885
4680 0.00710724 0.00710722
4700 7.60499e-09 0
4720 3.24038e-09 0
4740 1.09886e-09 0
4760 2.50575e-10 0
4780 2.17619e-11 0
4800 0.00798742 0.00798742
