0 0.743899 0
20 7.1631e-06 1.53893e-08
40 2.23726 1.89087e-07
60 0.208264 8.38287e-07
80 0.706074 2.41197e-06
100 0.000727346 5.4515e-06
120 1.09882 1.05574e-05
140 0.00235849 1.83616e-05
160 0.371647 2.95042e-05
180 0.017148 4.46151e-05
200 0.00940844 6.42982e-05
220 0.0104009 8.91199e-05
240 0.07802 0.0001196
260 0.0147105 0.000156203
280 0.046363 0.000199337
300 0.0285711 0.000249346
320 0.0271157 0.000306514
340 0.0258846 0.000371057
360 0.0248292 0.000443132
380 0.0239241 0.000522831
400 0.0231552 0.000610189
420 0.022512 0.000705183
440 0.0219847 0.000807739
460 0.0215625 0.000917729
480 0.0212345 0.00103498
500 0.0209899 0.00115928
520 0.0208184 0.00129038
540 0.0207109 0.00142798
560 0.0206589 0.00157178
580 0.0206551 0.00172142
600 0.0206929 0.00187653
620 0.0207667 0.00203673
640 0.0208712 0.00220162
660 0.021002 0.00237077
680 0.021155 0.00254377
700 0.0213266 0.00272018
720 0.0215135 0.00289956
740 0.0217128 0.00308148
760 0.0219218 0.00326549
780 0.0221381 0.00345116
800 0.0223594 0.00363807
820 0.0225838 0.00382579
840 0.0228095 0.00401391
860 0.0230347 0.00420202
880 0.023258 0.00438973
900 0.023478 0.00457666
920 0.0236935 0.00476244
940 0.0239033 0.00494671
960 0.0241065 0.00512913
980 0.024302 0.00530939
1000 0.0244892 0.00548716
1020 0.0246672 0.00566215
1040 0.0248355 0.00583409
1060 0.0249934 0.00600271
1080 0.0251405 0.00616776
1100 0.0252763 0.00632902
1120 0.0254005 0.00648627
1140 0.0255127 0.0066393
1160 0.0256128 0.00678795
1180 0.0257004 0.00693202
1200 0.0257755 0.00707138
1220 0.0258379 0.00720589
1240 0.0258876 0.00733541
1260 0.0259245 0.00745983
1280 0.0259486 0.00757907
1300 0.02596 0.00769303
1320 0.0259586 0.00780164
1340 0.0259447 0.00790483
1360 0.0259182 0.00800257
1380 0.0258794 0.00809482
1400 0.0258283 0.00818154
1420 0.0257652 0.00826272
1440 0.0256903 0.00833835
1460 0.0256037 0.00840844
1480 0.0255057 0.00847299
1500 0.0253965 0.00853203
1520 0.0252764 0.00858558
1540 0.0251456 0.00863368
1560 0.0250044 0.00867637
1580 0.024853 0.00871371
1600 0.0246918 0.00874574
1620 0.024521 0.00877253
1640 0.0243409 0.00879415
1660 0.0241518 0.00881067
1680 0.0239541 0.00882217
1700 0.023748 0.00882873
1720 0.0235339 0.00883044
1740 0.023312 0.00882739
1760 0.0230827 0.00881968
1780 0.0228463 0.00880741
1800 0.0226032 0.00879068
1820 0.0223535 0.00876959
1840 0.0220978 0.00874426
1860 0.0218361 0.00871479
1880 0.021569 0.00868131
1900 0.0212967 0.00864392
1920 0.0210195 0.00860274
1940 0.0207378 0.00855789
1960 0.0204518 0.0085095
1980 0.0201619 0.00845768
2000 0.0198684 0.00840256
2020 0.0195715 0.00834426
2040 0.0192716 0.00828292
2060 0.018969 0.00821864
2080 0.018664 0.00815156
2100 0.0183569 0.00808181
2120 0.0180479 0.00800952
2140 0.0177374 0.00793479
2160 0.0174256 0.00785778
2180 0.0171128 0.00777859
2200 0.0167993 0.00769735
2220 0.0164853 0.00761419
2240 0.0161712 0.00752923
2260 0.0158571 0.0074426
2280 0.0155434 0.00735441
2300 0.0152302 0.00726478
2320 0.0149179 0.00717383
2340 0.0146066 0.00708169
2360 0.0142967 0.00698845
2380 0.0139882 0.00689425
2400 0.0136814 0.00679918
2420 0.0133767 0.00670336
2440 0.013074 0.0066069
2460 0.0127737 0.0065099
2480 0.012476 0.00641246
2500 0.012181 0.00631469
2520 0.0118889 0.00621669
2540 0.0115999 0.00611854
2560 0.0113142 0.00602035
2580 0.0110319 0.0059222
2600 0.0107531 0.00582418
2620 0.010478 0.00572638
2640 0.0102068 0.00562888
2660 0.00993954 0.00553177
2680 0.00967637 0.0054351
2700 0.00941741 0.00533898
2720 0.00916275 0.00524345
2740 0.00891249 0.0051486
2760 0.00866673 0.00505448
2780 0.00842554 0.00496116
2800 0.00818901 0.0048687
2820 0.00795718 0.00477716
2840 0.00773013 0.00468659
2860 0.0075079 0.00459705
2880 0.00729054 0.00450857
2900 0.00707809 0.0044212
2920 0.00687056 0.004335
2940 0.00666798 0.00424999
2960 0.00647037 0.00416622
2980 0.00627773 0.00408372
3000 0.00609007 0.00400252
3020 0.00590737 0.00392265
3040 0.00572962 0.00384414
3060 0.0055568 0.003767
3080 0.00538889 0.00369127
3100 0.00522586 0.00361696
3120 0.00506766 0.00354409
3140 0.00491426 0.00347268
3160 0.0047656 0.00340272
3180 0.00462163 0.00333424
3200 0.0044823 0.00326724
3220 0.00434754 0.00320173
3240 0.00421729 0.00313771
3260 0.00409147 0.00307518
3280 0.00397001 0.00301414
3300 0.00385283 0.00295459
3320 0.00373985 0.00289652
3340 0.00363098 0.00283992
3360 0.00352614 0.0027848
3380 0.00342524 0.00273113
3400 0.00332819 0.00267891
3420 0.00323488 0.00262813
3440 0.00314524 0.00257875
3460 0.00305915 0.00253079
3480 0.00297652 0.0024842
3500 0.00289726 0.00243897
3520 0.00282125 0.00239509
3540 0.00274841 0.00235252
3560 0.00267862 0.00231124
3580 0.00261179 0.00227124
3600 0.00254782 0.00223247
3620 0.0024866 0.00219492
3640 0.00242803 0.00215855
3660 0.00237202 0.00212333
3680 0.00231846 0.00208924
3700 0.00226725 0.00205624
3720 0.0022183 0.00202429
3740 0.00217152 0.00199337
3760 0.0021268 0.00196344
3780 0.00208406 0.00193446
3800 0.0020432 0.00190641
3820 0.00200414 0.00187924
3840 0.00196679 0.00185292
3860 0.00193106 0.00182743
3880 0.00189688 0.00180272
3900 0.00186416 0.00177876
3920 0.00183284 0.00175553
3940 0.00180284 0.00173298
3960 0.00177409 0.0017111
3980 0.00174653 0.00168986
4000 0.00172009 0.00166923
4020 0.00169473 0.00164918
4040 0.00167039 0.00162971
4060 0.00164703 0.0016108
4080 0.00162461 0.00159243
4100 0.00160308 0.00157459
4120 0.00158243 0.00155729
4140 0.00156262 0.00154052
4160 0.00154365 0.00152429
4180 0.0015255 0.00150861
4200 0.00150818 0.00149351
4220 0.0014917 0.00147901
4240 0.00147608 0.00146516
4260 0.00146135 0.00145201
4280 0.00144755 0.00143961
4300 0.00143477 0.00142805
4320 0.00142308 0.00141744
4340 0.0014126 0.00140789
4360 0.00140348 0.00139959
4380 0.00139591 0.00139271
4400 0.00139014 0.00138755
4420 0.00138652 0.00138444
4440 0.00138551 0.00138385
4460 0.00138774 0.00138644
4480 0.00139415 0.00139314
4500 0.00140611 0.00140535
4520 2.1435e-05 2.08628e-05
4540 4.1923e-07 0
4560 3.00467e-07 0
4580 2.10165e-07 0
4600 1.42983e-07 0
4620 0.00751805 0.00751796
4640 5.93962e-08 0
4660 0.00782091 0.00782087
4680 0.00797618 0.00797616
4700 9.71385e-09 0
4720 4.13987e-09 0
4740 1.40424e-09 0
4760 3.20306e-10 0
4780 2.78301e-11 0
4800 0.00896398 0.00896398
