0 0.720018 0
20 9.83229e-06 1.78951e-08
40 2.18189 2.19579e-07
60 0.200786 9.72156e-07
80 0.688989 2.79337e-06
100 0.00093113 6.30503e-06
120 1.06323 1.21939e-05
140 0.00293602 2.11792e-05
160 0.362768 3.39857e-05
180 0.0187682 5.13226e-05
200 0.0112325 7.38651e-05
220 0.0124433 0.000102242
240 0.0786149 0.000137024
260 0.0176005 0.000178719
280 0.0484893 0.000227763
300 0.0339622 0.00028452
320 0.0320548 0.00034928
340 0.0304439 0.000422259
360 0.0290639 0.000503598
380 0.0278789 0.000593371
400 0.0268682 0.000691582
420 0.0260166 0.00079817
440 0.0253103 0.000913015
460 0.0247349 0.00103594
480 0.0242763 0.00116672
500 0.0239206 0.00130508
520 0.023655 0.00145071
540 0.0234679 0.00160325
560 0.0233488 0.00176231
580 0.0232886 0.00192748
600 0.0232792 0.00209833
620 0.0233134 0.0022744
640 0.0233848 0.00245521
660 0.0234879 0.00264028
680 0.0236178 0.00282913
700 0.0237698 0.00302124
720 0.0239401 0.00321613
740 0.0241249 0.0034133
760 0.0243212 0.00361225
780 0.0245259 0.00381249
800 0.0247364 0.00401355
820 0.0249503 0.00421496
840 0.0251656 0.00441625
860 0.0253801 0.00461698
880 0.0255922 0.00481672
900 0.0258003 0.00501506
920 0.0260029 0.00521159
940 0.0261988 0.00540594
960 0.0263869 0.00559774
980 0.0265661 0.00578665
1000 0.0267356 0.00597233
1020 0.0268945 0.00615449
1040 0.0270421 0.00633283
1060 0.027178 0.00650707
1080 0.0273015 0.00667698
1100 0.0274122 0.00684231
1120 0.0275097 0.00700285
1140 0.0275939 0.00715841
1160 0.0276643 0.0073088
1180 0.027721 0.00745387
1200 0.0277636 0.00759347
1220 0.0277923 0.00772746
1240 0.0278069 0.00785575
1260 0.0278074 0.00797823
1280 0.027794 0.00809482
1300 0.0277667 0.00820545
1320 0.0277256 0.00831007
1340 0.0276709 0.00840864
1360 0.0276028 0.00850113
1380 0.0275214 0.00858752
1400 0.027427 0.00866782
1420 0.0273199 0.00874202
1440 0.0272002 0.00881014
1460 0.0270683 0.00887221
1480 0.0269245 0.00892826
1500 0.0267691 0.00897835
1520 0.0266023 0.00902252
1540 0.0264246 0.00906083
1560 0.0262362 0.00909336
1580 0.0260376 0.00912017
1600 0.025829 0.00914135
1620 0.0256107 0.00915699
1640 0.0253833 0.00916717
1660 0.025147 0.00917201
1680 0.0249022 0.00917159
1700 0.0246493 0.00916603
1720 0.0243885 0.00915545
1740 0.0241205 0.00913994
1760 0.0238453 0.00911965
1780 0.0235636 0.00909467
1800 0.0232755 0.00906515
1820 0.0229816 0.00903121
1840 0.0226821 0.00899298
1860 0.0223774 0.00895059
1880 0.0220679 0.00890417
1900 0.021754 0.00885387
1920 0.0214359 0.0087998
1940 0.0211141 0.00874212
1960 0.0207889 0.00868097
1980 0.0204606 0.00861647
2000 0.0201296 0.00854877
2020 0.0197961 0.00847801
2040 0.0194607 0.00840433
2060 0.0191234 0.00832787
2080 0.0187848 0.00824876
2100 0.018445 0.00816715
2120 0.0181045 0.00808317
2140 0.0177634 0.00799696
2160 0.0174221 0.00790866
2180 0.0170809 0.0078184
2200 0.0167401 0.00772631
2220 0.0163998 0.00763254
2240 0.0160605 0.00753719
2260 0.0157223 0.00744042
2280 0.0153856 0.00734234
2300 0.0150505 0.00724308
2320 0.0147173 0.00714276
2340 0.0143862 0.0070415
2360 0.0140575 0.00693943
2380 0.0137314 0.00683665
2400 0.013408 0.00673328
2420 0.0130876 0.00662944
2440 0.0127704 0.00652523
2460 0.0124565 0.00642076
2480 0.0121462 0.00631613
2500 0.0118395 0.00621144
2520 0.0115367 0.00610679
2540 0.011238 0.00600227
2560 0.0109433 0.00589798
2580 0.010653 0.005794
2600 0.0103671 0.00569042
2620 0.0100857 0.00558732
2640 0.00980897 0.00548478
2660 0.00953697 0.00538288
2680 0.00926981 0.00528169
2700 0.00900756 0.00518128
2720 0.00875032 0.00508171
2740 0.00849814 0.00498305
2760 0.00825109 0.00488536
2780 0.00800921 0.0047887
2800 0.00777255 0.00469312
2820 0.00754116 0.00459867
2840 0.00731504 0.0045054
2860 0.00709424 0.00441335
2880 0.00687875 0.00432257
2900 0.00666859 0.0042331
2920 0.00646376 0.00414496
2940 0.00626424 0.0040582
2960 0.00607002 0.00397285
2980 0.00588109 0.00388892
3000 0.00569741 0.00380646
3020 0.00551895 0.00372547
3040 0.00534567 0.00364598
3060 0.00517753 0.003568
3080 0.00501447 0.00349156
3100 0.00485645 0.00341666
3120 0.00470339 0.00334331
3140 0.00455524 0.00327152
3160 0.00441192 0.00320129
3180 0.00427336 0.00313263
3200 0.00413948 0.00306555
3220 0.00401021 0.00300003
3240 0.00388546 0.00293607
3260 0.00376513 0.00287368
3280 0.00364915 0.00281284
3300 0.00353741 0.00275355
3320 0.00342983 0.00269579
3340 0.0033263 0.00263955
3360 0.00322672 0.00258483
3380 0.00313101 0.0025316
3400 0.00303904 0.00247984
3420 0.00295073 0.00242955
3440 0.00286597 0.00238069
3460 0.00278464 0.00233326
3480 0.00270666 0.00228722
3500 0.00263191 0.00224255
3520 0.00256029 0.00219923
3540 0.0024917 0.00215723
3560 0.00242603 0.00211652
3580 0.00236317 0.00207708
3600 0.00230302 0.00203887
3620 0.00224549 0.00200187
3640 0.00219047 0.00196605
3660 0.00213785 0.00193137
3680 0.00208755 0.00189779
3700 0.00203946 0.00186529
3720 0.00199349 0.00183384
3740 0.00194954 0.00180339
3760 0.00190753 0.00177392
3780 0.00186736 0.00174538
3800 0.00182894 0.00171775
3820 0.0017922 0.00169098
3840 0.00175704 0.00166506
3860 0.00172339 0.00163993
3880 0.00169117 0.00161558
3900 0.0016603 0.00159196
3920 0.00163072 0.00156904
3940 0.00160236 0.0015468
3960 0.00157515 0.00152521
3980 0.00154904 0.00150425
4000 0.00152396 0.00148388
4020 0.00149987 0.00146408
4040 0.00147671 0.00144485
4060 0.00145445 0.00142615
4080 0.00143305 0.00140799
4100 0.00141246 0.00139034
4120 0.00139268 0.00137321
4140 0.00137366 0.00135658
4160 0.0013554 0.00134048
4180 0.00133789 0.00132491
4200 0.00132113 0.00130988
4220 0.00130512 0.00129541
4240 0.00128989 0.00128155
4260 0.00127545 0.00126833
4280 0.00126185 0.0012558
4300 0.00124915 0.00124404
4320 0.00123742 0.00123313
4340 0.00122675 0.00122318
4360 0.00121727 0.00121432
4380 0.00120914 0.00120673
4400 0.00120259 0.00120063
4420 0.0011979 0.00119632
4440 0.00119546 0.0011942
4460 0.00119581 0.00119482
4480 0.00119974 0.00119898
4500 0.00120843 0.00120785
4520 1.41546e-05 1.37218e-05
4540 3.17068e-07 0
4560 2.27245e-07 0
4580 1.58949e-07 0
4600 1.0814e-07 0
4620 0.00494476 0.00494469
4640 4.49244e-08 0
4660 0.00514395 0.00514392
4680 0.00524607 0.00524606
4700 7.34927e-09 0
4720 3.13277e-09 0
4740 1.06297e-09 0
4760 2.42597e-10 0
4780 2.11023e-11 0
4800 0.00589576 0.00589576
