0 0 0
100 0.376123 2.02471e-06
200 0.226797 2.35736e-05
300 0.216528 9.72395e-05
400 0.203606 0.00025873
500 0.180591 0.00053931
600 0.153955 0.000961904
700 0.131453 0.00153964
800 0.11478 0.00227592
900 0.103248 0.00316549
1000 0.0957469 0.00419588
1100 0.0912685 0.00534912
1200 0.0889965 0.0066034
1300 0.0883066 0.0079346
1400 0.0887412 0.00931759
1500 0.0898174 0.0107273
1600 0.0911765 0.0121396
1700 0.0926018 0.013532
1800 0.0939547 0.0148837
1900 0.0951453 0.0161764
2000 0.0961167 0.0173942
2100 0.0968339 0.0185234
2200 0.0972766 0.0195528
2300 0.097434 0.0204736
2400 0.0973023 0.0212793
2500 0.0968825 0.0219654
2600 0.0961798 0.0225298
2700 0.0952034 0.0229722
2800 0.0939663 0.023294
2900 0.0924853 0.0234987
3000 0.0907807 0.023591
3100 0.0888759 0.0235772
3200 0.0867966 0.0234646
3300 0.0845705 0.0232614
3400 0.0822255 0.0229765
3500 0.07979 0.0226193
3600 0.077291 0.0221992
3700 0.0747543 0.0217258
3800 0.0722033 0.0212083
3900 0.0696593 0.0206556
4000 0.0671406 0.020076
4100 0.0646632 0.0194776
4200 0.0622403 0.0188674
4300 0.0598825 0.0182521
4400 0.057598 0.0176372
4500 0.0553929 0.017028
4600 0.0532708 0.0164286
4700 0.0512332 0.0158423
4800 0.0492795 0.0152717
4900 0.0474069 0.0147184
5000 0.0456108 0.0141832
5100 0.043885 0.013666
5200 0.0422216 0.0131659
5300 0.0406117 0.0126815
5400 0.0390459 0.0122107
5500 0.0375145 0.011751
5600 0.0360085 0.0113
5700 0.0345197 0.010855
5800 0.0330414 0.0104138
5900 0.0315689 0.00997453
6000 0.0300995 0.00953594
6100 0.0286328 0.00909743
6200 0.0271707 0.00865909
6300 0.025717 0.00822174
6400 0.0242772 0.00778681
6500 0.0228577 0.00735622
6600 0.0214661 0.00693224
6700 0.0201098 0.0065173
6800 0.0187959 0.00611387
6900 0.0175309 0.00572422
7000 0.0163202 0.00535036
7100 0.0151679 0.0049939
7200 0.0140767 0.00465602
7300 0.0130479 0.00433741
7400 0.0120818 0.00403834
7500 0.0111772 0.00375865
7600 0.0103322 0.00349785
7700 0.00954431 0.00325518
7800 0.00881044 0.00302968
7900 0.00812733 0.00282027
8000 0.00749162 0.00262583
8100 0.00690006 0.00244524
8200 0.00634953 0.00227741
8300 0.00583716 0.00212133
8400 0.00536036 0.00197608
8500 0.00491679 0.00184083
8600 0.00450437 0.00171482
8700 0.00412125 0.0015974
8800 0.00376577 0.00148799
8900 0.00343641 0.00138605
9000 0.0031318 0.00129112
9100 0.00285062 0.00120276
9200 0.00259164 0.00112057
9300 0.00235364 0.00104418
9400 0.00213546 0.000973225
9500 0.00193591 0.000907372
9600 0.00175386 0.000846296
9700 0.00158817 0.000789686
9800 0.00143771 0.000737243
9900 0.00130139 0.000688682
10000 0.00117814 0.00064373
10100 0.00106693 0.00060213
10200 0.000966755 0.000563638
10300 0.000876676 0.000528023
10400 0.000795794 0.000495074
10500 0.000723265 0.000464591
10600 0.0006583 0.000436391
10700 0.000600169 0.000410309
10800 0.000548199 0.000386191
10900 0.000501776 0.000363904
11000 0.000460341 0.000343327
11100 0.000423395 0.000324358
11200 0.000390491 0.00030691
11300 0.000361238 0.000290914
11400 0.000335299 0.00027632
11500 0.000312388 0.000263098
11600 0.000292273 0.000251237
11700 0.000274765 0.000240748
11800 0.000259726 0.000231659
11900 0.000247049 0.000224015
12000 0.000236658 0.000217865
12100 0.000228484 0.00021325
12200 0.000222441 0.000210181
12300 0.000218399 0.000208609
12400 0.000216152 0.0002084
12500 0.000215395 0.000209313
12600 0.000215729 0.000211004
12700 0.000216689 0.000213056
12800 0.000217811 0.000215049
12900 0.000218702 0.000216627
13000 0.000219104 0.000217565
13100 0.000218929 0.000217802
13200 0.000218257 0.000217444
13300 0.000217328 0.000216751
13400 0.000216544 0.000216141
13500 0.000216525 0.000216248
13600 0.000218326 0.000218139
13700 0.000224154 0.000224031
13800 0.000234278 0.000234199
13900 0.000244253 0.000244203
14000 0.000253603 0.000253573
14100 0.000261634 0.000261617
14200 0.00026737 0.000267361
14300 0.00026974 0.000269735
14400 0.000268334 0.000268332
14500 0.000265206 0.000265205
14600 0.000266713 0.000266713
14700 0.000278888 0.000278888
14800 0.000288768 0.000288768
14900 0.000269724 0.000269724
15000 0.000274471 0.000274471
