0	 0	20.4275	0	0	1
100	 0	0.0143301	0	0	1
100	 0	20.4275	0	0	1
100	 -1	1.65206e-08	8.29361e-14	0.00150605	1
100	 1	2.355e-05	6.87242e-17	8.75466e-10	1
100	 -2	6.22884e-25	0	0	1
100	 2	8.87918e-22	1.60522e-16	9.03921e+07	1
100	 -3	8.19535e-53	0	0	1
100	 3	1.16824e-49	0	0	1
100	 -4	2.1763e-91	0	0	1
100	 4	3.10231e-88	0	0	1
100	 -5	2.01675e-141	0	0	1
100	 5	2.87486e-138	0	0	1
100	 -6	3.77202e-202	0	0	1
100	 6	5.377e-199	0	0	1
200	 0	0.0207869	2.86842e-19	0	1
200	 0	21.957	4.38911e-22	0	1
200	 -1	0.000369595	1.18913e-12	8.97893e-07	1
200	 1	0.390401	9.63599e-16	6.4295e-13	1
200	 -2	3.93727e-08	1.69976e-19	0	1
200	 2	4.15891e-05	2.72986e-15	3.08895e-08	1
200	 -3	3.10201e-15	9.27292e-26	0	1
200	 3	3.27663e-12	1.32185e-22	0	1
200	 -4	9.57245e-25	2.71927e-42	0	1
200	 4	1.01113e-21	3.87631e-39	0	1
200	 -5	2.18481e-37	2.92728e-70	0	1
200	 5	2.3078e-34	4.17282e-67	0	1
200	 -6	1.95316e-52	6.57756e-109	0	1
200	 6	2.0631e-49	9.37629e-106	0	1
300	 0	0.024861	4.75894e-15	0	1
300	 0	19.4607	8.4492e-18	0	1
300	 -1	0.00336091	6.42633e-12	4.66785e-07	1
300	 1	2.63085	6.01724e-15	4.83305e-13	1.74994
300	 -2	7.21481e-05	9.53859e-16	0	1
300	 2	0.0564761	1.57623e-14	1.15231e-10	1
300	 -3	4.07336e-08	7.44417e-20	0	1
300	 3	3.18855e-05	2.19377e-18	0	1
300	 -4	2.98203e-12	1.76321e-25	0	1
300	 4	2.33427e-09	1.81562e-22	0	1
300	 -5	5.81486e-18	1.10811e-32	0	1
300	 5	4.55176e-15	1.17037e-29	0	1
300	 -6	1.47136e-24	2.89313e-42	0	1
300	 6	1.15175e-21	3.05599e-39	0	1
400	 0	0.0272989	9.54852e-14	0	1
400	 0	15.8376	1.77776e-16	0	1
400	 -1	0.00902696	2.24776e-11	5.30015e-07	1
400	 1	5.23705	2.51459e-14	8.51907e-13	2.16047
400	 -2	0.00130025	1.92481e-14	0	1
400	 2	0.754348	5.72088e-14	2.72904e-11	1
400	 -3	1.68486e-05	9.93423e-17	0	1
400	 3	0.00977483	5.03815e-17	0	1
400	 -4	9.2961e-08	4.34731e-20	0	1
400	 4	5.3932e-05	2.49689e-19	0	1
400	 -5	4.89872e-11	2.7302e-24	0	1
400	 5	2.84202e-08	1.13905e-22	0	1
400	 -6	1.11186e-14	1.32774e-29	0	1
400	 6	6.45051e-12	7.05501e-27	0	1
500	 0	0.0300766	7.91068e-13	0	1
500	 0	12.9344	1.62431e-15	0	1
500	 -1	0.0162473	6.10599e-11	7.03555e-07	1
500	 1	6.98714	8.22397e-14	1.82072e-12	2.32884
500	 -2	0.00591644	1.61964e-13	0	1
500	 2	2.54436	1.59326e-13	1.97763e-11	1.72996
500	 -3	0.000340533	2.64622e-15	0	1
500	 3	0.146446	4.58921e-16	0	1
500	 -4	1.39527e-05	1.38881e-17	0	1
500	 4	0.00600035	7.33455e-18	0	1
500	 -5	9.96801e-08	5.98467e-20	0	1
500	 5	4.28674e-05	3.70828e-20	0	1
500	 -6	5.22478e-10	2.69151e-23	0	1
500	 6	2.24692e-07	1.63268e-22	0	1
600	 0	0.0340176	3.8709e-12	0	1
600	 0	10.8464	9.07041e-15	0	1
600	 -1	0.0248162	1.40385e-10	9.41632e-07	1
600	 1	7.91258	2.28039e-13	4.00029e-12	2.39956
600	 -2	0.0152691	8.14396e-13	0	1
600	 2	4.86853	3.73454e-13	2.14618e-11	2.11725
600	 -3	0.00204253	2.86443e-14	0	1
600	 3	0.651257	2.45053e-15	0	1
600	 -4	0.000251476	3.86654e-16	0	1
600	 4	0.0801826	8.63175e-17	0	1
600	 -5	7.54915e-06	7.49114e-18	0	1
600	 5	0.00240703	1.13892e-18	0	1
600	 -6	2.17635e-07	4.07765e-20	0	1
600	 6	6.93925e-05	2.10046e-20	0	1
700	 0	0.039593	1.36003e-11	0	1
700	 0	9.36245	3.69552e-14	0	1
700	 -1	0.0352795	2.86658e-10	1.21506e-06	1
700	 1	8.34246	5.61246e-13	8.55594e-12	2.42913
700	 -2	0.0299692	2.96515e-12	0	1
700	 2	7.08674	7.75581e-13	2.73611e-11	2.33696
700	 -3	0.00680428	1.75126e-13	0	1
700	 3	1.60899	9.40604e-15	0	1
700	 -4	0.00163877	4.59378e-15	0	1
700	 4	0.387515	5.61362e-16	0	1
700	 -5	0.000118993	1.84583e-16	0	1
700	 5	0.028138	1.48629e-17	0	1
700	 -6	9.61563e-06	2.86191e-18	0	1
700	 6	0.00227378	5.66273e-19	0	1
800	 0	0.0472881	3.82074e-11	0	1
800	 0	8.29616	1.20836e-13	0	1
800	 -1	0.0485935	5.3565e-10	1.4944e-06	1
800	 1	8.52518	1.26142e-12	1.75039e-11	2.44114
800	 -2	0.0509175	8.67734e-12	0	1
800	 2	8.93289	1.47337e-12	3.71018e-11	2.46682
800	 -3	0.0164981	7.42621e-13	0	1
800	 3	2.89441	2.89704e-14	0	1
800	 -4	0.00616	3.15819e-14	0	1
800	 4	1.0807	2.50955e-15	0	1
800	 -5	0.000803882	2.11725e-15	0	1
800	 5	0.141032	1.10886e-16	0	1
800	 -6	0.000127096	6.20131e-17	0	1
800	 6	0.0222976	7.05729e-18	0	1
900	 0	0.0577376	9.14954e-11	0	1
900	 0	7.51901	3.35906e-13	0	1
900	 -1	0.0660589	9.34377e-10	1.75203e-06	1
900	 1	8.60267	2.63802e-12	3.41156e-11	2.44614
900	 -2	0.0798053	2.17048e-11	0	1
900	 2	10.3928	2.61559e-12	5.11937e-11	2.54766
900	 -3	0.0332603	2.45348e-12	0	1
900	 3	4.3314	7.63703e-14	0	1
900	 -4	0.0167762	1.50594e-13	0	1
900	 4	2.18472	8.72242e-15	0	1
900	 -5	0.00330184	1.46367e-14	0	1
900	 5	0.429989	5.71896e-16	0	1
900	 -6	0.000827567	6.87332e-16	0	1
900	 6	0.107772	5.2518e-17	0	1
1000	 0	0.0718049	1.94525e-10	0	1
1000	 0	6.94597	8.24779e-13	0	1
1000	 -1	0.0894079	1.54288e-09	1.96596e-06	1
1000	 1	8.64878	5.20082e-12	6.34138e-11	2.44908
1000	 -2	0.119328	4.82464e-11	0	1
1000	 2	11.5431	4.40513e-12	7.04248e-11	2.60121
1000	 -3	0.0598723	6.77386e-12	0	1
1000	 3	5.79168	1.79492e-13	0	1
1000	 -4	0.0374054	5.54889e-13	0	1
1000	 4	3.61837	2.5382e-14	0	1
1000	 -5	0.00993996	7.13039e-14	0	1
1000	 5	0.961532	2.28234e-15	0	1
1000	 -6	0.00346195	4.80737e-15	0	1
1000	 6	0.334888	2.74968e-16	0	1
1100	 0	0.0906605	3.77343e-10	0	1
1100	 0	6.52043	1.83755e-12	0	1
1100	 -1	0.120965	2.43606e-09	2.12223e-06	1
1100	 1	8.69997	9.75756e-12	1.12737e-10	2.45233
1100	 -2	0.173401	9.78271e-11	0	1
1100	 2	12.4713	7.11731e-12	9.56948e-11	2.63909
1100	 -3	0.100217	1.6347e-11	0	1
1100	 3	7.20776	3.86549e-13	0	1
1100	 -4	0.0732324	1.69088e-12	0	1
1100	 4	5.26698	6.48395e-14	0	1
1100	 -5	0.0244141	2.69955e-13	0	1
1100	 5	1.7559	7.56179e-15	0	1
1100	 -6	0.0108337	2.41719e-14	0	1
1100	 6	0.779172	1.12222e-15	0	1
1200	 0	0.115872	6.8074e-10	0	1
1200	 0	6.20377	3.78823e-12	0	1
1200	 -1	0.163858	3.70566e-09	2.2154e-06	1
1200	 1	8.77293	1.75449e-11	1.92338e-10	2.45692
1200	 -2	0.247469	1.84297e-10	0	1
1200	 2	13.2495	1.11256e-11	1.27953e-10	2.66771
1200	 -3	0.159776	3.55414e-11	0	1
1200	 3	8.55439	7.77576e-13	0	1
1200	 -4	0.131299	4.45702e-12	0	1
1200	 4	7.02976	1.50105e-13	0	1
1200	 -5	0.052198	8.46535e-13	0	1
1200	 5	2.79468	2.17848e-14	0	1
1200	 -6	0.0278074	9.51295e-14	0	1
1200	 6	1.4888	3.81443e-15	0	1
1300	 0	0.149545	1.15806e-09	0	1
1300	 0	5.9702	7.3331e-12	0	1
1300	 -1	0.222322	5.46227e-09	2.24704e-06	1
1300	 1	8.87567	3.03985e-11	3.15894e-10	2.4633
1300	 -2	0.348966	3.26939e-10	0	1
1300	 2	13.9316	1.69379e-11	1.68152e-10	2.6907
1300	 -3	0.246201	7.11156e-11	0	1
1300	 3	9.82898	1.4815e-12	0	1
1300	 -4	0.221262	1.04837e-11	0	1
1300	 4	8.83332	3.21977e-13	0	1
1300	 -5	0.101144	2.29577e-12	0	1
1300	 5	4.03794	5.63341e-14	0	1
1300	 -6	0.0620088	3.10408e-13	0	1
1300	 6	2.47555	1.12872e-14	0	1
1400	 0	0.199422	1.87702e-09	0	1
1400	 0	5.94966	1.34777e-11	0	1
1400	 -1	0.308714	7.83744e-09	2.17603e-06	1
1400	 1	9.21033	5.09665e-11	4.9007e-10	2.48345
1400	 -2	0.495323	5.51679e-10	0	1
1400	 2	14.7777	2.52472e-11	2.13973e-10	2.71679
1400	 -3	0.371891	1.32998e-10	0	1
1400	 3	11.0952	2.70126e-12	0	1
1400	 -4	0.353336	2.25026e-11	0	1
1400	 4	10.5416	6.50195e-13	0	1
1400	 -5	0.177776	5.55049e-12	0	1
1400	 5	5.30387	1.33743e-13	0	1
1400	 -6	0.119174	8.74386e-13	0	1
1400	 6	3.55549	2.99837e-14	0	1
1500	 0	0.273415	2.92167e-09	0	1
1500	 0	6.11386	2.37206e-11	0	1
1500	 -1	0.437733	1.09859e-08	2.02293e-06	1
1500	 1	9.7882	8.29694e-11	7.21019e-10	2.51612
1500	 -2	0.709888	8.92397e-10	0	1
1500	 2	15.8739	3.70014e-11	2.63497e-10	2.74703
1500	 -3	0.556896	2.35182e-10	0	1
1500	 3	12.4528	4.75045e-12	0	1
1500	 -4	0.546613	4.48104e-11	0	1
1500	 4	12.2229	1.25061e-12	0	1
1500	 -5	0.293705	1.22296e-11	0	1
1500	 5	6.56757	2.9633e-13	0	1
1500	 -6	0.207893	2.18906e-12	0	1
1500	 6	4.64873	7.30744e-14	0	1
1600	 0	0.379311	4.39433e-09	0	1
1600	 0	6.3818	4.02439e-11	0	1
1600	 -1	0.625593	1.50878e-08	1.8337e-06	1
1600	 1	10.5254	1.31504e-10	1.02026e-09	2.55425
1600	 -2	1.01986	1.39235e-09	0	1
1600	 2	17.1589	5.34997e-11	3.16841e-10	2.77807
1600	 -3	0.827966	3.96739e-10	0	1
1600	 3	13.9303	8.1061e-12	0	1
1600	 -4	0.829949	8.38295e-11	0	1
1600	 4	13.9637	2.31119e-12	0	1
1600	 -5	0.468849	2.49592e-11	0	1
1600	 5	7.88825	6.20116e-13	0	1
1600	 -6	0.34432	4.97486e-12	0	1
1600	 6	5.79308	1.65904e-13	0	1
1700	 0	0.52796	6.41775e-09	0	1
1700	 0	6.71736	6.61615e-11	0	1
1700	 -1	0.894652	2.03515e-08	1.63597e-06	1
1700	 1	11.3829	2.03394e-10	1.39924e-09	2.59421
1700	 -2	1.46163	2.10574e-09	0	1
1700	 2	18.5967	7.65237e-11	3.74182e-10	2.80799
1700	 -3	1.22073	6.42954e-10	0	1
1700	 3	15.5317	1.34845e-11	0	1
1700	 -4	1.24135	1.48768e-10	0	1
1700	 4	15.794	4.13077e-12	0	1
1700	 -5	0.730278	4.77687e-11	0	1
1700	 5	9.2915	1.23657e-12	0	1
1700	 -6	0.550747	1.04277e-11	0	1
1700	 6	7.00729	3.54766e-13	0	1
1800	 0	0.733021	9.13746e-09	0	1
1800	 0	7.09915	1.05839e-10	0	1
1800	 -1	1.27366	2.70158e-08	1.44652e-06	1.31422
1800	 1	12.3351	3.07568e-10	1.86926e-09	2.6338
1800	 -2	2.08143	3.09942e-09	0	1
1800	 2	20.1582	1.08515e-10	4.35865e-10	2.83565
1800	 -3	1.78114	1.0066e-09	0	1
1800	 3	17.25	2.1949e-11	0	1
1800	 -4	1.82964	2.52381e-10	0	1
1800	 4	17.7197	7.17637e-12	0	1
1800	 -5	1.11375	8.65638e-11	0	1
1800	 5	10.7864	2.36583e-12	0	1
1800	 -6	0.856879	2.04138e-11	0	1
1800	 6	8.29869	7.20619e-13	0	1
1900	 0	1.01048	1.27243e-08	0	1
1900	 0	7.51173	1.65294e-10	0	1
1900	 -1	1.79738	3.53533e-08	1.27486e-06	1.52197
1900	 1	13.3615	4.55475e-10	2.44112e-09	2.67161
1900	 -2	2.93465	4.45478e-09	0	1
1900	 2	21.8158	1.52816e-10	5.02419e-10	2.86044
1900	 -3	2.56543	1.52938e-09	0	1
1900	 3	19.071	3.5062e-11	0	1
1900	 -4	2.65453	4.11852e-10	0	1
1900	 4	19.7334	1.21668e-11	0	1
1900	 -5	1.66427	1.49682e-10	0	1
1900	 5	12.372	4.36671e-12	0	1
1900	 -6	1.30037	3.77046e-11	0	1
1900	 6	9.66678	1.40013e-12	0	1
2000	 0	1.37753	1.73771e-08	0	1
2000	 0	7.94327	2.527e-10	0	1
2000	 -1	2.50491	4.56735e-08	1.12553e-06	1.72062
2000	 1	14.4441	6.6151e-10	3.12437e-09	2.70681
2000	 -2	4.08302	6.26986e-09	0	1
2000	 2	23.544	2.1398e-10	5.74501e-10	2.88213
2000	 -3	3.63798	2.26349e-09	0	1
2000	 3	20.9777	5.50969e-11	0	1
2000	 -4	3.78425	6.4978e-10	0	1
2000	 4	21.8212	2.0194e-11	0	1
2000	 -5	2.43508	2.48539e-10	0	1
2000	 5	14.0414	7.81089e-12	0	1
2000	 -6	1.92606	6.62554e-11	0	1
2000	 6	11.1063	2.61741e-12	0	1
2100	 0	1.85081	2.33259e-08	0	1
2100	 0	8.38597	3.78992e-10	0	1
2100	 -1	3.4364	5.83263e-08	9.9971e-07	1.90958
2100	 1	15.5702	9.43452e-10	3.92555e-09	2.73903
2100	 -2	5.58915	8.66167e-09	0	1
2100	 2	25.3243	2.98196e-10	6.52736e-10	2.90081
2100	 -3	5.06649	3.27343e-09	0	1
2100	 3	22.9561	8.53305e-11	0	1
2100	 -4	5.29048	9.95314e-10	0	1
2100	 4	23.971	3.28952e-11	0	1
2100	 -5	3.48438	3.98361e-10	0	1
2100	 5	15.7877	1.35912e-11	0	1
2100	 -6	2.78333	1.1153e-10	0	1
2100	 6	12.6112	4.73114e-12	0	1
2200	 0	2.44416	3.08354e-08	0	1
2200	 0	8.83761	5.58601e-10	0	1
2200	 -1	4.62861	7.37058e-08	8.96466e-07	2.08724
2200	 1	16.7362	1.32292e-09	4.84528e-09	2.76834
2200	 -2	7.50938	1.17687e-08	0	1
2200	 2	27.1525	4.13821e-10	7.37476e-10	2.91682
2200	 -3	6.91505	4.63792e-09	0	1
2200	 3	25.0035	1.3044e-10	0	1
2200	 -4	7.24087	1.48541e-09	0	1
2200	 4	26.1816	5.26967e-11	0	1
2200	 -5	4.87022	6.19032e-10	0	1
2200	 5	17.6098	2.30773e-11	0	1
2200	 -6	3.92185	1.80876e-10	0	1
2200	 6	14.1807	8.30322e-12	0	1
2300	 0	3.16672	4.02083e-08	0	1
2300	 0	9.30331	8.10327e-10	0	1
2300	 -1	6.11056	9.22547e-08	8.13647e-07	2.25116
2300	 1	17.9518	1.82582e-09	5.87422e-09	2.79514
2300	 -2	9.88683	1.57538e-08	0	1
2300	 2	29.0459	5.72071e-10	8.28483e-10	2.93059
2300	 -3	9.23694	6.45212e-09	0	1
2300	 3	27.1366	1.97033e-10	0	1
2300	 -4	9.6914	2.16626e-09	0	1
2300	 4	28.4718	8.31487e-11	0	1
2300	 -5	6.64454	9.36039e-10	0	1
2300	 5	19.5206	3.83343e-11	0	1
2300	 -6	5.38657	2.83954e-10	0	1
2300	 6	15.8249	1.41968e-11	0	1
2400	 0	4.02215	5.17894e-08	0	1
2400	 0	9.7963	1.15837e-09	0	1
2400	 -1	7.90105	1.14469e-07	7.48498e-07	2.39874
2400	 1	19.2437	2.48292e-09	6.98867e-09	2.82001
2400	 -2	12.7477	2.0807e-08	0	1
2400	 2	31.0482	7.87903e-10	9.24654e-10	2.94262
2400	 -3	12.0701	8.82995e-09	0	1
2400	 3	29.3978	2.94347e-10	0	1
2400	 -4	12.6815	3.09484e-09	0	1
2400	 4	30.887	1.2938e-10	0	1
2400	 -5	8.8489	1.38153e-09	0	1
2400	 5	21.5523	6.2425e-11	0	1
2400	 -6	7.21394	4.3322e-10	0	1
2400	 6	17.5702	2.37133e-11	0	1
2500	 0	5.00953	6.59702e-08	0	1
2500	 0	10.3372	1.63353e-09	0	1
2500	 -1	10.0095	1.40901e-07	6.98096e-07	2.52796
2500	 1	20.6546	3.33042e-09	8.14775e-09	2.84353
2500	 -2	16.103	2.71492e-08	0	1
2500	 2	33.2286	1.0811e-09	1.02389e-09	2.9533
2500	 -3	15.4376	1.19067e-08	0	1
2500	 3	31.8556	4.35151e-10	0	1
2500	 -4	16.2348	4.34064e-09	0	1
2500	 4	33.5006	1.98705e-10	0	1
2500	 -5	11.5137	1.99549e-09	0	1
2500	 5	23.7587	9.98175e-11	0	1
2500	 -6	9.4311	6.44474e-10	0	1
2500	 6	19.4611	3.87801e-11	0	1
2600	 0	6.12569	8.31932e-08	0	1
2600	 0	10.9519	2.27464e-09	0	1
2600	 -1	12.4397	1.72168e-07	6.59613e-07	2.63788
2600	 1	22.2406	4.4108e-09	9.29432e-09	2.86613
2600	 -2	19.955	3.50355e-08	0	1
2600	 2	35.6768	1.47764e-09	1.12325e-09	2.9629
2600	 -3	19.3533	1.5842e-08	0	1
2600	 3	34.6012	6.36889e-10	0	1
2600	 -4	20.3647	5.98762e-09	0	1
2600	 4	36.4093	3.01404e-10	0	1
2600	 -5	14.6619	2.82709e-09	0	1
2600	 5	26.2135	1.56923e-10	0	1
2600	 -6	12.0587	9.37469e-10	0	1
2600	 6	21.5594	6.22004e-11	0	1
2700	 0	7.36828	1.03958e-07	0	1
2700	 0	11.6689	3.13019e-09	0	1
2700	 -1	15.1964	2.08957e-07	6.30474e-07	2.72879
2700	 1	24.066	5.77388e-09	1.03606e-08	2.88796
2700	 -2	24.3072	4.47593e-08	0	1
2700	 2	38.4945	2.01131e-09	1.21931e-09	2.97149
2700	 -3	23.8313	2.08228e-08	0	1
2700	 3	37.7408	9.23102e-10	0	1
2700	 -4	25.0847	8.13626e-09	0	1
2700	 4	39.7258	4.51731e-10	0	1
2700	 -5	18.3153	3.93607e-09	0	1
2700	 5	29.0053	2.4279e-10	0	1
2700	 -6	15.1165	1.33659e-09	0	1
2700	 6	23.9394	9.79806e-11	0	1
2800	 0	8.73843	1.28824e-07	0	1
2800	 0	12.5168	4.26026e-09	0	1
2800	 -1	18.2903	2.52027e-07	6.08431e-07	2.80199
2800	 1	26.1989	7.47833e-09	1.12775e-08	2.90883
2800	 -2	29.1737	5.66567e-08	0	1
2800	 2	41.7881	2.72571e-09	1.30873e-09	2.97901
2800	 -3	28.8948	2.70667e-08	0	1
2800	 3	41.3887	1.32517e-09	0	1
2800	 -4	30.4183	1.09059e-08	0	1
2800	 4	43.5708	6.69158e-10	0	1
2800	 -5	22.5026	5.39445e-09	0	1
2800	 5	32.2325	3.69983e-10	0	1
2800	 -6	18.6294	1.87164e-09	0	1
2800	 6	26.6846	1.51747e-10	0	1
2900	 0	10.2426	1.58423e-07	0	1
2900	 0	13.5235	5.73887e-09	0	1
2900	 -1	21.743	3.02222e-07	5.9159e-07	2.85944
2900	 1	28.7078	9.59372e-09	1.19855e-08	2.92832
2900	 -2	34.5855	7.11109e-08	0	1
2900	 2	45.6641	3.67663e-09	1.38878e-09	2.98533
2900	 -3	34.5841	3.48259e-08	0	1
2900	 3	45.6621	1.88441e-09	0	1
2900	 -4	36.4064	1.44375e-08	0	1
2900	 4	48.0682	9.79912e-10	0	1
2900	 -5	27.2654	7.28822e-09	0	1
2900	 5	35.9991	5.55669e-10	0	1
2900	 -6	22.6333	2.57864e-09	0	1
2900	 6	29.8832	2.31272e-10	0	1
3000	 0	11.8932	1.93456e-07	0	1
3000	 0	14.7154	7.65667e-09	0	1
3000	 -1	25.5892	3.60475e-07	5.78396e-07	2.90332
3000	 1	31.6615	1.22034e-08	1.2443e-08	2.94586
3000	 -2	40.5947	8.8558e-08	0	1
3000	 2	50.2278	4.93478e-09	1.45757e-09	2.99036
3000	 -3	40.9603	4.43913e-08	0	1
3000	 3	50.6802	2.65457e-09	0	1
3000	 -4	43.1125	1.8896e-08	0	1
3000	 4	53.3431	1.41882e-09	0	1
3000	 -5	32.6625	9.71945e-09	0	1
3000	 5	40.4133	8.22947e-10	0	1
3000	 -6	27.1785	3.50086e-09	0	1
3000	 6	33.6279	3.47114e-10	0	1
3100	 0	13.7086	2.34711e-07	0	1
3100	 0	16.1185	1.01243e-08	0	1
3100	 -1	29.8772	4.27816e-07	5.67609e-07	2.93587
3100	 1	35.1295	1.5408e-08	1.2631e-08	2.96095
3100	 -2	47.2747	1.09492e-07	0	1
3100	 2	55.5855	6.58916e-09	1.51418e-09	2.99409
3100	 -3	48.1077	5.60971e-08	0	1
3100	 3	56.5649	3.70475e-09	0	1
3100	 -4	50.6243	2.44742e-08	0	1
3100	 4	59.5238	2.03153e-09	0	1
3100	 -5	38.7726	1.28085e-08	0	1
3100	 5	45.5886	1.20244e-09	0	1
3100	 -6	32.3319	4.68984e-09	0	1
3100	 6	38.0158	5.13403e-10	0	1
3200	 0	15.7131	2.83065e-07	0	1
3200	 0	17.7594	1.32764e-08	0	1
3200	 -1	34.6693	5.05382e-07	5.58265e-07	2.95922
3200	 1	39.1844	1.93309e-08	1.25537e-08	2.97326
3200	 -2	54.7207	1.34472e-07	0	1
3200	 2	61.8472	8.7509e-09	1.55851e-09	2.99666
3200	 -3	56.1341	7.03257e-08	0	1
3200	 3	63.4447	5.12285e-09	0	1
3200	 -4	59.0542	3.13959e-08	0	1
3200	 4	66.745	2.87709e-09	0	1
3200	 -5	45.695	1.66964e-08	0	1
3200	 5	51.646	1.7342e-09	0	1
3200	 -6	38.1784	6.20663e-09	0	1
3200	 6	43.1506	7.48774e-10	0	1
3300	 0	17.936	3.39492e-07	0	1
3300	 0	19.6664	1.72767e-08	0	1
3300	 -1	40.0415	5.94427e-07	5.49631e-07	2.97531
3300	 1	43.9046	2.4124e-08	1.22358e-08	2.98274
3300	 -2	63.0487	1.6413e-07	0	1
3300	 2	69.1316	1.15578e-08	1.59103e-09	2.99827
3300	 -3	65.1709	8.75139e-08	0	1
3300	 3	71.4585	7.01955e-09	0	1
3300	 -4	68.5396	3.99198e-08	0	1
3300	 4	75.1523	4.03097e-09	0	1
3300	 -5	53.5509	2.1548e-08	0	1
3300	 5	58.7175	2.46992e-09	0	1
3300	 -6	44.8214	8.12322e-09	0	1
3300	 6	49.1457	1.07748e-09	0	1
3400	 0	20.4119	4.05081e-07	0	1
3400	 0	21.8708	2.2324e-08	0	1
3400	 -1	46.0832	6.96333e-07	5.41171e-07	2.98588
3400	 1	49.3769	2.99761e-08	1.17183e-08	2.98957
3400	 -2	72.3954	1.99175e-07	0	1
3400	 2	77.5698	1.51798e-08	1.61261e-09	2.99919
3400	 -3	75.3734	1.08159e-07	0	1
3400	 3	80.7606	9.53292e-09	0	1
3400	 -4	79.2431	5.03448e-08	0	1
3400	 4	84.9069	5.58864e-09	0	1
3400	 -5	62.484	2.75551e-08	0	1
3400	 5	66.9499	3.47554e-09	0	1
3400	 -6	52.3836	1.0524e-08	0	1
3400	 6	56.1277	1.53069e-09	0	1
3500	 0	23.1806	4.81037e-07	0	1
3500	 0	24.4079	2.86601e-08	0	1
3500	 -1	52.8982	8.12621e-07	5.32506e-07	2.99245
3500	 1	55.6991	3.7123e-08	1.10539e-08	2.99415
3500	 -2	82.9193	2.40409e-07	0	1
3500	 2	87.3098	1.9825e-08	1.62428e-09	2.99966
3500	 -3	86.9222	1.32825e-07	0	1
3500	 3	91.5247	1.28338e-08	0	1
3500	 -4	91.3537	6.30142e-08	0	1
3500	 4	96.1908	7.66963e-09	0	1
3500	 -5	72.662	3.49401e-08	0	1
3500	 5	76.5094	4.8343e-09	0	1
3500	 -6	61.0087	1.35079e-08	0	1
3500	 6	64.2391	2.14801e-09	0	1
3600	 0	26.2871	5.68703e-07	0	1
3600	 0	27.3182	3.65787e-08	0	1
3600	 -1	60.6054	9.44968e-07	5.23383e-07	2.99626
3600	 1	62.9827	4.58595e-08	1.03024e-08	2.99698
3600	 -2	94.8016	2.8873e-07	0	1
3600	 2	98.5203	2.57478e-08	1.62711e-09	2.99988
3600	 -3	100.025	1.62155e-07	0	1
3600	 3	103.949	1.7132e-08	0	1
3600	 -4	105.089	7.83224e-08	0	1
3600	 4	109.211	1.04222e-08	0	1
3600	 -5	84.2791	4.39601e-08	0	1
3600	 5	87.585	6.65017e-09	0	1
3600	 -6	70.8632	1.71899e-08	0	1
3600	 6	73.6429	2.97927e-09	0	1
3700	 0	29.7827	6.69567e-07	0	1
3700	 0	30.6481	4.64369e-08	0	1
3700	 -1	69.3404	1.09522e-06	5.13647e-07	2.9983
3700	 1	71.3553	5.65546e-08	9.52642e-09	2.99859
3700	 -2	108.249	3.45147e-07	0	1
3700	 2	111.394	3.32568e-08	1.62218e-09	2.99996
3700	 -3	114.92	1.96873e-07	0	1
3700	 3	118.259	2.26836e-08	0	1
3700	 -4	120.698	9.67212e-08	0	1
3700	 4	124.205	1.4029e-08	0	1
3700	 -5	97.5587	5.4912e-08	0	1
3700	 5	100.394	9.05199e-09	0	1
3700	 -6	82.1388	2.17041e-08	0	1
3700	 6	84.5257	4.08657e-09	0	1
3800	 0	33.7251	7.85286e-07	0	1
3800	 0	34.4511	5.86693e-08	0	1
3800	 -1	79.2575	1.26541e-06	5.03219e-07	2.99931
3800	 1	80.9637	6.96692e-08	8.78892e-09	2.9994
3800	 -2	123.496	4.10796e-07	0	1
3800	 2	126.155	4.2726e-08	1.61048e-09	2.99999
3800	 -3	131.878	2.37804e-07	0	1
3800	 3	134.717	2.97992e-08	0	1
3800	 -4	138.465	1.18728e-07	0	1
3800	 4	141.446	1.87131e-08	0	1
3800	 -5	112.757	6.8138e-08	0	1
3800	 5	115.184	1.21981e-08	0	1
3800	 -6	95.0559	2.72058e-08	0	1
3800	 6	97.1022	5.54666e-09	0	1
3900	 0	38.1797	9.17696e-07	0	1
3900	 0	38.7886	7.3804e-08	0	1
3900	 -1	90.5326	1.45777e-06	4.92075e-07	2.99975
3900	 1	91.9764	8.57779e-08	8.15011e-09	2.99978
3900	 -2	140.81	4.86947e-07	0	1
3900	 2	143.056	5.4607e-08	1.5929e-09	3
3900	 -3	151.209	2.85876e-07	0	1
3900	 3	153.62	3.88541e-08	0	1
3900	 -4	158.716	1.44932e-07	0	1
3900	 4	161.247	2.47455e-08	0	1
3900	 -5	130.168	8.40317e-08	0	1
3900	 5	132.244	1.62817e-08	0	1
3900	 -6	109.867	3.38752e-08	0	1
3900	 6	111.62	7.45368e-09	0	1
4000	 0	43.2207	1.06884e-06	0	1
4000	 0	43.7313	9.24831e-08	0	1
4000	 -1	103.366	1.67477e-06	4.80234e-07	2.99992
4000	 1	104.587	1.05594e-07	7.66589e-09	2.99993
4000	 -2	160.495	5.75027e-07	0	1
4000	 2	162.391	6.94431e-08	1.57025e-09	3
4000	 -3	173.267	3.42142e-07	0	1
4000	 3	175.314	5.02992e-08	0	1
4000	 -4	181.82	1.7601e-07	0	1
4000	 4	183.968	3.24536e-08	0	1
4000	 -5	150.128	1.03045e-07	0	1
4000	 5	151.901	2.15372e-08	0	1
4000	 -6	126.863	4.19207e-08	0	1
4000	 6	128.362	9.92241e-09	0	1
4100	 0	48.932	1.24099e-06	0	1
4100	 0	49.3603	1.15486e-07	0	1
4100	 -1	117.984	1.91913e-06	4.67743e-07	2.99998
4100	 1	119.017	1.30002e-07	7.38645e-09	2.99998
4100	 -2	182.897	6.76638e-07	0	1
4100	 2	184.498	8.78869e-08	1.54327e-09	3
4100	 -3	198.455	4.07791e-07	0	1
4100	 3	200.192	6.46749e-08	0	1
4100	 -4	208.201	2.12731e-07	0	1
4100	 4	210.024	4.22311e-08	0	1
4100	 -5	173.023	1.25699e-07	0	1
4100	 5	174.537	2.82474e-08	0	1
4100	 -6	146.377	5.15832e-08	0	1
4100	 6	147.658	1.30919e-08	0	1
4200	 0	55.4091	1.43666e-06	0	1
4200	 0	55.7684	1.43756e-07	0	1
4200	 -1	134.649	2.19386e-06	4.5467e-07	3
4200	 1	135.522	1.60088e-07	7.35526e-09	3
4200	 -2	208.41	7.93575e-07	0	1
4200	 2	209.762	1.1072e-07	1.51261e-09	3
4200	 -3	227.234	4.84165e-07	0	1
4200	 3	228.707	8.26268e-08	0	1
4200	 -4	238.343	2.55973e-07	0	1
4200	 4	239.889	5.45492e-08	0	1
4200	 -5	199.295	1.52588e-07	0	1
4200	 5	200.587	3.67521e-08	0	1
4200	 -6	168.79	6.31408e-08	0	1
4200	 6	169.885	1.71297e-08	0	1
4300	 0	62.7606	1.65866e-06	0	1
4300	 0	63.0621	1.78436e-07	0	1
4300	 -1	153.655	2.50226e-06	4.41093e-07	3
4300	 1	154.393	1.97187e-07	7.60825e-09	3
4300	 -2	237.484	9.27857e-07	0	1
4300	 2	238.625	1.38879e-07	1.47884e-09	3
4300	 -3	260.131	5.72784e-07	0	1
4300	 3	261.38	1.04924e-07	0	1
4300	 -4	272.8	3.06739e-07	0	1
4300	 4	274.11	6.99706e-08	0	1
4300	 -5	229.451	1.84396e-07	0	1
4300	 5	230.553	4.74576e-08	0	1
4300	 -6	194.542	7.69145e-08	0	1
4300	 6	195.476	2.22373e-08	0	1
4400	 0	71.11	1.91013e-06	0	1
4400	 0	71.3631	2.20906e-07	0	1
4400	 -1	175.341	2.84799e-06	4.271e-07	3
4400	 1	175.965	2.42931e-07	8.17299e-09	3
4400	 -2	270.632	1.08174e-06	0	1
4400	 2	271.595	1.73477e-07	1.44251e-09	3
4400	 -3	297.748	6.75361e-07	0	1
4400	 3	298.808	1.32479e-07	0	1
4400	 -4	312.202	3.66168e-07	0	1
4400	 4	313.313	8.91643e-08	0	1
4400	 -5	264.072	2.21906e-07	0	1
4400	 5	265.012	6.08484e-08	0	1
4400	 -6	224.135	9.32742e-08	0	1
4400	 6	224.933	2.8655e-08	0	1
4500	 0	80.5981	2.19453e-06	0	1
4500	 0	80.8105	2.72826e-07	0	1
4500	 -1	200.094	3.23509e-06	4.12779e-07	3
4500	 1	200.621	2.99299e-07	9.0678e-09	3
4500	 -2	308.44	1.25778e-06	0	1
4500	 2	309.253	2.15844e-07	1.40407e-09	3
4500	 -3	340.775	7.93837e-07	0	1
4500	 3	341.674	1.66377e-07	0	1
4500	 -4	357.276	4.35562e-07	0	1
4500	 4	358.218	1.12924e-07	0	1
4500	 -5	303.826	2.66018e-07	0	1
4500	 5	304.627	7.75001e-08	0	1
4500	 -6	258.148	1.12646e-07	0	1
4500	 6	258.828	3.66699e-08	0	1
4600	 0	91.3852	2.51575e-06	0	1
4600	 0	91.5637	3.36192e-07	0	1
4600	 -1	228.354	3.66805e-06	3.98218e-07	3
4600	 1	228.8	3.68688e-07	1.03007e-08	3
4600	 -2	351.577	1.45883e-06	0	1
4600	 2	352.264	2.67561e-07	1.36396e-09	3
4600	 -3	390	9.30401e-07	0	1
4600	 3	390.762	2.07899e-07	0	1
4600	 -4	408.849	5.16405e-07	0	1
4600	 4	409.647	1.42191e-07	0	1
4600	 -5	349.478	3.17757e-07	0	1
4600	 5	350.16	9.80955e-08	0	1
4600	 -6	297.245	1.35522e-07	0	1
4600	 6	297.825	4.66225e-08	0	1
4700	 0	103.655	2.87811e-06	0	1
4700	 0	103.804	4.13397e-07	0	1
4700	 -1	260.627	4.15182e-06	3.83504e-07	3
4700	 1	261.004	4.5398e-07	1.18685e-08	3
4700	 -2	400.808	1.68809e-06	0	1
4700	 2	401.388	3.30503e-07	1.32255e-09	3
4700	 -3	446.325	1.08753e-06	0	1
4700	 3	446.97	2.58564e-07	0	1
4700	 -4	467.87	6.10385e-07	0	1
4700	 4	468.547	1.78076e-07	0	1
4700	 -5	401.904	3.78303e-07	0	1
4700	 5	402.486	1.23442e-07	0	1
4700	 -6	342.188	1.62466e-07	0	1
4700	 6	342.683	5.89171e-08	0	1
4800	 0	117.615	3.28646e-06	0	1
4800	 0	117.741	5.07304e-07	0	1
4800	 -1	297.488	4.6919e-06	3.68716e-07	3
4800	 1	297.807	5.58621e-07	1.37552e-08	3
4800	 -2	457.008	1.94918e-06	0	1
4800	 2	457.498	4.06895e-07	1.28019e-09	3
4800	 -3	510.782	1.26803e-06	0	1
4800	 3	511.33	3.2016e-07	0	1
4800	 -4	535.427	7.19427e-07	0	1
4800	 4	536.001	2.2189e-07	0	1
4800	 -5	462.115	4.49004e-07	0	1
4800	 5	462.61	1.54493e-07	0	1
4800	 -6	393.854	1.9413e-07	0	1
4800	 6	394.276	7.40314e-08	0	1
4900	 0	133.504	3.74619e-06	0	1
4900	 0	133.61	6.21322e-07	0	1
4900	 -1	339.597	5.29439e-06	3.5393e-07	3
4900	 1	339.867	6.86707e-07	1.59316e-08	3
4900	 -2	521.175	2.24616e-06	0	1
4900	 2	521.589	4.99366e-07	1.23718e-09	3
4900	 -3	584.555	1.47507e-06	0	1
4900	 3	585.019	3.94798e-07	0	1
4900	 -4	612.765	8.45728e-07	0	1
4900	 4	613.251	2.75177e-07	0	1
4900	 -5	531.264	5.31403e-07	0	1
4900	 5	531.686	1.92373e-07	0	1
4900	 -6	453.25	2.31261e-07	0	1
4900	 6	453.61	9.25297e-08	0	1
5000	 0	151.595	4.26335e-06	0	1
5000	 0	151.684	7.59506e-07	0	1
5000	 -1	387.709	5.96606e-06	3.39215e-07	3
5000	 1	387.937	8.43073e-07	1.83547e-08	3
5000	 -2	594.453	2.58362e-06	0	1
5000	 2	594.803	6.11025e-07	1.19382e-09	3
5000	 -3	668.998	1.71222e-06	0	1
5000	 3	669.391	4.84962e-07	0	1
5000	 -4	701.309	9.91786e-07	0	1
5000	 4	701.721	3.39754e-07	0	1
5000	 -5	610.681	6.27268e-07	0	1
5000	 5	611.04	2.38404e-07	0	1
5000	 -6	521.532	2.74722e-07	0	1
5000	 6	521.839	1.15077e-07	0	1
5100	 0	172.197	4.8447e-06	0	1
5100	 0	172.272	9.26661e-07	0	1
5100	 -1	442.684	6.71445e-06	3.24635e-07	3
5100	 1	442.877	1.03339e-06	2.09676e-08	3
5100	 -2	678.15	2.96671e-06	0	1
5100	 2	678.445	7.45536e-07	1.15033e-09	3
5100	 -3	765.66	1.98357e-06	0	1
5100	 3	765.994	5.93574e-07	0	1
5100	 -4	802.694	1.16045e-06	0	1
5100	 4	803.043	4.17758e-07	0	1
5100	 -5	701.888	7.38622e-07	0	1
5100	 5	702.194	2.94143e-07	0	1
5100	 -6	600.03	3.25501e-07	0	1
5100	 6	600.291	1.42457e-07	0	1
5200	 0	195.667	5.49781e-06	0	1
5200	 0	195.73	1.12845e-06	0	1
5200	 -1	505.51	7.54795e-06	3.10245e-07	3
5200	 1	505.673	1.26425e-06	2.3701e-08	3
5200	 -2	773.761	3.40124e-06	0	1
5200	 2	774.011	9.07211e-07	1.10696e-09	3
5200	 -3	876.319	2.29369e-06	0	1
5200	 3	876.602	7.24064e-07	0	1
5200	 -4	918.792	1.35498e-06	0	1
5200	 4	919.089	5.11694e-07	0	1
5200	 -5	806.635	8.67781e-07	0	1
5200	 5	806.895	3.61415e-07	0	1
5200	 -6	690.271	3.84739e-07	0	1
5200	 6	690.494	1.7559e-07	0	1
5300	 0	222.408	6.23119e-06	0	1
5300	 0	222.461	1.37155e-06	0	1
5300	 -1	577.315	8.47591e-06	2.96094e-07	3
5300	 1	577.453	1.54327e-06	2.64746e-08	3
5300	 -2	882.997	3.89377e-06	0	1
5300	 2	883.208	1.10111e-06	1.06388e-09	3
5300	 -3	1003.01	2.64781e-06	0	1
5300	 3	1003.25	8.80458e-07	0	1
5300	 -4	1051.75	1.57908e-06	0	1
5300	 4	1052	6.24503e-07	0	1
5300	 -5	926.929	1.0174e-06	0	1
5300	 5	927.15	4.42362e-07	0	1
5300	 -6	794.009	4.53743e-07	0	1
5300	 6	794.199	2.15556e-07	0	1
5400	 0	252.885	7.05438e-06	0	1
5400	 0	252.93	1.66374e-06	0	1
5400	 -1	659.39	9.50875e-06	2.82226e-07	3
5400	 1	659.506	1.87919e-06	2.92006e-08	3
5400	 -2	1007.82	4.45171e-06	0	1
5400	 2	1007.99	1.33317e-06	1.02127e-09	3
5400	 -3	1148.06	3.05182e-06	0	1
5400	 3	1148.26	1.06747e-06	0	1
5400	 -4	1204.03	1.83697e-06	0	1
5400	 4	1204.24	7.59628e-07	0	1
5400	 -5	1065.07	1.19051e-06	0	1
5400	 5	1065.26	5.39497e-07	0	1
5400	 -6	913.262	5.34019e-07	0	1
5400	 6	913.424	2.63623e-07	0	1
5500	 0	287.626	7.9781e-06	0	1
5500	 0	287.664	2.0141e-06	0	1
5500	 -1	753.211	1.06581e-05	2.68678e-07	3
5500	 1	753.31	2.28196e-06	3.17875e-08	3
5500	 -2	1150.46	5.08343e-06	0	1
5500	 2	1150.61	1.61031e-06	9.79275e-10	3
5500	 -3	1314.14	3.51244e-06	0	1
5500	 3	1314.31	1.29061e-06	0	1
5500	 -4	1378.44	2.13349e-06	0	1
5500	 4	1378.62	9.21099e-07	0	1
5500	 -5	1223.72	1.39059e-06	0	1
5500	 5	1223.88	6.55756e-07	0	1
5500	 -6	1050.35	6.27297e-07	0	1
5500	 6	1050.48	3.21278e-07	0	1
5600	 0	327.237	9.01441e-06	0	1
5600	 0	327.269	2.43315e-06	0	1
5600	 -1	860.471	1.1937e-05	2.5548e-07	3
5600	 1	860.554	2.76281e-06	3.41447e-08	3
5600	 -2	1313.48	5.79838e-06	0	1
5600	 2	1313.61	1.9406e-06	9.38032e-10	3
5600	 -3	1504.31	4.03726e-06	0	1
5600	 3	1504.45	1.55631e-06	0	1
5600	 -4	1578.23	2.47413e-06	0	1
5600	 4	1578.38	1.11362e-06	0	1
5600	 -5	1405.89	1.62162e-06	0	1
5600	 5	1406.03	7.94579e-07	0	1
5600	 -6	1207.93	7.35566e-07	0	1
5600	 6	1208.04	3.90259e-07	0	1
5700	 0	372.408	1.01769e-05	0	1
5700	 0	372.435	2.933e-06	0	1
5700	 -1	983.101	1.33601e-05	2.42659e-07	3
5700	 1	983.172	3.33437e-06	3.61873e-08	3
5700	 -2	1499.83	6.60728e-06	0	1
5700	 2	1499.94	2.33341e-06	8.97647e-10	3
5700	 -3	1722.06	4.63493e-06	0	1
5700	 3	1722.19	1.87208e-06	0	1
5700	 -4	1807.08	2.8652e-06	0	1
5700	 4	1807.21	1.3427e-06	0	1
5700	 -5	1615.09	1.88817e-06	0	1
5700	 5	1615.2	9.5998e-07	0	1
5700	 -6	1389.06	8.61113e-07	0	1
5700	 6	1389.16	4.72601e-07	0	1
5800	 0	423.93	1.14808e-05	0	1
5800	 0	423.952	3.52755e-06	0	1
5800	 -1	1123.32	1.49436e-05	2.30235e-07	3
5800	 1	1123.38	4.01075e-06	3.78413e-08	3
5800	 -2	1712.86	7.52224e-06	0	1
5800	 2	1712.95	2.7996e-06	8.58213e-10	3
5800	 -3	1971.42	5.31525e-06	0	1
5800	 3	1971.53	2.24663e-06	0	1
5800	 -4	2069.26	3.31387e-06	0	1
5800	 4	2069.37	1.61475e-06	0	1
5800	 -5	1855.31	2.19547e-06	0	1
5800	 5	1855.4	1.15665e-06	0	1
5800	 -6	1597.26	1.00657e-06	0	1
5800	 6	1597.35	5.70681e-07	0	1
5900	 0	482.706	1.29435e-05	0	1
5900	 0	482.725	4.23264e-06	0	1
5900	 -1	1283.65	1.6706e-05	2.18225e-07	3
5900	 1	1283.7	4.80767e-06	3.90479e-08	3
5900	 -2	1956.4	8.557e-06	0	1
5900	 2	1956.48	3.35169e-06	8.19806e-10	3
5900	 -3	2256.98	6.08938e-06	0	1
5900	 3	2257.07	2.69009e-06	0	1
5900	 -4	2369.61	3.82836e-06	0	1
5900	 4	2369.7	1.93722e-06	0	1
5900	 -5	2131.14	2.54951e-06	0	1
5900	 5	2131.22	1.39005e-06	0	1
5900	 -6	1836.57	1.17496e-06	0	1
5900	 6	1836.64	6.87274e-07	0	1
6000	 0	549.769	1.45844e-05	0	1
6000	 0	549.785	5.06628e-06	0	1
6000	 -1	1467	1.86678e-05	2.0664e-07	3
6000	 1	1467.04	5.74259e-06	3.97672e-08	3
6000	 -2	2234.86	9.72714e-06	0	1
6000	 2	2234.93	4.0041e-06	7.82489e-10	3
6000	 -3	2584.01	6.97002e-06	0	1
6000	 3	2584.09	3.21417e-06	0	1
6000	 -4	2713.73	4.41806e-06	0	1
6000	 4	2713.81	2.3188e-06	0	1
6000	 -5	2447.86	2.95716e-06	0	1
6000	 5	2447.93	1.66655e-06	0	1
6000	 -6	2111.63	1.36976e-06	0	1
6000	 6	2111.7	8.25615e-07	0	1
6100	 0	626.3	1.64255e-05	0	1
6100	 0	626.313	6.04882e-06	0	1
6100	 -1	1676.68	2.08522e-05	1.95488e-07	3
6100	 1	1676.72	6.83486e-06	3.99803e-08	3
6100	 -2	2553.28	1.10504e-05	0	1
6100	 2	2553.33	4.77335e-06	7.46312e-10	3
6100	 -3	2958.54	7.97162e-06	0	1
6100	 3	2958.61	3.83243e-06	0	1
6100	 -4	3107.99	5.0937e-06	0	1
6100	 4	3108.06	2.76957e-06	0	1
6100	 -5	2811.52	3.42631e-06	0	1
6100	 5	2811.59	1.99355e-06	0	1
6100	 -6	2427.78	1.59497e-06	0	1
6100	 6	2427.83	9.89476e-07	0	1
6200	 0	713.649	1.84918e-05	0	1
6200	 0	713.66	7.20324e-06	0	1
6200	 -1	1916.5	2.32852e-05	1.84774e-07	3
6200	 1	1916.53	8.10602e-06	3.96899e-08	3
6200	 -2	2917.41	1.25467e-05	0	1
6200	 2	2917.46	5.67836e-06	7.11312e-10	3
6200	 -3	3387.49	9.11065e-06	0	1
6200	 3	3387.55	4.56046e-06	0	1
6200	 -4	3559.75	5.86757e-06	0	1
6200	 4	3559.81	3.30119e-06	0	1
6200	 -5	3229.08	3.96601e-06	0	1
6200	 5	3229.13	2.37965e-06	0	1
6200	 -6	2791.14	1.8552e-06	0	1
6200	 6	2791.19	1.18324e-06	0	1
6300	 0	813.361	2.08116e-05	0	1
6300	 0	813.37	8.55537e-06	0	1
6300	 -1	2190.8	2.59964e-05	1.745e-07	3
6300	 1	2190.83	9.58001e-06	3.89203e-08	3
6300	 -2	3333.86	1.42391e-05	0	1
6300	 2	3333.9	6.74075e-06	6.77514e-10	3
6300	 -3	3878.79	1.04059e-05	0	1
6300	 3	3878.83	5.41621e-06	0	1
6300	 -4	4077.39	6.75374e-06	0	1
6300	 4	4077.44	3.92717e-06	0	1
6300	 -5	3708.5	4.58664e-06	0	1
6300	 5	3708.55	2.83482e-06	0	1
6300	 -6	3208.76	2.15576e-06	0	1
6300	 6	3208.8	1.41202e-06	0	1
6400	 0	927.202	2.34167e-05	0	1
6400	 0	927.21	1.01342e-05	0	1
6400	 -1	2504.56	2.90189e-05	1.64664e-07	3
6400	 1	2504.58	1.12836e-05	3.77146e-08	3
6400	 -2	3810.18	1.61535e-05	0	1
6400	 2	3810.22	7.98511e-06	6.44938e-10	3
6400	 -3	4441.5	1.18787e-05	0	1
6400	 3	4441.54	6.42029e-06	0	1
6400	 -4	4670.55	7.76833e-06	0	1
6400	 4	4670.6	4.66312e-06	0	1
6400	 -5	4258.95	5.30012e-06	0	1
6400	 5	4258.99	3.37062e-06	0	1
6400	 -6	3688.72	2.50274e-06	0	1
6400	 6	3688.75	1.68172e-06	0	1
6500	 0	1057.19	2.63436e-05	0	1
6500	 0	1057.2	1.19725e-05	0	1
6500	 -1	2863.47	3.23903e-05	1.55263e-07	3
6500	 1	2863.49	1.32469e-05	3.61313e-08	3
6500	 -2	4355.02	1.83194e-05	0	1
6500	 2	4355.05	9.43945e-06	6.1359e-10	3
6500	 -3	5086.04	1.35536e-05	0	1
6500	 3	5086.07	7.59631e-06	0	1
6500	 -4	5350.29	8.92978e-06	0	1
6500	 4	5350.32	5.52701e-06	0	1
6500	 -5	4890.93	6.12014e-06	0	1
6500	 5	4890.97	4.00042e-06	0	1
6500	 -6	4240.32	2.90316e-06	0	1
6500	 6	4240.35	1.99921e-06	0	1
6600	 0	1205.64	2.96335e-05	0	1
6600	 0	1205.65	1.41069e-05	0	1
6600	 -1	3274.06	3.61529e-05	1.46292e-07	3
6600	 1	3274.07	1.55037e-05	3.42402e-08	3
6600	 -2	4978.29	2.07706e-05	0	1
6600	 2	4978.31	1.11356e-05	5.83472e-10	3
6600	 -3	5824.32	1.54584e-05	0	1
6600	 3	5824.35	8.97125e-06	0	1
6600	 -4	6129.25	1.02593e-05	0	1
6600	 4	6129.28	6.53956e-06	0	1
6600	 -5	5616.52	7.06245e-06	0	1
6600	 5	5616.55	4.73965e-06	0	1
6600	 -6	4874.25	3.36513e-06	0	1
6600	 6	4874.28	2.37244e-06	0	1
6700	 0	1375.2	3.33331e-05	0	1
6700	 0	1375.2	1.65788e-05	0	1
6700	 -1	3743.79	4.03548e-05	1.37744e-07	3
6700	 1	3743.8	1.80927e-05	3.21177e-08	3
6700	 -2	5691.32	2.35455e-05	0	1
6700	 2	5691.34	1.31097e-05	5.54578e-10	3
6700	 -3	6670.01	1.76251e-05	0	1
6700	 3	6670.03	1.0576e-05	0	1
6700	 -4	7021.98	1.1781e-05	0	1
6700	 4	7022	7.72457e-06	0	1
6700	 -5	6449.56	8.14511e-06	0	1
6700	 5	6449.58	5.6061e-06	0	1
6700	 -6	5602.78	3.89795e-06	0	1
6700	 6	5602.8	2.81061e-06	0	1
6800	 0	1568.88	3.74958e-05	0	1
6800	 0	1568.88	1.94349e-05	0	1
6800	 -1	4281.21	4.50505e-05	1.29609e-07	3
6800	 1	4281.22	2.10578e-05	2.98414e-08	3
6800	 -2	6507.1	2.66879e-05	0	1
6800	 2	6507.12	1.54029e-05	5.26897e-10	3
6800	 -3	7638.76	2.009e-05	0	1
6800	 3	7638.78	1.24456e-05	0	1
6800	 -4	8045.1	1.35229e-05	0	1
6800	 4	8045.12	9.10936e-06	0	1
6800	 -5	7405.94	9.3889e-06	0	1
6800	 5	7405.96	6.62029e-06	0	1
6800	 -6	6440	4.51236e-06	0	1
6800	 6	6440.02	3.32433e-06	0	1
6900	 0	1790.15	4.21822e-05	0	1
6900	 0	1790.16	2.27284e-05	0	1
6900	 -1	4896.12	5.03016e-05	1.21877e-07	3
6900	 1	4896.13	2.44492e-05	2.74865e-08	3
6900	 -2	7440.5	3.02478e-05	0	1
6900	 2	7440.52	1.80618e-05	5.00412e-10	3
6900	 -3	8748.52	2.28948e-05	0	1
6900	 3	8748.54	1.46204e-05	0	1
6900	 -4	9217.72	1.55168e-05	0	1
6900	 4	9217.73	1.07252e-05	0	1
6900	 -5	8503.93	1.08177e-05	0	1
6900	 5	8503.95	7.80579e-06	0	1
6900	 -6	7402.12	5.22072e-06	0	1
6900	 6	7402.14	3.92585e-06	0	1
7000	 0	2042.97	4.74613e-05	0	1
7000	 0	2042.98	2.65193e-05	0	1
7000	 -1	5599.71	5.61783e-05	1.14539e-07	3
7000	 1	5599.72	2.83248e-05	2.5121e-08	3
7000	 -2	8508.55	3.42822e-05	0	1
7000	 2	8508.57	2.11396e-05	4.75102e-10	3
7000	 -3	10019.8	2.60871e-05	0	1
7000	 3	10019.9	1.71459e-05	0	1
7000	 -4	10561.7	1.77994e-05	0	1
7000	 4	10561.7	1.26081e-05	0	1
7000	 -5	9764.47	1.2459e-05	0	1
7000	 5	9764.49	9.18973e-06	0	1
7000	 -6	8507.76	6.03727e-06	0	1
7000	 6	8507.77	4.6293e-06	0	1
7100	 0	2331.87	5.34117e-05	0	1
7100	 0	2331.87	3.08767e-05	0	1
7100	 -1	6404.82	6.276e-05	1.07581e-07	3
7100	 1	6404.83	3.2751e-05	2.28038e-08	3
7100	 -2	9730.76	3.88563e-05	0	1
7100	 2	9730.77	2.46969e-05	4.50943e-10	3
7100	 -3	11476.3	2.97215e-05	0	1
7100	 3	11476.3	2.00745e-05	0	1
7100	 -4	12102.2	2.04126e-05	0	1
7100	 4	12102.2	1.47991e-05	0	1
7100	 -5	11211.6	1.43443e-05	0	1
7100	 5	11211.6	1.08032e-05	0	1
7100	 -6	9778.3	6.97843e-06	0	1
7100	 6	9778.31	5.45094e-06	0	1
7200	 0	2662.03	6.01229e-05	0	1
7200	 0	2662.04	3.5879e-05	0	1
7200	 -1	7326.14	7.0137e-05	1.00992e-07	3
7200	 1	7326.15	3.78044e-05	2.05821e-08	3
7200	 -2	11129.4	4.40446e-05	0	1
7200	 2	11129.5	2.88026e-05	4.27907e-10	3
7200	 -3	13144.9	3.38603e-05	0	1
7200	 3	13144.9	2.34655e-05	0	1
7200	 -4	13867.9	2.34046e-05	0	1
7200	 4	13867.9	1.73452e-05	0	1
7200	 -5	12873	1.65099e-05	0	1
7200	 5	12873	1.2682e-05	0	1
7200	 -6	11238.3	8.06309e-06	0	1
7200	 6	11238.3	6.40947e-06	0	1
7300	 0	3039.39	6.7697e-05	0	1
7300	 0	3039.4	4.16165e-05	0	1
7300	 -1	8380.51	7.84121e-05	9.47586e-08	3
7300	 1	8380.51	4.35732e-05	1.84913e-08	3
7300	 -2	12730.2	4.99319e-05	0	1
7300	 2	12730.2	3.35354e-05	4.05965e-10	3
7300	 -3	15056.5	3.85748e-05	0	1
7300	 3	15056.6	2.73868e-05	0	1
7300	 -4	15891.9	2.68309e-05	0	1
7300	 4	15891.9	2.03003e-05	0	1
7300	 -5	14780.2	1.89976e-05	0	1
7300	 5	14780.2	1.4867e-05	0	1
7300	 -6	12916	9.31301e-06	0	1
7300	 6	12916	7.52639e-06	0	1
7400	 0	3470.74	7.62504e-05	0	1
7400	 0	3470.74	4.81927e-05	0	1
7400	 -1	9587.18	8.77021e-05	8.88671e-08	3
7400	 1	9587.19	5.01592e-05	1.65547e-08	3
7400	 -2	14562.3	5.66155e-05	0	1
7400	 2	14562.3	3.89854e-05	3.85084e-10	3
7400	 -3	17246.8	4.39467e-05	0	1
7400	 3	17246.8	3.19159e-05	0	1
7400	 -4	18212.1	3.07549e-05	0	1
7400	 4	18212.1	2.37258e-05	0	1
7400	 -5	16969.7	2.18554e-05	0	1
7400	 5	16969.7	1.74052e-05	0	1
7400	 -6	14843.9	1.07533e-05	0	1
7400	 6	14843.9	8.82643e-06	0	1
7500	 0	3963.85	8.59158e-05	0	1
7500	 0	3963.85	5.57266e-05	0	1
7500	 -1	10968.2	9.81397e-05	8.33044e-08	3
7500	 1	10968.2	5.7679e-05	1.4785e-08	3
7500	 -2	16659.4	6.42063e-05	0	1
7500	 2	16659.4	4.52555e-05	3.65231e-10	3
7500	 -3	19756.2	5.00694e-05	0	1
7500	 3	19756.2	3.71413e-05	0	1
7500	 -4	20871.7	3.52494e-05	0	1
7500	 4	20871.7	2.76923e-05	0	1
7500	 -5	19483.2	2.51383e-05	0	1
7500	 5	19483.2	2.03504e-05	0	1
7500	 -6	17059.1	1.24128e-05	0	1
7500	 6	17059.1	1.0338e-05	0	1
7600	 0	4527.61	9.68445e-05	0	1
7600	 0	4527.61	6.43549e-05	0	1
7600	 -1	12548.9	0.000109876	7.80567e-08	3
7600	 1	12548.9	6.62671e-05	1.31853e-08	3
7600	 -2	19059.8	7.28312e-05	0	1
7600	 2	19059.8	5.24636e-05	3.46371e-10	3
7600	 -3	22631.5	5.70499e-05	0	1
7600	 3	22631.5	4.31641e-05	0	1
7600	 -4	23920.6	4.03981e-05	0	1
7600	 4	23920.6	3.22804e-05	0	1
7600	 -5	22368.7	2.89097e-05	0	1
7600	 5	22368.7	2.37644e-05	0	1
7600	 -6	19604.5	1.43247e-05	0	1
7600	 6	19604.5	1.20937e-05	0	1
7700	 0	5172.21	0.000109209	0	1
7700	 0	5172.21	7.42348e-05	0	1
7700	 -1	14358.2	0.000123083	7.31106e-08	3
7700	 1	14358.2	7.60777e-05	1.17515e-08	3
7700	 -2	21807.6	8.2635e-05	0	1
7700	 2	21807.6	6.07446e-05	3.2847e-10	3
7700	 -3	25926	6.50104e-05	0	1
7700	 3	25926	5.01e-05	0	1
7700	 -4	27415.8	4.62969e-05	0	1
7700	 4	27415.8	3.75825e-05	0	1
7700	 -5	25681.1	3.32426e-05	0	1
7700	 5	25681.1	2.77181e-05	0	1
7700	 -6	22529.4	1.65273e-05	0	1
7700	 6	22529.4	1.4131e-05	0	1
7800	 0	5909.3	0.000123207	0	1
7800	 0	5909.3	8.55471e-05	0	1
7800	 -1	16429.2	0.000137956	6.84524e-08	3
7800	 1	16429.2	8.72873e-05	1.04737e-08	3
7800	 -2	24953.3	9.37832e-05	0	1
7800	 2	24953.3	7.02534e-05	3.1149e-10	3
7800	 -3	29700.9	7.4091e-05	0	1
7800	 3	29700.9	5.80816e-05	0	1
7800	 -4	31422.9	5.30556e-05	0	1
7800	 4	31422.9	4.37044e-05	0	1
7800	 -5	29483.6	3.82204e-05	0	1
7800	 5	29483.6	3.22925e-05	0	1
7800	 -6	25890.1	1.90646e-05	0	1
7800	 6	25890.1	1.64929e-05	0	1
7900	 0	6752.23	0.000139061	0	1
7900	 0	6752.23	9.84991e-05	0	1
7900	 -1	18799.9	0.000154719	6.40688e-08	3
7900	 1	18799.9	0.000100098	9.33885e-09	3
7900	 -2	28554.5	0.000106465	0	1
7900	 2	28554.5	8.11672e-05	2.95396e-10	3
7900	 -3	34026.5	8.44517e-05	0	1
7900	 3	34026.5	6.72607e-05	0	1
7900	 -4	36016.8	6.08004e-05	0	1
7900	 4	36016.8	5.07676e-05	0	1
7900	 -5	33848.8	4.39393e-05	0	1
7900	 5	33848.8	3.7581e-05	0	1
7900	 -6	29751.6	2.19872e-05	0	1
7900	 6	29751.6	1.92289e-05	0	1
8000	 0	7716.27	0.000157029	0	1
8000	 0	7716.27	0.000113329	0	1
8000	 -1	21513.8	0.000173623	5.99466e-08	3
8000	 1	21513.8	0.000114742	8.33177e-09	3
8000	 -2	32677.6	0.000120896	0	1
8000	 2	32677.6	9.36894e-05	2.80152e-10	3
8000	 -3	38983.1	9.62757e-05	0	1
8000	 3	38983.1	7.78112e-05	0	1
8000	 -4	41283.7	6.96758e-05	0	1
8000	 4	41283.7	5.89112e-05	0	1
8000	 -5	38859.7	5.05097e-05	0	1
8000	 5	38859.8	4.36904e-05	0	1
8000	 -6	34188.5	2.53534e-05	0	1
8000	 6	34188.5	2.23959e-05	0	1
8100	 0	8818.92	0.000177402	0	1
8100	 0	8818.92	0.00013031	0	1
8100	 -1	24620.7	0.000194959	5.6073e-08	3
8100	 1	24620.7	0.000131483	7.43698e-09	3
8100	 -2	37398.4	0.000137324	0	1
8100	 2	37398.4	0.000108053	2.65721e-10	3
8100	 -3	44663.1	0.000109772	0	1
8100	 3	44663.1	8.99326e-05	0	1
8100	 -4	47322.3	7.98475e-05	0	1
8100	 4	47322.3	6.82948e-05	0	1
8100	 -5	44612	5.8058e-05	0	1
8100	 5	44612	5.07438e-05	0	1
8100	 -6	39286.5	2.92301e-05	0	1
8100	 6	39286.5	2.60592e-05	0	1
8200	 0	10080.2	0.000200514	0	1
8200	 0	10080.2	0.000149754	0	1
8200	 -1	28177.6	0.000219054	5.24354e-08	3
8200	 1	28177.6	0.000150624	6.63962e-09	3
8200	 -2	42803.7	0.000156029	0	1
8200	 2	42803.7	0.000124526	2.52068e-10	3
8200	 -3	51172	0.000125181	0	1
8200	 3	51172	0.000103853	0	1
8200	 -4	54245.8	9.15054e-05	0	1
8200	 4	54245.8	7.91019e-05	0	1
8200	 -5	51215.3	6.67298e-05	0	1
8200	 5	51215.3	5.88822e-05	0	1
8200	 -6	45144	3.36942e-05	0	1
8200	 6	45144	3.02939e-05	0	1
8300	 0	11523	0.000226743	0	1
8300	 0	11523	0.00017202	0	1
8300	 -1	32249.9	0.000246281	4.90215e-08	3
8300	 1	32249.9	0.000172511	5.92616e-09	3
8300	 -2	48993	0.000177334	0	1
8300	 2	48993	0.000143414	2.39159e-10	3
8300	 -3	58631.1	0.000142775	0	1
8300	 3	58631.1	0.000119836	0	1
8300	 -4	62184.1	0.000104867	0	1
8300	 4	62184.1	9.15428e-05	0	1
8300	 -5	58795.5	7.66917e-05	0	1
8300	 5	58795.5	6.82678e-05	0	1
8300	 -6	51874	3.88342e-05	0	1
8300	 6	51874	3.51865e-05	0	1
8400	 0	13173.7	0.000256523	0	1
8400	 0	13173.7	0.000197518	0	1
8400	 -1	36912.4	0.000277068	4.58195e-08	3
8400	 1	36912.4	0.000197539	5.28482e-09	3
8400	 -2	56080.5	0.000201606	0	1
8400	 2	56080.5	0.000165068	2.26958e-10	3
8400	 -3	67179.2	0.000162868	0	1
8400	 3	67179.2	0.000138182	0	1
8400	 -4	71286.1	0.000120181	0	1
8400	 4	71286.1	0.000105859	0	1
8400	 -5	67496.9	8.81351e-05	0	1
8400	 5	67496.9	7.9087e-05	0	1
8400	 -6	59606.5	4.47516e-05	0	1
8400	 6	59606.5	4.08363e-05	0	1
8500	 0	15062.2	0.000290349	0	1
8500	 0	15062.2	0.000226718	0	1
8500	 -1	42250.9	0.000311898	4.28179e-08	3
8500	 1	42250.9	0.00022616	4.70574e-09	3
8500	 -2	64196.8	0.000229265	0	1
8500	 2	64196.8	0.000189892	2.15433e-10	3
8500	 -3	76975.6	0.000185817	0	1
8500	 3	76975.6	0.000159235	0	1
8500	 -4	81722.7	0.000137734	0	1
8500	 4	81722.7	0.000122328	0	1
8500	 -5	77485.5	0.00010128	0	1
8500	 5	77485.5	9.1554e-05	0	1
8500	 -6	68490.7	5.15632e-05	0	1
8500	 6	68490.7	4.73577e-05	0	1
8600	 0	17223	0.000328782	0	1
8600	 0	17223	0.000260156	0	1
8600	 -1	48363.6	0.000351323	4.00058e-08	3
8600	 1	48363.6	0.00025889	4.18091e-09	3
8600	 -2	73491.6	0.00026079	0	1
8600	 2	73491.6	0.000218346	2.04549e-10	3
8600	 -3	88202.9	0.000212032	0	1
8600	 3	88202.9	0.000183392	0	1
8600	 -4	93689.8	0.000157852	0	1
8600	 4	93689.8	0.000141269	0	1
8600	 -5	88951.6	0.000116377	0	1
8600	 5	88951.6	0.000105915	0	1
8600	 -6	78698	5.9403e-05	0	1
8600	 6	78698	5.48823e-05	0	1
8700	 0	19695.6	0.000372466	0	1
8700	 0	19695.6	0.000298447	0	1
8700	 -1	55363.1	0.000395972	3.73725e-08	3
8700	 1	55363.1	0.000296321	3.70399e-09	3
8700	 -2	84136.5	0.000296727	0	1
8700	 2	84136.6	0.000250958	1.94276e-10	3
8700	 -3	101070	0.00024198	0	1
8700	 3	101070	0.000211106	0	1
8700	 -4	107412	0.000180911	0	1
8700	 4	107412	0.000163048	0	1
8700	 -5	102114	0.000133716	0	1
8700	 5	102114	0.000122454	0	1
8700	 -6	90425.4	6.84249e-05	0	1
8700	 6	90425.4	6.35614e-05	0	1
8800	 0	22525	0.000422135	0	1
8800	 0	22525	0.000342295	0	1
8800	 -1	63378.3	0.000446563	3.49078e-08	3
8800	 1	63378.3	0.000339128	3.27005e-09	3
8800	 -2	96328.1	0.000337703	0	1
8800	 2	96328.1	0.000288336	1.84582e-10	3
8800	 -3	115818	0.000276195	0	1
8800	 3	115818	0.000242899	0	1
8800	 -4	123148	0.000207338	0	1
8800	 4	123148	0.000188084	0	1
8800	 -5	117223	0.000153628	0	1
8800	 5	117223	0.000141495	0	1
8800	 -6	103899	7.88059e-05	0	1
8800	 6	103899	7.35692e-05	0	1
8900	 0	25763	0.000478624	0	1
8900	 0	25763	0.000392504	0	1
8900	 -1	72556.9	0.000503912	3.26019e-08	3
8900	 1	72556.9	0.000388087	2.87531e-09	3
8900	 -2	110292	0.000384432	0	1
8900	 2	110292	0.000331171	1.75437e-10	3
8900	 -3	132720	0.000315289	0	1
8900	 3	132720	0.000279366	0	1
8900	 -4	141192	0.000237626	0	1
8900	 4	141192	0.000216861	0	1
8900	 -5	134567	0.000176494	0	1
8900	 5	134567	0.000163412	0	1
8900	 -6	119379	9.07489e-05	0	1
8900	 6	119379	8.5106e-05	0	1
9000	 0	29468.8	0.00054289	0	1
9000	 0	29468.8	0.000449996	0	1
9000	 -1	83068.1	0.00056895	3.04456e-08	3
9000	 1	83068.1	0.000444082	2.51678e-09	3
9000	 -2	126285	0.00043773	0	1
9000	 2	126285	0.00038026	1.66811e-10	3
9000	 -3	152093	0.000359961	0	1
9000	 3	152093	0.000321193	0	1
9000	 -4	161884	0.000272337	0	1
9000	 4	161884	0.000249931	0	1
9000	 -5	154476	0.000202748	0	1
9000	 5	154476	0.000188637	0	1
9000	 -6	137164	0.000104487	0	1
9000	 6	137164	9.84022e-05	0	1
9100	 0	33710.3	0.000616022	0	1
9100	 0	33710.3	0.000515825	0	1
9100	 -1	95105.8	0.00064274	2.84299e-08	3
9100	 1	95105.8	0.000508128	2.19208e-09	3
9100	 -2	144605	0.000498528	0	1
9100	 2	144605	0.000436512	1.58678e-10	3
9100	 -3	174298	0.000411011	0	1
9100	 3	174298	0.000369163	0	1
9100	 -4	185613	0.000312117	0	1
9100	 4	185613	0.000287932	0	1
9100	 -5	177330	0.000232891	0	1
9100	 5	177330	0.000217661	0	1
9100	 -6	157597	0.000120289	0	1
9100	 6	157597	0.000113723	0	1
9200	 0	38565.1	0.000699267	0	1
9200	 0	38565.1	0.000591199	0	1
9200	 -1	108892	0.000726493	2.65465e-08	3
9200	 1	108892	0.000581385	1.89918e-09	3
9200	 -2	165589	0.000567895	0	1
9200	 2	165589	0.00050097	1.51008e-10	3
9200	 -3	199749	0.000469354	0	1
9200	 3	199749	0.000424174	0	1
9200	 -4	212825	0.000357706	0	1
9200	 4	212825	0.000331592	0	1
9200	 -5	203565	0.000267498	0	1
9200	 5	203565	0.000251054	0	1
9200	 -6	181071	0.000138461	0	1
9200	 6	181071	0.000131373	0	1
9300	 0	44122.3	0.000794046	0	1
9300	 0	44122.3	0.000677499	0	1
9300	 -1	124682	0.000821594	2.47872e-08	3
9300	 1	124682	0.000665183	1.63627e-09	3
9300	 -2	189627	0.000647048	0	1
9300	 2	189627	0.000574828	1.43777e-10	3
9300	 -3	228923	0.000536036	0	1
9300	 3	228923	0.000487259	0	1
9300	 -4	244032	0.000409949	0	1
9300	 4	244032	0.000381749	0	1
9300	 -5	233679	0.000307225	0	1
9300	 5	233679	0.000289466	0	1
9300	 -6	208040	0.000159356	0	1
9300	 6	208040	0.000151702	0	1
9400	 0	50483.7	0.000901985	0	1
9400	 0	50483.7	0.000776307	0	1
9400	 -1	142766	0.000929619	2.31443e-08	3
9400	 1	142766	0.000761043	1.40159e-09	3
9400	 -2	217163	0.000737382	0	1
9400	 2	217163	0.000659454	1.36958e-10	3
9400	 -3	262363	0.000612257	0	1
9400	 3	262363	0.000559596	0	1
9400	 -4	279821	0.000469819	0	1
9400	 4	279821	0.000439363	0	1
9400	 -5	268248	0.00035283	0	1
9400	 5	268248	0.000333647	0	1
9400	 -6	239024	0.000183382	0	1
9400	 6	239024	0.000175114	0	1
9500	 0	57766.2	0.00102494	0	1
9500	 0	57766.2	0.000889435	0	1
9500	 -1	163479	0.00105237	2.16108e-08	3
9500	 1	163479	0.000870709	1.19341e-09	3
9500	 -2	248709	0.000840491	0	1
9500	 2	248709	0.000756415	1.30526e-10	3
9500	 -3	300694	0.000699387	0	1
9500	 3	300694	0.00064254	0	1
9500	 -4	320865	0.000538428	0	1
9500	 4	320865	0.000505537	0	1
9500	 -5	307930	0.000405177	0	1
9500	 5	307930	0.000384456	0	1
9500	 -6	274619	0.000211003	0	1
9500	 6	274619	0.000202072	0	1
9600	 0	66103.5	0.00116504	0	1
9600	 0	66103.5	0.00101896	0	1
9600	 -1	187204	0.00119191	2.01797e-08	3
9600	 1	187204	0.000996175	1.00995e-09	3
9600	 -2	284848	0.000958199	0	1
9600	 2	284848	0.000867504	1.24458e-10	3
9600	 -3	344633	0.000798997	0	1
9600	 3	344633	0.000737639	0	1
9600	 -4	367938	0.000617052	0	1
9600	 4	367938	0.000581535	0	1
9600	 -5	353481	0.000465262	0	1
9600	 5	353481	0.00044288	0	1
9600	 -6	315512	0.000242755	0	1
9600	 6	315512	0.000233107	0	1
9700	 0	75648.9	0.0013247	0	1
9700	 0	75648.9	0.00116725	0	1
9700	 -1	214380	0.00135059	1.88444e-08	3
9700	 1	214380	0.00113972	8.4938e-10	3
9700	 -2	326251	0.00109259	0	1
9700	 2	326251	0.000994778	1.1873e-10	3
9700	 -3	395001	0.000912883	0	1
9700	 3	395001	0.000846671	0	1
9700	 -4	421926	0.000707152	0	1
9700	 4	421926	0.000668807	0	1
9700	 -5	405770	0.000534226	0	1
9700	 5	405770	0.000510055	0	1
9700	 -6	362491	0.000279253	0	1
9700	 6	362491	0.000268831	0	1
9800	 0	86578	0.0015067	0	1
9800	 0	86578	0.00133703	0	1
9800	 -1	245510	0.0015311	1.7599e-08	3
9800	 1	245510	0.00130397	7.09847e-10	3
9800	 -2	373686	0.00124606	0	1
9800	 2	373686	0.00114059	1.13318e-10	3
9800	 -3	452741	0.0010431	0	1
9800	 3	452741	0.000971672	0	1
9800	 -4	483845	0.000810407	0	1
9800	 4	483845	0.000769017	0	1
9800	 -5	465792	0.000613378	0	1
9800	 5	465792	0.00058728	0	1
9800	 -6	416462	0.000321202	0	1
9800	 6	416462	0.000309947	0	1
9900	 0	99091.8	0.00171422	0	1
9900	 0	99091.8	0.00153141	0	1
9900	 -1	281169	0.0017365	1.64376e-08	3
9900	 1	281169	0.00149191	5.89471e-10	3
9900	 -2	428035	0.00142133	0	1
9900	 2	428035	0.00130764	1.08202e-10	3
9900	 -3	518931	0.00119202	0	1
9900	 3	518931	0.00111497	0	1
9900	 -4	554861	0.000928736	0	1
9900	 4	554861	0.000884074	0	1
9900	 -5	534692	0.000704223	0	1
9900	 5	534692	0.000676052	0	1
9900	 -6	478465	0.000369414	0	1
9900	 6	478465	0.000357262	0	1
10000	 0	113421	0.00195087	0	1
10000	 0	113421	0.00175396	0	1
10000	 -1	322018	0.0019703	1.53548e-08	3
10000	 1	322018	0.00170697	4.86381e-10	3
10000	 -2	490305	0.00162153	0	1
10000	 2	490305	0.001499	1.03358e-10	3
10000	 -3	594811	0.00136232	0	1
10000	 3	594811	0.00127925	0	1
10000	 -4	636312	0.00106435	0	1
10000	 4	636312	0.00101617	0	1
10000	 -5	613783	0.000808485	0	1
10000	 5	613783	0.000778086	0	1
10000	 -6	549693	0.000424821	0	1
10000	 6	549693	0.000411704	0	1
10100	 0	129829	0.00222082	0	1
10100	 0	129829	0.00200875	0	1
10100	 -1	368813	0.00223653	1.43453e-08	3
10100	 1	368813	0.00195306	3.98744e-10	3
10100	 -2	561654	0.00185023	0	1
10100	 2	561654	0.00171823	9.87648e-11	3
10100	 -3	681801	0.0015571	0	1
10100	 3	681801	0.00146755	0	1
10100	 -4	729734	0.00121976	0	1
10100	 4	729734	0.0011678	0	1
10100	 -5	704572	0.000928146	0	1
10100	 5	704572	0.000895351	0	1
10100	 -6	631521	0.000488493	0	1
10100	 6	631521	0.00047434	0	1
10200	 0	148619	0.00252879	0	1
10200	 0	148619	0.00230047	0	1
10200	 -1	422423	0.00253975	1.34045e-08	3
10200	 1	422423	0.00223469	3.24792e-10	3
10200	 -2	643408	0.00211155	0	1
10200	 2	643408	0.00196936	9.44011e-11	3
10200	 -3	781528	0.0017799	0	1
10200	 3	781528	0.00168341	0	1
10200	 -4	836888	0.00139788	0	1
10200	 4	836888	0.00134187	0	1
10200	 -5	808789	0.00106548	0	1
10200	 5	808789	0.00103011	0	1
10200	 -6	725525	0.000561659	0	1
10200	 6	725525	0.000546392	0	1
10300	 0	170138	0.00288023	0	1
10300	 0	170138	0.00263445	0	1
10300	 -1	483840	0.00288522	1.25278e-08	3
10300	 1	483840	0.00255698	2.62849e-10	3
10300	 -2	737086	0.00241015	0	1
10300	 2	737086	0.00225704	9.02451e-11	3
10300	 -3	895860	0.00203478	0	1
10300	 3	895860	0.00193082	0	1
10300	 -4	959792	0.00160203	0	1
10300	 4	959792	0.00154166	0	1
10300	 -5	928422	0.00122309	0	1
10300	 5	928422	0.00118496	0	1
10300	 -6	833514	0.000645732	0	1
10300	 6	833514	0.00062927	0	1
10400	 0	194782	0.00328134	0	1
10400	 0	194782	0.00301683	0	1
10400	 -1	554203	0.00327894	1.17108e-08	3
10400	 1	554203	0.00292583	2.11345e-10	3
10400	 -2	844432	0.00275142	0	1
10400	 2	844432	0.00258658	8.62751e-11	3
10400	 -3	1.02694e+06	0.00232638	0	1
10400	 3	1.02694e+06	0.00221441	0	1
10400	 -4	1.10077e+06	0.00183601	0	1
10400	 4	1.10077e+06	0.00177096	0	1
10400	 -5	1.06575e+06	0.00140397	0	1
10400	 5	1.06575e+06	0.00136288	0	1
10400	 -6	957571	0.000742332	0	1
10400	 6	957571	0.000724587	0	1
10500	 0	223007	0.00373922	0	1
10500	 0	223007	0.00345462	0	1
10500	 -1	634819	0.00372774	1.09496e-08	3
10500	 1	634819	0.00334796	1.68835e-10	3
10500	 -2	967442	0.00314148	0	1
10500	 2	967442	0.00296407	8.24694e-11	3
10500	 -3	1.17722e+06	0.00266002	0	1
10500	 3	1.17722e+06	0.00253946	0	1
10500	 -4	1.26247e+06	0.00210419	0	1
10500	 4	1.26247e+06	0.00203413	0	1
10500	 -5	1.22339e+06	0.00161156	0	1
10500	 5	1.22339e+06	0.0015673	0	1
10500	 -6	1.10008e+06	0.000853323	0	1
10500	 6	1.10008e+06	0.000834202	0	1
10600	 0	255334	0.00426201	0	1
10600	 0	255334	0.00395585	0	1
10600	 -1	727182	0.00423949	1.02405e-08	3
10600	 1	727182	0.00383108	1.34003e-10	3
10600	 -2	1.10841e+06	0.00358739	0	1
10600	 2	1.10841e+06	0.00339648	7.8806e-11	3
10600	 -3	1.34951e+06	0.00304179	0	1
10600	 3	1.34951e+06	0.00291201	0	1
10600	 -4	1.44794e+06	0.00241159	0	1
10600	 4	1.44794e+06	0.00233615	0	1
10600	 -5	1.40435e+06	0.00184981	0	1
10600	 5	1.40435e+06	0.00180213	0	1
10600	 -6	1.2638e+06	0.000980845	0	1
10600	 6	1.2638e+06	0.000960247	0	1
10700	 0	292360	0.00485899	0	1
10700	 0	292360	0.00452971	0	1
10700	 -1	833008	0.00482315	9.57982e-09	3
10700	 1	833008	0.00438402	1.0567e-10	3
10700	 -2	1.26995e+06	0.00409718	0	1
10700	 2	1.26995e+06	0.00389179	7.52628e-11	3
10700	 -3	1.54706e+06	0.00347868	0	1
10700	 3	1.54706e+06	0.00333901	0	1
10700	 -4	1.6607e+06	0.00276395	0	1
10700	 4	1.6607e+06	0.00268273	0	1
10700	 -5	1.61207e+06	0.00212324	0	1
10700	 5	1.61207e+06	0.0020719	0	1
10700	 -6	1.45187e+06	0.00112735	0	1
10700	 6	1.45187e+06	0.00110517	0	1
10800	 0	334772	0.00554082	0	1
10800	 0	334772	0.00518674	0	1
10800	 -1	954263	0.00548897	8.96437e-09	3
10800	 1	954263	0.00501689	8.27885e-11	3
10800	 -2	1.45508e+06	0.00468009	0	1
10800	 2	1.45508e+06	0.00445917	7.18175e-11	3
10800	 -3	1.77355e+06	0.00397868	0	1
10800	 3	1.77355e+06	0.0038284	0	1
10800	 -4	1.90474e+06	0.00316785	0	1
10800	 4	1.90474e+06	0.00308044	0	1
10800	 -5	1.85052e+06	0.00243704	0	1
10800	 5	1.85052e+06	0.00238178	0	1
10800	 -6	1.66791e+06	0.00129567	0	1
10800	 6	1.66791e+06	0.00127179	0	1
10900	 0	383352	0.00631967	0	1
10900	 0	383352	0.00593898	0	1
10900	 -1	1.0932e+06	0.0062487	8.39103e-09	3
10900	 1	1.0932e+06	0.00574125	6.4443e-11	3
10900	 -2	1.66725e+06	0.00534666	0	1
10900	 2	1.66725e+06	0.00510909	6.84482e-11	3
10900	 -3	2.03324e+06	0.00455095	0	1
10900	 3	2.03324e+06	0.00438929	0	1
10900	 -4	2.18469e+06	0.00363084	0	1
10900	 4	2.18469e+06	0.00353679	0	1
10900	 -5	2.12425e+06	0.00279719	0	1
10900	 5	2.12425e+06	0.00273771	0	1
10900	 -6	1.9161e+06	0.00148905	0	1
10900	 6	1.9161e+06	0.00146334	0	1
11000	 0	439001	0.00720948	0	1
11000	 0	439001	0.00680023	0	1
11000	 -1	1.2524e+06	0.00711575	7.85691e-09	3
11000	 1	1.2524e+06	0.00657035	4.98389e-11	3
11000	 -2	1.9104e+06	0.00610899	0	1
11000	 2	1.9104e+06	0.00585355	6.51332e-11	3
11000	 -3	2.33099e+06	0.00520601	0	1
11000	 3	2.33099e+06	0.00503212	0	1
11000	 -4	2.50581e+06	0.0041616	0	1
11000	 4	2.50581e+06	0.00406042	0	1
11000	 -5	2.43846e+06	0.00321052	0	1
11000	 5	2.43846e+06	0.00314652	0	1
11000	 -6	2.2012e+06	0.00171119	0	1
11000	 6	2.2012e+06	0.00168353	0	1
11100	 0	502749	0.00822618	0	1
11100	 0	502749	0.00778632	0	1
11100	 -1	1.43481e+06	0.0081055	7.35928e-09	3
11100	 1	1.43481e+06	0.00751935	3.82957e-11	3
11100	 -2	2.18908e+06	0.00698092	0	1
11100	 2	2.18908e+06	0.00670631	6.18521e-11	3
11100	 -3	2.6724e+06	0.00595586	0	1
11100	 3	2.6724e+06	0.00576887	0	1
11100	 -4	2.87418e+06	0.00477006	0	1
11100	 4	2.87418e+06	0.00466122	0	1
11100	 -5	2.79915e+06	0.00368489	0	1
11100	 5	2.79915e+06	0.00361604	0	1
11100	 -6	2.5287e+06	0.00196639	0	1
11100	 6	2.5287e+06	0.00193663	0	1
11200	 0	575777	0.00938805	0	1
11200	 0	575777	0.00891532	0	1
11200	 -1	1.64385e+06	0.00923552	6.89562e-09	3
11200	 1	1.64385e+06	0.00860562	2.92363e-11	3
11200	 -2	2.50849e+06	0.00797831	0	1
11200	 2	2.50849e+06	0.00768313	5.85861e-11	3
11200	 -3	3.06386e+06	0.0068143	0	1
11200	 3	3.06386e+06	0.00661325	0	1
11200	 -4	3.29676e+06	0.00546759	0	1
11200	 4	3.29676e+06	0.00535055	0	1
11200	 -5	3.2132e+06	0.00422932	0	1
11200	 5	3.2132e+06	0.00415526	0	1
11200	 -6	2.90492e+06	0.00225955	0	1
11200	 6	2.90492e+06	0.00222753	0	1
11300	 0	659439	0.010716	0	1
11300	 0	659439	0.010208	0	1
11300	 -1	1.88339e+06	0.0105259	6.46355e-09	3
11300	 1	1.88339e+06	0.00984903	2.21762e-11	3
11300	 -2	2.87457e+06	0.00911932	0	1
11300	 2	2.87457e+06	0.00880206	5.53192e-11	3
11300	 -3	3.51273e+06	0.00779712	0	1
11300	 3	3.51273e+06	0.00758098	0	1
11300	 -4	3.78151e+06	0.00626729	0	1
11300	 4	3.78151e+06	0.00614143	0	1
11300	 -5	3.6885e+06	0.00485416	0	1
11300	 5	3.6885e+06	0.00477451	0	1
11300	 -6	3.33709e+06	0.00259631	0	1
11300	 6	3.33709e+06	0.00256187	0	1
11400	 0	755287	0.0122339	0	1
11400	 0	755287	0.011688	0	1
11400	 -1	2.15788e+06	0.0119997	6.06086e-09	3
11400	 1	2.15788e+06	0.0112724	1.67127e-11	3
11400	 -2	3.29417e+06	0.0104247	0	1
11400	 2	3.29417e+06	0.0100838	5.2039e-11	3
11400	 -3	4.02742e+06	0.00892242	0	1
11400	 3	4.02742e+06	0.00869008	0	1
11400	 -4	4.3376e+06	0.00718411	0	1
11400	 4	4.3376e+06	0.0070488	0	1
11400	 -5	4.23411e+06	0.00557129	0	1
11400	 5	4.23411e+06	0.00548564	0	1
11400	 -6	3.83354e+06	0.00298315	0	1
11400	 6	3.83354e+06	0.00294611	0	1
11500	 0	865098	0.0139691	0	1
11500	 0	865098	0.0133826	0	1
11500	 -1	2.47245e+06	0.0136833	5.68546e-09	3
11500	 1	2.47245e+06	0.0129017	1.25142e-11	3
11500	 -2	3.77511e+06	0.0119184	0	1
11500	 2	3.77511e+06	0.011552	4.87385e-11	3
11500	 -3	4.61761e+06	0.0102109	0	1
11500	 3	4.61761e+06	0.00996122	0	1
11500	 -4	4.97554e+06	0.00823526	0	1
11500	 4	4.97554e+06	0.00808981	0	1
11500	 -5	4.86044e+06	0.00639434	0	1
11500	 5	4.86044e+06	0.00630226	0	1
11500	 -6	4.40381e+06	0.0034275	0	1
11500	 6	4.40381e+06	0.00338768	0	1
11600	 0	990910	0.015953	0	1
11600	 0	990910	0.0153229	0	1
11600	 -1	2.83294e+06	0.0156068	5.33542e-09	3
11600	 1	2.83294e+06	0.0147668	9.31014e-12	3
11600	 -2	4.32637e+06	0.0136275	0	1
11600	 2	4.32637e+06	0.0132339	4.54167e-11	3
11600	 -3	5.29438e+06	0.0116864	0	1
11600	 3	5.29438e+06	0.0114181	0	1
11600	 -4	5.70737e+06	0.00944043	0	1
11600	 4	5.70737e+06	0.00928411	0	1
11600	 -5	5.57942e+06	0.00733896	0	1
11600	 5	5.57942e+06	0.00723998	0	1
11600	 -6	5.0589e+06	0.00393791	0	1
11600	 6	5.0589e+06	0.00389511	0	1
11700	 0	1.13506e+06	0.0182215	0	1
11700	 0	1.13506e+06	0.0175445	0	1
11700	 -1	3.24608e+06	0.0178047	5.00892e-09	3
11700	 1	3.24608e+06	0.016902	6.88192e-12	3
11700	 -2	4.95826e+06	0.0155834	0	1
11700	 2	4.95826e+06	0.0151605	4.20797e-11	3
11700	 -3	6.07043e+06	0.0133761	0	1
11700	 3	6.07043e+06	0.0130877	0	1
11700	 -4	6.54693e+06	0.0108222	0	1
11700	 4	6.54693e+06	0.0106542	0	1
11700	 -5	6.40477e+06	0.00842312	0	1
11700	 5	6.40477e+06	0.00831673	0	1
11700	 -6	5.81141e+06	0.0045242	0	1
11700	 6	5.81141e+06	0.00447819	0	1
11800	 0	1.30023e+06	0.0208157	0	1
11800	 0	1.30023e+06	0.0200883	0	1
11800	 -1	3.71955e+06	0.0203165	4.70426e-09	3
11800	 1	3.71955e+06	0.0193464	5.05435e-12	3
11800	 -2	5.68257e+06	0.0178219	0	1
11800	 2	5.68257e+06	0.0173674	3.87413e-11	3
11800	 -3	6.96034e+06	0.0153112	0	1
11800	 3	6.96034e+06	0.0150014	0	1
11800	 -4	7.5101e+06	0.0124066	0	1
11800	 4	7.5101e+06	0.0122261	0	1
11800	 -5	7.35222e+06	0.00966743	0	1
11800	 5	7.35222e+06	0.00955309	0	1
11800	 -6	6.67582e+06	0.00519762	0	1
11800	 6	6.67582e+06	0.00514817	0	1
11900	 0	1.48947e+06	0.0237825	0	1
11900	 0	1.48947e+06	0.0230011	0	1
11900	 -1	4.26218e+06	0.0231875	4.41984e-09	3
11900	 1	4.26218e+06	0.0221447	3.68828e-12	3
11900	 -2	6.51284e+06	0.0203839	0	1
11900	 2	6.51284e+06	0.0198956	3.54229e-11	3
11900	 -3	7.98084e+06	0.0175275	0	1
11900	 3	7.98084e+06	0.0171946	0	1
11900	 -4	8.61507e+06	0.0142232	0	1
11900	 4	8.61507e+06	0.0140293	0	1
11900	 -5	8.43984e+06	0.0110956	0	1
11900	 5	8.43984e+06	0.0109727	0	1
11900	 -6	7.66878e+06	0.00597111	0	1
11900	 6	7.66878e+06	0.00591798	0	1
12000	 0	1.70632e+06	0.0271759	0	1
12000	 0	1.70632e+06	0.0263363	0	1
12000	 -1	4.8841e+06	0.0264695	4.15418e-09	3
12000	 1	4.8841e+06	0.0253485	2.67417e-12	3
12000	 -2	7.4646e+06	0.0233164	0	1
12000	 2	7.4646e+06	0.0227918	3.21521e-11	3
12000	 -3	9.15111e+06	0.0200659	0	1
12000	 3	9.15111e+06	0.0197083	0	1
12000	 -4	9.88273e+06	0.0163063	0	1
12000	 4	9.88273e+06	0.0160979	0	1
12000	 -5	9.68838e+06	0.0127347	0	1
12000	 5	9.68838e+06	0.0126027	0	1
12000	 -6	8.80938e+06	0.00685954	0	1
12000	 6	8.80938e+06	0.00680246	0	1
12100	 0	1.95481e+06	0.0310575	0	1
12100	 0	1.95481e+06	0.0301553	0	1
12100	 -1	5.59688e+06	0.0302217	3.90588e-09	3
12100	 1	5.59688e+06	0.0290165	1.92646e-12	3
12100	 -2	8.55564e+06	0.0266733	0	1
12100	 2	8.55564e+06	0.0261096	2.89613e-11	3
12100	 -3	1.04931e+07	0.0229736	0	1
12100	 3	1.04931e+07	0.0225894	0	1
12100	 -4	1.13371e+07	0.0186949	0	1
12100	 4	1.13371e+07	0.018471	0	1
12100	 -5	1.11216e+07	0.0146159	0	1
12100	 5	1.11216e+07	0.0144741	0	1
12100	 -6	1.01196e+07	0.00787998	0	1
12100	 6	1.01196e+07	0.00781865	0	1
12200	 0	2.23955e+06	0.035498	0	1
12200	 0	2.23955e+06	0.0345284	0	1
12200	 -1	6.41383e+06	0.034512	3.67363e-09	3
12200	 1	6.41383e+06	0.0332161	1.37892e-12	3
12200	 -2	9.80637e+06	0.0305162	0	1
12200	 2	9.80637e+06	0.0299105	2.58847e-11	3
12200	 -3	1.20322e+07	0.0263042	0	1
12200	 3	1.20322e+07	0.0258915	0	1
12200	 -4	1.30056e+07	0.0214338	0	1
12200	 4	1.30056e+07	0.0211934	0	1
12200	 -5	1.27669e+07	0.0167752	0	1
12200	 5	1.27669e+07	0.0166228	0	1
12200	 -6	1.16246e+07	0.00905201	0	1
12200	 6	1.16246e+07	0.00898613	0	1
12300	 0	2.56584e+06	0.0405781	0	1
12300	 0	2.56584e+06	0.039536	0	1
12300	 -1	7.3502e+06	0.0394182	3.4562e-09	3
12300	 1	7.3502e+06	0.0380244	9.80684e-13	3
12300	 -2	1.12402e+07	0.0349157	0	1
12300	 2	1.12402e+07	0.0342647	2.2956e-11	3
12300	 -3	1.37971e+07	0.0301196	0	1
12300	 3	1.37971e+07	0.0296763	0	1
12300	 -4	1.49198e+07	0.0245746	0	1
12300	 4	1.49198e+07	0.0243163	0	1
12300	 -5	1.46557e+07	0.0192534	0	1
12300	 5	1.46557e+07	0.0190898	0	1
12300	 -6	1.33534e+07	0.0103981	0	1
12300	 6	1.33534e+07	0.0103274	0	1
12400	 0	2.93976e+06	0.0463906	0	1
12400	 0	2.93976e+06	0.0452703	0	1
12400	 -1	8.42345e+06	0.0450292	3.25242e-09	3
12400	 1	8.42345e+06	0.0435299	6.92996e-13	3
12400	 -2	1.28839e+07	0.0399527	0	1
12400	 2	1.28839e+07	0.0392531	2.02047e-11	3
12400	 -3	1.58212e+07	0.0344905	0	1
12400	 3	1.58212e+07	0.0340142	0	1
12400	 -4	1.7116e+07	0.0281763	0	1
12400	 4	1.7116e+07	0.0278988	0	1
12400	 -5	1.68239e+07	0.0220979	0	1
12400	 5	1.68239e+07	0.0219221	0	1
12400	 -6	1.53393e+07	0.0119442	0	1
12400	 6	1.53393e+07	0.0118682	0	1
12500	 0	3.36827e+06	0.0530415	0	1
12500	 0	3.36827e+06	0.051837	0	1
12500	 -1	9.65361e+06	0.0514469	3.06121e-09	3
12500	 1	9.65361e+06	0.0498338	4.86571e-13	3
12500	 -2	1.47683e+07	0.0457201	0	1
12500	 2	1.47683e+07	0.044968	1.76548e-11	3
12500	 -3	1.81425e+07	0.0394981	0	1
12500	 3	1.81425e+07	0.0389863	0	1
12500	 -4	1.96357e+07	0.0323065	0	1
12500	 4	1.96357e+07	0.0320085	0	1
12500	 -5	1.93129e+07	0.0253627	0	1
12500	 5	1.93129e+07	0.0251738	0	1
12500	 -6	1.76204e+07	0.01372	0	1
12500	 6	1.76204e+07	0.0136383	0	1
12600	 0	3.85935e+06	0.0606523	0	1
12600	 0	3.85935e+06	0.0593569	0	1
12600	 -1	1.10637e+07	0.058788	2.88154e-09	3
12600	 1	1.10637e+07	0.0570522	3.3945e-13	3
12600	 -2	1.69287e+07	0.052324	0	1
12600	 2	1.69287e+07	0.0515154	1.53225e-11	3
12600	 -3	2.08047e+07	0.0452352	0	1
12600	 3	2.08047e+07	0.0446853	0	1
12600	 -4	2.25266e+07	0.037043	0	1
12600	 4	2.25266e+07	0.0367229	0	1
12600	 -5	2.21702e+07	0.0291099	0	1
12600	 5	2.21702e+07	0.028907	0	1
12600	 -6	2.02406e+07	0.0157594	0	1
12600	 6	2.02406e+07	0.0156717	0	1
12700	 0	4.42216e+06	0.069362	0	1
12700	 0	4.42216e+06	0.0679687	0	1
12700	 -1	1.268e+07	0.0671861	2.71246e-09	3
12700	 1	1.268e+07	0.0653179	2.353e-13	3
12700	 -2	1.94055e+07	0.0598862	0	1
12700	 2	1.94055e+07	0.0590167	1.3216e-11	3
12700	 -3	2.38579e+07	0.0518085	0	1
12700	 3	2.38579e+07	0.0512175	0	1
12700	 -4	2.58434e+07	0.0424749	0	1
12700	 4	2.58434e+07	0.0421309	0	1
12700	 -5	2.54503e+07	0.0334108	0	1
12700	 5	2.54503e+07	0.033193	0	1
12700	 -6	2.32505e+07	0.0181017	0	1
12700	 6	2.32505e+07	0.0180076	0	1
12800	 0	5.06717e+06	0.07933	0	1
12800	 0	5.06717e+06	0.077831	0	1
12800	 -1	1.45327e+07	0.0767943	2.55304e-09	3
12800	 1	1.45327e+07	0.0747831	1.62064e-13	3
12800	 -2	2.22452e+07	0.0685462	0	1
12800	 2	2.22452e+07	0.0676109	1.13358e-11	3
12800	 -3	2.73595e+07	0.0593402	0	1
12800	 3	2.73595e+07	0.0587048	0	1
12800	 -4	2.96489e+07	0.0487043	0	1
12800	 4	2.96489e+07	0.0483347	0	1
12800	 -5	2.92157e+07	0.0383474	0	1
12800	 5	2.92157e+07	0.0381134	0	1
12800	 -6	2.67078e+07	0.0207919	0	1
12800	 6	2.67078e+07	0.0206907	0	1
12900	 0	5.80642e+06	0.0907389	0	1
12900	 0	5.80642e+06	0.0891257	0	1
12900	 -1	1.66564e+07	0.0877877	2.40244e-09	3
12900	 1	1.66564e+07	0.0856223	1.10909e-13	3
12900	 -2	2.55008e+07	0.0784638	0	1
12900	 2	2.55008e+07	0.0774576	9.67553e-12	3
12900	 -3	3.13754e+07	0.0679702	0	1
12900	 3	3.13754e+07	0.0672872	0	1
12900	 -4	3.40151e+07	0.0558485	0	1
12900	 4	3.40151e+07	0.0554513	0	1
12900	 -5	3.35383e+07	0.0440136	0	1
12900	 5	3.35383e+07	0.0437621	0	1
12900	 -6	3.06791e+07	0.0238814	0	1
12900	 6	3.06791e+07	0.0237728	0	1
13000	 0	6.6537e+06	0.103798	0	1
13000	 0	6.6537e+06	0.102061	0	1
13000	 -1	1.90909e+07	0.100367	2.25984e-09	3
13000	 1	1.90909e+07	0.0980353	7.54174e-14	3
13000	 -2	2.92335e+07	0.0898222	0	1
13000	 2	2.92335e+07	0.0887394	8.22361e-12	3
13000	 -3	3.59814e+07	0.0778593	0	1
13000	 3	3.59814e+07	0.0771248	0	1
13000	 -4	3.90246e+07	0.064042	0	1
13000	 4	3.90246e+07	0.063615	0	1
13000	 -5	3.85006e+07	0.0505173	0	1
13000	 5	3.85006e+07	0.050247	0	1
13000	 -6	3.52407e+07	0.0274297	0	1
13000	 6	3.52407e+07	0.027313	0	1
13100	 0	7.6248e+06	0.118746	0	1
13100	 0	7.6248e+06	0.116876	0	1
13100	 -1	2.18816e+07	0.114762	2.12451e-09	3
13100	 1	2.18816e+07	0.112251	5.09561e-14	3
13100	 -2	3.35132e+07	0.102831	0	1
13100	 2	3.35132e+07	0.101666	6.96468e-12	3
13100	 -3	4.1264e+07	0.0891913	0	1
13100	 3	4.1264e+07	0.0884013	0	1
13100	 -4	4.47725e+07	0.0734389	0	1
13100	 4	4.47725e+07	0.0729799	0	1
13100	 -5	4.41972e+07	0.0579822	0	1
13100	 5	4.41972e+07	0.0576917	0	1
13100	 -6	4.04806e+07	0.0315048	0	1
13100	 6	4.04806e+07	0.0313794	0	1
13200	 0	8.73785e+06	0.135857	0	1
13200	 0	8.73785e+06	0.133844	0	1
13200	 -1	2.50807e+07	0.131237	1.99574e-09	3
13200	 1	2.50807e+07	0.128532	3.42093e-14	3
13200	 -2	3.84202e+07	0.117732	0	1
13200	 2	3.84202e+07	0.116477	5.88112e-12	3
13200	 -3	4.73229e+07	0.102177	0	1
13200	 3	4.73229e+07	0.101328	0	1
13200	 -4	5.13674e+07	0.0842164	0	1
13200	 4	5.13674e+07	0.0837228	0	1
13200	 -5	5.07368e+07	0.0665505	0	1
13200	 5	5.07368e+07	0.0662381	0	1
13200	 -6	4.64993e+07	0.0361849	0	1
13200	 6	4.64993e+07	0.0360501	0	1
13300	 0	1.00136e+07	0.155446	0	1
13300	 0	1.00136e+07	0.153278	0	1
13300	 -1	2.87482e+07	0.150091	1.87289e-09	3
13300	 1	2.87482e+07	0.147178	2.28201e-14	3
13300	 -2	4.40464e+07	0.134799	0	1
13300	 2	4.40464e+07	0.133448	4.95435e-12	3
13300	 -3	5.42721e+07	0.11706	0	1
13300	 3	5.42721e+07	0.116145	0	1
13300	 -4	5.89343e+07	0.0965773	0	1
13300	 4	5.89343e+07	0.0960463	0	1
13300	 -5	5.82442e+07	0.0763853	0	1
13300	 5	5.82442e+07	0.0760494	0	1
13300	 -6	5.34128e+07	0.0415598	0	1
13300	 6	5.34128e+07	0.0414148	0	1
13400	 0	1.1476e+07	0.177873	0	1
13400	 0	1.1476e+07	0.175537	0	1
13400	 -1	3.29525e+07	0.171672	1.7554e-09	3
13400	 1	3.29525e+07	0.168535	1.51257e-14	3
13400	 -2	5.04974e+07	0.154349	0	1
13400	 2	5.04974e+07	0.152894	4.16586e-12	3
13400	 -3	6.22426e+07	0.134115	0	1
13400	 3	6.22426e+07	0.133131	0	1
13400	 -4	6.76166e+07	0.110755	0	1
13400	 4	6.76166e+07	0.110183	0	1
13400	 -5	6.68626e+07	0.0876738	0	1
13400	 5	6.68626e+07	0.0873126	0	1
13400	 -6	6.13541e+07	0.0477325	0	1
13400	 6	6.13541e+07	0.0475766	0	1
13500	 0	1.31521e+07	0.20355	0	1
13500	 0	1.31521e+07	0.201032	0	1
13500	 -1	3.77724e+07	0.196374	1.64274e-09	3
13500	 1	3.77724e+07	0.192995	9.96184e-15	3
13500	 -2	5.78942e+07	0.176744	0	1
13500	 2	5.78942e+07	0.175176	3.49794e-12	3
13500	 -3	7.13846e+07	0.153662	0	1
13500	 3	7.13846e+07	0.152602	0	1
13500	 -4	7.75787e+07	0.127015	0	1
13500	 4	7.75787e+07	0.126401	0	1
13500	 -5	7.67564e+07	0.100631	0	1
13500	 5	7.67564e+07	0.100242	0	1
13500	 -6	7.04758e+07	0.0548214	0	1
13500	 6	7.04758e+07	0.0546537	0	1
13600	 0	1.50735e+07	0.232948	0	1
13600	 0	1.50735e+07	0.230236	0	1
13600	 -1	4.32981e+07	0.22465	1.53448e-09	3
13600	 1	4.32981e+07	0.221013	6.51917e-15	3
13600	 -2	6.63757e+07	0.202399	0	1
13600	 2	6.63757e+07	0.20071	2.93414e-12	3
13600	 -3	8.18703e+07	0.176065	0	1
13600	 3	8.18703e+07	0.174923	0	1
13600	 -4	8.90093e+07	0.145666	0	1
13600	 4	8.90093e+07	0.145004	0	1
13600	 -5	8.81145e+07	0.115504	0	1
13600	 5	8.81145e+07	0.115086	0	1
13600	 -6	8.09534e+07	0.0629625	0	1
13600	 6	8.09534e+07	0.0627821	0	1
13700	 0	1.72759e+07	0.266609	0	1
13700	 0	1.72759e+07	0.263687	0	1
13700	 -1	4.96329e+07	0.257019	1.43027e-09	3
13700	 1	4.96329e+07	0.253105	4.2391e-15	3
13700	 -2	7.6101e+07	0.231789	0	1
13700	 2	7.6101e+07	0.229969	2.45958e-12	3
13700	 -3	9.38975e+07	0.201742	0	1
13700	 3	9.38975e+07	0.200512	0	1
13700	 -4	1.02125e+08	0.167058	0	1
13700	 4	1.02125e+08	0.166346	0	1
13700	 -5	1.01154e+08	0.132575	0	1
13700	 5	1.01154e+08	0.132125	0	1
13700	 -6	9.29884e+07	0.072312	0	1
13700	 6	9.29884e+07	0.0721177	0	1
13800	 0	1.98006e+07	0.305153	0	1
13800	 0	1.98006e+07	0.302005	0	1
13800	 -1	5.68957e+07	0.294075	1.32983e-09	3
13800	 1	5.68957e+07	0.289866	2.73896e-15	3
13800	 -2	8.72528e+07	0.26546	0	1
13800	 2	8.72528e+07	0.263498	2.061e-12	3
13800	 -3	1.07693e+08	0.231172	0	1
13800	 3	1.07693e+08	0.229847	0	1
13800	 -4	1.17175e+08	0.191596	0	1
13800	 4	1.17175e+08	0.190828	0	1
13800	 -5	1.16122e+08	0.152171	0	1
13800	 5	1.16122e+08	0.151686	0	1
13800	 -6	1.06812e+08	0.083049	0	1
13800	 6	1.06812e+08	0.0828398	0	1
13900	 0	2.26947e+07	0.34929	0	1
13900	 0	2.26947e+07	0.345898	0	1
13900	 -1	6.52224e+07	0.3365	1.23298e-09	3
13900	 1	6.52224e+07	0.331976	1.75845e-15	3
13900	 -2	1.0004e+08	0.304035	0	1
13900	 2	1.0004e+08	0.301921	1.72679e-12	3
13900	 -3	1.23516e+08	0.264905	0	1
13900	 3	1.23516e+08	0.263477	0	1
13900	 -4	1.34443e+08	0.21974	0	1
13900	 4	1.34443e+08	0.218913	0	1
13900	 -5	1.33307e+08	0.174663	0	1
13900	 5	1.33307e+08	0.174141	0	1
13900	 -6	1.22691e+08	0.0953795	0	1
13900	 6	1.22691e+08	0.0951542	0	1
14000	 0	2.60123e+07	0.399832	0	1
14000	 0	2.60123e+07	0.39618	0	1
14000	 -1	7.47689e+07	0.385074	1.13963e-09	3
14000	 1	7.47689e+07	0.380215	1.12177e-15	3
14000	 -2	1.14704e+08	0.348231	0	1
14000	 2	1.14704e+08	0.345953	1.44688e-12	3
14000	 -3	1.41667e+08	0.303571	0	1
14000	 3	1.41667e+08	0.302032	0	1
14000	 -4	1.54258e+08	0.252023	0	1
14000	 4	1.54258e+08	0.251131	0	1
14000	 -5	1.53035e+08	0.200481	0	1
14000	 5	1.53035e+08	0.199918	0	1
14000	 -6	1.4093e+08	0.10954	0	1
14000	 6	1.4093e+08	0.109297	0	1
14100	 0	2.98156e+07	0.457712	0	1
14100	 0	2.98156e+07	0.453782	0	1
14100	 -1	8.57142e+07	0.440689	1.04976e-09	3
14100	 1	8.57142e+07	0.435476	7.11074e-16	3
14100	 -2	1.31519e+08	0.398869	0	1
14100	 2	1.31519e+08	0.396415	1.21262e-12	3
14100	 -3	1.62486e+08	0.347893	0	1
14100	 3	1.62486e+08	0.346234	0	1
14100	 -4	1.76995e+08	0.289053	0	1
14100	 4	1.76995e+08	0.288092	0	1
14100	 -5	1.75682e+08	0.230116	0	1
14100	 5	1.75682e+08	0.229509	0	1
14100	 -6	1.6188e+08	0.125801	0	1
14100	 6	1.6188e+08	0.12554	0	1
14200	 0	3.41756e+07	0.523998	0	1
14200	 0	3.41756e+07	0.51977	0	1
14200	 -1	9.82634e+07	0.50437	9.63426e-10	3
14200	 1	9.82634e+07	0.498783	4.47877e-16	3
14200	 -2	1.50801e+08	0.456889	0	1
14200	 2	1.50801e+08	0.454245	1.01668e-12	3
14200	 -3	1.86368e+08	0.398698	0	1
14200	 3	1.86368e+08	0.39691	0	1
14200	 -4	2.03085e+08	0.331529	0	1
14200	 4	2.03085e+08	0.330493	0	1
14200	 -5	2.01682e+08	0.264132	0	1
14200	 5	2.01682e+08	0.263479	0	1
14200	 -6	1.85944e+08	0.144476	0	1
14200	 6	1.85944e+08	0.144194	0	1
14300	 0	3.91741e+07	0.599912	0	1
14300	 0	3.91741e+07	0.595367	0	1
14300	 -1	1.12652e+08	0.57729	8.80758e-10	3
14300	 1	1.12652e+08	0.57131	2.8031e-16	3
14300	 -2	1.72913e+08	0.523369	0	1
14300	 2	1.72913e+08	0.520522	8.5281e-13	3
14300	 -3	2.13761e+08	0.456937	0	1
14300	 3	2.13761e+08	0.45501	0	1
14300	 -4	2.33023e+08	0.380253	0	1
14300	 4	2.33023e+08	0.379136	0	1
14300	 -5	2.31531e+08	0.303179	0	1
14300	 5	2.31531e+08	0.302474	0	1
14300	 -6	2.13585e+08	0.165922	0	1
14300	 6	2.13585e+08	0.165618	0	1
14400	 0	4.49044e+07	0.686855	0	1
14400	 0	4.49044e+07	0.681975	0	1
14400	 -1	1.29149e+08	0.660794	8.0191e-10	3
14400	 1	1.29149e+08	0.654401	1.74323e-16	3
14400	 -2	1.9827e+08	0.599544	0	1
14400	 2	1.9827e+08	0.596481	7.1576e-13	3
14400	 -3	2.45184e+08	0.523698	0	1
14400	 3	2.45184e+08	0.521623	0	1
14400	 -4	2.67377e+08	0.436143	0	1
14400	 4	2.67377e+08	0.434938	0	1
14400	 -5	2.65797e+08	0.347998	0	1
14400	 5	2.65797e+08	0.347239	0	1
14400	 -6	2.45334e+08	0.19055	0	1
14400	 6	2.45334e+08	0.190222	0	1
14500	 0	5.1474e+07	0.786435	0	1
14500	 0	5.1474e+07	0.781201	0	1
14500	 -1	1.48065e+08	0.756422	7.27059e-10	3
14500	 1	1.48065e+08	0.7496	1.07723e-16	3
14500	 -2	2.27349e+08	0.686831	0	1
14500	 2	2.27349e+08	0.683538	6.01117e-13	3
14500	 -3	2.81229e+08	0.600231	0	1
14500	 3	2.81229e+08	0.597997	0	1
14500	 -4	3.06797e+08	0.500254	0	1
14500	 4	3.06797e+08	0.498956	0	1
14500	 -5	3.05136e+08	0.399445	0	1
14500	 5	3.05136e+08	0.398626	0	1
14500	 -6	2.81801e+08	0.218832	0	1
14500	 6	2.81801e+08	0.218478	0	1
14600	 0	5.90058e+07	0.900491	0	1
14600	 0	5.90058e+07	0.894884	0	1
14600	 -1	1.69753e+08	0.86594	6.5638e-10	3
14600	 1	1.69753e+08	0.858671	6.61457e-17	3
14600	 -2	2.60697e+08	0.786854	0	1
14600	 2	2.60697e+08	0.783316	5.05182e-13	3
14600	 -3	3.22577e+08	0.687968	0	1
14600	 3	3.22577e+08	0.685563	0	1
14600	 -4	3.52032e+08	0.573798	0	1
14600	 4	3.52032e+08	0.572399	0	1
14600	 -5	3.50298e+08	0.4585	0	1
14600	 5	3.50298e+08	0.457617	0	1
14600	 -6	3.23689e+08	0.25131	0	1
14600	 6	3.23689e+08	0.250928	0	1
14700	 0	6.7641e+07	1.03113	0	1
14700	 0	6.7641e+07	1.02513	0	1
14700	 -1	1.94622e+08	0.991372	5.90022e-10	3
14700	 1	1.94622e+08	0.983641	4.03583e-17	3
14700	 -2	2.9894e+08	0.901473	0	1
14700	 2	2.9894e+08	0.897676	4.24866e-13	3
14700	 -3	3.70009e+08	0.788551	0	1
14700	 3	3.70009e+08	0.785964	0	1
14700	 -4	4.0394e+08	0.658162	0	1
14700	 4	4.0394e+08	0.656655	0	1
14700	 -5	4.02146e+08	0.526287	0	1
14700	 5	4.02146e+08	0.525335	0	1
14700	 -6	3.71803e+08	0.288606	0	1
14700	 6	3.71803e+08	0.288195	0	1
14800	 0	7.75413e+07	1.18078	0	1
14800	 0	7.75413e+07	1.17437	0	1
14800	 -1	2.23137e+08	1.13504	5.28096e-10	3
14800	 1	2.23137e+08	1.12683	2.44684e-17	3
14800	 -2	3.42799e+08	1.03282	0	1
14800	 2	3.42799e+08	1.02875	3.57587e-13	3
14800	 -3	4.24419e+08	0.903862	0	1
14800	 3	4.24419e+08	0.901083	0	1
14800	 -4	4.63506e+08	0.754938	0	1
14800	 4	4.63506e+08	0.753316	0	1
14800	 -5	4.61669e+08	0.604097	0	1
14800	 5	4.61669e+08	0.603072	0	1
14800	 -6	4.27067e+08	0.331436	0	1
14800	 6	4.27067e+08	0.330992	0	1
14900	 0	8.88923e+07	1.35219	0	1
14900	 0	8.88923e+07	1.34536	0	1
14900	 -1	2.55835e+08	1.29959	4.70663e-10	3
14900	 1	2.55835e+08	1.2909	1.47407e-17	3
14900	 -2	3.93098e+08	1.18335	0	1
14900	 2	3.93098e+08	1.17899	3.01192e-13	3
14900	 -3	4.86835e+08	1.03606	0	1
14900	 3	4.86835e+08	1.03308	0	1
14900	 -4	5.3186e+08	0.865956	0	1
14900	 4	5.3186e+08	0.864211	0	1
14900	 -5	5.30003e+08	0.693415	0	1
14900	 5	5.30003e+08	0.692311	0	1
14900	 -6	4.90544e+08	0.380619	0	1
14900	 6	4.90544e+08	0.380142	0	1
15000	 0	1.01907e+08	1.54855	0	1
15000	 0	1.01907e+08	1.54128	0	1
15000	 -1	2.93328e+08	1.48809	4.17728e-10	3
15000	 1	2.93328e+08	1.4789	8.82419e-18	3
15000	 -2	4.50784e+08	1.35586	0	1
15000	 2	4.50784e+08	1.35119	2.53889e-13	3
15000	 -3	5.58437e+08	1.18763	0	1
15000	 3	5.58437e+08	1.18443	0	1
15000	 -4	6.10299e+08	0.993311	0	1
15000	 4	6.10299e+08	0.991435	0	1
15000	 -5	6.08454e+08	0.79594	0	1
15000	 5	6.08454e+08	0.794752	0	1
15000	 -6	5.63456e+08	0.437099	0	1
15000	 6	5.63456e+08	0.436585	0	1
