0 4.05934e-19 6.54092e-22 0
100 1.21801e-18 1.00929e-21 3.92906e-25
200 2.0307e-18 1.53597e-21 1.96529e-25
300 2.84443e-18 2.30536e-21 1.31103e-25
400 3.65961e-18 3.41259e-21 9.84162e-26
500 4.47666e-18 4.98216e-21 7.88242e-26
600 5.29599e-18 7.17366e-21 6.578e-26
700 6.11804e-18 1.01872e-20 5.64774e-26
800 6.94322e-18 1.42677e-20 4.95134e-26
900 7.77196e-18 1.97081e-20 4.41086e-26
1000 8.60471e-18 2.68488e-20 3.97954e-26
1100 9.4419e-18 3.60739e-20 3.62761e-26
1200 1.0284e-17 4.78025e-20 3.33523e-26
1300 1.11314e-17 6.24738e-20 3.08868e-26
1400 1.19846e-17 8.05257e-20 2.87814e-26
1500 1.28441e-17 1.02367e-19 2.69643e-26
1600 1.37103e-17 1.28344e-19 2.53814e-26
1700 1.45837e-17 1.58702e-19 2.39916e-26
1800 1.54648e-17 1.93544e-19 2.27629e-26
1900 1.63541e-17 2.32792e-19 2.16698e-26
2000 1.72522e-17 2.76152e-19 2.06922e-26
2100 1.81595e-17 3.23089e-19 1.98136e-26
2200 1.90766e-17 3.72814e-19 1.90208e-26
2300 2.00041e-17 4.24288e-19 1.83027e-26
2400 2.09424e-17 4.76249e-19 1.765e-26
2500 2.18923e-17 5.27254e-19 1.7055e-26
2600 2.28542e-17 5.75743e-19 1.65113e-26
2700 2.38288e-17 6.20127e-19 1.60132e-26
2800 2.48167e-17 6.58878e-19 1.5556e-26
2900 2.58186e-17 6.90632e-19 1.51357e-26
3000 2.68351e-17 7.14294e-19 1.47486e-26
3100 2.78669e-17 7.29138e-19 1.43918e-26
3200 2.89148e-17 7.34886e-19 1.40626e-26
3300 2.99795e-17 7.31788e-19 1.37585e-26
3400 3.10617e-17 7.20671e-19 1.34776e-26
3500 3.21623e-17 7.02985e-19 1.32181e-26
3600 3.32819e-17 6.80825e-19 1.29783e-26
3700 3.44216e-17 6.56956e-19 1.27568e-26
3800 3.55821e-17 6.34834e-19 1.25524e-26
3900 3.67644e-17 6.18631e-19 1.23639e-26
4000 3.79694e-17 6.13261e-19 1.21904e-26
4100 3.91982e-17 6.24423e-19 1.20309e-26
4200 4.04516e-17 6.58635e-19 1.18848e-26
4300 4.17308e-17 7.23256e-19 1.17512e-26
4400 4.30369e-17 8.26484e-19 1.16295e-26
4500 4.4371e-17 9.77297e-19 1.15193e-26
4600 4.57343e-17 1.18532e-18 1.142e-26
4700 4.71282e-17 1.46061e-18 1.13311e-26
4800 4.85538e-17 1.81327e-18 1.12523e-26
4900 5.00125e-17 2.25302e-18 1.11832e-26
5000 5.15058e-17 2.78858e-18 1.11236e-26
5100 5.30351e-17 3.42695e-18 1.10732e-26
5200 5.46021e-17 4.17265e-18 1.10318e-26
5300 5.62082e-17 5.02694e-18 1.09992e-26
5400 5.78553e-17 5.98708e-18 1.09752e-26
5500 5.9545e-17 7.04576e-18 1.09598e-26
5600 6.12794e-17 8.19073e-18 1.09529e-26
5700 6.30602e-17 9.40473e-18 1.09544e-26
5800 6.48897e-17 1.06658e-17 1.09644e-26
5900 6.67698e-17 1.19479e-17 1.09827e-26
6000 6.8703e-17 1.32221e-17 1.10096e-26
6100 7.06915e-17 1.44578e-17 1.1045e-26
6200 7.27379e-17 1.56245e-17 1.1089e-26
6300 7.48448e-17 1.66935e-17 1.11418e-26
6400 7.7015e-17 1.76396e-17 1.12035e-26
6500 7.92513e-17 1.84427e-17 1.12743e-26
6600 8.1557e-17 1.90888e-17 1.13545e-26
6700 8.39351e-17 1.95712e-17 1.14443e-26
6800 8.63892e-17 1.98905e-17 1.1544e-26
6900 8.89228e-17 2.00544e-17 1.16539e-26
7000 9.15397e-17 2.00768e-17 1.17744e-26
7100 9.42441e-17 1.99767e-17 1.19059e-26
7200 9.70401e-17 1.97767e-17 1.20489e-26
7300 9.99322e-17 1.95009e-17 1.22038e-26
7400 1.02925e-16 1.91736e-17 1.23712e-26
7500 1.06024e-16 1.88174e-17 1.25518e-26
7600 1.09235e-16 1.8452e-17 1.27461e-26
7700 1.12562e-16 1.80928e-17 1.29549e-26
7800 1.16013e-16 1.77509e-17 1.3179e-26
7900 1.19593e-16 1.74323e-17 1.34193e-26
8000 1.2331e-16 1.71384e-17 1.36766e-26
8100 1.2717e-16 1.68666e-17 1.39521e-26
8200 1.31181e-16 1.66108e-17 1.42467e-26
8300 1.35352e-16 1.63626e-17 1.45618e-26
8400 1.39691e-16 1.6112e-17 1.48986e-26
8500 1.44208e-16 1.58487e-17 1.52586e-26
8600 1.48913e-16 1.55625e-17 1.56433e-26
8700 1.53816e-16 1.52447e-17 1.60543e-26
8800 1.58928e-16 1.48879e-17 1.64935e-26
8900 1.64262e-16 1.4487e-17 1.69628e-26
9000 1.69831e-16 1.4039e-17 1.74643e-26
9100 1.75648e-16 1.35433e-17 1.80002e-26
9200 1.81729e-16 1.30013e-17 1.85729e-26
9300 1.8809e-16 1.24164e-17 1.91849e-26
9400 1.94747e-16 1.17937e-17 1.9839e-26
9500 2.0172e-16 1.11395e-17 2.05379e-26
9600 2.09027e-16 1.04613e-17 2.12846e-26
9700 2.1669e-16 9.7669e-18 2.20819e-26
9800 2.24732e-16 9.06443e-18 2.29331e-26
9900 2.33177e-16 8.36198e-18 2.38409e-26
10000 2.42052e-16 7.66728e-18 2.48082e-26
10100 2.51385e-16 6.98749e-18 2.58374e-26
10200 2.61206e-16 6.32903e-18 2.69307e-26
10300 2.71549e-16 5.69746e-18 2.80893e-26
10400 2.8245e-16 5.09737e-18 2.93136e-26
10500 2.93945e-16 4.5324e-18 3.06025e-26
10600 3.06077e-16 4.0052e-18 3.19532e-26
10700 3.1889e-16 3.51749e-18 3.33605e-26
10800 3.32431e-16 3.0701e-18 3.48164e-26
10900 3.46753e-16 2.66306e-18 3.6309e-26
11000 3.6191e-16 2.29571e-18 3.78224e-26
11100 3.77962e-16 1.96681e-18 3.93358e-26
11200 3.94972e-16 1.67462e-18 4.08227e-26
11300 4.1301e-16 1.41702e-18 4.22515e-26
11400 4.32148e-16 1.19164e-18 4.35849e-26
11500 4.52465e-16 9.95914e-19 4.47814e-26
11600 4.74043e-16 8.2719e-19 4.57967e-26
11700 4.96971e-16 6.82805e-19 4.65862e-26
11800 5.2134e-16 5.60138e-19 4.71079e-26
11900 5.47247e-16 4.56668e-19 4.73266e-26
12000 5.74793e-16 3.70011e-19 4.72166e-26
12100 6.0408e-16 2.97944e-19 4.67659e-26
12200 6.35213e-16 2.38431e-19 4.59768e-26
12300 6.68294e-16 1.89626e-19 4.48672e-26
12400 7.03423e-16 1.49879e-19 4.34688e-26
12500 7.40693e-16 1.17731e-19 4.18245e-26
12600 7.80186e-16 9.1907e-20 3.99841e-26
12700 8.21968e-16 7.13039e-20 3.80008e-26
12800 8.6608e-16 5.49776e-20 3.59272e-26
12900 9.12534e-16 4.21275e-20 3.38116e-26
13000 9.613e-16 3.20813e-20 3.16966e-26
13100 1.0123e-15 2.42799e-20 2.96174e-26
13200 1.06539e-15 1.8262e-20 2.76016e-26
13300 1.12035e-15 1.36508e-20 2.56699e-26
13400 1.17689e-15 1.01408e-20 2.38361e-26
13500 1.2346e-15 7.48683e-21 2.21087e-26
13600 1.293e-15 5.49325e-21 2.04919e-26
13700 1.35149e-15 4.0056e-21 1.89861e-26
13800 1.40937e-15 2.90278e-21 1.75893e-26
13900 1.46587e-15 2.09058e-21 1.62977e-26
14000 1.52015e-15 1.49633e-21 1.51062e-26
14100 1.57134e-15 1.06438e-21 1.40089e-26
14200 1.61857e-15 7.52438e-22 1.29997e-26
14300 1.66101e-15 5.28632e-22 1.20721e-26
14400 1.69791e-15 3.691e-22 1.12201e-26
14500 1.72863e-15 2.56119e-22 1.04375e-26
14600 1.75267e-15 1.76623e-22 9.71863e-27
14700 1.76967e-15 1.21048e-22 9.05806e-27
14800 1.77945e-15 8.24476e-23 8.45081e-27
14900 1.78195e-15 5.58091e-23 7.89222e-27
15000 1.77729e-15 3.75439e-23 7.37804e-27
