0	 0	62.6244	0	0	1
100	 0	0.0968035	0	0	1
100	 0	62.6244	0	0	1
100	 -1	0.000110869	0	0	1
100	 1	0.0717234	0	0	1
100	 -2	4.06322e-12	0	0	1
100	 2	2.62859e-09	0	0	1
100	 -3	5.09917e-25	0	0	1
100	 3	3.29877e-22	0	0	1
100	 -4	1.26738e-42	0	0	1
100	 4	8.19898e-40	0	0	1
100	 -5	1.07865e-65	0	0	1
100	 5	6.97805e-63	0	0	1
100	 -6	1.81817e-93	0	0	1
100	 6	1.17622e-90	0	0	1
200	 0	0.115999	1.55982e-15	0	1
200	 0	55.6229	6.89358e-18	0	1
200	 -1	0.0142564	4.54498e-13	0	1
200	 1	6.8361	2.01007e-15	0	1
200	 -2	0.00027133	3.13118e-16	0	1
200	 2	0.130106	7.48701e-16	0	1
200	 -3	1.18874e-07	9.52115e-22	0	1
200	 3	5.70012e-05	6.10662e-19	0	1
200	 -4	6.41644e-12	2.6907e-29	0	1
200	 4	3.07676e-09	1.74068e-26	0	1
200	 -5	8.06206e-18	2.76277e-42	0	1
200	 5	3.86585e-15	1.7873e-39	0	1
200	 -6	1.24875e-24	5.81034e-60	0	1
200	 6	5.98792e-22	3.75884e-57	0	1
300	 0	0.11223	1.69475e-13	0	1
300	 0	39.8966	8.2965e-16	0	1
300	 -1	0.0450214	6.51618e-12	0	1
300	 1	16.0047	2.70687e-14	0	1
300	 -2	0.0106506	3.44813e-14	0	1
300	 2	3.78618	1.28764e-14	0	1
300	 -3	0.000285551	4.0453e-16	0	1
300	 3	0.10151	7.10924e-17	0	1
300	 -4	4.5052e-06	1.39543e-19	0	1
300	 4	0.00160155	8.62632e-19	0	1
300	 -5	8.72054e-09	6.72705e-24	0	1
300	 5	3.10006e-06	3.08883e-22	0	1
300	 -6	1.01302e-11	3.58835e-29	0	1
300	 6	3.60118e-09	1.41055e-26	0	1
400	 0	0.111844	2.42951e-12	0	1
400	 0	29.4836	1.18725e-14	0	1
400	 -1	0.0748464	3.51476e-11	0	1
400	 1	19.7305	1.51813e-13	0	1
400	 -2	0.045832	5.10483e-13	0	1
400	 2	12.0819	7.57051e-14	0	1
400	 -3	0.00555272	1.74799e-14	0	1
400	 3	1.46377	1.26193e-15	0	1
400	 -4	0.000651778	2.51108e-16	0	1
400	 4	0.171817	4.09787e-17	0	1
400	 -5	1.69596e-05	3.17417e-18	0	1
400	 5	0.00447077	5.81671e-19	0	1
400	 -6	4.45747e-07	5.21282e-21	0	1
400	 6	0.000117504	7.38634e-21	0	1
500	 0	0.118506	1.47477e-11	0	1
500	 0	23.1737	7.78163e-14	0	1
500	 -1	0.103989	1.22255e-10	0	1
500	 1	20.3349	5.72544e-13	0	1
500	 -2	0.100672	3.27017e-12	0	1
500	 2	19.6863	2.80799e-13	0	1
500	 -3	0.0255138	2.29316e-13	0	1
500	 3	4.98917	9.22698e-15	0	1
500	 -4	0.00772009	7.29701e-15	0	1
500	 4	1.50965	6.17263e-16	0	1
500	 -5	0.000690508	3.91142e-16	0	1
500	 5	0.135028	2.04061e-17	0	1
500	 -6	7.74425e-05	7.74841e-18	0	1
500	 6	0.0151437	9.78043e-19	0	1
600	 0	0.132449	5.74309e-11	0	1
600	 0	19.2217	3.36665e-13	0	1
600	 -1	0.137202	3.29861e-10	0	1
600	 1	19.9114	1.71254e-12	0	1
600	 -2	0.170535	1.3556e-11	0	1
600	 2	24.7488	8.03932e-13	0	1
600	 -3	0.0657777	1.48973e-12	0	1
600	 3	9.54597	4.30476e-14	0	1
600	 -4	0.0334699	8.46457e-14	0	1
600	 4	4.85731	4.4862e-15	0	1
600	 -5	0.00597745	8.13463e-15	0	1
600	 5	0.867477	2.80346e-16	0	1
600	 -6	0.00148172	3.54026e-16	0	1
600	 6	0.215034	2.38073e-17	0	1
700	 0	0.154414	1.70148e-10	0	1
700	 0	16.6412	1.11983e-12	0	1
700	 -1	0.179137	7.53547e-10	0	1
700	 1	19.3057	4.39119e-12	0	1
700	 -2	0.258091	4.28421e-11	0	1
700	 2	27.8146	1.95206e-12	0	1
700	 -3	0.129602	6.40496e-12	0	1
700	 3	13.9673	1.52317e-13	0	1
700	 -4	0.0901562	5.4871e-13	0	1
700	 4	9.71616	2.1442e-14	0	1
700	 -5	0.0247332	7.81278e-14	0	1
700	 5	2.6655	2.11784e-15	0	1
700	 -6	0.00989452	5.64811e-15	0	1
700	 6	1.06634	2.62894e-16	0	1
800	 0	0.186042	4.19034e-10	0	1
800	 0	14.9015	3.10508e-12	0	1
800	 -1	0.234715	1.53014e-09	0	1
800	 1	18.8001	1.00767e-11	0	1
800	 -2	0.370785	1.12392e-10	0	1
800	 2	29.6989	4.23339e-12	0	1
800	 -3	0.222503	2.1046e-11	0	1
800	 3	17.8219	4.46792e-13	0	1
800	 -4	0.189109	2.44404e-12	0	1
800	 4	15.1471	7.8365e-14	0	1
800	 -5	0.0690906	4.58766e-13	0	1
800	 5	5.53398	1.08945e-14	0	1
800	 -6	0.037639	4.77288e-14	0	1
800	 6	3.01479	1.76218e-15	0	1
900	 0	0.22997	9.03706e-10	0	1
900	 0	13.7054	7.53738e-12	0	1
900	 -1	0.30995	2.84553e-09	0	1
900	 1	18.472	2.12485e-11	0	1
900	 -2	0.519662	2.57389e-10	0	1
900	 2	30.9702	8.46075e-12	0	1
900	 -3	0.354153	5.72947e-11	0	1
900	 3	21.1064	1.14482e-12	0	1
900	 -4	0.344251	8.40979e-12	0	1
900	 4	20.5162	2.38005e-13	0	1
900	 -5	0.153927	1.93677e-12	0	1
900	 5	9.17355	4.3087e-14	0	1
900	 -6	0.103357	2.63679e-13	0	1
900	 6	6.15973	8.47106e-15	0	1
1000	 0	0.294439	1.7642e-09	0	1
1000	 0	13.0759	1.65388e-11	0	1
1000	 -1	0.418302	4.94268e-09	0	1
1000	 1	18.5766	4.18975e-11	0	1
1000	 -2	0.726802	5.31527e-10	0	1
1000	 2	32.2769	1.59015e-11	0	1
1000	 -3	0.541718	1.35786e-10	0	1
1000	 3	24.0575	2.64924e-12	0	1
1000	 -4	0.573737	2.40025e-11	0	1
1000	 4	25.4794	6.31599e-13	0	1
1000	 -5	0.294989	6.47364e-12	0	1
1000	 5	13.1003	1.41001e-13	0	1
1000	 -6	0.226912	1.08133e-12	0	1
1000	 6	10.0771	3.22092e-14	0	1
1100	 0	0.402263	3.18789e-09	0	1
1100	 0	13.3385	3.35347e-11	0	1
1100	 -1	0.594914	8.1297e-09	0	1
1100	 1	19.7265	7.81963e-11	0	1
1100	 -2	1.04775	1.01198e-09	0	1
1100	 2	34.7421	2.8491e-11	0	1
1100	 -3	0.824679	2.89396e-10	0	1
1100	 3	27.3452	5.66266e-12	0	1
1100	 -4	0.909755	5.95e-11	0	1
1100	 4	30.1662	1.5126e-12	0	1
1100	 -5	0.507584	1.82049e-11	0	1
1100	 5	16.8308	4.00262e-13	0	1
1100	 -6	0.417912	3.56603e-12	0	1
1100	 6	13.8574	1.02972e-13	0	1
1200	 0	0.566225	5.4166e-09	0	1
1200	 0	14.0558	6.38286e-11	0	1
1200	 -1	0.866626	1.27883e-08	0	1
1200	 1	21.5128	1.39367e-10	0	1
1200	 -2	1.53318	1.80477e-09	0	1
1200	 2	38.0592	4.91322e-11	0	1
1200	 -3	1.25504	5.67249e-10	0	1
1200	 3	31.1546	1.13585e-11	0	1
1200	 -4	1.41531	1.32185e-10	0	1
1200	 4	35.1332	3.34167e-12	0	1
1200	 -5	0.835742	4.48409e-11	0	1
1200	 5	20.7462	1.0174e-12	0	1
1200	 -6	0.715824	9.96611e-12	0	1
1200	 6	17.7694	2.88061e-13	0	1
1300	 0	0.807549	8.75409e-09	0	1
1300	 0	15.06	1.15367e-10	0	1
1300	 -1	1.27473	1.93826e-08	0	1
1300	 1	23.7725	2.38774e-10	0	1
1300	 -2	2.25578	3.05064e-09	0	1
1300	 2	42.068	8.21127e-11	0	1
1300	 -3	1.90512	1.03928e-09	0	1
1300	 3	35.5287	2.16314e-11	0	1
1300	 -4	2.17623	2.69111e-10	0	1
1300	 4	40.5846	6.91749e-12	0	1
1300	 -5	1.34265	9.94738e-11	0	1
1300	 5	25.039	2.36751e-12	0	1
1300	 -6	1.17966	2.44671e-11	0	1
1300	 6	21.9994	7.24621e-13	0	1
1400	 0	1.15683	1.35743e-08	0	1
1400	 0	16.282	1.99739e-10	0	1
1400	 -1	1.87883	2.84692e-08	0	1
1400	 1	26.4439	3.95275e-10	0	1
1400	 -2	3.31808	4.93157e-09	0	1
1400	 2	46.7011	1.3368e-10	0	1
1400	 -3	2.87687	1.80141e-09	0	1
1400	 3	40.491	3.94606e-11	0	1
1400	 -4	3.31159	5.10374e-10	0	1
1400	 4	46.6097	1.35746e-11	0	1
1400	 -5	2.11793	2.02803e-10	0	1
1400	 5	29.8092	5.12684e-12	0	1
1400	 -6	1.89345	5.41597e-11	0	1
1400	 6	26.6497	1.67232e-12	0	1
1500	 0	1.65483	2.03306e-08	0	1
1500	 0	17.6835	3.33459e-10	0	1
1500	 -1	2.76012	4.07077e-08	0	1
1500	 1	29.4946	6.34824e-10	0	1
1500	 -2	4.85828	7.67821e-09	0	1
1500	 2	51.9155	2.12824e-10	0	1
1500	 -3	4.30952	2.98153e-09	0	1
1500	 3	46.0515	6.9431e-11	0	1
1500	 -4	4.98297	9.1296e-10	0	1
1500	 4	53.2479	2.54794e-11	0	1
1500	 -5	3.28598	3.85812e-10	0	1
1500	 5	35.1139	1.04623e-11	0	1
1500	 -6	2.97397	1.10239e-10	0	1
1500	 6	31.7798	3.59652e-12	0	1
1600	 0	2.35293	2.95659e-08	0	1
1600	 0	19.2365	5.39575e-10	0	1
1600	 -1	4.02407	5.68731e-08	0	1
1600	 1	32.899	9.92352e-10	0	1
1600	 -2	7.05405	1.15782e-08	0	1
1600	 2	57.6708	3.32336e-10	0	1
1600	 -3	6.38549	4.74623e-09	0	1
1600	 3	52.2049	1.18472e-10	0	1
1600	 -4	7.40087	1.55523e-09	0	1
1600	 4	60.5062	4.60666e-11	0	1
1600	 -5	5.01279	6.92957e-10	0	1
1600	 5	40.9823	2.03196e-11	0	1
1600	 -6	4.57712	2.09463e-10	0	1
1600	 6	37.4205	7.29715e-12	0	1
1700	 0	3.31198	4.19248e-08	0	1
1700	 0	20.9178	8.4966e-10	0	1
1700	 -1	5.80026	7.78691e-08	0	1
1700	 1	36.6331	1.51391e-09	0	1
1700	 -2	10.1215	1.69855e-08	0	1
1700	 2	63.925	5.10208e-10	0	1
1700	 -3	9.33137	7.30859e-09	0	1
1700	 3	58.9348	1.96893e-10	0	1
1700	 -4	10.8254	2.54213e-09	0	1
1700	 4	68.371	8.06775e-11	0	1
1700	 -5	7.50889	1.18591e-09	0	1
1700	 5	47.4245	3.78557e-11	0	1
1700	 -6	6.90061	3.75894e-10	0	1
1700	 6	43.5827	1.41053e-11	0	1
1800	 0	4.59906	5.81659e-08	0	1
1800	 0	22.7103	1.30624e-09	0	1
1800	 -1	8.23776	1.04744e-07	0	1
1800	 1	40.6783	2.25911e-09	0	1
1800	 -2	14.3062	2.43314e-08	0	1
1800	 2	70.6443	7.71493e-10	0	1
1800	 -3	13.4113	1.0937e-08	0	1
1800	 3	66.2253	3.19817e-10	0	1
1800	 -4	15.558	4.0112e-09	0	1
1800	 4	76.8259	1.37478e-10	0	1
1800	 -5	11.0254	1.94796e-09	0	1
1800	 5	54.4438	6.80761e-11	0	1
1800	 -6	10.1802	6.42969e-10	0	1
1800	 6	50.2702	2.61784e-11	0	1
1900	 0	6.28177	7.91773e-08	0	1
1900	 0	24.608	1.96572e-09	0	1
1900	 -1	11.4956	1.38706e-07	0	1
1900	 1	45.0323	3.30383e-09	0	1
1900	 -2	19.8663	3.41363e-08	0	1
1900	 2	77.8234	1.15072e-09	0	1
1900	 -3	18.9114	1.59651e-08	0	1
1900	 3	74.0828	5.09142e-10	0	1
1900	 -4	21.9226	6.13949e-09	0	1
1900	 4	85.8786	2.2876e-10	0	1
1900	 -5	15.8419	3.08906e-09	0	1
1900	 5	62.0583	1.18759e-10	0	1
1900	 -6	14.6779	1.05592e-09	0	1
1900	 6	57.4987	4.69343e-11	0	1
2000	 0	8.4218	1.05993e-07	0	1
2000	 0	26.6233	2.90194e-09	0	1
2000	 -1	15.7299	1.81146e-07	0	1
2000	 1	49.7258	4.7434e-09	0	1
2000	 -2	27.0504	4.70234e-08	0	1
2000	 2	85.5128	1.69507e-09	0	1
2000	 -3	26.1182	2.28031e-08	0	1
2000	 3	82.5657	7.96188e-10	0	1
2000	 -4	30.2401	9.1515e-09	0	1
2000	 4	95.5961	3.72766e-10	0	1
2000	 -5	22.2469	4.75173e-09	0	1
2000	 5	70.3276	2.01776e-10	0	1
2000	 -6	20.6638	1.67461e-09	0	1
2000	 6	65.3232	8.16809e-11	0	1
2100	 0	11.0697	1.3981e-07	0	1
2100	 0	28.7933	4.2105e-09	0	1
2100	 -1	21.0826	2.33652e-07	0	1
2100	 1	54.8375	6.69623e-09	0	1
2100	 -2	36.0791	6.37341e-08	0	1
2100	 2	93.8446	2.46838e-09	0	1
2100	 -3	35.298	3.19508e-08	0	1
2100	 3	91.8131	1.22524e-09	0	1
2100	 -4	40.8054	1.33281e-08	0	1
2100	 4	106.138	5.96186e-10	0	1
2100	 -5	30.5193	7.1177e-09	0	1
2100	 5	79.3832	3.34928e-10	0	1
2100	 -6	28.3979	2.57677e-09	0	1
2100	 6	73.8654	1.38507e-10	0	1
2200	 0	14.2641	1.82013e-07	0	1
2200	 0	31.1829	6.01397e-09	0	1
2200	 -1	27.6767	2.9804e-07	0	1
2200	 1	60.5043	9.30838e-09	0	1
2200	 -2	47.1375	8.5145e-08	0	1
2200	 2	103.048	3.55644e-09	0	1
2200	 -3	46.6881	4.40114e-08	0	1
2200	 3	102.065	1.85817e-09	0	1
2200	 -4	53.8766	1.90168e-08	0	1
2200	 4	117.78	9.37542e-10	0	1
2200	 -5	40.9173	1.04156e-08	0	1
2200	 5	89.4498	5.44478e-10	0	1
2200	 -6	38.1199	3.86176e-09	0	1
2200	 6	83.3344	2.29521e-10	0	1
2300	 0	18.0353	2.34191e-07	0	1
2300	 0	33.8827	8.46847e-09	0	1
2300	 -1	35.622	3.76376e-07	0	1
2300	 1	66.9227	1.27592e-08	0	1
2300	 -2	60.3867	1.12287e-07	0	1
2300	 2	113.448	5.07355e-09	0	1
2300	 -3	60.504	5.9708e-08	0	1
2300	 3	113.668	2.78048e-09	0	1
2300	 -4	69.6849	2.66432e-08	0	1
2300	 4	130.917	1.45166e-09	0	1
2300	 -5	53.6832	1.49297e-08	0	1
2300	 5	100.854	8.68539e-10	0	1
2300	 -6	50.0534	5.65484e-09	0	1
2300	 6	94.035	3.72528e-10	0	1
2400	 0	22.4139	2.98169e-07	0	1
2400	 0	37.0042	1.17718e-08	0	1
2400	 -1	45.0294	4.71003e-07	0	1
2400	 1	74.3414	1.7269e-08	0	1
2400	 -2	75.989	1.46366e-07	0	1
2400	 2	125.454	7.17093e-09	0	1
2400	 -3	76.9642	7.99014e-08	0	1
2400	 3	127.064	4.10899e-09	0	1
2400	 -4	88.4636	3.67239e-08	0	1
2400	 4	146.049	2.21548e-09	0	1
2400	 -5	69.0638	2.10094e-08	0	1
2400	 5	114.021	1.36153e-09	0	1
2400	 -6	64.4254	8.11206e-09	0	1
2400	 6	106.363	5.93271e-10	0	1
2500	 0	27.4403	3.76035e-07	0	1
2500	 0	40.6729	1.61736e-08	0	1
2500	 -1	56.031	5.84579e-07	0	1
2500	 1	83.0512	2.31088e-08	0	1
2500	 -2	94.1408	1.88789e-07	0	1
2500	 2	139.539	1.00472e-08	0	1
2500	 -3	96.3236	1.0561e-07	0	1
2500	 3	142.774	6.00149e-09	0	1
2500	 -4	110.487	4.98815e-08	0	1
2500	 4	163.767	3.33552e-09	0	1
2500	 -5	87.3407	2.90809e-08	0	1
2500	 5	129.46	2.09993e-09	0	1
2500	 -6	81.4947	1.14258e-08	0	1
2500	 6	120.794	9.28331e-10	0	1
2600	 0	33.1731	4.7017e-07	0	1
2600	 0	45.0241	2.19888e-08	0	1
2600	 -1	68.7984	7.20106e-07	0	1
2600	 1	93.3766	3.06137e-08	0	1
2600	 -2	115.105	2.41188e-07	0	1
2600	 2	156.226	1.39617e-08	0	1
2600	 -3	118.908	1.38033e-07	0	1
2600	 3	161.387	8.66882e-09	0	1
2600	 -4	136.107	6.68609e-08	0	1
2600	 4	184.732	4.95724e-09	0	1
2600	 -5	108.863	3.96595e-08	0	1
2600	 5	147.755	3.18957e-09	0	1
2600	 -6	101.583	1.58311e-08	0	1
2600	 6	137.873	1.42886e-09	0	1
2700	 0	39.6955	5.83285e-07	0	1
2700	 0	50.2012	2.9614e-08	0	1
2700	 -1	83.5591	8.80974e-07	0	1
2700	 1	105.674	4.02012e-08	0	1
2700	 -2	139.233	3.05453e-07	0	1
2700	 2	176.082	1.92502e-08	0	1
2700	 -3	145.141	1.78576e-07	0	1
2700	 3	183.553	1.23897e-08	0	1
2700	 -4	165.791	8.8548e-08	0	1
2700	 4	209.669	7.27662e-09	0	1
2700	 -5	134.077	5.33639e-08	0	1
2700	 5	169.562	4.77473e-09	0	1
2700	 -6	125.101	2.16131e-08	0	1
2700	 6	158.21	2.16523e-09	0	1
2800	 0	47.1193	7.18464e-07	0	1
2800	 0	56.3576	3.95494e-08	0	1
2800	 -1	100.607	1.071e-06	0	1
2800	 1	120.333	5.23952e-08	0	1
2800	 -2	166.988	3.83762e-07	0	1
2800	 2	199.728	2.63457e-08	0	1
2800	 -3	175.567	2.28878e-07	0	1
2800	 3	209.99	1.75288e-08	0	1
2800	 -4	200.139	1.15992e-07	0	1
2800	 4	239.379	1.05544e-08	0	1
2800	 -5	163.549	7.09332e-08	0	1
2800	 5	195.614	7.04936e-09	0	1
2800	 -6	152.572	2.91151e-08	0	1
2800	 6	182.485	3.23287e-09	0	1
2900	 0	55.5867	8.79207e-07	0	1
2900	 0	63.6605	5.24261e-08	0	1
2900	 -1	120.313	1.2945e-06	0	1
2900	 1	137.788	6.78571e-08	0	1
2900	 -2	198.951	4.78625e-07	0	1
2900	 2	227.848	3.58025e-08	0	1
2900	 -3	210.872	2.90848e-07	0	1
2900	 3	241.5	2.45589e-08	0	1
2900	 -4	239.906	1.50428e-07	0	1
2900	 4	274.752	1.51336e-08	0	1
2900	 -5	197.983	9.32454e-08	0	1
2900	 5	226.739	1.02707e-08	0	1
2900	 -6	184.649	3.87486e-08	0	1
2900	 6	211.469	4.75931e-09	0	1
3000	 0	65.273	1.06949e-06	0	1
3000	 0	72.2965	6.90413e-08	0	1
3000	 -1	143.129	1.5563e-06	0	1
3000	 1	158.53	8.74276e-08	0	1
3000	 -2	235.838	5.92926e-07	0	1
3000	 2	261.214	4.8327e-08	0	1
3000	 -3	251.892	3.66701e-07	0	1
3000	 3	278.996	3.40873e-08	0	1
3000	 -4	286.02	1.9331e-07	0	1
3000	 4	316.797	2.14599e-08	0	1
3000	 -5	238.245	1.2134e-07	0	1
3000	 5	263.88	1.47758e-08	0	1
3000	 -6	222.134	5.10041e-08	0	1
3000	 6	246.036	6.91287e-09	0	1
3100	 0	76.389	1.2938e-06	0	1
3100	 0	82.4782	9.04031e-08	0	1
3100	 -1	169.603	1.86186e-06	0	1
3100	 1	183.123	1.12179e-07	0	1
3100	 -2	278.508	7.29974e-07	0	1
3100	 2	300.709	6.48149e-08	0	1
3100	 -3	299.637	4.59001e-07	0	1
3100	 3	323.522	4.68883e-08	0	1
3100	 -4	339.6	2.46338e-07	0	1
3100	 4	366.671	3.01075e-08	0	1
3100	 -5	285.378	1.56441e-07	0	1
3100	 5	308.126	2.10016e-08	0	1
3100	 -6	265.994	6.64648e-08	0	1
3100	 6	287.197	9.91302e-09	0	1
3200	 0	89.1843	1.55726e-06	0	1
3200	 0	94.4509	1.17787e-07	0	1
3200	 -1	200.385	2.2173e-06	0	1
3200	 1	212.218	1.43482e-07	0	1
3200	 -2	327.987	8.9356e-07	0	1
3200	 2	347.355	8.63967e-08	0	1
3200	 -3	355.311	5.7071e-07	0	1
3200	 3	376.293	6.39417e-08	0	1
3200	 -4	401.978	3.11499e-07	0	1
3200	 4	425.716	4.1809e-08	0	1
3200	 -5	340.63	1.99993e-07	0	1
3200	 5	360.745	2.95083e-08	0	1
3200	 -6	317.387	8.5821e-08	0	1
3200	 6	336.129	1.40429e-08	0	1
3300	 0	103.952	1.86563e-06	0	1
3300	 0	108.5	1.52804e-07	0	1
3300	 -1	236.243	2.62951e-06	0	1
3300	 1	246.578	1.8309e-07	0	1
3300	 -2	385.482	1.08803e-06	0	1
3300	 2	402.346	1.14494e-07	0	1
3300	 -3	420.341	7.05252e-07	0	1
3300	 3	438.73	8.64802e-08	0	1
3300	 -4	474.733	3.91114e-07	0	1
3300	 4	495.501	5.74916e-08	0	1
3300	 -5	405.485	2.53686e-07	0	1
3300	 5	423.223	4.10086e-08	0	1
3300	 -6	377.688	1.09889e-07	0	1
3300	 6	394.211	1.96644e-08	0	1
3400	 0	121.037	2.22548e-06	0	1
3400	 0	124.959	1.97493e-07	0	1
3400	 -1	278.082	3.10624e-06	0	1
3400	 1	287.095	2.33241e-07	0	1
3400	 -2	452.416	1.31835e-06	0	1
3400	 2	467.079	1.50886e-07	0	1
3400	 -3	496.408	8.66573e-07	0	1
3400	 3	512.496	1.16045e-07	0	1
3400	 -4	559.725	4.87884e-07	0	1
3400	 4	577.865	7.83207e-08	0	1
3400	 -5	481.696	3.19504e-07	0	1
3400	 5	497.307	5.64011e-08	0	1
3400	 -6	448.528	1.3963e-07	0	1
3400	 6	463.064	2.72359e-08	0	1
3500	 0	140.839	2.64422e-06	0	1
3500	 0	144.22	2.54419e-07	0	1
3500	 -1	326.967	3.65622e-06	0	1
3500	 1	334.818	2.96782e-07	0	1
3500	 -2	530.457	1.59023e-06	0	1
3500	 2	543.193	1.97795e-07	0	1
3500	 -3	585.495	1.05923e-06	0	1
3500	 3	599.552	1.54556e-07	0	1
3500	 -4	659.145	6.04956e-07	0	1
3500	 4	674.971	1.05752e-07	0	1
3500	 -5	571.336	3.99768e-07	0	1
3500	 5	585.054	7.68118e-08	0	1
3500	 -6	531.83	1.76179e-07	0	1
3500	 6	544.598	3.7334e-08	0	1
3600	 0	163.827	3.1303e-06	0	1
3600	 0	166.741	3.26812e-07	0	1
3600	 -1	384.146	4.28928e-06	0	1
3600	 1	390.979	3.77322e-07	0	1
3600	 -2	621.563	1.91018e-06	0	1
3600	 2	632.618	2.57983e-07	0	1
3600	 -3	689.929	1.28846e-06	0	1
3600	 3	702.2	2.0439e-07	0	1
3600	 -4	775.569	7.4599e-07	0	1
3600	 4	789.363	1.41595e-07	0	1
3600	 -5	676.852	4.97195e-07	0	1
3600	 5	688.89	1.03643e-07	0	1
3600	 -6	629.865	2.20868e-07	0	1
3600	 6	641.068	5.06789e-08	0	1
3700	 0	190.551	3.6933e-06	0	1
3700	 0	193.062	4.18718e-07	0	1
3700	 -1	451.085	5.01651e-06	0	1
3700	 1	457.029	4.79414e-07	0	1
3700	 -2	728.027	2.28567e-06	0	1
3700	 2	737.62	3.34875e-07	0	1
3700	 -3	812.449	1.56031e-06	0	1
3700	 3	823.155	2.68485e-07	0	1
3700	 -4	912.021	9.15242e-07	0	1
3700	 4	924.038	1.88085e-07	0	1
3700	 -5	801.124	6.14957e-07	0	1
3700	 5	811.68	1.3863e-07	0	1
3700	 -6	745.313	2.75264e-07	0	1
3700	 6	755.133	6.81658e-08	0	1
3800	 0	221.649	4.34409e-06	0	1
3800	 0	223.813	5.35186e-07	0	1
3800	 -1	529.505	5.85043e-06	0	1
3800	 1	534.674	6.08762e-07	0	1
3800	 -2	852.541	2.72528e-06	0	1
3800	 2	860.863	4.32704e-07	0	1
3800	 -3	956.277	1.88176e-06	0	1
3800	 3	965.612	3.50453e-07	0	1
3800	 -4	1072.06	1.11766e-06	0	1
3800	 4	1082.53	2.47978e-07	0	1
3800	 -5	947.554	7.56763e-07	0	1
3800	 5	956.804	1.83915e-07	0	1
3800	 -6	881.333	3.41209e-07	0	1
3800	 6	889.936	9.09007e-08	0	1
3900	 0	257.872	5.09507e-06	0	1
3900	 0	259.737	6.82497e-07	0	1
3900	 -1	621.426	6.80519e-06	0	1
3900	 1	625.92	7.72473e-07	0	1
3900	 -2	998.263	3.23881e-06	0	1
3900	 2	1005.48	5.56683e-07	0	1
3900	 -3	1125.2	2.26086e-06	0	1
3900	 3	1133.33	4.54728e-07	0	1
3900	 -4	1259.87	1.35901e-06	0	1
3900	 4	1268.98	3.24654e-07	0	1
3900	 -5	1120.15	9.26945e-07	0	1
3900	 5	1128.25	2.42129e-07	0	1
3900	 -6	1041.65	4.20865e-07	0	1
3900	 6	1049.18	1.20246e-07	0	1
4000	 0	300.095	5.96037e-06	0	1
4000	 0	301.702	8.68419e-07	0	1
4000	 -1	729.22	7.8968e-06	0	1
4000	 1	733.127	9.79345e-07	0	1
4000	 -2	1168.9	3.83756e-06	0	1
4000	 2	1175.16	7.13213e-07	0	1
4000	 -3	1323.66	2.70687e-06	0	1
4000	 3	1330.75	5.86733e-07	0	1
4000	 -4	1480.36	1.64598e-06	0	1
4000	 4	1488.29	4.22252e-07	0	1
4000	 -5	1323.63	1.13056e-06	0	1
4000	 5	1330.72	3.1649e-07	0	1
4000	 -6	1230.66	5.1677e-07	0	1
4000	 6	1237.26	1.57871e-07	0	1
4100	 0	349.344	6.9561e-06	0	1
4100	 0	350.731	1.10252e-06	0	1
4100	 -1	855.675	9.14341e-06	0	1
4100	 1	859.071	1.24019e-06	0	1
4100	 -2	1368.8	4.53448e-06	0	1
4100	 2	1374.23	9.1013e-07	0	1
4100	 -3	1556.91	3.23052e-06	0	1
4100	 3	1563.09	7.53087e-07	0	1
4100	 -4	1739.32	1.98638e-06	0	1
4100	 4	1746.23	5.45818e-07	0	1
4100	 -5	1563.57	1.37353e-06	0	1
4100	 5	1569.78	4.10931e-07	0	1
4100	 -6	1453.56	6.31904e-07	0	1
4100	 6	1459.32	2.05818e-07	0	1
4200	 0	406.822	8.10066e-06	0	1
4200	 0	408.018	1.39652e-06	0	1
4200	 -1	1004.06	1.05656e-05	0	1
4200	 1	1007.02	1.56821e-06	0	1
4200	 -2	1603.06	5.34447e-06	0	1
4200	 2	1607.78	1.15699e-06	0	1
4200	 -3	1831.1	3.84419e-06	0	1
4200	 3	1836.48	9.61842e-07	0	1
4200	 -4	2043.56	2.38925e-06	0	1
4200	 4	2049.56	7.01497e-07	0	1
4200	 -5	1846.54	1.66276e-06	0	1
4200	 5	1851.97	5.30235e-07	0	1
4200	 -6	1716.44	7.69768e-07	0	1
4200	 6	1721.49	2.66578e-07	0	1
4300	 0	473.936	9.41511e-06	0	1
4300	 0	474.969	1.76471e-06	0	1
4300	 -1	1178.23	1.21868e-05	0	1
4300	 1	1180.8	1.97942e-06	0	1
4300	 -2	1877.7	6.28468e-06	0	1
4300	 2	1881.79	1.46542e-06	0	1
4300	 -3	2153.48	4.56219e-06	0	1
4300	 3	2158.17	1.22278e-06	0	1
4300	 -4	2401.06	2.86519e-06	0	1
4300	 4	2406.29	8.9675e-07	0	1
4300	 -5	2180.28	2.00633e-06	0	1
4300	 5	2185.03	6.80215e-07	0	1
4300	 -6	2026.53	9.3447e-07	0	1
4300	 6	2030.95	3.43178e-07	0	1
4400	 0	552.337	1.09236e-05	0	1
4400	 0	553.229	2.22439e-06	0	1
4400	 -1	1382.71	1.40336e-05	0	1
4400	 1	1384.94	2.49307e-06	0	1
4400	 -2	2199.75	7.3749e-06	0	1
4400	 2	2203.3	1.8495e-06	0	1
4400	 -3	2532.58	5.40109e-06	0	1
4400	 3	2536.66	1.54773e-06	0	1
4400	 -4	2821.26	3.42648e-06	0	1
4400	 4	2825.81	1.14062e-06	0	1
4400	 -5	2573.93	2.41367e-06	0	1
4400	 5	2578.08	8.67919e-07	0	1
4400	 -6	2392.35	1.13083e-06	0	1
4400	 6	2396.21	4.39293e-07	0	1
4500	 0	643.96	1.26538e-05	0	1
4500	 0	644.729	2.79645e-06	0	1
4500	 -1	1622.8	1.61365e-05	0	1
4500	 1	1624.74	3.13221e-06	0	1
4500	 -2	2577.49	8.63791e-06	0	1
4500	 2	2580.58	2.32623e-06	0	1
4500	 -3	2978.43	6.38006e-06	0	1
4500	 3	2981.99	1.951e-06	0	1
4500	 -4	3315.23	4.08749e-06	0	1
4500	 4	3319.19	1.44405e-06	0	1
4500	 -5	3038.25	2.89585e-06	0	1
4500	 5	3041.88	1.10187e-06	0	1
4500	 -6	2823.93	1.36453e-06	0	1
4500	 6	2827.3	5.59377e-07	0	1
4600	 0	751.072	1.46374e-05	0	1
4600	 0	751.738	3.50591e-06	0	1
4600	 -1	1904.76	1.85301e-05	0	1
4600	 1	1906.45	3.9242e-06	0	1
4600	 -2	3020.66	1.01001e-05	0	1
4600	 2	3023.34	2.91609e-06	0	1
4600	 -3	3502.85	7.52135e-06	0	1
4600	 3	3505.95	2.44984e-06	0	1
4600	 -4	3896.02	4.86494e-06	0	1
4600	 4	3899.47	1.82022e-06	0	1
4600	 -5	3585.95	3.46578e-06	0	1
4600	 5	3589.13	1.39236e-06	0	1
4600	 -6	3333.12	1.64221e-06	0	1
4600	 6	3336.08	7.0881e-07	0	1
4700	 0	876.337	1.69112e-05	0	1
4700	 0	876.912	4.38266e-06	0	1
4700	 -1	2235.93	2.1254e-05	0	1
4700	 1	2237.4	4.90135e-06	0	1
4700	 -2	3540.69	1.17918e-05	0	1
4700	 2	3543.01	3.64362e-06	0	1
4700	 -3	4119.74	8.85074e-06	0	1
4700	 3	4122.44	3.06494e-06	0	1
4700	 -4	4578.98	5.77838e-06	0	1
4700	 4	4581.98	2.28504e-06	0	1
4700	 -5	4232.01	4.13859e-06	0	1
4700	 5	4234.79	1.7518e-06	0	1
4700	 -6	3933.92	1.97171e-06	0	1
4700	 6	3936.5	8.94089e-07	0	1
4800	 0	1022.88	1.95172e-05	0	1
4800	 0	1023.37	5.46214e-06	0	1
4800	 -1	2624.95	2.43537e-05	0	1
4800	 1	2626.22	6.10158e-06	0	1
4800	 -2	4151.01	1.37484e-05	0	1
4800	 2	4153.03	4.53814e-06	0	1
4800	 -3	4845.46	1.03982e-05	0	1
4800	 3	4847.81	3.82114e-06	0	1
4800	 -4	5382.19	6.85062e-06	0	1
4800	 4	5384.8	2.85761e-06	0	1
4800	 -5	4994.1	4.93203e-06	0	1
4800	 5	4996.52	2.19513e-06	0	1
4800	 -6	4642.82	2.36221e-06	0	1
4800	 6	4645.07	1.12304e-06	0	1
4900	 0	1194.35	2.2504e-05	0	1
4900	 0	1194.78	6.78625e-06	0	1
4900	 -1	3081.97	2.78814e-05	0	1
4900	 1	3083.08	7.56918e-06	0	1
4900	 -2	4867.42	1.60107e-05	0	1
4900	 2	4869.18	5.6346e-06	0	1
4900	 -3	5699.27	1.21985e-05	0	1
4900	 3	5701.32	4.74813e-06	0	1
4900	 -4	6326.92	8.10832e-06	0	1
4900	 4	6329.19	3.56086e-06	0	1
4900	 -5	5893.05	5.86686e-06	0	1
4900	 5	5895.17	2.74026e-06	0	1
4900	 -6	5479.29	2.82455e-06	0	1
4900	 6	5481.26	1.40508e-06	0	1
5000	 0	1395.06	2.59278e-05	0	1
5000	 0	1395.44	8.40428e-06	0	1
5000	 -1	3618.93	3.18968e-05	0	1
5000	 1	3619.9	9.35563e-06	0	1
5000	 -2	5708.51	1.86259e-05	0	1
5000	 2	5710.03	6.97447e-06	0	1
5000	 -3	6703.85	1.42921e-05	0	1
5000	 3	6705.64	5.8813e-06	0	1
5000	 -4	7438.22	9.58268e-06	0	1
5000	 4	7440.21	4.42223e-06	0	1
5000	 -5	6953.44	6.96745e-06	0	1
5000	 5	6955.3	3.40871e-06	0	1
5000	 -6	6466.32	3.37145e-06	0	1
5000	 6	6468.04	1.75152e-06	0	1
5100	 0	1630.06	2.98536e-05	0	1
5100	 0	1630.38	1.0374e-05	0	1
5100	 -1	4249.89	3.6469e-05	0	1
5100	 1	4250.73	1.15206e-05	0	1
5100	 -2	6696.11	2.16493e-05	0	1
5100	 2	6697.43	8.60684e-06	0	1
5100	 -3	7885.9	1.67262e-05	0	1
5100	 3	7887.46	7.26275e-06	0	1
5100	 -4	8745.61	1.13102e-05	0	1
5100	 4	8747.34	5.4745e-06	0	1
5100	 -5	8204.27	8.26238e-06	0	1
5100	 5	8205.89	4.22621e-06	0	1
5100	 -6	7631.02	4.01788e-06	0	1
5100	 6	7632.53	2.17591e-06	0	1
5200	 0	1905.27	3.43566e-05	0	1
5200	 0	1905.55	1.2763e-05	0	1
5200	 -1	4991.36	4.16774e-05	0	1
5200	 1	4992.09	1.41332e-05	0	1
5200	 -2	7855.89	2.51446e-05	0	1
5200	 2	7857.04	1.05897e-05	0	1
5200	 -3	9276.84	1.95557e-05	0	1
5200	 3	9278.2	8.94245e-06	0	1
5200	 -4	10283.8	1.33336e-05	0	1
5200	 4	10285.3	6.75675e-06	0	1
5200	 -5	9679.71	9.7852e-06	0	1
5200	 5	9681.12	5.22351e-06	0	1
5200	 -6	9005.41	4.78149e-06	0	1
5200	 6	9006.73	2.69448e-06	0	1
5300	 0	2227.64	3.95242e-05	0	1
5300	 0	2227.89	1.56499e-05	0	1
5300	 -1	5862.77	4.76137e-05	0	1
5300	 1	5863.41	1.72731e-05	0	1
5300	 -2	9218.06	2.91863e-05	0	1
5300	 2	9219.06	1.29912e-05	0	1
5300	 -3	10913.7	2.28447e-05	0	1
5300	 3	10914.9	1.09795e-05	0	1
5300	 -4	12093.7	1.5703e-05	0	1
5300	 4	12095	8.31549e-06	0	1
5300	 -5	11420.1	1.15753e-05	0	1
5300	 5	11421.3	6.43725e-06	0	1
5300	 -6	10627.2	5.68305e-06	0	1
5300	 6	10628.4	3.32663e-06	0	1
5400	 0	2605.35	4.54576e-05	0	1
5400	 0	2605.56	1.91266e-05	0	1
5400	 -1	6886.98	5.43838e-05	0	1
5400	 1	6887.53	2.10325e-05	0	1
5400	 -2	10818.1	3.38611e-05	0	1
5400	 2	10819	1.58917e-05	0	1
5400	 -3	12840	2.6668e-05	0	1
5400	 3	12841	1.34439e-05	0	1
5400	 -4	14223.5	1.84771e-05	0	1
5400	 4	14224.7	1.0206e-05	0	1
5400	 -5	13473	1.36791e-05	0	1
5400	 5	13474.1	7.91108e-06	0	1
5400	 -6	12541.1	6.74704e-06	0	1
5400	 6	12542.1	4.09549e-06	0	1
5500	 0	3048	5.22747e-05	0	1
5500	 0	3048.18	2.32997e-05	0	1
5500	 -1	8090.86	6.21106e-05	0	1
5500	 1	8091.34	2.55177e-05	0	1
5500	 -2	12697.9	3.927e-05	0	1
5500	 2	12698.7	1.93853e-05	0	1
5500	 -3	15107	3.11131e-05	0	1
5500	 3	15107.9	1.64178e-05	0	1
5500	 -4	16729.9	2.17248e-05	0	1
5500	 4	16730.9	1.24936e-05	0	1
5500	 -5	15894.4	1.61509e-05	0	1
5500	 5	15895.4	9.69686e-06	0	1
5500	 -6	14799.6	8.00233e-06	0	1
5500	 6	14800.5	5.02862e-06	0	1
5600	 0	3566.84	6.01127e-05	0	1
5600	 0	3567	2.82936e-05	0	1
5600	 -1	9506.06	7.09362e-05	0	1
5600	 1	9506.48	3.08523e-05	0	1
5600	 -2	14906.5	4.55311e-05	0	1
5600	 2	14907.1	2.35823e-05	0	1
5600	 -3	17775.2	3.6282e-05	0	1
5600	 3	17776	1.99983e-05	0	1
5600	 -4	19679.8	2.5527e-05	0	1
5600	 4	19680.6	1.5256e-05	0	1
5600	 -5	18750.7	1.90548e-05	0	1
5600	 5	18751.5	1.18561e-05	0	1
5600	 -6	17464.8	9.48294e-06	0	1
5600	 6	17465.5	6.1588e-06	0	1
5700	 0	4175.12	6.91315e-05	0	1
5700	 0	4175.26	3.42529e-05	0	1
5700	 -1	11169.8	8.10258e-05	0	1
5700	 1	11170.1	3.71794e-05	0	1
5700	 -2	17501.7	5.27821e-05	0	1
5700	 2	17502.2	2.8612e-05	0	1
5700	 -3	20915.7	4.22945e-05	0	1
5700	 3	20916.4	2.42993e-05	0	1
5700	 -4	23151.7	2.99789e-05	0	1
5700	 4	23152.5	1.85846e-05	0	1
5700	 -5	22119.7	2.24663e-05	0	1
5700	 5	22120.4	1.44617e-05	0	1
5700	 -6	20610	1.1229e-05	0	1
5700	 6	20610.6	7.52497e-06	0	1
5800	 0	4888.41	7.95173e-05	0	1
5800	 0	4888.53	4.13465e-05	0	1
5800	 -1	13125.8	9.25711e-05	0	1
5800	 1	13126.1	4.46657e-05	0	1
5800	 -2	20551.5	6.11841e-05	0	1
5800	 2	20552	3.46258e-05	0	1
5800	 -3	24612.2	4.92905e-05	0	1
5800	 3	24612.8	2.94549e-05	0	1
5800	 -4	27238.5	3.51921e-05	0	1
5800	 4	27239.2	2.25876e-05	0	1
5800	 -5	26093.6	2.64742e-05	0	1
5800	 5	26094.2	1.76e-05	0	1
5800	 -6	24321.6	1.3288e-05	0	1
5800	 6	24322.2	9.1733e-06	0	1
5900	 0	5724.96	9.14878e-05	0	1
5900	 0	5725.07	4.97717e-05	0	1
5900	 -1	15425.6	0.000105795	0	1
5900	 1	15425.9	5.3506e-05	0	1
5900	 -2	24135.9	7.09256e-05	0	1
5900	 2	24136.3	4.18011e-05	0	1
5900	 -3	28963.4	5.74343e-05	0	1
5900	 3	28963.9	3.5622e-05	0	1
5900	 -4	32049.3	4.1298e-05	0	1
5900	 4	32049.9	2.73923e-05	0	1
5900	 -5	30780.8	3.11829e-05	0	1
5900	 5	30781.3	2.13728e-05	0	1
5900	 -6	28701.7	1.57157e-05	0	1
5900	 6	28702.2	1.11585e-05	0	1
6000	 0	6706.27	0.000105297	0	1
6000	 0	6706.36	5.97593e-05	0	1
6000	 -1	18129.8	0.000120959	0	1
6000	 1	18130	6.39282e-05	0	1
6000	 -2	28349	8.22271e-05	0	1
6000	 2	28349.4	5.03455e-05	0	1
6000	 -3	34085.4	6.69182e-05	0	1
6000	 3	34085.8	4.29852e-05	0	1
6000	 -4	37712.8	4.8451e-05	0	1
6000	 4	37713.3	3.3149e-05	0	1
6000	 -5	36309.5	3.67156e-05	0	1
6000	 5	36309.9	2.59004e-05	0	1
6000	 -6	33870.8	1.85783e-05	0	1
6000	 6	33871.2	1.35453e-05	0	1
6100	 0	7857.58	0.000121243	0	1
6100	 0	7857.66	7.15799e-05	0	1
6100	 -1	21309.7	0.000138363	0	1
6100	 1	21309.9	7.61996e-05	0	1
6100	 -2	33301.6	9.53472e-05	0	1
6100	 2	33302	6.05025e-05	0	1
6100	 -3	40115	7.79679e-05	0	1
6100	 3	40115.4	5.17607e-05	0	1
6100	 -4	44380.3	5.68329e-05	0	1
6100	 4	44380.8	4.00343e-05	0	1
6100	 -5	42830.6	4.32176e-05	0	1
6100	 5	42831	3.13248e-05	0	1
6100	 -6	39971	2.19536e-05	0	1
6100	 6	39971.4	1.64103e-05	0	1
6200	 0	9208.55	0.000139672	0	1
6200	 0	9208.62	8.55516e-05	0	1
6200	 -1	25049.3	0.000158363	0	1
6200	 1	25049.5	9.06345e-05	0	1
6200	 -2	39124	0.000110589	0	1
6200	 2	39124.3	7.25577e-05	0	1
6200	 -3	47213.3	9.08481e-05	0	1
6200	 3	47213.6	6.22023e-05	0	1
6200	 -4	52230.5	6.66577e-05	0	1
6200	 4	52230.9	4.82563e-05	0	1
6200	 -5	50522.3	5.08599e-05	0	1
6200	 5	50522.7	3.78134e-05	0	1
6200	 -6	47170	2.59338e-05	0	1
6200	 6	47170.4	1.98438e-05	0	1
6300	 0	10794.1	0.000160991	0	1
6300	 0	10794.1	0.000102048	0	1
6300	 -1	29447.3	0.000181369	0	1
6300	 1	29447.4	0.000107603	0	1
6300	 -2	45969.6	0.000128306	0	1
6300	 2	45969.8	8.68463e-05	0	1
6300	 -3	55570	0.00010587	0	1
6300	 3	55570.3	7.46079e-05	0	1
6300	 -4	61473.6	7.81772e-05	0	1
6300	 4	61474	5.80598e-05	0	1
6300	 -5	59594.7	5.98443e-05	0	1
6300	 5	59595.1	4.55633e-05	0	1
6300	 -6	55666	3.06275e-05	0	1
6300	 6	55666.3	2.39528e-05	0	1
6400	 0	12655.1	0.000185677	0	1
6400	 0	12655.2	0.000121509	0	1
6400	 -1	34619.9	0.000207863	0	1
6400	 1	34620	0.00012754	0	1
6400	 -2	54018.7	0.000148916	0	1
6400	 2	54019	0.000103762	0	1
6400	 -3	65408.6	0.000123397	0	1
6400	 3	65408.9	8.93271e-05	0	1
6400	 -4	72357.4	9.16878e-05	0	1
6400	 4	72357.7	6.97329e-05	0	1
6400	 -5	70295.7	7.04086e-05	0	1
6400	 5	70296	5.48071e-05	0	1
6400	 -6	65692.5	3.61631e-05	0	1
6400	 6	65692.7	2.88633e-05	0	1
6500	 0	14839.9	0.000214288	0	1
6500	 0	14840	0.000144453	0	1
6500	 -1	40703.8	0.000238408	0	1
6500	 1	40704	0.00015096	0	1
6500	 -2	63483.9	0.000172907	0	1
6500	 2	63484.1	0.000123767	0	1
6500	 -3	76992.3	0.000143859	0	1
6500	 3	76992.6	0.000106771	0	1
6500	 -4	85173.7	0.000107538	0	1
6500	 4	85174	8.36144e-05	0	1
6500	 -5	82917.4	8.2833e-05	0	1
6500	 5	82917.7	6.58184e-05	0	1
6500	 -6	77525.4	4.26923e-05	0	1
6500	 6	77525.6	3.47242e-05	0	1
6600	 0	17405.1	0.000247477	0	1
6600	 0	17405.2	0.00017149	0	1
6600	 -1	47860.2	0.00027366	0	1
6600	 1	47860.3	0.000178466	0	1
6600	 -2	74615	0.000200851	0	1
6600	 2	74615.2	0.000147405	0	1
6600	 -3	90631.2	0.000167759	0	1
6600	 3	90631.4	0.000127421	0	1
6600	 -4	100266	0.00012614	0	1
6600	 4	100267	0.000100103	0	1
6600	 -5	97804.8	9.74481e-05	0	1
6600	 5	97805	7.892e-05	0	1
6600	 -6	91490.3	5.0394e-05	0	1
6600	 6	91490.5	4.1711e-05	0	1
6700	 0	20417.4	0.00028601	0	1
6700	 0	20417.5	0.000203339	0	1
6700	 -1	56278.4	0.000314388	0	1
6700	 1	56278.4	0.000210771	0	1
6700	 -2	87706.3	0.00023342	0	1
6700	 2	87706.4	0.000175317	0	1
6700	 -3	106690	0.000195687	0	1
6700	 3	106691	0.000151845	0	1
6700	 -4	118041	0.000147976	0	1
6700	 4	118041	0.000119669	0	1
6700	 -5	115364	0.000114643	0	1
6700	 5	115365	9.4492e-05	0	1
6700	 -6	107971	5.94797e-05	0	1
6700	 6	107971	5.0031e-05	0	1
6800	 0	23955.2	0.000330785	0	1
6800	 0	23955.2	0.000240849	0	1
6800	 -1	66181.4	0.00036149	0	1
6800	 1	66181.5	0.000248713	0	1
6800	 -2	103104	0.000271403	0	1
6800	 2	103104	0.000208254	0	1
6800	 -3	125600	0.000228336	0	1
6800	 3	125600	0.00018071	0	1
6800	 -4	138975	0.000173617	0	1
6800	 4	138975	0.000142865	0	1
6800	 -5	136076	0.000134878	0	1
6800	 5	136076	0.000112982	0	1
6800	 -6	127422	7.01988e-05	0	1
6800	 6	127422	5.99287e-05	0	1
6900	 0	28110.6	0.000382855	0	1
6900	 0	28110.6	0.000285016	0	1
6900	 -1	77831.8	0.000416017	0	1
6900	 1	77831.9	0.000293278	0	1
6900	 -2	121216	0.000315725	0	1
6900	 2	121216	0.000247103	0	1
6900	 -3	147867	0.000266523	0	1
6900	 3	147867	0.000214801	0	1
6900	 -4	163630	0.000203731	0	1
6900	 4	163630	0.000170343	0	1
6900	 -5	160505	0.000158694	0	1
6900	 5	160506	0.00013492	0	1
6900	 -6	150377	8.28458e-05	0	1
6900	 6	150378	7.16929e-05	0	1
7000	 0	32992	0.000443452	0	1
7000	 0	32992	0.000337018	0	1
7000	 -1	91538.6	0.0004792	0	1
7000	 1	91538.7	0.000345626	0	1
7000	 -2	142522	0.000367471	0	1
7000	 2	142522	0.000292904	0	1
7000	 -3	174087	0.000311204	0	1
7000	 3	174087	0.000255041	0	1
7000	 -4	192670	0.000239109	0	1
7000	 4	192670	0.00020287	0	1
7000	 -5	189320	0.000186728	0	1
7000	 5	189320	0.000160926	0	1
7000	 -6	177470	9.77684e-05	0	1
7000	 6	177470	8.56642e-05	0	1
7100	 0	38726.9	0.000514024	0	1
7100	 0	38726.9	0.000398236	0	1
7100	 -1	107666	0.000552477	0	1
7100	 1	107666	0.000407121	0	1
7100	 -2	167587	0.000427917	0	1
7100	 2	167587	0.000346887	0	1
7100	 -3	204965	0.000363502	0	1
7100	 3	204965	0.000302517	0	1
7100	 -4	226876	0.00028068	0	1
7100	 4	226876	0.00024135	0	1
7100	 -5	223307	0.000219732	0	1
7100	 5	223307	0.000191737	0	1
7100	 -6	209444	0.000115377	0	1
7100	 6	209444	0.000102245	0	1
7200	 0	45465.5	0.000596266	0	1
7200	 0	45465.5	0.000470301	0	1
7200	 -1	126641	0.000637533	0	1
7200	 1	126641	0.000479365	0	1
7200	 -2	197076	0.000498557	0	1
7200	 2	197076	0.000410493	0	1
7200	 -3	241328	0.000424739	0	1
7200	 3	241329	0.000358508	0	1
7200	 -4	267169	0.000329536	0	1
7200	 4	267169	0.00028685	0	1
7200	 -5	263395	0.000258592	0	1
7200	 5	263395	0.000228218	0	1
7200	 -6	247180	0.000136155	0	1
7200	 6	247180	0.00012191	0	1
7300	 0	53384	0.000692169	0	1
7300	 0	53384	0.000555127	0	1
7300	 -1	148969	0.00073634	0	1
7300	 1	148969	0.000564243	0	1
7300	 -2	231772	0.000581148	0	1
7300	 2	231772	0.000485423	0	1
7300	 -3	284153	0.000496466	0	1
7300	 3	284153	0.00042452	0	1
7300	 -4	314634	0.000386964	0	1
7300	 4	314634	0.000340627	0	1
7300	 -5	310679	0.000304353	0	1
7300	 5	310679	0.000271393	0	1
7300	 -6	291718	0.000160673	0	1
7300	 6	291718	0.000145221	0	1
7400	 0	62690.3	0.000804065	0	1
7400	 0	62690.3	0.000654969	0	1
7400	 -1	175243	0.000851209	0	1
7400	 1	175243	0.000663967	0	1
7400	 -2	272597	0.000677749	0	1
7400	 2	272597	0.000573677	0	1
7400	 -3	334589	0.000580504	0	1
7400	 3	334589	0.000502328	0	1
7400	 -4	370549	0.000454478	0	1
7400	 4	370549	0.000404163	0	1
7400	 -5	366451	0.000358242	0	1
7400	 5	366451	0.000322466	0	1
7400	 -6	344282	0.000189606	0	1
7400	 6	344282	0.000172839	0	1
7500	 0	73628.4	0.000934691	0	1
7500	 0	73628.4	0.000772478	0	1
7500	 -1	206161	0.000984845	0	1
7500	 1	206161	0.000781138	0	1
7500	 -2	320637	0.00079078	0	1
7500	 2	320637	0.000677608	0	1
7500	 -3	393989	0.000678992	0	1
7500	 3	393989	0.000594018	0	1
7500	 -4	436422	0.00053386	0	1
7500	 4	436422	0.000479203	0	1
7500	 -5	432235	0.000421709	0	1
7500	 5	432235	0.000382861	0	1
7500	 -6	406320	0.000223747	0	1
7500	 6	406320	0.000205547	0	1
7600	 0	86485.9	0.00108726	0	1
7600	 0	86485.9	0.000910772	0	1
7600	 -1	242548	0.00114042	0	1
7600	 1	242548	0.000918812	0	1
7600	 -2	377169	0.000923082	0	1
7600	 2	377169	0.000799988	0	1
7600	 -3	463951	0.000794447	0	1
7600	 3	463951	0.000702051	0	1
7600	 -4	514028	0.000627208	0	1
7600	 4	514028	0.00056781	0	1
7600	 -5	509829	0.000496461	0	1
7600	 5	509829	0.000454257	0	1
7600	 -6	479540	0.000264034	0	1
7600	 6	479540	0.000244269	0	1
7700	 0	101601	0.00126553	0	1
7700	 0	101601	0.00107352	0	1
7700	 -1	285370	0.00132164	0	1
7700	 1	285370	0.00108058	0	1
7700	 -2	443699	0.00107799	0	1
7700	 2	443699	0.000944078	0	1
7700	 -3	546355	0.00092982	0	1
7700	 3	546355	0.000829321	0	1
7700	 -4	605461	0.000736989	0	1
7700	 4	605461	0.00067241	0	1
7700	 -5	601354	0.000584508	0	1
7700	 5	601354	0.000538636	0	1
7700	 -6	565957	0.000311571	0	1
7700	 6	565957	0.000290097	0	1
7800	 0	119372	0.00147394	0	1
7800	 0	119372	0.00126504	0	1
7800	 -1	335770	0.00153287	0	1
7800	 1	335770	0.00127067	0	1
7800	 -2	522000	0.00125942	0	1
7800	 2	522000	0.00111371	0	1
7800	 -3	643414	0.00108858	0	1
7800	 3	643414	0.000979237	0	1
7800	 -4	713189	0.000866109	0	1
7800	 4	713189	0.000795867	0	1
7800	 -5	709310	0.000688219	0	1
7800	 5	709310	0.000638335	0	1
7800	 -6	667951	0.000367662	0	1
7800	 6	667951	0.000344318	0	1
7900	 0	140266	0.00171767	0	1
7900	 0	140266	0.0014904	0	1
7900	 -1	395089	0.0017792	0	1
7900	 1	395089	0.00149403	0	1
7900	 -2	614157	0.00147197	0	1
7900	 2	614157	0.00131341	0	1
7900	 -3	757740	0.00127482	0	1
7900	 3	757741	0.00115581	0	1
7900	 -4	840118	0.00101799	0	1
7900	 4	840118	0.000941556	0	1
7900	 -5	836648	0.000810385	0	1
7900	 5	836648	0.000756115	0	1
7900	 -6	788330	0.000433845	0	1
7900	 6	788330	0.000408454	0	1
8000	 0	164836	0.00200281	0	1
8000	 0	164836	0.00175557	0	1
8000	 -1	464910	0.00206663	0	1
8000	 1	464910	0.00175651	0	1
8000	 -2	722630	0.00172104	0	1
8000	 2	722630	0.00154849	0	1
8000	 -3	892409	0.00149332	0	1
8000	 3	892409	0.00136378	0	1
8000	 -4	989678	0.00119665	0	1
8000	 4	989678	0.00111346	0	1
8000	 -5	986849	0.000954295	0	1
8000	 5	986849	0.000895228	0	1
8000	 -6	930410	0.000511932	0	1
8000	 6	930410	0.000484302	0	1
8100	 0	193730	0.00233652	0	1
8100	 0	193730	0.00206758	0	1
8100	 -1	547095	0.00240218	0	1
8100	 1	547095	0.00206496	0	1
8100	 -2	850313	0.00201299	0	1
8100	 2	850313	0.0018252	0	1
8100	 -3	1.05104e+06	0.00174972	0	1
8100	 3	1.05104e+06	0.00160869	0	1
8100	 -4	1.16591e+06	0.00140684	0	1
8100	 4	1.16591e+06	0.00131626	0	1
8100	 -5	1.16402e+06	0.00112382	0	1
8100	 5	1.16402e+06	0.00105952	0	1
8100	 -6	1.0981e+06	0.000604062	0	1
8100	 6	1.0981e+06	0.000573984	0	1
8200	 0	227711	0.0027272	0	1
8200	 0	227711	0.0024347	0	1
8200	 -1	643837	0.00279408	0	1
8200	 1	643837	0.00242745	0	1
8200	 -2	1.00062e+06	0.00235528	0	1
8200	 2	1.00062e+06	0.00215091	0	1
8200	 -3	1.23791e+06	0.00205065	0	1
8200	 3	1.23791e+06	0.0018971	0	1
8200	 -4	1.37357e+06	0.00165413	0	1
8200	 4	1.37357e+06	0.0015555	0	1
8200	 -5	1.373e+06	0.00132354	0	1
8200	 5	1.373e+06	0.00125351	0	1
8200	 -6	1.29602e+06	0.000712757	0	1
8200	 6	1.29602e+06	0.000680005	0	1
8300	 0	267679	0.00318473	0	1
8300	 0	267679	0.00286664	0	1
8300	 -1	757719	0.003252	0	1
8300	 1	757719	0.00285347	0	1
8300	 -2	1.17755e+06	0.00275667	0	1
8300	 2	1.17755e+06	0.00253428	0	1
8300	 -3	1.45805e+06	0.0024039	0	1
8300	 3	1.45805e+06	0.00223673	0	1
8300	 -4	1.61828e+06	0.00194509	0	1
8300	 4	1.61828e+06	0.00183768	0	1
8300	 -5	1.61951e+06	0.00155882	0	1
8300	 5	1.61951e+06	0.00148254	0	1
8300	 -6	1.52963e+06	0.000840993	0	1
8300	 6	1.52963e+06	0.000805321	0	1
8400	 0	314692	0.00372069	0	1
8400	 0	314692	0.00337484	0	1
8400	 -1	891783	0.0037873	0	1
8400	 1	891783	0.00335416	0	1
8400	 -2	1.38585e+06	0.00322747	0	1
8400	 2	1.38585e+06	0.0029855	0	1
8400	 -3	1.71738e+06	0.00281863	0	1
8400	 3	1.71738e+06	0.00263665	0	1
8400	 -4	1.90666e+06	0.00228747	0	1
8400	 4	1.90666e+06	0.00217049	0	1
8400	 -5	1.91028e+06	0.00183602	0	1
8400	 5	1.91028e+06	0.00175293	0	1
8400	 -6	1.80535e+06	0.00099228	0	1
8400	 6	1.80535e+06	0.000953422	0	1
8500	 0	369995	0.00434872	0	1
8500	 0	369995	0.00397277	0	1
8500	 -1	1.04961e+06	0.0044133	0	1
8500	 1	1.04961e+06	0.00394265	0	1
8500	 -2	1.63109e+06	0.00377981	0	1
8500	 2	1.63109e+06	0.00351658	0	1
8500	 -3	2.0229e+06	0.00330564	0	1
8500	 3	2.0229e+06	0.00310755	0	1
8500	 -4	2.2465e+06	0.00269036	0	1
8500	 4	2.2465e+06	0.00256299	0	1
8500	 -5	2.25327e+06	0.0021626	0	1
8500	 5	2.25327e+06	0.0020721	0	1
8500	 -6	2.13078e+06	0.00117076	0	1
8500	 6	2.13078e+06	0.00112843	0	1
8600	 0	435054	0.00508482	0	1
8600	 0	435054	0.00467625	0	1
8600	 -1	1.23542e+06	0.00514564	0	1
8600	 1	1.23542e+06	0.00463437	0	1
8600	 -2	1.91982e+06	0.00442792	0	1
8600	 2	1.91982e+06	0.00414164	0	1
8600	 -3	2.38283e+06	0.00387759	0	1
8600	 3	2.38283e+06	0.00366202	0	1
8600	 -4	2.647e+06	0.00316451	0	1
8600	 4	2.647e+06	0.00302584	0	1
8600	 -5	2.65785e+06	0.00254738	0	1
8600	 5	2.65785e+06	0.00244883	0	1
8600	 -6	2.51488e+06	0.00138131	0	1
8600	 6	2.51488e+06	0.00133521	0	1
8700	 0	511597	0.00594783	0	1
8700	 0	511597	0.00550392	0	1
8700	 -1	1.45419e+06	0.00600272	0	1
8700	 1	1.45419e+06	0.00544746	0	1
8700	 -2	2.25977e+06	0.00518856	0	1
8700	 2	2.25977e+06	0.0048773	0	1
8700	 -3	2.80689e+06	0.0045494	0	1
8700	 3	2.80689e+06	0.00431488	0	1
8700	 -4	3.11901e+06	0.00372255	0	1
8700	 4	3.11901e+06	0.00357161	0	1
8700	 -5	3.13509e+06	0.00300075	0	1
8700	 5	3.13509e+06	0.00289345	0	1
8700	 -6	2.96824e+06	0.0016297	0	1
8700	 6	2.96824e+06	0.00157949	0	1
8800	 0	601655	0.00695986	0	1
8800	 0	601655	0.00647769	0	1
8800	 -1	1.71176e+06	0.00700612	0	1
8800	 1	1.71176e+06	0.00640325	0	1
8800	 -2	2.66006e+06	0.00608145	0	1
8800	 2	2.66006e+06	0.00574313	0	1
8800	 -3	3.3065e+06	0.00533864	0	1
8800	 3	3.3065e+06	0.00508357	0	1
8800	 -4	3.6753e+06	0.00437938	0	1
8800	 4	3.6753e+06	0.00421513	0	1
8800	 -5	3.69804e+06	0.00353495	0	1
8800	 5	3.69804e+06	0.00341815	0	1
8800	 -6	3.50333e+06	0.00192272	0	1
8800	 6	3.50333e+06	0.00186806	0	1
8900	 0	707623	0.00814693	0	1
8900	 0	707623	0.00762337	0	1
8900	 -1	2.01502e+06	0.00818122	0	1
8900	 1	2.01502e+06	0.00752685	0	1
8900	 -2	3.1314e+06	0.00712975	0	1
8900	 2	3.1314e+06	0.00676214	0	1
8900	 -3	3.89514e+06	0.00626596	0	1
8900	 3	3.89514e+06	0.00598864	0	1
8900	 -4	4.33094e+06	0.00515253	0	1
8900	 4	4.33094e+06	0.00497385	0	1
8900	 -5	4.36209e+06	0.00416443	0	1
8900	 5	4.36209e+06	0.00403734	0	1
8900	 -6	4.13492e+06	0.00226839	0	1
8900	 6	4.13492e+06	0.0022089	0	1
9000	 0	832317	0.00953962	0	1
9000	 0	832317	0.0089713	0	1
9000	 -1	2.37211e+06	0.00955783	0	1
9000	 1	2.37211e+06	0.00884779	0	1
9000	 -2	3.68642e+06	0.00836074	0	1
9000	 2	3.68642e+06	0.00796145	0	1
9000	 -3	4.58869e+06	0.00735566	0	1
9000	 3	4.58869e+06	0.00705425	0	1
9000	 -4	5.1037e+06	0.00606266	0	1
9000	 4	5.1037e+06	0.00586837	0	1
9000	 -5	5.14542e+06	0.00490621	0	1
9000	 5	5.14542e+06	0.00476796	0	1
9000	 -6	4.88038e+06	0.00267618	0	1
9000	 6	4.88038e+06	0.00261145	0	1
9100	 0	979056	0.0111739	0	1
9100	 0	979056	0.0105572	0	1
9100	 -1	2.79259e+06	0.011171	0	1
9100	 1	2.79259e+06	0.0104008	0	1
9100	 -2	4.34002e+06	0.00980648	0	1
9100	 2	4.34002e+06	0.00937294	0	1
9100	 -3	5.40588e+06	0.00863636	0	1
9100	 3	5.40588e+06	0.0083089	0	1
9100	 -4	6.01451e+06	0.00713413	0	1
9100	 4	6.01451e+06	0.00692294	0	1
9100	 -5	6.06946e+06	0.00578036	0	1
9100	 5	6.06946e+06	0.00563003	0	1
9100	 -6	5.76027e+06	0.00315725	0	1
9100	 6	5.76027e+06	0.00308685	0	1
9200	 0	1.15175e+06	0.013092	0	1
9200	 0	1.15175e+06	0.0124231	0	1
9200	 -1	3.28771e+06	0.0130619	0	1
9200	 1	3.28771e+06	0.0122267	0	1
9200	 -2	5.10973e+06	0.0115047	0	1
9200	 2	5.10973e+06	0.0110342	0	1
9200	 -3	6.36875e+06	0.0101417	0	1
9200	 3	6.36875e+06	0.0097861	0	1
9200	 -4	7.08807e+06	0.0083956	0	1
9200	 4	7.08807e+06	0.00816613	0	1
9200	 -5	7.15947e+06	0.00681053	0	1
9200	 5	7.15947e+06	0.00664713	0	1
9200	 -6	6.79883e+06	0.00372476	0	1
9200	 6	6.79883e+06	0.00364823	0	1
9300	 0	1.35499e+06	0.0153438	0	1
9300	 0	1.35499e+06	0.0146183	0	1
9300	 -1	3.87076e+06	0.015279	0	1
9300	 1	3.87076e+06	0.0143735	0	1
9300	 -2	6.0162e+06	0.0134999	0	1
9300	 2	6.0162e+06	0.0129893	0	1
9300	 -3	7.50332e+06	0.0119114	0	1
9300	 3	7.50332e+06	0.0115253	0	1
9300	 -4	8.35349e+06	0.00988087	0	1
9300	 4	8.35349e+06	0.00963165	0	1
9300	 -5	8.44528e+06	0.00802463	0	1
9300	 5	8.44528e+06	0.00784711	0	1
9300	 -6	8.02466e+06	0.00439426	0	1
9300	 6	8.02466e+06	0.00431109	0	1
9400	 0	1.59421e+06	0.0179877	0	1
9400	 0	1.59421e+06	0.0172012	0	1
9400	 -1	4.55736e+06	0.0178792	0	1
9400	 1	4.55736e+06	0.0168978	0	1
9400	 -2	7.08378e+06	0.0158441	0	1
9400	 2	7.08378e+06	0.0152904	0	1
9400	 -3	8.84023e+06	0.013992	0	1
9400	 3	8.84023e+06	0.0135731	0	1
9400	 -4	9.84509e+06	0.0116298	0	1
9400	 4	9.84509e+06	0.0113592	0	1
9400	 -5	9.96208e+06	0.00945556	0	1
9400	 5	9.96208e+06	0.00926277	0	1
9400	 -6	9.47156e+06	0.00518407	0	1
9400	 6	9.47156e+06	0.00509373	0	1
9500	 0	1.87578e+06	0.0210926	0	1
9500	 0	1.87578e+06	0.0202402	0	1
9500	 -1	5.36594e+06	0.0209294	0	1
9500	 1	5.36594e+06	0.0198661	0	1
9500	 -2	8.34114e+06	0.018599	0	1
9500	 2	8.34114e+06	0.0179987	0	1
9500	 -3	1.04156e+07	0.0164386	0	1
9500	 3	1.04156e+07	0.0159841	0	1
9500	 -4	1.16033e+07	0.0136892	0	1
9500	 4	1.16033e+07	0.0133956	0	1
9500	 -5	1.17514e+07	0.0111421	0	1
9500	 5	1.17514e+07	0.0109328	0	1
9500	 -6	1.11794e+07	0.00611584	0	1
9500	 6	1.11794e+07	0.00601775	0	1
9600	 0	2.20722e+06	0.0247393	0	1
9600	 0	2.20722e+06	0.0238159	0	1
9600	 -1	6.3182e+06	0.0245083	0	1
9600	 1	6.3182e+06	0.0233565	0	1
9600	 -2	9.82206e+06	0.0218369	0	1
9600	 2	9.82206e+06	0.0211862	0	1
9600	 -3	1.2272e+07	0.0193157	0	1
9600	 3	1.2272e+07	0.0188229	0	1
9600	 -4	1.36759e+07	0.0161144	0	1
9600	 4	1.36759e+07	0.0157959	0	1
9600	 -5	1.38621e+07	0.01313	0	1
9600	 5	1.38621e+07	0.0129029	0	1
9600	 -6	1.31952e+07	0.00721506	0	1
9600	 6	1.31952e+07	0.0071086	0	1
9700	 0	2.59738e+06	0.0290232	0	1
9700	 0	2.59738e+06	0.028023	0	1
9700	 -1	7.4397e+06	0.0287086	0	1
9700	 1	7.4397e+06	0.0274612	0	1
9700	 -2	1.15664e+07	0.0256428	0	1
9700	 2	1.15664e+07	0.0249379	0	1
9700	 -3	1.44596e+07	0.0226995	0	1
9700	 3	1.44596e+07	0.0221653	0	1
9700	 -4	1.61192e+07	0.0189706	0	1
9700	 4	1.61192e+07	0.0186252	0	1
9700	 -5	1.63521e+07	0.0154732	0	1
9700	 5	1.63521e+07	0.0152269	0	1
9700	 -6	1.55746e+07	0.00851187	0	1
9700	 6	1.55746e+07	0.00839637	0	1
9800	 0	3.05669e+06	0.0340562	0	1
9800	 0	3.05669e+06	0.0329732	0	1
9800	 -1	8.76054e+06	0.0336391	0	1
9800	 1	8.76054e+06	0.0322884	0	1
9800	 -2	1.3621e+07	0.0301171	0	1
9800	 2	1.3621e+07	0.0293536	0	1
9800	 -3	1.70375e+07	0.0266796	0	1
9800	 3	1.70375e+07	0.0261008	0	1
9800	 -4	1.89994e+07	0.0223345	0	1
9800	 4	1.89994e+07	0.0219601	0	1
9800	 -5	1.92894e+07	0.0182353	0	1
9800	 5	1.92894e+07	0.0179682	0	1
9800	 -6	1.8383e+07	0.0100418	0	1
9800	 6	1.8383e+07	0.00991652	0	1
9900	 0	3.59742e+06	0.0399703	0	1
9900	 0	3.59742e+06	0.0387978	0	1
9900	 -1	1.03162e+07	0.0394278	0	1
9900	 1	1.03162e+07	0.0379656	0	1
9900	 -2	1.60411e+07	0.0353778	0	1
9900	 2	1.60411e+07	0.034551	0	1
9900	 -3	2.00756e+07	0.0313617	0	1
9900	 3	2.00756e+07	0.0307346	0	1
9900	 -4	2.23947e+07	0.0262966	0	1
9900	 4	2.23947e+07	0.0258909	0	1
9900	 -5	2.27546e+07	0.0214914	0	1
9900	 5	2.27546e+07	0.0212018	0	1
9900	 -6	2.1698e+07	0.0118467	0	1
9900	 6	2.1698e+07	0.0117109	0	1
10000	 0	4.23404e+06	0.0469205	0	1
10000	 0	4.23404e+06	0.0456514	0	1
10000	 -1	1.21485e+07	0.0462254	0	1
10000	 1	1.21485e+07	0.0446427	0	1
10000	 -2	1.88919e+07	0.0415635	0	1
10000	 2	1.88919e+07	0.0406686	0	1
10000	 -3	2.36558e+07	0.0368699	0	1
10000	 3	2.36558e+07	0.0361908	0	1
10000	 -4	2.63974e+07	0.0309635	0	1
10000	 4	2.63974e+07	0.030524	0	1
10000	 -5	2.68424e+07	0.0253297	0	1
10000	 5	2.68424e+07	0.025016	0	1
10000	 -6	2.56109e+07	0.0139761	0	1
10000	 6	2.56109e+07	0.0138289	0	1
10100	 0	4.98358e+06	0.0550893	0	1
10100	 0	4.98358e+06	0.053716	0	1
10100	 -1	1.43067e+07	0.0542091	0	1
10100	 1	1.43067e+07	0.0524962	0	1
10100	 -2	2.22502e+07	0.0488379	0	1
10100	 2	2.22502e+07	0.0478694	0	1
10100	 -3	2.78753e+07	0.0433507	0	1
10100	 3	2.78753e+07	0.0426155	0	1
10100	 -4	3.11163e+07	0.0364608	0	1
10100	 4	3.11163e+07	0.0359849	0	1
10100	 -5	3.16647e+07	0.0298548	0	1
10100	 5	3.16647e+07	0.0295149	0	1
10100	 -6	3.02295e+07	0.0164883	0	1
10100	 6	3.02295e+07	0.0163289	0	1
10200	 0	5.86612e+06	0.0646917	0	1
10200	 0	5.86612e+06	0.0632058	0	1
10200	 -1	1.68489e+07	0.0635873	0	1
10200	 1	1.68489e+07	0.0617338	0	1
10200	 -2	2.62063e+07	0.0573933	0	1
10200	 2	2.62063e+07	0.0563454	0	1
10200	 -3	3.2848e+07	0.0509765	0	1
10200	 3	3.2848e+07	0.0501806	0	1
10200	 -4	3.66796e+07	0.0429367	0	1
10200	 4	3.66796e+07	0.0424213	0	1
10200	 -5	3.73537e+07	0.0351895	0	1
10200	 5	3.73537e+07	0.0348214	0	1
10200	 -6	3.56812e+07	0.0194522	0	1
10200	 6	3.56812e+07	0.0192796	0	1
10300	 0	6.90529e+06	0.0759803	0	1
10300	 0	6.90529e+06	0.0743727	0	1
10300	 -1	1.98433e+07	0.0746055	0	1
10300	 1	1.98433e+07	0.0725998	0	1
10300	 -2	3.08669e+07	0.0674562	0	1
10300	 2	3.08669e+07	0.0663227	0	1
10300	 -3	3.87086e+07	0.0599502	0	1
10300	 3	3.87086e+07	0.0590889	0	1
10300	 -4	4.32384e+07	0.0505655	0	1
10300	 4	4.32384e+07	0.0500077	0	1
10300	 -5	4.4065e+07	0.0414789	0	1
10300	 5	4.4065e+07	0.0410804	0	1
10300	 -6	4.21162e+07	0.022949	0	1
10300	 6	4.21162e+07	0.0227621	0	1
10400	 0	8.12895e+06	0.0892526	0	1
10400	 0	8.12895e+06	0.0875137	0	1
10400	 -1	2.33705e+07	0.0875523	0	1
10400	 1	2.33705e+07	0.0853819	0	1
10400	 -2	3.63575e+07	0.0792934	0	1
10400	 2	3.63575e+07	0.0780674	0	1
10400	 -3	4.56159e+07	0.0705109	0	1
10400	 3	4.56159e+07	0.0695791	0	1
10400	 -4	5.09711e+07	0.059553	0	1
10400	 4	5.09711e+07	0.0589494	0	1
10400	 -5	5.19825e+07	0.0488941	0	1
10400	 5	5.19825e+07	0.0484628	0	1
10400	 -6	4.97118e+07	0.0270746	0	1
10400	 6	4.97118e+07	0.0268722	0	1
10500	 0	9.5699e+06	0.104859	0	1
10500	 0	9.5699e+06	0.102978	0	1
10500	 -1	2.75256e+07	0.102767	0	1
10500	 1	2.75256e+07	0.100419	0	1
10500	 -2	4.28261e+07	0.0932189	0	1
10500	 2	4.28261e+07	0.0918929	0	1
10500	 -3	5.37568e+07	0.0829403	0	1
10500	 3	5.37568e+07	0.0819322	0	1
10500	 -4	6.00881e+07	0.0701416	0	1
10500	 4	6.00881e+07	0.0694886	0	1
10500	 -5	6.1323e+07	0.057637	0	1
10500	 5	6.1323e+07	0.0571702	0	1
10500	 -6	5.86776e+07	0.031942	0	1
10500	 6	5.86776e+07	0.031723	0	1
10600	 0	1.12668e+07	0.123211	0	1
10600	 0	1.12668e+07	0.121177	0	1
10600	 -1	3.24203e+07	0.12065	0	1
10600	 1	3.24203e+07	0.118109	0	1
10600	 -2	5.04471e+07	0.109602	0	1
10600	 2	5.04471e+07	0.108168	0	1
10600	 -3	6.33519e+07	0.09757	0	1
10600	 3	6.33519e+07	0.0964797	0	1
10600	 -4	7.08371e+07	0.0826171	0	1
10600	 4	7.08371e+07	0.0819108	0	1
10600	 -5	7.23423e+07	0.0679454	0	1
10600	 5	7.23423e+07	0.0674403	0	1
10600	 -6	6.92606e+07	0.0376847	0	1
10600	 6	6.92606e+07	0.0374478	0	1
10700	 0	1.32652e+07	0.144795	0	1
10700	 0	1.32652e+07	0.142594	0	1
10700	 -1	3.81864e+07	0.141671	0	1
10700	 1	3.81864e+07	0.138921	0	1
10700	 -2	5.94261e+07	0.128879	0	1
10700	 2	5.94261e+07	0.127328	0	1
10700	 -3	7.46611e+07	0.114791	0	1
10700	 3	7.46611e+07	0.113611	0	1
10700	 -4	8.35107e+07	0.0973161	0	1
10700	 4	8.35107e+07	0.0965523	0	1
10700	 -5	8.53423e+07	0.0800999	0	1
10700	 5	8.53423e+07	0.0795536	0	1
10700	 -6	8.17526e+07	0.0444602	0	1
10700	 6	8.17526e+07	0.044204	0	1
10800	 0	1.56187e+07	0.170181	0	1
10800	 0	1.56187e+07	0.1678	0	1
10800	 -1	4.49794e+07	0.166385	0	1
10800	 1	4.49794e+07	0.163408	0	1
10800	 -2	7.00054e+07	0.151562	0	1
10800	 2	7.00054e+07	0.149885	0	1
10800	 -3	8.7991e+07	0.135063	0	1
10800	 3	8.7991e+07	0.133787	0	1
10800	 -4	9.84536e+07	0.114636	0	1
10800	 4	9.84536e+07	0.11381	0	1
10800	 -5	1.00679e+08	0.0944317	0	1
10800	 5	1.00679e+08	0.0938409	0	1
10800	 -6	9.6498e+07	0.0524542	0	1
10800	 6	9.6498e+07	0.0521771	0	1
10900	 0	1.83905e+07	0.200041	0	1
10900	 0	1.83905e+07	0.197466	0	1
10900	 -1	5.29821e+07	0.195442	0	1
10900	 1	5.29821e+07	0.192219	0	1
10900	 -2	8.24705e+07	0.178254	0	1
10900	 2	8.24705e+07	0.17644	0	1
10900	 -3	1.03703e+08	0.158928	0	1
10900	 3	1.03703e+08	0.157549	0	1
10900	 -4	1.16073e+08	0.135044	0	1
10900	 4	1.16073e+08	0.134151	0	1
10900	 -5	1.18773e+08	0.111331	0	1
10900	 5	1.18773e+08	0.110692	0	1
10900	 -6	1.13903e+08	0.0618859	0	1
10900	 6	1.13903e+08	0.0615863	0	1
11000	 0	2.16551e+07	0.235168	0	1
11000	 0	2.16551e+07	0.23238	0	1
11000	 -1	6.24103e+07	0.22961	0	1
11000	 1	6.24103e+07	0.226119	0	1
11000	 -2	9.71578e+07	0.209667	0	1
11000	 2	9.71578e+07	0.207705	0	1
11000	 -3	1.22222e+08	0.187025	0	1
11000	 3	1.22222e+08	0.185534	0	1
11000	 -4	1.36847e+08	0.159092	0	1
11000	 4	1.36847e+08	0.158127	0	1
11000	 -5	1.40119e+08	0.131259	0	1
11000	 5	1.40119e+08	0.130568	0	1
11000	 -6	1.34448e+08	0.0730141	0	1
11000	 6	1.34448e+08	0.0726902	0	1
11100	 0	2.55003e+07	0.276492	0	1
11100	 0	2.55003e+07	0.273475	0	1
11100	 -1	7.35181e+07	0.269791	0	1
11100	 1	7.35181e+07	0.266011	0	1
11100	 -2	1.14464e+08	0.246638	0	1
11100	 2	1.14464e+08	0.244514	0	1
11100	 -3	1.44052e+08	0.220107	0	1
11100	 3	1.44052e+08	0.218493	0	1
11100	 -4	1.61343e+08	0.187431	0	1
11100	 4	1.61343e+08	0.186387	0	1
11100	 -5	1.65303e+08	0.154757	0	1
11100	 5	1.65303e+08	0.15401	0	1
11100	 -6	1.587e+08	0.0861439	0	1
11100	 6	1.587e+08	0.0857938	0	1
11200	 0	3.00294e+07	0.32511	0	1
11200	 0	3.00294e+07	0.321844	0	1
11200	 -1	8.66052e+07	0.31705	0	1
11200	 1	8.66052e+07	0.312953	0	1
11200	 -2	1.34857e+08	0.290153	0	1
11200	 2	1.34857e+08	0.287854	0	1
11200	 -3	1.69784e+08	0.259059	0	1
11200	 3	1.69784e+08	0.257314	0	1
11200	 -4	1.90227e+08	0.220826	0	1
11200	 4	1.90227e+08	0.219697	0	1
11200	 -5	1.95015e+08	0.182467	0	1
11200	 5	1.95015e+08	0.18166	0	1
11200	 -6	1.87326e+08	0.101635	0	1
11200	 6	1.87326e+08	0.101257	0	1
11300	 0	3.53643e+07	0.382314	0	1
11300	 0	3.53643e+07	0.378777	0	1
11300	 -1	1.02024e+08	0.372636	0	1
11300	 1	1.02024e+08	0.368196	0	1
11300	 -2	1.58886e+08	0.341372	0	1
11300	 2	1.58886e+08	0.338883	0	1
11300	 -3	2.00116e+08	0.304926	0	1
11300	 3	2.00116e+08	0.303038	0	1
11300	 -4	2.24285e+08	0.260181	0	1
11300	 4	2.24285e+08	0.25896	0	1
11300	 -5	2.30069e+08	0.215145	0	1
11300	 5	2.30069e+08	0.214271	0	1
11300	 -6	2.21117e+08	0.119914	0	1
11300	 6	2.21117e+08	0.119505	0	1
11400	 0	4.16485e+07	0.449625	0	1
11400	 0	4.16485e+07	0.445792	0	1
11400	 -1	1.20192e+08	0.438023	0	1
11400	 1	1.20192e+08	0.433209	0	1
11400	 -2	1.87203e+08	0.401665	0	1
11400	 2	1.87203e+08	0.398968	0	1
11400	 -3	2.35871e+08	0.358938	0	1
11400	 3	2.35871e+08	0.356895	0	1
11400	 -4	2.64446e+08	0.306562	0	1
11400	 4	2.64446e+08	0.305241	0	1
11400	 -5	2.71425e+08	0.253681	0	1
11400	 5	2.71425e+08	0.252736	0	1
11400	 -6	2.61004e+08	0.14148	0	1
11400	 6	2.61004e+08	0.141038	0	1
11500	 0	4.90511e+07	0.528833	0	1
11500	 0	4.90511e+07	0.524677	0	1
11500	 -1	1.41598e+08	0.514947	0	1
11500	 1	1.41598e+08	0.509724	0	1
11500	 -2	2.20572e+08	0.472641	0	1
11500	 2	2.20572e+08	0.469719	0	1
11500	 -3	2.7802e+08	0.422545	0	1
11500	 3	2.7802e+08	0.420333	0	1
11500	 -4	3.11804e+08	0.361223	0	1
11500	 4	3.11804e+08	0.359795	0	1
11500	 -5	3.20218e+08	0.299127	0	1
11500	 5	3.20218e+08	0.298105	0	1
11500	 -6	3.08087e+08	0.166926	0	1
11500	 6	3.08087e+08	0.166448	0	1
11600	 0	5.77715e+07	0.622046	0	1
11600	 0	5.77715e+07	0.617539	0	1
11600	 -1	1.6682e+08	0.605448	0	1
11600	 1	1.6682e+08	0.59978	0	1
11600	 -2	2.59895e+08	0.556199	0	1
11600	 2	2.59895e+08	0.553031	0	1
11600	 -3	3.27706e+08	0.497454	0	1
11600	 3	3.27706e+08	0.495059	0	1
11600	 -4	3.67648e+08	0.425646	0	1
11600	 4	3.67648e+08	0.4241	0	1
11600	 -5	3.77784e+08	0.352722	0	1
11600	 5	3.77784e+08	0.351616	0	1
11600	 -6	3.63665e+08	0.196951	0	1
11600	 6	3.63665e+08	0.196433	0	1
11700	 0	6.80446e+07	0.731747	0	1
11700	 0	6.80446e+07	0.726855	0	1
11700	 -1	1.9654e+08	0.711932	0	1
11700	 1	1.9654e+08	0.705777	0	1
11700	 -2	3.06236e+08	0.654573	0	1
11700	 2	3.06236e+08	0.651137	0	1
11700	 -3	3.86278e+08	0.585679	0	1
11700	 3	3.86278e+08	0.583084	0	1
11700	 -4	4.33501e+08	0.501575	0	1
11700	 4	4.33501e+08	0.499902	0	1
11700	 -5	4.45702e+08	0.41593	0	1
11700	 5	4.45702e+08	0.414733	0	1
11700	 -6	4.29269e+08	0.232377	0	1
11700	 6	4.29269e+08	0.231817	0	1
11800	 0	8.01471e+07	0.860858	0	1
11800	 0	8.01471e+07	0.855547	0	1
11800	 -1	2.3156e+08	0.83723	0	1
11800	 1	2.3156e+08	0.830545	0	1
11800	 -2	3.60849e+08	0.770396	0	1
11800	 2	3.60849e+08	0.766669	0	1
11800	 -3	4.55328e+08	0.68959	0	1
11800	 3	4.55328e+08	0.686777	0	1
11800	 -4	5.11158e+08	0.591068	0	1
11800	 4	5.11158e+08	0.589256	0	1
11800	 -5	5.25834e+08	0.490475	0	1
11800	 5	5.25834e+08	0.489179	0	1
11800	 -6	5.0671e+08	0.274177	0	1
11800	 6	5.0671e+08	0.273571	0	1
11900	 0	9.44052e+07	1.01282	0	1
11900	 0	9.44052e+07	1.00705	0	1
11900	 -1	2.72826e+08	0.984676	0	1
11900	 1	2.72826e+08	0.977411	0	1
11900	 -2	4.25212e+08	0.90677	0	1
11900	 2	4.25212e+08	0.902724	0	1
11900	 -3	5.36729e+08	0.811981	0	1
11900	 3	5.36729e+08	0.80893	0	1
11900	 -4	6.02736e+08	0.696551	0	1
11900	 4	6.02736e+08	0.694586	0	1
11900	 -5	6.20377e+08	0.578392	0	1
11900	 5	6.20377e+08	0.576988	0	1
11900	 -6	5.98124e+08	0.323498	0	1
11900	 6	5.98124e+08	0.322842	0	1
12000	 0	1.11203e+08	1.1917	0	1
12000	 0	1.11203e+08	1.18543	0	1
12000	 -1	3.21453e+08	1.15819	0	1
12000	 1	3.21453e+08	1.1503	0	1
12000	 -2	5.01066e+08	1.06735	0	1
12000	 2	5.01066e+08	1.06295	0	1
12000	 -3	6.32693e+08	0.956145	0	1
12000	 3	6.32693e+08	0.952835	0	1
12000	 -4	7.10731e+08	0.820882	0	1
12000	 4	7.10731e+08	0.818752	0	1
12000	 -5	7.31923e+08	0.682082	0	1
12000	 5	7.31923e+08	0.680561	0	1
12000	 -6	7.0603e+08	0.381694	0	1
12000	 6	7.0603e+08	0.380984	0	1
12100	 0	1.30994e+08	1.40225	0	1
12100	 0	1.30994e+08	1.39543	0	1
12100	 -1	3.78756e+08	1.36241	0	1
12100	 1	3.78756e+08	1.35383	0	1
12100	 -2	5.90464e+08	1.25644	0	1
12100	 2	5.90464e+08	1.25166	0	1
12100	 -3	7.45828e+08	1.12596	0	1
12100	 3	7.45828e+08	1.12237	0	1
12100	 -4	8.38089e+08	0.967434	0	1
12100	 4	8.38089e+08	0.965124	0	1
12100	 -5	8.63532e+08	0.804376	0	1
12100	 5	8.63532e+08	0.802727	0	1
12100	 -6	8.33407e+08	0.450361	0	1
12100	 6	8.33407e+08	0.449592	0	1
12200	 0	1.54313e+08	1.65011	0	1
12200	 0	1.54313e+08	1.64269	0	1
12200	 -1	4.46283e+08	1.60277	0	1
12200	 1	4.46283e+08	1.59343	0	1
12200	 -2	6.95829e+08	1.4791	0	1
12200	 2	6.95829e+08	1.47391	0	1
12200	 -3	8.79207e+08	1.326	0	1
12200	 3	8.79207e+08	1.3221	0	1
12200	 -4	9.88283e+08	1.14018	0	1
12200	 4	9.88283e+08	1.13767	0	1
12200	 -5	1.01881e+09	0.948616	0	1
12200	 5	1.01881e+09	0.946827	0	1
12200	 -6	9.83766e+08	0.531386	0	1
12200	 6	9.83766e+08	0.530551	0	1
12300	 0	1.81787e+08	1.94189	0	1
12300	 0	1.81787e+08	1.93382	0	1
12300	 -1	5.2586e+08	1.88568	0	1
12300	 1	5.2586e+08	1.87553	0	1
12300	 -2	8.20013e+08	1.74132	0	1
12300	 2	8.20013e+08	1.73567	0	1
12300	 -3	1.03646e+09	1.56166	0	1
12300	 3	1.03646e+09	1.55742	0	1
12300	 -4	1.16541e+09	1.34381	0	1
12300	 4	1.16541e+09	1.34109	0	1
12300	 -5	1.20202e+09	1.11874	0	1
12300	 5	1.20202e+09	1.1168	0	1
12300	 -6	1.16126e+09	0.626991	0	1
12300	 6	1.16126e+09	0.626085	0	1
12400	 0	2.14159e+08	2.2854	0	1
12400	 0	2.14159e+08	2.27662	0	1
12400	 -1	6.1964e+08	2.2187	0	1
12400	 1	6.1964e+08	2.20765	0	1
12400	 -2	9.66382e+08	2.05012	0	1
12400	 2	9.66382e+08	2.04398	0	1
12400	 -3	1.22185e+09	1.83928	0	1
12400	 3	1.22185e+09	1.83467	0	1
12400	 -4	1.3743e+09	1.58385	0	1
12400	 4	1.3743e+09	1.58089	0	1
12400	 -5	1.41819e+09	1.3194	0	1
12400	 5	1.41819e+09	1.31729	0	1
12400	 -6	1.37077e+09	0.739801	0	1
12400	 6	1.37077e+09	0.738818	0	1
12500	 0	2.52303e+08	2.68982	0	1
12500	 0	2.52303e+08	2.68027	0	1
12500	 -1	7.30159e+08	2.61071	0	1
12500	 1	7.30159e+08	2.59871	0	1
12500	 -2	1.1389e+09	2.41381	0	1
12500	 2	1.1389e+09	2.40713	0	1
12500	 -3	1.44042e+09	2.16634	0	1
12500	 3	1.44042e+09	2.16133	0	1
12500	 -4	1.62066e+09	1.86682	0	1
12500	 4	1.62066e+09	1.8636	0	1
12500	 -5	1.67324e+09	1.55607	0	1
12500	 5	1.67324e+09	1.55378	0	1
12500	 -6	1.61809e+09	0.872914	0	1
12500	 6	1.61809e+09	0.871845	0	1
12600	 0	2.97249e+08	3.16596	0	1
12600	 0	2.97249e+08	3.15557	0	1
12600	 -1	8.60409e+08	3.0722	0	1
12600	 1	8.60409e+08	3.05915	0	1
12600	 -2	1.34224e+09	2.84215	0	1
12600	 2	1.34224e+09	2.83488	0	1
12600	 -3	1.69813e+09	2.55167	0	1
12600	 3	1.69813e+09	2.54622	0	1
12600	 -4	1.91121e+09	2.20039	0	1
12600	 4	1.91121e+09	2.19689	0	1
12600	 -5	1.97417e+09	1.83523	0	1
12600	 5	1.97417e+09	1.83274	0	1
12600	 -6	1.91004e+09	1.02998	0	1
12600	 6	1.91004e+09	1.02882	0	1
12700	 0	3.5021e+08	3.72659	0	1
12700	 0	3.5021e+08	3.71528	0	1
12700	 -1	1.01391e+09	3.6155	0	1
12700	 1	1.01391e+09	3.60132	0	1
12700	 -2	1.58192e+09	3.34664	0	1
12700	 2	1.58192e+09	3.33873	0	1
12700	 -3	2.00197e+09	3.00566	0	1
12700	 3	2.00197e+09	2.99973	0	1
12700	 -4	2.25387e+09	2.59363	0	1
12700	 4	2.25387e+09	2.58982	0	1
12700	 -5	2.32924e+09	2.16451	0	1
12700	 5	2.32924e+09	2.16179	0	1
12700	 -6	2.25467e+09	1.21532	0	1
12700	 6	2.25467e+09	1.21406	0	1
12800	 0	4.1262e+08	4.38669	0	1
12800	 0	4.1262e+08	4.3744	0	1
12800	 -1	1.19483e+09	4.25514	0	1
12800	 1	1.19483e+09	4.23976	0	1
12800	 -2	1.86444e+09	3.94086	0	1
12800	 2	1.86444e+09	3.93225	0	1
12800	 -3	2.3602e+09	3.54056	0	1
12800	 3	2.3602e+09	3.5341	0	1
12800	 -4	2.658e+09	3.05721	0	1
12800	 4	2.658e+09	3.05306	0	1
12800	 -5	2.74818e+09	2.5529	0	1
12800	 5	2.74818e+09	2.54995	0	1
12800	 -6	2.66149e+09	1.43402	0	1
12800	 6	2.66149e+09	1.43264	0	1
12900	 0	4.86163e+08	5.16397	0	1
12900	 0	4.86163e+08	5.15061	0	1
12900	 -1	1.40805e+09	5.00825	0	1
12900	 1	1.40805e+09	4.99157	0	1
12900	 -2	2.19746e+09	4.64077	0	1
12900	 2	2.19746e+09	4.63141	0	1
12900	 -3	2.78259e+09	4.17081	0	1
12900	 3	2.78259e+09	4.16378	0	1
12900	 -4	3.13465e+09	3.60373	0	1
12900	 4	3.13465e+09	3.59922	0	1
12900	 -5	3.24251e+09	3.01102	0	1
12900	 5	3.24251e+09	3.00781	0	1
12900	 -6	3.14172e+09	1.69208	0	1
12900	 6	3.14172e+09	1.69058	0	1
13000	 0	5.72828e+08	6.07923	0	1
13000	 0	5.72828e+08	6.06474	0	1
13000	 -1	1.65936e+09	5.89498	0	1
13000	 1	1.65936e+09	5.87692	0	1
13000	 -2	2.59e+09	5.46521	0	1
13000	 2	2.59e+09	5.45503	0	1
13000	 -3	3.28061e+09	4.91342	0	1
13000	 3	3.28061e+09	4.90577	0	1
13000	 -4	3.69681e+09	4.24805	0	1
13000	 4	3.69681e+09	4.24314	0	1
13000	 -5	3.82577e+09	3.55142	0	1
13000	 5	3.82577e+09	3.54792	0	1
13000	 -6	3.70861e+09	1.99659	0	1
13000	 6	3.70861e+09	1.99496	0	1
13100	 0	6.7496e+08	7.15703	0	1
13100	 0	6.7496e+08	7.14131	0	1
13100	 -1	1.95555e+09	6.9391	0	1
13100	 1	1.95555e+09	6.91958	0	1
13100	 -2	3.05273e+09	6.43636	0	1
13100	 2	3.05273e+09	6.4253	0	1
13100	 -3	3.86783e+09	5.78846	0	1
13100	 3	3.86783e+09	5.78013	0	1
13100	 -4	4.35984e+09	5.00767	0	1
13100	 4	4.35984e+09	5.00232	0	1
13100	 -5	4.51398e+09	4.18885	0	1
13100	 5	4.51398e+09	4.18504	0	1
13100	 -6	4.37781e+09	2.35591	0	1
13100	 6	4.37781e+09	2.35413	0	1
13200	 0	7.9532e+08	8.42626	0	1
13200	 0	7.9532e+08	8.40924	0	1
13200	 -1	2.30466e+09	8.16859	0	1
13200	 1	2.30466e+09	8.14751	0	1
13200	 -2	3.59819e+09	7.58037	0	1
13200	 2	3.59819e+09	7.56835	0	1
13200	 -3	4.56021e+09	6.81956	0	1
13200	 3	4.56021e+09	6.8105	0	1
13200	 -4	5.14185e+09	5.90324	0	1
13200	 4	5.14185e+09	5.89742	0	1
13200	 -5	5.32602e+09	4.94076	0	1
13200	 5	5.32602e+09	4.93662	0	1
13200	 -6	5.16777e+09	2.77991	0	1
13200	 6	5.16777e+09	2.77798	0	1
13300	 0	9.37165e+08	9.92098	0	1
13300	 0	9.37165e+08	9.90258	0	1
13300	 -1	2.71614e+09	9.61642	0	1
13300	 1	2.71614e+09	9.59372	0	1
13300	 -2	4.2412e+09	8.92804	0	1
13300	 2	4.2412e+09	8.915	0	1
13300	 -3	5.37662e+09	8.0346	0	1
13300	 3	5.37662e+09	8.02475	0	1
13300	 -4	6.0642e+09	6.95912	0	1
13300	 4	6.0642e+09	6.95278	0	1
13300	 -5	6.28418e+09	5.82772	0	1
13300	 5	6.28418e+09	5.82321	0	1
13300	 -6	6.10028e+09	3.28024	0	1
13300	 6	6.10028e+09	3.27813	0	1
13400	 0	1.10433e+09	11.6813	0	1
13400	 0	1.10433e+09	11.6614	0	1
13400	 -1	3.20115e+09	11.3214	0	1
13400	 1	3.20115e+09	11.297	0	1
13400	 -2	4.9992e+09	10.5157	0	1
13400	 2	4.9992e+09	10.5015	0	1
13400	 -3	6.33928e+09	9.46641	0	1
13400	 3	6.33928e+09	9.45572	0	1
13400	 -4	7.15208e+09	8.20401	0	1
13400	 4	7.15208e+09	8.19711	0	1
13400	 -5	7.41476e+09	6.874	0	1
13400	 5	7.41476e+09	6.86909	0	1
13400	 -6	7.20109e+09	3.87064	0	1
13400	 6	7.20109e+09	3.86834	0	1
13500	 0	1.30135e+09	13.7545	0	1
13500	 0	1.30135e+09	13.7331	0	1
13500	 -1	3.77283e+09	13.3294	0	1
13500	 1	3.77283e+09	13.3032	0	1
13500	 -2	5.89278e+09	12.386	0	1
13500	 2	5.89278e+09	12.3708	0	1
13500	 -3	7.4744e+09	11.1537	0	1
13500	 3	7.4744e+09	11.1421	0	1
13500	 -4	8.43523e+09	9.67178	0	1
13500	 4	8.43523e+09	9.66428	0	1
13500	 -5	8.74879e+09	8.10821	0	1
13500	 5	8.74879e+09	8.10287	0	1
13500	 -6	8.50056e+09	4.56732	0	1
13500	 6	8.50056e+09	4.56482	0	1
13600	 0	1.53355e+09	16.1963	0	1
13600	 0	1.53355e+09	16.1733	0	1
13600	 -1	4.44669e+09	15.6943	0	1
13600	 1	4.44669e+09	15.6663	0	1
13600	 -2	6.9462e+09	14.5896	0	1
13600	 2	6.9462e+09	14.5731	0	1
13600	 -3	8.81289e+09	13.1422	0	1
13600	 3	8.81289e+09	13.1296	0	1
13600	 -4	9.9487e+09	11.4024	0	1
13600	 4	9.9487e+09	11.3942	0	1
13600	 -5	1.03229e+10	9.56415	0	1
13600	 5	1.03229e+10	9.55835	0	1
13600	 -6	1.00346e+10	5.38943	0	1
13600	 6	1.00346e+10	5.38671	0	1
13700	 0	1.80722e+09	19.0722	0	1
13700	 0	1.80722e+09	19.0476	0	1
13700	 -1	5.24099e+09	18.4795	0	1
13700	 1	5.24099e+09	18.4497	0	1
13700	 -2	8.18807e+09	17.1857	0	1
13700	 2	8.18807e+09	17.1679	0	1
13700	 -3	1.03912e+10	15.4856	0	1
13700	 3	1.03912e+10	15.472	0	1
13700	 -4	1.17339e+10	13.4428	0	1
13700	 4	1.17339e+10	13.434	0	1
13700	 -5	1.21803e+10	11.2816	0	1
13700	 5	1.21803e+10	11.2753	0	1
13700	 -6	1.18454e+10	6.35954	0	1
13700	 6	1.18454e+10	6.35659	0	1
13800	 0	2.12977e+09	22.4596	0	1
13800	 0	2.12977e+09	22.4333	0	1
13800	 -1	6.17728e+09	21.7601	0	1
13800	 1	6.17728e+09	21.7283	0	1
13800	 -2	9.65213e+09	20.2444	0	1
13800	 2	9.65213e+09	20.2253	0	1
13800	 -3	1.22524e+10	18.2473	0	1
13800	 3	1.22524e+10	18.2327	0	1
13800	 -4	1.38395e+10	15.8487	0	1
13800	 4	1.38395e+10	15.8392	0	1
13800	 -5	1.4372e+10	13.3077	0	1
13800	 5	1.4372e+10	13.3009	0	1
13800	 -6	1.39831e+10	7.50432	0	1
13800	 6	1.39831e+10	7.50111	0	1
13900	 0	2.50994e+09	26.4496	0	1
13900	 0	2.50994e+09	26.4215	0	1
13900	 -1	7.28096e+09	25.6242	0	1
13900	 1	7.28096e+09	25.5904	0	1
13900	 -2	1.13782e+10	23.8483	0	1
13900	 2	1.13782e+10	23.8278	0	1
13900	 -3	1.44471e+10	21.5023	0	1
13900	 3	1.44471e+10	21.4865	0	1
13900	 -4	1.63232e+10	18.6855	0	1
13900	 4	1.63232e+10	18.6752	0	1
13900	 -5	1.69582e+10	15.6978	0	1
13900	 5	1.69582e+10	15.6904	0	1
13900	 -6	1.65065e+10	8.8552	0	1
13900	 6	1.65065e+10	8.85172	0	1
14000	 0	2.95804e+09	31.1495	0	1
14000	 0	2.95804e+09	31.1197	0	1
14000	 -1	8.58198e+09	30.1758	0	1
14000	 1	8.58198e+09	30.14	0	1
14000	 -2	1.34131e+10	28.0946	0	1
14000	 2	1.34131e+10	28.0726	0	1
14000	 -3	1.70351e+10	25.3384	0	1
14000	 3	1.70351e+10	25.3215	0	1
14000	 -4	1.92528e+10	22.0305	0	1
14000	 4	1.92528e+10	22.0193	0	1
14000	 -5	2.00098e+10	18.5174	0	1
14000	 5	2.00098e+10	18.5095	0	1
14000	 -6	1.94854e+10	10.4493	0	1
14000	 6	1.94854e+10	10.4455	0	1
14100	 0	3.4862e+09	36.6859	0	1
14100	 0	3.4862e+09	36.6542	0	1
14100	 -1	1.01156e+10	35.5373	0	1
14100	 1	1.01156e+10	35.4996	0	1
14100	 -2	1.58121e+10	33.0979	0	1
14100	 2	1.58121e+10	33.0744	0	1
14100	 -3	2.0087e+10	29.8598	0	1
14100	 3	2.0087e+10	29.8416	0	1
14100	 -4	2.27084e+10	25.9746	0	1
14100	 4	2.27084e+10	25.9626	0	1
14100	 -5	2.36108e+10	21.8437	0	1
14100	 5	2.36108e+10	21.8351	0	1
14100	 -6	2.3002e+10	12.3305	0	1
14100	 6	2.3002e+10	12.3264	0	1
14200	 0	4.10875e+09	43.2076	0	1
14200	 0	4.10875e+09	43.1741	0	1
14200	 -1	1.19236e+10	41.8532	0	1
14200	 1	1.19236e+10	41.8134	0	1
14200	 -2	1.86406e+10	38.9934	0	1
14200	 2	1.86406e+10	38.9684	0	1
14200	 -3	2.36859e+10	35.1889	0	1
14200	 3	2.36859e+10	35.1695	0	1
14200	 -4	2.67845e+10	30.6255	0	1
14200	 4	2.67845e+10	30.6126	0	1
14200	 -5	2.78599e+10	25.7678	0	1
14200	 5	2.78599e+10	25.7585	0	1
14200	 -6	2.71533e+10	14.5503	0	1
14200	 6	2.71533e+10	14.5459	0	1
14300	 0	4.84256e+09	50.8905	0	1
14300	 0	4.84256e+09	50.8551	0	1
14300	 -1	1.40548e+10	49.2936	0	1
14300	 1	1.40548e+10	49.2518	0	1
14300	 -2	2.19754e+10	45.9404	0	1
14300	 2	2.19754e+10	45.9138	0	1
14300	 -3	2.793e+10	41.4702	0	1
14300	 3	2.793e+10	41.4494	0	1
14300	 -4	3.15927e+10	36.1096	0	1
14300	 4	3.15927e+10	36.0958	0	1
14300	 -5	3.28739e+10	30.3971	0	1
14300	 5	3.28739e+10	30.3871	0	1
14300	 -6	3.20538e+10	17.1699	0	1
14300	 6	3.20538e+10	17.1652	0	1
14400	 0	5.70754e+09	59.9413	0	1
14400	 0	5.70754e+09	59.9041	0	1
14400	 -1	1.65673e+10	58.0589	0	1
14400	 1	1.65673e+10	58.0151	0	1
14400	 -2	2.59072e+10	54.1265	0	1
14400	 2	2.59072e+10	54.0984	0	1
14400	 -3	3.2935e+10	48.8738	0	1
14400	 3	3.2935e+10	48.8517	0	1
14400	 -4	3.72643e+10	42.5765	0	1
14400	 4	3.72643e+10	42.5617	0	1
14400	 -5	3.87905e+10	35.8585	0	1
14400	 5	3.87905e+10	35.8478	0	1
14400	 -6	3.78389e+10	20.2612	0	1
14400	 6	3.78389e+10	20.2562	0	1
14500	 0	6.72715e+09	70.6041	0	1
14500	 0	6.72715e+09	70.5651	0	1
14500	 -1	1.95292e+10	68.3854	0	1
14500	 1	1.95292e+10	68.3397	0	1
14500	 -2	3.05428e+10	63.7731	0	1
14500	 2	3.05428e+10	63.7434	0	1
14500	 -3	3.88374e+10	57.6006	0	1
14500	 3	3.88374e+10	57.5772	0	1
14500	 -4	4.39546e+10	50.2022	0	1
14500	 4	4.39546e+10	50.1865	0	1
14500	 -5	4.57722e+10	42.3015	0	1
14500	 5	4.57722e+10	42.2901	0	1
14500	 -6	4.46681e+10	23.9092	0	1
14500	 6	4.46681e+10	23.9038	0	1
14600	 0	7.92905e+09	83.1663	0	1
14600	 0	7.92905e+09	83.1255	0	1
14600	 -1	2.30211e+10	80.5515	0	1
14600	 1	2.30211e+10	80.504	0	1
14600	 -2	3.60085e+10	75.141	0	1
14600	 2	3.60085e+10	75.1098	0	1
14600	 -3	4.5798e+10	67.8873	0	1
14600	 3	4.5798e+10	67.8625	0	1
14600	 -4	5.18465e+10	59.1948	0	1
14600	 4	5.18465e+10	59.1781	0	1
14600	 -5	5.40109e+10	49.9027	0	1
14600	 5	5.40109e+10	49.8906	0	1
14600	 -6	5.27301e+10	28.2142	0	1
14600	 6	5.27301e+10	28.2084	0	1
14700	 0	9.34584e+09	97.9665	0	1
14700	 0	9.34584e+09	97.924	0	1
14700	 -1	2.71376e+10	94.8855	0	1
14700	 1	2.71376e+10	94.8362	0	1
14700	 -2	4.24529e+10	88.5376	0	1
14700	 2	4.24529e+10	88.5048	0	1
14700	 -3	5.40068e+10	80.0129	0	1
14700	 3	5.40068e+10	79.9868	0	1
14700	 -4	6.11561e+10	69.7992	0	1
14700	 4	6.11561e+10	69.7816	0	1
14700	 -5	6.37328e+10	58.8704	0	1
14700	 5	6.37328e+10	58.8575	0	1
14700	 -6	6.22472e+10	33.2944	0	1
14700	 6	6.22472e+10	33.2882	0	1
14800	 0	1.1016e+10	115.404	0	1
14800	 0	1.1016e+10	115.36	0	1
14800	 -1	3.19908e+10	111.774	0	1
14800	 1	3.19908e+10	111.723	0	1
14800	 -2	5.00513e+10	104.325	0	1
14800	 2	5.00513e+10	104.291	0	1
14800	 -3	6.36877e+10	94.3065	0	1
14800	 3	6.36877e+10	94.279	0	1
14800	 -4	7.21379e+10	82.3047	0	1
14800	 4	7.21379e+10	82.286	0	1
14800	 -5	7.5205e+10	69.4502	0	1
14800	 5	7.5205e+10	69.4367	0	1
14800	 -6	7.34822e+10	39.2895	0	1
14800	 6	7.34822e+10	39.283	0	1
14900	 0	1.29848e+10	135.949	0	1
14900	 0	1.29848e+10	135.903	0	1
14900	 -1	3.77124e+10	131.673	0	1
14900	 1	3.77124e+10	131.62	0	1
14900	 -2	5.90106e+10	122.932	0	1
14900	 2	5.90106e+10	122.896	0	1
14900	 -3	7.51047e+10	111.156	0	1
14900	 3	7.51047e+10	111.127	0	1
14900	 -4	8.50925e+10	97.052	0	1
14900	 4	8.50925e+10	97.0324	0	1
14900	 -5	8.87428e+10	81.9323	0	1
14900	 5	8.87428e+10	81.918	0	1
14900	 -6	8.67452e+10	46.3644	0	1
14900	 6	8.67452e+10	46.3576	0	1
15000	 0	1.53058e+10	160.156	0	1
15000	 0	1.53058e+10	160.109	0	1
15000	 -1	4.4458e+10	155.119	0	1
15000	 1	4.4458e+10	155.065	0	1
15000	 -2	6.95746e+10	144.86	0	1
15000	 2	6.95746e+10	144.822	0	1
15000	 -3	8.85695e+10	131.019	0	1
15000	 3	8.85695e+10	130.989	0	1
15000	 -4	1.00374e+11	114.443	0	1
15000	 4	1.00374e+11	114.423	0	1
15000	 -5	1.04718e+11	96.6586	0	1
15000	 5	1.04718e+11	96.6436	0	1
15000	 -6	1.02402e+11	54.7136	0	1
15000	 6	1.02402e+11	54.7064	0	1
