0 7.2477e-19 4.21317e-21 0
100 2.17476e-18 6.24964e-21 5.95988e-25
200 3.62608e-18 9.14305e-21 2.98143e-25
300 5.07965e-18 1.31922e-20 1.98929e-25
400 6.53634e-18 1.8773e-20 1.49371e-25
500 7.99709e-18 2.63474e-20 1.19677e-25
600 9.46278e-18 3.64699e-20 9.9915e-26
700 1.09343e-17 4.97876e-20 8.58284e-26
800 1.24127e-17 6.70347e-20 7.52893e-26
900 1.38988e-17 8.90162e-20 6.71153e-26
1000 1.53936e-17 1.16582e-19 6.05974e-26
1100 1.6898e-17 1.50587e-19 5.5284e-26
1200 1.8413e-17 1.91839e-19 5.08743e-26
1300 1.99397e-17 2.41038e-19 4.71601e-26
1400 2.1479e-17 2.98698e-19 4.39925e-26
1500 2.30319e-17 3.65076e-19 4.12627e-26
1600 2.45996e-17 4.40091e-19 3.88887e-26
1700 2.6183e-17 5.23261e-19 3.68081e-26
1800 2.77834e-17 6.1365e-19 3.49724e-26
1900 2.94018e-17 7.09849e-19 3.33432e-26
2000 3.10393e-17 8.09983e-19 3.18897e-26
2100 3.26973e-17 9.11764e-19 3.05874e-26
2200 3.43768e-17 1.01259e-18 2.94158e-26
2300 3.60792e-17 1.10968e-18 2.83584e-26
2400 3.78058e-17 1.20025e-18 2.74012e-26
2500 3.95579e-17 1.28175e-18 2.65325e-26
2600 4.13368e-17 1.35209e-18 2.57426e-26
2700 4.31441e-17 1.40989e-18 2.5023e-26
2800 4.49812e-17 1.45477e-18 2.43667e-26
2900 4.68496e-17 1.48755e-18 2.37675e-26
3000 4.87509e-17 1.51051e-18 2.32202e-26
3100 5.06868e-17 1.52756e-18 2.27202e-26
3200 5.2659e-17 1.54441e-18 2.22635e-26
3300 5.46693e-17 1.56867e-18 2.18468e-26
3400 5.67194e-17 1.60987e-18 2.14668e-26
3500 5.88114e-17 1.67948e-18 2.11212e-26
3600 6.09472e-17 1.79079e-18 2.08074e-26
3700 6.3129e-17 1.95872e-18 2.05236e-26
3800 6.53589e-17 2.19953e-18 2.02679e-26
3900 6.76393e-17 2.53036e-18 2.00388e-26
4000 6.99724e-17 2.96868e-18 1.9835e-26
4100 7.23608e-17 3.53151e-18 1.96553e-26
4200 7.48071e-17 4.23453e-18 1.94987e-26
4300 7.7314e-17 5.09105e-18 1.93643e-26
4400 7.98844e-17 6.11089e-18 1.92514e-26
4500 8.25213e-17 7.29918e-18 1.91593e-26
4600 8.52279e-17 8.65531e-18 1.90877e-26
4700 8.80075e-17 1.0172e-17 1.90361e-26
4800 9.08634e-17 1.18345e-17 1.90042e-26
4900 9.37995e-17 1.36206e-17 1.89918e-26
5000 9.68196e-17 1.55006e-17 1.89989e-26
5100 9.99277e-17 1.74383e-17 1.90255e-26
5200 1.03128e-16 1.9392e-17 1.90717e-26
5300 1.06425e-16 2.13166e-17 1.91376e-26
5400 1.09824e-16 2.31659e-17 1.92236e-26
5500 1.13329e-16 2.48946e-17 1.933e-26
5600 1.16947e-16 2.64614e-17 1.94573e-26
5700 1.20682e-16 2.7831e-17 1.96062e-26
5800 1.2454e-16 2.89765e-17 1.97773e-26
5900 1.28528e-16 2.98803e-17 1.99714e-26
6000 1.32653e-16 3.05356e-17 2.01895e-26
6100 1.36921e-16 3.09457e-17 2.04327e-26
6200 1.4134e-16 3.11239e-17 2.07023e-26
6300 1.45918e-16 3.10915e-17 2.09995e-26
6400 1.50664e-16 3.08763e-17 2.1326e-26
6500 1.55586e-16 3.05099e-17 2.16835e-26
6600 1.60695e-16 3.00256e-17 2.20741e-26
6700 1.65999e-16 2.94559e-17 2.24999e-26
6800 1.71512e-16 2.88303e-17 2.29634e-26
6900 1.77243e-16 2.81739e-17 2.34674e-26
7000 1.83205e-16 2.75062e-17 2.4015e-26
7100 1.89412e-16 2.68404e-17 2.46097e-26
7200 1.95878e-16 2.61839e-17 2.52555e-26
7300 2.02618e-16 2.55384e-17 2.59567e-26
7400 2.09649e-16 2.4901e-17 2.67182e-26
7500 2.16987e-16 2.42651e-17 2.75457e-26
7600 2.24651e-16 2.36221e-17 2.84454e-26
7700 2.32663e-16 2.29623e-17 2.94243e-26
7800 2.41042e-16 2.22763e-17 3.04906e-26
7900 2.49814e-16 2.15558e-17 3.16532e-26
8000 2.59001e-16 2.07944e-17 3.29225e-26
8100 2.68633e-16 1.99882e-17 3.43101e-26
8200 2.78737e-16 1.91358e-17 3.58294e-26
8300 2.89345e-16 1.82387e-17 3.74954e-26
8400 3.00492e-16 1.73008e-17 3.93254e-26
8500 3.12213e-16 1.63279e-17 4.1339e-26
8600 3.24549e-16 1.53281e-17 4.35588e-26
8700 3.37543e-16 1.43104e-17 4.60103e-26
8800 3.51241e-16 1.32846e-17 4.87225e-26
8900 3.65694e-16 1.2261e-17 5.17285e-26
9000 3.80958e-16 1.12498e-17 5.50653e-26
9100 3.97091e-16 1.02605e-17 5.87745e-26
9200 4.1416e-16 9.30182e-18 6.29019e-26
9300 4.32234e-16 8.38165e-18 6.74974e-26
9400 4.51392e-16 7.50648e-18 7.26131e-26
9500 4.71717e-16 6.68157e-18 7.83016e-26
9600 4.93301e-16 5.91082e-18 8.46114e-26
9700 5.16243e-16 5.19682e-18 9.15801e-26
9800 5.40653e-16 4.54093e-18 9.9224e-26
9900 5.6665e-16 3.94336e-18 1.07522e-25
10000 5.94362e-16 3.40329e-18 1.16396e-25
10100 6.23932e-16 2.91906e-18 1.25683e-25
10200 6.55513e-16 2.48826e-18 1.35104e-25
10300 6.89273e-16 2.10794e-18 1.44245e-25
10400 7.25392e-16 1.77472e-18 1.52549e-25
10500 7.64068e-16 1.48494e-18 1.59343e-25
10600 8.05513e-16 1.23479e-18 1.63925e-25
10700 8.49955e-16 1.02044e-18 1.65688e-25
10800 8.97639e-16 8.38087e-19 1.64267e-25
10900 9.48824e-16 6.84066e-19 1.59652e-25
11000 1.00378e-15 5.549e-19 1.52199e-25
11100 1.0628e-15 4.47341e-19 1.42556e-25
11200 1.12617e-15 3.58401e-19 1.31507e-25
11300 1.19418e-15 2.8537e-19 1.1982e-25
11400 1.26712e-15 2.25816e-19 1.08139e-25
11500 1.34525e-15 1.77585e-19 9.69326e-26
11600 1.42879e-15 1.38793e-19 8.64985e-26
11700 1.51792e-15 1.07804e-19 7.69897e-26
11800 1.61273e-15 8.32169e-20 6.84547e-26
11900 1.71317e-15 6.38402e-20 6.08731e-26
12000 1.81907e-15 4.86726e-20 5.41842e-26
12100 1.93004e-15 3.68793e-20 4.83075e-26
12200 2.04548e-15 2.77707e-20 4.31556e-26
12300 2.16448e-15 2.07826e-20 3.86423e-26
12400 2.28584e-15 1.54568e-20 3.46871e-26
12500 2.40803e-15 1.14247e-20 3.12171e-26
12600 2.5292e-15 8.39229e-21 2.81676e-26
12700 2.64722e-15 6.12664e-21 2.54823e-26
12800 2.75979e-15 4.445e-21 2.31121e-26
12900 2.86449e-15 3.205e-21 2.1015e-26
13000 2.95897e-15 2.29663e-21 1.91548e-26
13100 3.04107e-15 1.63555e-21 1.75004e-26
13200 3.10892e-15 1.15756e-21 1.60251e-26
13300 3.1611e-15 8.14194e-22 1.47063e-26
13400 3.19665e-15 5.69143e-22 1.35243e-26
13500 3.21507e-15 3.95387e-22 1.24623e-26
13600 3.21638e-15 2.72979e-22 1.15058e-26
13700 3.20097e-15 1.87303e-22 1.06423e-26
13800 3.16963e-15 1.27723e-22 9.86098e-27
13900 3.12341e-15 8.65563e-23 9.15247e-27
14000 3.06362e-15 5.82956e-23 8.5086e-27
14100 2.99171e-15 3.90194e-23 7.92229e-27
14200 2.90925e-15 2.59557e-23 7.38734e-27
14300 2.8179e-15 1.7159e-23 6.89831e-27
14400 2.71934e-15 1.12735e-23 6.45045e-27
14500 2.61523e-15 7.36096e-24 6.03957e-27
14600 2.50721e-15 4.77657e-24 5.66197e-27
14700 2.39682e-15 3.08039e-24 5.31438e-27
14800 2.28549e-15 1.97425e-24 4.99392e-27
14900 2.17451e-15 1.25749e-24 4.69802e-27
15000 2.065e-15 7.96007e-25 4.4244e-27
