0 0 0
100 0.520034 5.16371e-06
200 0.374354 5.84539e-05
300 0.289434 0.000234529
400 0.213194 0.000607087
500 0.163394 0.00123127
600 0.133193 0.00213701
700 0.116119 0.0033289
800 0.107794 0.00478954
900 0.10528 0.00648449
1000 0.106473 0.00836754
1100 0.109729 0.0103857
1200 0.114114 0.0124834
1300 0.119016 0.014606
1400 0.124 0.0167019
1500 0.128743 0.0187248
1600 0.133015 0.0206344
1700 0.136654 0.0223971
1800 0.139555 0.023986
1900 0.141659 0.0253809
2000 0.142944 0.0265677
2100 0.143411 0.0275385
2200 0.143087 0.0282903
2300 0.14201 0.0288254
2400 0.140233 0.0291497
2500 0.137818 0.0292733
2600 0.134832 0.029209
2700 0.13135 0.0289722
2800 0.127448 0.0285802
2900 0.123205 0.0280514
3000 0.118696 0.0274053
3100 0.113998 0.026661
3200 0.10918 0.0258377
3300 0.104308 0.0249537
3400 0.0994398 0.0240262
3500 0.0946258 0.0230709
3600 0.0899085 0.0221017
3700 0.0853222 0.021131
3800 0.0808932 0.0201689
3900 0.0766397 0.0192239
4000 0.0725727 0.0183023
4100 0.0686969 0.0174088
4200 0.0650108 0.0165462
4300 0.0615082 0.0157159
4400 0.058179 0.0149179
4500 0.0550103 0.0141512
4600 0.0519873 0.013414
4700 0.0490947 0.0127041
4800 0.0463176 0.0120187
4900 0.0436424 0.0113556
5000 0.0410576 0.0107122
5100 0.0385543 0.010087
5200 0.0361265 0.00947849
5300 0.0337715 0.00888625
5400 0.0314891 0.00831026
5500 0.0292818 0.00775115
5600 0.0271539 0.00721001
5700 0.0251109 0.00668827
5800 0.0231588 0.00618754
5900 0.0213035 0.00570943
6000 0.0195502 0.00525541
6100 0.0179026 0.00482669
6200 0.016363 0.00442413
6300 0.0149321 0.00404817
6400 0.0136088 0.00369885
6500 0.0123903 0.00337576
6600 0.0112726 0.00307817
6700 0.0102505 0.002805
6800 0.00931804 0.00255496
6900 0.00846891 0.00232661
7000 0.00769651 0.00211839
7100 0.00699431 0.00192875
7200 0.00635604 0.00175613
7300 0.00577578 0.00159907
7400 0.00524805 0.00145616
7500 0.00476788 0.00132612
7600 0.00433075 0.00120778
7700 0.00393263 0.00110007
7800 0.00356991 0.00100202
7900 0.00323935 0.000912776
8000 0.00293806 0.000831554
8100 0.00266347 0.000757647
8200 0.00241321 0.000690416
8300 0.00218519 0.00062928
8400 0.00197748 0.000573707
8500 0.00178833 0.00052321
8600 0.00161615 0.000477342
8700 0.00145949 0.000435691
8800 0.001317 0.000397879
8900 0.00118748 0.000363557
9000 0.00106982 0.000332406
9100 0.000962987 0.000304133
9200 0.000866072 0.000278468
9300 0.000778225 0.000255168
9400 0.000698671 0.000234007
9500 0.000626705 0.000214783
9600 0.000561678 0.00019731
9700 0.000502992 0.000181419
9800 0.000450098 0.000166958
9900 0.000402486 0.000153787
10000 0.000359683 0.00014178
10100 0.000321247 0.000130821
10200 0.000286766 0.000120804
10300 0.000255857 0.000111635
10400 0.000228165 0.000103226
10500 0.000203365 9.55007e-05
10600 0.000181164 8.83934e-05
10700 0.000161307 8.18485e-05
10800 0.000143573 7.58211e-05
10900 0.000127771 7.0275e-05
11000 0.000113735 6.51803e-05
11100 0.000101312 6.05103e-05
11200 9.03585e-05 5.62388e-05
11300 8.07342e-05 5.23397e-05
11400 7.23034e-05 4.87864e-05
11500 6.49369e-05 4.55529e-05
11600 5.85137e-05 4.26148e-05
11700 5.29238e-05 3.995e-05
11800 4.80689e-05 3.75395e-05
11900 4.3863e-05 3.5367e-05
12000 4.02313e-05 3.34193e-05
12100 3.71094e-05 3.16855e-05
12200 3.44412e-05 3.01554e-05
12300 3.21759e-05 2.88181e-05
12400 3.02651e-05 2.76591e-05
12500 2.8659e-05 2.66575e-05
12600 2.73024e-05 2.57828e-05
12700 2.61329e-05 2.4994e-05
12800 2.50818e-05 2.42401e-05
12900 2.40787e-05 2.34662e-05
13000 2.30602e-05 2.26219e-05
13100 2.19792e-05 2.16712e-05
13200 2.08118e-05 2.05997e-05
13300 1.95595e-05 1.94165e-05
13400 1.82453e-05 1.8151e-05
13500 1.69062e-05 1.68456e-05
13600 1.55864e-05 1.55486e-05
13700 1.43325e-05 1.43095e-05
13800 1.31934e-05 1.31799e-05
13900 1.22303e-05 1.22228e-05
14000 1.15529e-05 1.15488e-05
14100 1.13823e-05 1.13802e-05
14200 1.13499e-05 1.13489e-05
14300 1.12908e-05 1.12903e-05
14400 1.11468e-05 1.11466e-05
14500 1.08271e-05 1.0827e-05
14600 1.02777e-05 1.02777e-05
14700 9.76524e-06 9.76524e-06
14800 9.96496e-06 9.96496e-06
14900 9.69109e-06 9.69109e-06
15000 0 0
