0	 0	25.9059	0	0	1
100	 0	0.00293615	0	0	1
100	 0	25.9059	0	0	1
100	 -1	5.52488e-17	4.43709e-14	240933	1
100	 1	4.87465e-13	1.80724e-17	0.0111223	1
100	 -2	9.05753e-57	0	0	1
100	 2	7.99154e-53	7.11874e-17	4.45392e+38	1
100	 -3	1.38043e-123	0	0	1
100	 3	1.21796e-119	0	0	1
100	 -4	1.13122e-216	0	0	1
100	 4	9.98082e-213	0	0	1
100	 -5	0	0	6.01347e-154	1
100	 5	0	0	6.01347e-154	1
100	 -6	0	0	6.01347e-154	1
100	 6	0	0	6.01347e-154	1
200	 0	0.00432583	2.50474e-27	0	1
200	 0	28.276	1.30408e-30	0	1
200	 -1	8.3394e-07	6.36138e-13	0.000212881	1
200	 1	0.0054511	2.58168e-16	1.29368e-11	1
200	 -2	1.28277e-16	8.06831e-21	0	1
200	 2	8.38491e-13	1.21049e-15	0.679374	1
200	 -3	1.86448e-33	1.08442e-34	0	1
200	 3	1.21873e-29	9.56796e-31	0	1
200	 -4	1.35607e-56	1.38274e-74	0	1
200	 4	8.86406e-53	1.22001e-70	0	1
200	 -5	9.31972e-87	1.72423e-141	0	1
200	 5	6.09189e-83	1.5213e-137	0	1
200	 -6	3.20509e-123	1.19557e-234	0	1
200	 6	2.09502e-119	1.05486e-230	0	1
300	 0	0.00617191	2.80094e-17	0	1
300	 0	29.8885	1.56934e-20	0	1
300	 -1	9.04344e-05	3.43741e-12	9.27923e-06	1
300	 1	0.437943	1.60145e-15	8.71449e-13	1
300	 -2	4.8585e-09	5.7429e-18	0	1
300	 2	2.35281e-05	6.98724e-15	1.22624e-07	1
300	 -3	1.29315e-16	1.63747e-24	0	1
300	 3	6.26228e-13	1.06994e-20	0	1
300	 -4	8.30712e-27	1.95831e-34	0	1
300	 4	4.02286e-23	1.28006e-30	0	1
300	 -5	2.64391e-40	2.32884e-51	0	1
300	 5	1.28035e-36	1.52226e-47	0	1
300	 -6	2.03094e-56	1.43322e-74	0	1
300	 6	9.83518e-53	9.36835e-71	0	1
400	 0	0.00803535	2.62384e-15	0	1
400	 0	28.8292	1.58709e-18	0	1
400	 -1	0.000612155	1.20245e-11	4.17997e-06	1
400	 1	2.19629	6.74781e-15	6.51402e-13	1.64201
400	 -2	2.83823e-06	5.25654e-16	0	1
400	 2	0.010183	2.53456e-14	8.96004e-10	1
400	 -3	1.33536e-10	1.74744e-20	0	1
400	 3	4.79098e-07	1.03089e-18	0	1
400	 -4	2.87813e-16	7.77462e-27	0	1
400	 4	1.03261e-12	3.59185e-23	0	1
400	 -5	6.31406e-24	1.6154e-34	0	1
400	 5	2.26535e-20	7.82192e-31	0	1
400	 -6	6.346e-33	8.77973e-45	0	1
400	 6	2.27681e-29	4.25173e-41	0	1
500	 0	0.00983225	4.30627e-14	0	1
500	 0	26.1357	2.70791e-17	0	1
500	 -1	0.00182304	3.27031e-11	3.35278e-06	1
500	 1	4.84594	2.26182e-14	8.99376e-13	2.11449
500	 -2	6.71555e-05	8.62665e-15	0	1
500	 2	0.17851	7.05577e-14	1.24884e-10	1
500	 -3	1.01788e-07	7.70962e-18	0	1
500	 3	0.000270569	1.89613e-17	0	1
500	 -4	2.70319e-11	2.77985e-22	0	1
500	 4	7.18551e-08	1.61213e-20	0	1
500	 -5	3.01712e-16	6.4915e-28	0	1
500	 5	8.01999e-13	5.98433e-25	0	1
500	 -6	5.91088e-22	3.13142e-34	0	1
500	 6	1.57121e-18	1.09136e-30	0	1
600	 0	0.0117858	3.22654e-13	0	1
600	 0	23.2117	2.2361e-16	0	1
600	 -1	0.0038298	7.53632e-11	3.26185e-06	1
600	 1	7.54268	6.51252e-14	1.53595e-12	2.37252
600	 -2	0.000445749	6.48656e-14	0	1
600	 2	0.87789	1.653e-13	5.27075e-11	1
600	 -3	4.52836e-06	2.32054e-16	0	1
600	 3	0.00891848	1.51768e-16	0	1
600	 -4	1.63415e-08	1.58336e-19	0	1
600	 4	3.21842e-05	5.24772e-19	0	1
600	 -5	5.42836e-12	3.37015e-23	0	1
600	 5	1.0691e-08	3.47649e-22	0	1
600	 -6	6.46473e-16	3.45569e-28	0	1
600	 6	1.27321e-12	7.59616e-26	0	1
700	 0	0.0141348	1.52771e-12	0	1
700	 0	20.6266	1.21922e-15	0	1
700	 -1	0.00672363	1.54352e-10	3.40741e-06	1
700	 1	9.81166	1.68094e-13	2.84466e-12	2.51739
700	 -2	0.00160156	3.09592e-13	0	1
700	 2	2.33712	3.42827e-13	3.67211e-11	1.67917
700	 -3	5.23133e-05	2.87599e-15	0	1
700	 3	0.0763398	7.5479e-16	0	1
700	 -4	9.10018e-07	7.19082e-18	0	1
700	 4	0.00132797	6.99754e-18	0	1
700	 -5	2.35782e-09	1.54942e-20	0	1
700	 5	3.44072e-06	1.66526e-20	0	1
700	 -6	3.3234e-12	4.24813e-24	0	1
700	 6	4.84977e-09	3.52459e-23	0	1
800	 0	0.0171073	5.36593e-12	0	1
800	 0	18.4985	5.08342e-15	0	1
800	 -1	0.0106803	2.89369e-10	3.63276e-06	1
800	 1	11.5488	3.99028e-13	5.39796e-12	2.60146
800	 -2	0.00410587	1.10148e-12	0	1
800	 2	4.43976	6.49302e-13	3.302e-11	2.06245
800	 -3	0.000291861	2.01734e-14	0	1
800	 3	0.315595	2.76858e-15	0	1
800	 -4	1.41415e-05	1.22314e-16	0	1
800	 4	0.0152915	5.16029e-17	0	1
800	 -5	1.40294e-07	8.24784e-19	0	1
800	 5	0.000151703	3.04358e-19	0	1
800	 -6	9.80245e-10	1.4195e-21	0	1
800	 6	1.05996e-06	1.95943e-21	0	1
900	 0	0.0209549	1.53034e-11	0	1
900	 0	16.7916	1.75049e-14	0	1
900	 -1	0.0160114	5.0639e-10	3.86074e-06	1
900	 1	12.8302	8.85658e-13	1.02094e-11	2.65263
900	 -2	0.00860601	3.19636e-12	0	1
900	 2	6.89618	1.14641e-12	3.41027e-11	2.32131
900	 -3	0.00105851	9.68591e-14	0	1
900	 3	0.848207	8.23795e-15	0	1
900	 -4	0.000103969	1.13252e-15	0	1
900	 4	0.0833122	2.56999e-16	0	1
900	 -5	2.61531e-06	1.64654e-17	0	1
900	 5	0.0020957	2.97889e-18	0	1
900	 -6	5.47197e-08	7.88419e-20	0	1
900	 6	4.38481e-05	4.17214e-20	0	1
1000	 0	0.0259888	3.74647e-11	0	1
1000	 0	15.4345	5.21012e-14	0	1
1000	 -1	0.0231972	8.38653e-10	4.04553e-06	1
1000	 1	13.7766	1.8589e-12	1.89827e-11	2.68564
1000	 -2	0.0158922	7.99206e-12	0	1
1000	 2	9.43828	1.9145e-12	3.80418e-11	2.49665
1000	 -3	0.0029251	3.56644e-13	0	1
1000	 3	1.73719	2.10699e-14	0	1
1000	 -4	0.00047784	6.90328e-15	0	1
1000	 4	0.283786	9.74142e-16	0	1
1000	 -5	2.35986e-05	1.78261e-16	0	1
1000	 5	0.0140151	1.89669e-17	0	1
1000	 -6	1.08258e-06	1.73805e-18	0	1
1000	 6	0.000642935	4.76942e-19	0	1
1100	 0	0.0326158	8.16586e-11	0	1
1100	 0	14.3583	1.38171e-13	0	1
1100	 -1	0.0329311	1.32771e-09	4.16027e-06	1
1100	 1	14.4971	3.7199e-12	3.44654e-11	2.70842
1100	 -2	0.0270179	1.78435e-11	0	1
1100	 2	11.894	3.05662e-12	4.42794e-11	2.61604
1100	 -3	0.00675283	1.08155e-12	0	1
1100	 3	2.97277	4.81012e-14	0	1
1100	 -4	0.00161032	3.12036e-14	0	1
1100	 4	0.708903	3.02877e-15	0	1
1100	 -5	0.000131997	1.25313e-15	0	1
1100	 5	0.0581086	8.89863e-17	0	1
1100	 -6	1.08332e-05	2.11462e-17	0	1
1100	 6	0.00476907	3.50227e-18	0	1
1200	 0	0.0413792	1.625e-10	0	1
1200	 0	13.5056	3.33812e-13	0	1
1200	 -1	0.0461879	2.02453e-09	4.19245e-06	1
1200	 1	15.0751	7.14107e-12	6.0918e-11	2.72537
1200	 -2	0.0434493	3.64512e-11	0	1
1200	 2	14.1813	4.70397e-12	5.27046e-11	2.69867
1200	 -3	0.0137817	2.83164e-12	0	1
1200	 3	4.49817	1.00591e-13	0	1
1200	 -4	0.00438542	1.12994e-13	0	1
1200	 4	1.43134	8.1162e-15	0	1
1200	 -5	0.000531642	6.42305e-15	0	1
1200	 5	0.173521	3.33601e-16	0	1
1200	 -6	6.79512e-05	1.67694e-16	0	1
1200	 6	0.0221783	1.86305e-17	0	1
1300	 0	0.0530111	3.0061e-10	0	1
1300	 0	12.8315	7.47255e-13	0	1
1300	 -1	0.0643242	2.99072e-09	4.14075e-06	1
1300	 1	15.5698	1.32137e-11	1.04706e-10	2.73902
1300	 -2	0.0672519	6.93242e-11	0	1
1300	 2	16.2785	7.02363e-12	6.33807e-11	2.75729
1300	 -3	0.0257846	6.61139e-12	0	1
1300	 3	6.24122	1.96328e-13	0	1
1300	 -4	0.0102702	3.45328e-13	0	1
1300	 4	2.48592	1.93977e-14	0	1
1300	 -5	0.00169615	2.59532e-14	0	1
1300	 5	0.410558	1.05553e-15	0	1
1300	 -6	0.000306085	9.65737e-16	0	1
1300	 6	0.0740886	7.79024e-17	0	1
1400	 0	0.0684999	5.23877e-10	0	1
1400	 0	12.3009	1.57067e-12	0	1
1400	 -1	0.0892202	4.2998e-09	4.01222e-06	1
1400	 1	16.0218	2.36563e-11	1.75005e-10	2.75084
1400	 -2	0.101331	1.2432e-10	0	1
1400	 2	18.1966	1.02299e-11	7.64461e-11	2.80012
1400	 -3	0.0453013	1.40885e-11	0	1
1400	 3	8.13501	3.62654e-13	0	1
1400	 -4	0.0215537	9.23723e-13	0	1
1400	 4	3.87053	4.23799e-14	0	1
1400	 -5	0.00456593	8.7267e-14	0	1
1400	 5	0.81993	2.92904e-15	0	1
1400	 -6	0.00108318	4.35144e-15	0	1
1400	 6	0.194512	2.71031e-16	0	1
1500	 0	0.0891791	8.68781e-10	0	1
1500	 0	11.8869	3.13248e-12	0	1
1500	 -1	0.123473	6.03855e-09	3.81938e-06	1
1500	 1	16.458	4.11002e-11	2.84588e-10	2.76169
1500	 -2	0.149754	2.1226e-10	0	1
1500	 2	19.9611	1.46009e-11	9.20725e-11	2.8324
1500	 -3	0.0759723	2.78697e-11	0	1
1500	 3	10.1265	6.40903e-13	0	1
1500	 -4	0.0416932	2.22016e-12	0	1
1500	 4	5.55738	8.62063e-14	0	1
1500	 -5	0.0108278	2.53787e-13	0	1
1500	 5	1.44327	7.32992e-15	0	1
1500	 -6	0.00320167	1.6173e-14	0	1
1500	 6	0.426757	8.17208e-16	0	1
1600	 0	0.116843	1.38177e-09	0	1
1600	 0	11.5679	5.97661e-12	0	1
1600	 -1	0.170656	8.30843e-09	3.5777e-06	1
1600	 1	16.8957	6.94666e-11	4.50644e-10	2.77207
1600	 -2	0.218177	3.4762e-10	0	1
1600	 2	21.6005	2.05036e-11	1.10448e-10	2.85745
1600	 -3	0.123	5.18386e-11	0	1
1600	 3	12.1776	1.093e-12	0	1
1600	 -4	0.0758106	4.88889e-12	0	1
1600	 4	7.50559	1.65571e-13	0	1
1600	 -5	0.0233138	6.56601e-13	0	1
1600	 5	2.30817	1.68908e-14	0	1
1600	 -6	0.00825103	5.15239e-14	0	1
1600	 6	0.816889	2.20063e-15	0	1
1700	 0	0.153889	2.12069e-09	0	1
1700	 0	11.3268	1.09798e-11	0	1
1700	 -1	0.235655	1.12271e-08	3.30348e-06	1
1700	 1	17.345	1.1445e-10	6.9557e-10	2.78221
1700	 -2	0.314402	5.49305e-10	0	1
1700	 2	23.1411	2.84299e-11	1.31773e-10	2.87741
1700	 -3	0.19377	9.15582e-11	0	1
1700	 3	14.2621	1.81135e-12	0	1
1700	 -4	0.131387	1.001e-11	0	1
1700	 4	9.67053	3.0359e-13	0	1
1700	 -5	0.046568	1.54354e-12	0	1
1700	 5	3.42757	3.64181e-14	0	1
1700	 -6	0.0191167	1.44776e-13	0	1
1700	 6	1.40706	5.41406e-15	0	1
1800	 0	0.204611	3.15631e-09	0	1
1800	 0	11.2098	1.95213e-11	0	1
1800	 -1	0.326526	1.49301e-08	2.99899e-06	1
1800	 1	17.8891	1.84115e-10	1.04306e-09	2.79384
1800	 -2	0.450117	8.41489e-10	0	1
1800	 2	24.6601	3.90501e-11	1.55904e-10	2.89423
1800	 -3	0.298401	1.54743e-10	0	1
1800	 3	16.3482	2.93374e-12	0	1
1800	 -4	0.218088	1.92762e-11	0	1
1800	 4	11.9482	5.36146e-13	0	1
1800	 -5	0.0867412	3.35062e-12	0	1
1800	 5	4.7522	7.43923e-14	0	1
1800	 -6	0.0400425	3.66674e-13	0	1
1800	 6	2.19377	1.23838e-14	0	1
1900	 0	0.278178	4.5738e-09	0	1
1900	 0	11.3624	3.37215e-11	0	1
1900	 -1	0.459231	1.95723e-08	2.65013e-06	1
1900	 1	18.7576	2.89602e-10	1.50335e-09	2.81105
1900	 -2	0.645852	1.25454e-09	0	1
1900	 2	26.3803	5.32885e-11	1.81522e-10	2.91041
1900	 -3	0.451343	2.51802e-10	0	1
1900	 3	18.4354	4.66555e-12	0	1
1900	 -4	0.346481	3.52285e-11	0	1
1900	 4	14.1522	9.18516e-13	0	1
1900	 -5	0.149564	6.80085e-12	0	1
1900	 5	6.10904	1.45403e-13	0	1
1900	 -6	0.0746671	8.51236e-13	0	1
1900	 6	3.04983	2.66975e-14	0	1
2000	 0	0.382974	6.47448e-09	0	1
2000	 0	11.6878	5.67704e-11	0	1
2000	 -1	0.651025	2.533e-08	2.29831e-06	1
2000	 1	19.8682	4.45934e-10	2.09794e-09	2.83085
2000	 -2	0.927386	1.82604e-09	0	1
2000	 2	28.3023	7.24309e-11	2.08449e-10	2.92549
2000	 -3	0.675061	3.96458e-10	0	1
2000	 3	20.6018	7.31277e-12	0	1
2000	 -4	0.536278	6.15436e-11	0	1
2000	 4	16.3663	1.53547e-12	0	1
2000	 -5	0.246357	1.30348e-11	0	1
2000	 5	7.51843	2.74055e-13	0	1
2000	 -6	0.130037	1.83506e-12	0	1
2000	 6	3.96852	5.48223e-14	0	1
2100	 0	0.530277	8.97742e-09	0	1
2100	 0	12.1262	9.33653e-11	0	1
2100	 -1	0.925357	3.24025e-08	1.96865e-06	1
2100	 1	21.1608	6.72887e-10	2.85012e-09	2.85115
2100	 -2	1.32947	2.60186e-09	0	1
2100	 2	30.4021	9.82713e-11	2.36736e-10	2.93899
2100	 -3	1.00053	6.06439e-10	0	1
2100	 3	22.8798	1.13302e-11	0	1
2100	 -4	0.815185	1.03376e-10	0	1
2100	 4	18.6415	2.51653e-12	0	1
2100	 -5	0.393708	2.37749e-11	0	1
2100	 5	9.00322	5.01126e-13	0	1
2100	 -6	0.216739	3.71056e-12	0	1
2100	 6	4.95634	1.08079e-13	0	1
2200	 0	0.735006	1.22214e-08	0	1
2200	 0	12.6421	1.50281e-10	0	1
2200	 -1	1.31366	4.10143e-08	1.67351e-06	1.33299
2200	 1	22.5949	9.95877e-10	3.7832e-09	2.87069
2200	 -2	1.89834	3.63735e-09	0	1
2200	 2	32.6514	1.33311e-10	2.66532e-10	2.95069
2200	 -3	1.46949	9.04258e-10	0	1
2200	 3	25.2753	1.73911e-11	0	1
2200	 -4	1.22075	1.67756e-10	0	1
2200	 4	20.9969	4.05887e-12	0	1
2200	 -5	0.614755	4.15247e-11	0	1
2200	 5	10.5738	8.9307e-13	0	1
2200	 -6	0.349793	7.09402e-12	0	1
2200	 6	6.01645	2.05762e-13	0	1
2300	 0	1.01596	1.63668e-08	0	1
2300	 0	13.2087	2.37089e-10	0	1
2300	 -1	1.85637	5.14172e-08	1.4177e-06	1.54134
2300	 1	24.1352	1.44679e-09	4.92026e-09	2.88871
2300	 -2	2.69325	4.99867e-09	0	1
2300	 2	35.0157	1.81025e-10	2.98098e-10	2.96053
2300	 -3	2.13648	1.31807e-09	0	1
2300	 3	27.777	2.64865e-11	0	1
2300	 -4	1.80226	2.64044e-10	0	1
2300	 4	23.4317	6.46124e-12	0	1
2300	 -5	0.940727	6.98045e-11	0	1
2300	 5	12.2307	1.55656e-12	0	1
2300	 -6	0.549766	1.29094e-11	0	1
2300	 6	7.14767	3.79981e-13	0	1
2400	 0	1.39554	2.15977e-08	0	1
2400	 0	13.803	3.67039e-10	0	1
2400	 -1	2.60305	6.38928e-08	1.20147e-06	1.74359
2400	 1	25.7461	2.06469e-09	6.28377e-09	2.90477
2400	 -2	3.78664	6.7642e-09	0	1
2400	 2	37.4527	2.46197e-10	3.3182e-10	2.96858
2400	 -3	3.06948	1.88264e-09	0	1
2400	 3	30.3595	4.00632e-11	0	1
2400	 -4	2.6216	4.04449e-10	0	1
2400	 4	25.9296	1.01739e-11	0	1
2400	 -5	1.41197	1.13426e-10	0	1
2400	 5	13.9654	2.66045e-12	0	1
2400	 -6	0.843615	2.24893e-11	0	1
2400	 6	8.344	6.83113e-13	0	1
2500	 0	1.89863	2.81246e-08	0	1
2500	 0	14.4038	5.581e-10	0	1
2500	 -1	3.61052	7.87547e-08	1.02246e-06	1.93911
2500	 1	27.391	2.89628e-09	7.89481e-09	2.9187
2500	 -2	5.26138	9.02609e-09	0	1
2500	 2	39.9151	3.35362e-10	3.68194e-10	2.97502
2500	 -3	4.34832	2.64037e-09	0	1
2500	 3	32.9883	6.02152e-11	0	1
2500	 -4	3.75188	6.04613e-10	0	1
2500	 4	28.4634	1.5871e-11	0	1
2500	 -5	2.07772	1.78809e-10	0	1
2500	 5	15.7625	4.46851e-12	0	1
2500	 -6	1.26475	3.76932e-11	0	1
2500	 6	9.59494	1.1991e-12	0	1
2600	 0	2.55016	3.61861e-08	0	1
2600	 0	14.9933	8.34158e-10	0	1
2600	 -1	4.93856	9.63514e-08	8.7688e-07	2.12573
2600	 1	29.0356	3.996e-09	9.77102e-09	2.93052
2600	 -2	7.20435	1.18919e-08	0	1
2600	 2	42.357	4.57338e-10	4.07773e-10	2.98009
2600	 -3	6.0594	3.64248e-09	0	1
2600	 3	35.6254	8.99407e-11	0	1
2600	 -4	5.27294	8.84257e-10	0	1
2600	 4	31.0015	2.45541e-11	0	1
2600	 -5	2.99389	2.74336e-10	0	1
2600	 5	17.6022	7.38757e-12	0	1
2600	 -6	1.85176	6.10466e-11	0	1
2600	 6	10.8871	2.06036e-12	0	1
2700	 0	3.37171	4.60526e-08	0	1
2700	 0	15.5595	1.22633e-09	0	1
2700	 -1	6.64277	1.1707e-07	7.60381e-07	2.2997
2700	 1	30.6545	5.42582e-09	1.19222e-08	2.94044
2700	 -2	9.69598	1.54866e-08	0	1
2700	 2	44.7442	6.23883e-10	4.51071e-10	2.98403
2700	 -3	8.28656	4.95027e-09	0	1
2700	 3	38.2401	1.33485e-10	0	1
2700	 -4	7.26316	1.26791e-09	0	1
2700	 4	33.5174	3.76978e-11	0	1
2700	 -5	4.21829	4.10765e-10	0	1
2700	 5	19.4662	1.20372e-11	0	1
2700	 -6	2.6454	9.58987e-11	0	1
2700	 6	12.2078	3.47274e-12	0	1
2800	 0	4.37758	5.80284e-08	0	1
2800	 0	16.1001	1.77436e-09	0	1
2800	 -1	8.766	1.41336e-07	6.68524e-07	2.45649
2800	 1	32.24	7.25441e-09	1.43429e-08	2.94874
2800	 -2	12.7977	1.99543e-08	0	1
2800	 2	47.0679	8.50474e-10	4.98419e-10	2.98711
2800	 -3	11.0994	6.63647e-09	0	1
2800	 3	40.8218	1.96785e-10	0	1
2800	 -4	9.78871	1.78571e-09	0	1
2800	 4	36.0014	5.74508e-11	0	1
2800	 -5	5.80378	6.01671e-10	0	1
2800	 5	21.3454	1.9349e-11	0	1
2800	 -6	3.68412	1.46603e-10	0	1
2800	 6	13.5496	5.75167e-12	0	1
2900	 0	5.57177	7.24552e-08	0	1
2900	 0	16.625	2.528e-09	0	1
2900	 -1	11.3309	1.69623e-07	5.97111e-07	2.59191
2900	 1	33.8092	9.55596e-09	1.70022e-08	2.95579
2900	 -2	16.5411	2.54606e-08	0	1
2900	 2	49.3552	1.15721e-09	5.49782e-10	2.98955
2900	 -3	14.5422	8.78677e-09	0	1
2900	 3	43.3909	2.88041e-10	0	1
2900	 -4	12.8935	2.47425e-09	0	1
2900	 4	38.4717	8.69094e-11	0	1
2900	 -5	7.79119	8.63956e-10	0	1
2900	 5	23.2473	3.0704e-11	0	1
2900	 -6	4.99908	2.18721e-10	0	1
2900	 6	14.9163	9.37343e-12	0	1
3000	 0	6.94739	8.97152e-08	0	1
3000	 0	17.1575	3.54835e-09	0	1
3000	 -1	14.3372	2.0245e-07	5.4234e-07	2.70352
3000	 1	35.4076	1.24085e-08	1.98331e-08	2.96195
3000	 -2	20.9239	3.21946e-08	0	1
3000	 2	51.6743	1.56985e-09	6.04603e-10	2.99155
3000	 -3	18.6287	1.15014e-08	0	1
3000	 3	46.0061	4.18424e-10	0	1
3000	 -4	16.5939	3.37758e-09	0	1
3000	 4	40.9809	1.30479e-10	0	1
3000	 -5	10.2046	1.21839e-09	0	1
3000	 5	25.2017	4.81217e-11	0	1
3000	 -6	6.61074	3.19242e-10	0	1
3000	 6	16.3261	1.50465e-11	0	1
3100	 0	8.48909	1.10235e-07	0	1
3100	 0	17.7314	4.90895e-09	0	1
3100	 -1	17.7648	2.40388e-07	5.00885e-07	2.79125
3100	 1	37.1058	1.58918e-08	2.27264e-08	2.96754
3100	 -2	25.9152	4.03719e-08	0	1
3100	 2	54.1298	2.12096e-09	6.61735e-10	2.99325
3100	 -3	23.3451	1.48968e-08	0	1
3100	 3	48.7616	6.02954e-10	0	1
3100	 -4	20.8807	4.5482e-09	0	1
3100	 4	43.6141	1.94344e-10	0	1
3100	 -5	13.0516	1.69023e-09	0	1
3100	 5	27.2612	7.45105e-11	0	1
3100	 -6	8.52838	4.56842e-10	0	1
3100	 6	17.8135	2.38082e-11	0	1
3200	 0	10.1778	1.34489e-07	0	1
3200	 0	18.3867	6.69671e-09	0	1
3200	 -1	21.5832	2.84064e-07	4.69908e-07	2.85721
3200	 1	38.9912	2.00855e-08	2.55345e-08	2.97278
3200	 -2	31.4688	5.02366e-08	0	1
3200	 2	56.85	2.85114e-09	7.19518e-10	2.99473
3200	 -3	28.6609	1.91077e-08	0	1
3200	 3	51.7775	8.61538e-10	0	1
3200	 -4	25.7291	6.04818e-09	0	1
3200	 4	46.481	2.87068e-10	0	1
3200	 -5	16.3278	2.30985e-09	0	1
3200	 5	29.4971	1.13995e-10	0	1
3200	 -6	10.7531	6.42148e-10	0	1
3200	 6	19.4261	3.71536e-11	0	1
3300	 0	11.9962	1.63004e-07	0	1
3300	 0	19.164	9.01243e-09	0	1
3300	 -1	25.763	3.34165e-07	4.47036e-07	2.90492
3300	 1	41.1565	2.50668e-08	2.8086e-08	2.97774
3300	 -2	37.5403	6.20643e-08	0	1
3300	 2	59.971	3.81043e-09	7.76018e-10	2.99604
3300	 -3	34.5445	2.42887e-08	0	1
3300	 3	55.1852	1.2202e-09	0	1
3300	 -4	31.1126	7.95039e-09	0	1
3300	 4	49.7026	4.20327e-10	0	1
3300	 -5	20.026	3.11349e-09	0	1
3300	 5	31.9917	1.72332e-10	0	1
3300	 -6	13.2833	8.88046e-10	0	1
3300	 6	21.2202	5.72017e-11	0	1
3400	 0	13.9332	1.96363e-07	0	1
3400	 0	20.1007	1.19709e-08	0	1
3400	 -1	30.2856	3.91442e-07	4.3032e-07	2.93831
3400	 1	43.6913	3.09091e-08	3.02108e-08	2.9824
3400	 -2	44.1017	7.61652e-08	0	1
3400	 2	63.6232	5.05961e-09	8.29333e-10	2.99715
3400	 -3	40.9768	3.06167e-08	0	1
3400	 3	59.115	1.71246e-09	0	1
3400	 -4	37.0153	1.03398e-08	0	1
3400	 4	53.3999	6.09814e-10	0	1
3400	 -5	24.144	4.14399e-09	0	1
3400	 5	34.8312	2.57428e-10	0	1
3400	 -6	16.1204	1.21001e-09	0	1
3400	 6	23.256	8.6907e-11	0	1
3500	 0	15.9864	2.35208e-07	0	1
3500	 0	21.2286	1.57006e-08	0	1
3500	 -1	35.1497	4.56716e-07	4.18183e-07	2.96102
3500	 1	46.676	3.76808e-08	3.17655e-08	2.98663
3500	 -2	51.1502	9.28873e-08	0	1
3500	 2	67.9233	6.67171e-09	8.77891e-10	2.99807
3500	 -3	47.9609	3.82933e-08	0	1
3500	 3	63.6882	2.38095e-09	0	1
3500	 -4	43.4411	1.33148e-08	0	1
3500	 4	57.6862	8.76304e-10	0	1
3500	 -5	28.6914	5.4517e-09	0	1
3500	 5	38.0998	3.79973e-10	0	1
3500	 -6	19.2732	1.62646e-09	0	1
3500	 6	25.5933	1.30321e-10	0	1
3600	 0	18.162	2.8025e-07	0	1
3600	 0	22.5741	2.03432e-08	0	1
3600	 -1	40.3732	5.30884e-07	4.09367e-07	2.97606
3600	 1	50.181	4.54458e-08	3.26533e-08	2.99031
3600	 -2	58.7109	1.1262e-07	0	1
3600	 2	72.9734	8.73348e-09	9.20618e-10	2.99878
3600	 -3	55.5255	4.7547e-08	0	1
3600	 3	69.0143	3.27909e-09	0	1
3600	 -4	50.4174	1.6989e-08	0	1
3600	 4	62.6652	1.24689e-09	0	1
3600	 -5	33.693	7.09534e-09	0	1
3600	 5	41.878	5.5419e-10	0	1
3600	 -6	22.761	2.15919e-09	0	1
3600	 6	28.2903	1.92913e-10	0	1
3700	 0	20.4745	3.3227e-07	0	1
3700	 0	24.1592	2.60528e-08	0	1
3700	 -1	45.9918	6.14921e-07	4.0288e-07	2.98577
3700	 1	54.2687	5.42647e-08	3.28336e-08	2.99334
3700	 -2	66.8354	1.35797e-07	0	1
3700	 2	78.8635	1.13469e-08	9.56977e-10	2.99928
3700	 -3	63.7251	5.8636e-08	0	1
3700	 3	75.1935	4.47302e-09	0	1
3700	 -4	57.9951	2.14926e-08	0	1
3700	 4	68.4322	1.75639e-09	0	1
3700	 -5	39.1898	9.14309e-09	0	1
3700	 5	46.2426	7.98721e-10	0	1
3700	 -6	26.614	2.83376e-09	0	1
3700	 6	31.4037	2.81948e-10	0	1
3800	 0	22.9447	3.92124e-07	0	1
3800	 0	26.0037	3.2995e-08	0	1
3800	 -1	52.057	7.0989e-07	3.97953e-07	2.99184
3800	 1	58.9974	6.41979e-08	3.23206e-08	2.99567
3800	 -2	75.598	1.62902e-07	0	1
3800	 2	85.6769	1.46307e-08	9.86885e-10	2.99961
3800	 -3	72.6368	7.18512e-08	0	1
3800	 3	82.3209	6.04355e-09	0	1
3800	 -4	66.2462	2.69746e-08	0	1
3800	 4	75.0782	2.44896e-09	0	1
3800	 -5	45.238	1.16737e-08	0	1
3800	 5	51.2692	1.13764e-09	0	1
3800	 -6	30.8734	3.68005e-09	0	1
3800	 6	34.9895	4.0694e-10	0	1
3900	 0	25.5986	4.60755e-07	0	1
3900	 0	28.1269	4.13468e-08	0	1
3900	 -1	58.6335	8.16948e-07	3.93995e-07	2.99552
3900	 1	64.4246	7.53107e-08	3.11745e-08	2.99735
3900	 -2	85.0921	1.94472e-07	0	1
3900	 2	93.4964	1.87223e-08	1.01059e-09	2.99981
3900	 -3	82.3576	8.75196e-08	0	1
3900	 3	90.4918	8.08834e-09	0	1
3900	 -4	75.2614	3.36045e-08	0	1
3900	 4	82.6948	3.37981e-09	0	1
3900	 -5	51.9082	1.47777e-08	0	1
3900	 5	57.035	1.60162e-09	0	1
3900	 -6	35.5905	4.7328e-09	0	1
3900	 6	39.1057	5.80166e-10	0	1
4000	 0	28.4662	5.39193e-07	0	1
4000	 0	30.549	5.12967e-08	0	1
4000	 -1	65.7966	9.37351e-07	3.90562e-07	2.99766
4000	 1	70.6109	8.76792e-08	2.94891e-08	2.99849
4000	 -2	95.4266	2.31102e-07	0	1
4000	 2	102.409	2.37794e-08	1.02854e-09	2.99991
4000	 -3	93.0018	1.06008e-07	0	1
4000	 3	99.8066	1.07241e-08	0	1
4000	 -4	85.1481	4.15749e-08	0	1
4000	 4	91.3782	4.61718e-09	0	1
4000	 -5	59.2841	1.85591e-08	0	1
4000	 5	63.6218	2.2292e-09	0	1
4000	 -6	40.8266	6.03218e-09	0	1
4000	 6	43.8139	8.17264e-10	0	1
4100	 0	31.5808	6.2857e-07	0	1
4100	 0	33.2927	6.30463e-08	0	1
4100	 -1	73.6316	1.07246e-06	3.87324e-07	2.99885
4100	 1	77.6228	1.01399e-07	2.73795e-08	2.9992
4100	 -2	106.725	2.73452e-07	0	1
4100	 2	112.51	2.99826e-08	1.04127e-09	2.99996
4100	 -3	104.699	1.27726e-07	0	1
4100	 3	110.375	1.40891e-08	0	1
4100	 -4	96.0284	5.1104e-08	0	1
4100	 4	101.234	6.24433e-09	0	1
4100	 -5	67.4618	2.31363e-08	0	1
4100	 5	71.1186	3.06824e-09	0	1
4100	 -6	46.6523	7.6246e-09	0	1
4100	 6	49.181	1.1379e-09	0	1
4200	 0	34.9791	7.30121e-07	0	1
4200	 0	36.3837	7.68134e-08	0	1
4200	 -1	82.2327	1.22377e-06	3.84042e-07	2.99947
4200	 1	85.5348	1.16594e-07	2.49694e-08	2.9996
4200	 -2	119.122	3.22252e-07	0	1
4200	 2	123.906	3.75378e-08	1.04934e-09	2.99999
4200	 -3	117.596	1.53132e-07	0	1
4200	 3	122.318	1.83456e-08	0	1
4200	 -4	108.039	6.24382e-08	0	1
4200	 4	112.378	8.36185e-09	0	1
4200	 -5	76.5503	2.86449e-08	0	1
4200	 5	79.6242	4.17747e-09	0	1
4200	 -6	53.1475	9.5634e-09	0	1
4200	 6	55.2817	1.56652e-09	0	1
4300	 0	38.7005	8.45198e-07	0	1
4300	 0	39.8518	9.28369e-08	0	1
4300	 -1	91.7037	1.39288e-06	3.80549e-07	2.99977
4300	 1	94.4317	1.3343e-07	2.23817e-08	2.99982
4300	 -2	132.769	3.78308e-07	0	1
4300	 2	136.719	4.66799e-08	1.05328e-09	3
4300	 -3	131.852	1.82737e-07	0	1
4300	 3	135.774	2.36828e-08	0	1
4300	 -4	121.333	7.58559e-08	0	1
4300	 4	124.942	1.109e-08	0	1
4300	 -5	86.6711	3.52386e-08	0	1
4300	 5	89.2494	5.62822e-09	0	1
4300	 -6	60.4025	1.19098e-08	0	1
4300	 6	62.1993	2.13318e-09	0	1
4400	 0	42.7881	9.75282e-07	0	1
4400	 0	43.7311	1.11384e-07	0	1
4400	 -1	102.158	1.58155e-06	3.76733e-07	2.99991
4400	 1	104.409	1.52121e-07	1.97311e-08	2.99993
4400	 -2	147.829	4.42512e-07	0	1
4400	 2	151.087	5.76765e-08	1.05356e-09	3
4400	 -3	147.645	2.17112e-07	0	1
4400	 3	150.898	3.03199e-08	0	1
4400	 -4	136.077	9.16705e-08	0	1
4400	 4	139.076	1.45715e-08	0	1
4400	 -5	97.9599	4.30923e-08	0	1
4400	 5	100.119	7.50623e-09	0	1
4400	 -6	68.5178	1.4734e-08	0	1
4400	 6	70.0278	2.87446e-09	0	1
4500	 0	47.2887	1.12199e-06	0	1
4500	 0	48.0608	1.32759e-07	0	1
4500	 -1	113.721	1.79166e-06	3.72523e-07	2.99997
4500	 1	115.577	1.72951e-07	1.71182e-08	2.99997
4500	 -2	164.482	5.15849e-07	0	1
4500	 2	167.168	7.08336e-08	1.05063e-09	3
4500	 -3	165.17	2.56891e-07	0	1
4500	 3	167.867	3.85098e-08	0	1
4500	 -4	152.459	1.10235e-07	0	1
4500	 4	154.948	1.89738e-08	0	1
4500	 -5	110.568	5.24043e-08	0	1
4500	 5	112.373	9.91366e-09	0	1
4500	 -6	77.6059	1.81161e-08	0	1
4500	 6	78.8729	3.83443e-09	0	1
4600	 0	52.2533	1.28709e-06	0	1
4600	 0	52.8853	1.57318e-07	0	1
4600	 -1	126.528	2.02529e-06	3.67881e-07	2.99999
4600	 1	128.058	1.96278e-07	1.46264e-08	2.99999
4600	 -2	182.926	5.99403e-07	0	1
4600	 2	185.139	8.65011e-08	1.04487e-09	3
4600	 -3	184.644	3.0278e-07	0	1
4600	 3	186.877	4.8543e-08	0	1
4600	 -4	170.682	1.31946e-07	0	1
4600	 4	172.747	2.44926e-08	0	1
4600	 -5	124.662	6.33994e-08	0	1
4600	 5	126.17	1.29713e-08	0	1
4600	 -6	87.7924	2.21478e-08	0	1
4600	 6	88.8543	5.0658e-09	0	1
4700	 0	57.7378	1.47251e-06	0	1
4700	 0	58.2551	1.8548e-07	0	1
4700	 -1	140.731	2.28466e-06	3.62794e-07	3
4700	 1	141.992	2.22555e-07	1.23211e-08	3
4700	 -2	203.378	6.94376e-07	0	1
4700	 2	205.2	1.05081e-07	1.0366e-09	3
4700	 -3	206.306	3.55566e-07	0	1
4700	 3	208.155	6.07526e-08	0	1
4700	 -4	190.976	1.5725e-07	0	1
4700	 4	192.687	3.13554e-08	0	1
4700	 -5	140.431	7.63317e-08	0	1
4700	 5	141.69	1.68208e-08	0	1
4700	 -6	99.2176	2.69334e-08	0	1
4700	 6	100.107	6.63107e-09	0	1
4800	 0	63.8035	1.68037e-06	0	1
4800	 0	64.2271	2.17746e-07	0	1
4800	 -1	156.496	2.57222e-06	3.57266e-07	3
4800	 1	157.535	2.52343e-07	1.02492e-08	3
4800	 -2	226.078	8.02089e-07	0	1
4800	 2	227.579	1.27036e-07	1.02613e-09	3
4800	 -3	230.42	4.16123e-07	0	1
4800	 3	231.95	7.55195e-08	0	1
4800	 -4	213.592	1.86647e-07	0	1
4800	 4	215.01	3.98245e-08	0	1
4800	 -5	158.082	9.14889e-08	0	1
4800	 5	159.132	2.16276e-08	0	1
4800	 -6	112.038	3.25919e-08	0	1
4800	 6	112.782	8.60385e-09	0	1
4900	 0	70.5184	1.91298e-06	0	1
4900	 0	70.8652	2.54718e-07	0	1
4900	 -1	174.008	2.89061e-06	3.51313e-07	3
4900	 1	174.863	2.86325e-07	8.44141e-09	3
4900	 -2	251.292	9.24004e-07	0	1
4900	 2	252.528	1.529e-07	1.01371e-09	3
4900	 -3	257.281	4.85424e-07	0	1
4900	 3	258.546	9.32798e-08	0	1
4900	 -4	238.813	2.207e-07	0	1
4900	 4	239.987	5.02021e-08	0	1
4900	 -5	177.848	1.09196e-07	0	1
4900	 5	178.723	2.75834e-08	0	1
4900	 -6	126.429	3.92589e-08	0	1
4900	 6	127.05	1.10703e-08	0	1
5000	 0	77.9572	2.17287e-06	0	1
5000	 0	78.2412	2.97119e-07	0	1
5000	 -1	193.469	3.24269e-06	3.44961e-07	3
5000	 1	194.174	3.25326e-07	6.91432e-09	3
5000	 -2	279.315	1.06173e-06	0	1
5000	 2	280.333	1.83289e-07	9.99581e-10	3
5000	 -3	287.214	5.64548e-07	0	1
5000	 3	288.26	1.14532e-07	0	1
5000	 -4	266.949	2.60039e-07	0	1
5000	 4	267.922	6.28348e-08	0	1
5000	 -5	199.989	1.2982e-07	0	1
5000	 5	200.717	3.49097e-08	0	1
5000	 -6	142.585	4.70883e-08	0	1
5000	 6	143.105	1.41308e-08	0	1
5100	 0	86.2027	2.46282e-06	0	1
5100	 0	86.4354	3.45816e-07	0	1
5100	 -1	215.108	3.6316e-06	3.38241e-07	3
5100	 1	215.689	3.70332e-07	5.67369e-09	3
5100	 -2	310.474	1.21705e-06	0	1
5100	 2	311.312	2.18918e-07	9.83944e-10	3
5100	 -3	320.583	6.54698e-07	0	1
5100	 3	321.448	1.39845e-07	0	1
5100	 -4	298.35	3.05372e-07	0	1
5100	 4	299.155	7.81196e-08	0	1
5100	 -5	224.793	1.53775e-07	0	1
5100	 5	225.399	4.38617e-08	0	1
5100	 -6	160.728	5.62551e-08	0	1
5100	 6	161.162	1.79017e-08	0	1
5200	 0	95.347	2.78584e-06	0	1
5200	 0	95.5376	4.01844e-07	0	1
5200	 -1	239.175	4.06074e-06	3.31191e-07	3
5200	 1	239.653	4.22509e-07	4.71761e-09	3
5200	 -2	345.132	1.39193e-06	0	1
5200	 2	345.822	2.60613e-07	9.66993e-10	3
5200	 -3	357.791	7.57209e-07	0	1
5200	 3	358.507	1.69872e-07	0	1
5200	 -4	333.402	3.5749e-07	0	1
5200	 4	334.069	9.65103e-08	0	1
5200	 -5	252.584	1.81529e-07	0	1
5200	 5	253.089	5.47321e-08	0	1
5200	 -6	181.101	6.69583e-08	0	1
5200	 6	181.463	2.25174e-08	0	1
5300	 0	105.492	3.14526e-06	0	1
5300	 0	105.648	4.66432e-07	0	1
5300	 -1	265.95	4.53381e-06	3.23848e-07	3
5300	 1	266.344	4.83234e-07	4.03959e-09	3
5300	 -2	383.694	1.58853e-06	0	1
5300	 2	384.263	3.0933e-07	9.48901e-10	3
5300	 -3	399.29	8.73563e-07	0	1
5300	 3	399.881	2.0536e-07	0	1
5300	 -4	372.539	4.17283e-07	0	1
5300	 4	373.091	1.18526e-07	0	1
5300	 -5	283.726	2.13609e-07	0	1
5300	 5	284.146	6.78566e-08	0	1
5300	 -6	203.98	7.94233e-08	0	1
5300	 6	204.282	2.81327e-08	0	1
5400	 0	116.751	3.54472e-06	0	1
5400	 0	116.879	5.41031e-07	0	1
5400	 -1	295.744	5.05485e-06	3.16251e-07	3
5400	 1	296.069	5.54124e-07	3.63127e-09	3
5400	 -2	426.61	1.80924e-06	0	1
5400	 2	427.078	3.66178e-07	9.29827e-10	3
5400	 -3	445.581	1.00541e-06	0	1
5400	 3	446.069	2.47164e-07	0	1
5400	 -4	416.243	4.85745e-07	0	1
5400	 4	416.7	1.44758e-07	0	1
5400	 -5	318.622	2.50607e-07	0	1
5400	 5	318.971	8.36195e-08	0	1
5400	 -6	229.673	9.39058e-08	0	1
5400	 6	229.925	3.49256e-08	0	1
5500	 0	129.25	3.98819e-06	0	1
5500	 0	129.355	6.27342e-07	0	1
5500	 -1	328.904	5.62823e-06	3.0844e-07	3
5500	 1	329.172	6.37071e-07	3.48436e-09	3
5500	 -2	474.379	2.05671e-06	0	1
5500	 2	474.765	4.32434e-07	9.09918e-10	3
5500	 -3	497.222	1.15457e-06	0	1
5500	 3	497.626	2.96265e-07	0	1
5500	 -4	465.053	5.6399e-07	0	1
5500	 4	465.431	1.75885e-07	0	1
5500	 -5	357.725	2.93193e-07	0	1
5500	 5	358.015	1.0246e-07	0	1
5500	 -6	258.526	1.10696e-07	0	1
5500	 6	258.736	4.31005e-08	0	1
5600	 0	143.129	4.48003e-06	0	1
5600	 0	143.215	7.27352e-07	0	1
5600	 -1	365.815	6.25875e-06	3.00452e-07	3
5600	 1	366.035	7.34288e-07	3.59199e-09	3
5600	 -2	527.561	2.33384e-06	0	1
5600	 2	527.879	5.09575e-07	8.89309e-10	3
5600	 -3	554.84	1.32309e-06	0	1
5600	 3	555.174	3.53788e-07	0	1
5600	 -4	519.571	6.53262e-07	0	1
5600	 4	519.884	2.12681e-07	0	1
5600	 -5	401.541	3.42118e-07	0	1
5600	 5	401.783	1.24881e-07	0	1
5600	 -6	290.925	1.3012e-07	0	1
5600	 6	291.1	5.28917e-08	0	1
5700	 0	158.543	5.02502e-06	0	1
5700	 0	158.614	8.4337e-07	0	1
5700	 -1	406.907	6.9516e-06	2.92324e-07	3
5700	 1	407.088	8.48359e-07	3.9492e-09	3
5700	 -2	586.777	2.64385e-06	0	1
5700	 2	587.039	5.99303e-07	8.68125e-10	3
5700	 -3	619.129	1.51321e-06	0	1
5700	 3	619.405	4.21022e-07	0	1
5700	 -4	580.467	7.54953e-07	0	1
5700	 4	580.726	2.56029e-07	0	1
5700	 -5	450.639	3.98226e-07	0	1
5700	 5	450.84	1.51458e-07	0	1
5700	 -6	327.303	1.5255e-07	0	1
5700	 6	327.449	6.45675e-08	0	1
5800	 0	175.668	5.6284e-06	0	1
5800	 0	175.726	9.78069e-07	0	1
5800	 -1	452.657	7.71249e-06	2.84093e-07	3
5800	 1	452.807	9.82304e-07	4.55261e-09	3
5800	 -2	652.72	2.99028e-06	0	1
5800	 2	652.936	7.03576e-07	8.46482e-10	3
5800	 -3	690.866	1.72742e-06	0	1
5800	 3	691.095	4.99445e-07	0	1
5800	 -4	648.493	8.70619e-07	0	1
5800	 4	648.707	3.06943e-07	0	1
5800	 -5	505.651	4.62467e-07	0	1
5800	 5	505.818	1.82847e-07	0	1
5800	 -6	368.148	1.78403e-07	0	1
5800	 6	368.27	7.84358e-08	0	1
5900	 0	194.695	6.29588e-06	0	1
5900	 0	194.742	1.13454e-06	0	1
5900	 -1	503.601	8.54758e-06	2.75791e-07	3
5900	 1	503.724	1.13964e-06	5.39946e-09	3
5900	 -2	726.163	3.37703e-06	0	1
5900	 2	726.34	8.24649e-07	8.24488e-10	3
5900	 -3	770.92	1.96851e-06	0	1
5900	 3	771.109	5.90754e-07	0	1
5900	 -4	724.486	1.002e-06	0	1
5900	 4	724.663	3.66581e-07	0	1
5900	 -5	567.288	5.35906e-07	0	1
5900	 5	567.427	2.19802e-07	0	1
5900	 -6	414.004	2.08153e-07	0	1
5900	 6	414.105	9.48488e-08	0	1
6000	 0	215.839	7.03375e-06	0	1
6000	 0	215.879	1.31634e-06	0	1
6000	 -1	560.331	9.46363e-06	2.6745e-07	3
6000	 1	560.432	1.32447e-06	6.4861e-09	3
6000	 -2	807.966	3.80842e-06	0	1
6000	 2	808.112	9.65109e-07	8.0224e-10	3
6000	 -3	860.257	2.23954e-06	0	1
6000	 3	860.413	6.9689e-07	0	1
6000	 -4	809.383	1.15102e-06	0	1
6000	 4	809.53	4.36268e-07	0	1
6000	 -5	636.344	6.19738e-07	0	1
6000	 5	636.459	2.63184e-07	0	1
6000	 -6	465.482	2.42331e-07	0	1
6000	 6	465.566	1.1421e-07	0	1
6100	 0	239.341	7.8489e-06	0	1
6100	 0	239.374	1.52759e-06	0	1
6100	 -1	623.51	1.0468e-05	2.59099e-07	3
6100	 1	623.594	1.54154e-06	7.80611e-09	3
6100	 -2	899.09	4.28919e-06	0	1
6100	 2	899.211	1.12793e-06	7.7983e-10	3
6100	 -3	959.958	2.5439e-06	0	1
6100	 3	960.087	8.20077e-07	0	1
6100	 -4	904.231	1.31986e-06	0	1
6100	 4	904.352	5.17521e-07	0	1
6100	 -5	713.708	7.153e-07	0	1
6100	 5	713.804	3.13977e-07	0	1
6100	 -6	523.267	2.81537e-07	0	1
6100	 6	523.337	1.36983e-07	0	1
6200	 0	265.468	8.74885e-06	0	1
6200	 0	265.494	1.773e-06	0	1
6200	 -1	693.877	1.15687e-05	2.50765e-07	3
6200	 1	693.946	1.79637e-06	9.34826e-09	3
6200	 -2	1000.61	4.82457e-06	0	1
6200	 2	1000.71	1.31651e-06	7.57341e-10	3
6200	 -3	1071.23	2.88537e-06	0	1
6200	 3	1071.34	9.62861e-07	0	1
6200	 -4	1010.2	1.51091e-06	0	1
6200	 4	1010.3	6.12074e-07	0	1
6200	 -5	800.377	8.24093e-07	0	1
6200	 5	800.456	3.7331e-07	0	1
6200	 -6	588.126	3.26446e-07	0	1
6200	 6	588.184	1.63695e-07	0	1
6300	 0	294.515	9.74186e-06	0	1
6300	 0	294.537	2.05802e-06	0	1
6300	 -1	772.255	1.27745e-05	2.42473e-07	3
6300	 1	772.312	2.09531e-06	1.10946e-08	3
6300	 -2	1113.71	5.42033e-06	0	1
6300	 2	1113.79	1.53476e-06	7.3485e-10	3
6300	 -3	1195.41	3.2681e-06	0	1
6300	 3	1195.5	1.12815e-06	0	1
6300	 -4	1128.59	1.72687e-06	0	1
6300	 4	1128.67	7.21909e-07	0	1
6300	 -5	897.462	9.47795e-07	0	1
6300	 5	897.528	4.42472e-07	0	1
6300	 -6	660.92	3.77818e-07	0	1
6300	 6	660.969	1.94955e-07	0	1
6400	 0	326.815	1.0837e-05	0	1
6400	 0	326.833	2.38893e-06	0	1
6400	 -1	859.561	1.4095e-05	2.34246e-07	3
6400	 1	859.608	2.44566e-06	1.30188e-08	3
6400	 -2	1239.73	6.08283e-06	0	1
6400	 2	1239.8	1.78716e-06	7.12426e-10	3
6400	 -3	1334.02	3.69673e-06	0	1
6400	 3	1334.09	1.31928e-06	0	1
6400	 -4	1260.87	1.97072e-06	0	1
6400	 4	1260.94	8.49293e-07	0	1
6400	 -5	1006.21	1.08828e-06	0	1
6400	 5	1006.27	5.22936e-07	0	1
6400	 -6	742.614	4.36506e-07	0	1
6400	 6	742.654	2.31454e-07	0	1
6500	 0	362.737	1.20442e-05	0	1
6500	 0	362.752	2.77291e-06	0	1
6500	 -1	956.82	1.55405e-05	2.26103e-07	3
6500	 1	956.858	2.85573e-06	1.50852e-08	3
6500	 -2	1380.15	6.81908e-06	0	1
6500	 2	1380.21	2.07882e-06	6.90132e-10	3
6500	 -3	1488.72	4.17635e-06	0	1
6500	 3	1488.78	1.54005e-06	0	1
6500	 -4	1408.66	2.24579e-06	0	1
6500	 4	1408.72	9.96813e-07	0	1
6500	 -5	1128.02	1.24766e-06	0	1
6500	 5	1128.07	6.16389e-07	0	1
6500	 -6	834.288	5.03469e-07	0	1
6500	 6	834.322	2.73988e-07	0	1
6600	 0	402.692	1.33744e-05	0	1
6600	 0	402.704	3.21826e-06	0	1
6600	 -1	1065.17	1.71226e-05	2.18064e-07	3
6600	 1	1065.2	3.33493e-06	1.72488e-08	3
6600	 -2	1536.64	7.63682e-06	0	1
6600	 2	1536.68	2.41559e-06	6.68026e-10	3
6600	 -3	1661.39	4.71264e-06	0	1
6600	 3	1661.44	1.79479e-06	0	1
6600	 -4	1573.8	2.55579e-06	0	1
6600	 4	1573.85	1.16742e-06	0	1
6600	 -5	1264.45	1.42828e-06	0	1
6600	 5	1264.49	7.24752e-07	0	1
6600	 -6	937.156	5.79786e-07	0	1
6600	 6	937.184	3.23462e-07	0	1
6700	 0	447.137	1.48394e-05	0	1
6700	 0	447.147	3.73446e-06	0	1
6700	 -1	1185.89	1.88536e-05	2.10144e-07	3
6700	 1	1185.91	3.89387e-06	1.94554e-08	3
6700	 -2	1711.03	8.54457e-06	0	1
6700	 2	1711.07	2.80418e-06	6.46158e-10	3
6700	 -3	1854.13	5.31186e-06	0	1
6700	 3	1854.17	2.08845e-06	0	1
6700	 -4	1758.31	2.90487e-06	0	1
6700	 4	1758.35	1.36448e-06	0	1
6700	 -5	1417.25	1.63277e-06	0	1
6700	 5	1417.28	8.5022e-07	0	1
6700	 -6	1052.57	6.66667e-07	0	1
6700	 6	1052.6	3.80912e-07	0	1
6800	 0	496.584	1.64525e-05	0	1
6800	 0	496.592	4.33236e-06	0	1
6800	 -1	1320.39	2.07472e-05	2.02358e-07	3
6800	 1	1320.41	4.54438e-06	2.16436e-08	3
6800	 -2	1905.39	9.55176e-06	0	1
6800	 2	1905.43	3.2522e-06	6.24575e-10	3
6800	 -3	2069.26	5.98097e-06	0	1
6800	 3	2069.29	2.42666e-06	0	1
6800	 -4	1964.48	3.29762e-06	0	1
6800	 4	1964.51	1.59181e-06	0	1
6800	 -5	1588.37	1.86408e-06	0	1
6800	 5	1588.4	9.95293e-07	0	1
6800	 -6	1182.07	7.65471e-07	0	1
6800	 6	1182.09	4.4752e-07	0	1
6900	 0	551.601	1.82282e-05	0	1
6900	 0	551.608	5.02436e-06	0	1
6900	 -1	1470.25	2.28183e-05	1.94719e-07	3
6900	 1	1470.27	5.29956e-06	2.37471e-08	3
6900	 -2	2122.03	1.06688e-05	0	1
6900	 2	2122.06	3.76835e-06	6.03316e-10	3
6900	 -3	2309.39	6.72767e-06	0	1
6900	 3	2309.42	2.81584e-06	0	1
6900	 -4	2194.84	3.73917e-06	0	1
6900	 4	2194.87	1.85379e-06	0	1
6900	 -5	1780.01	2.12549e-06	0	1
6900	 5	1780.03	1.16282e-06	0	1
6900	 -6	1327.34	8.77726e-07	0	1
6900	 6	1327.36	5.24633e-07	0	1
7000	 0	612.824	2.01822e-05	0	1
7000	 0	612.829	5.82451e-06	0	1
7000	 -1	1637.25	2.50834e-05	1.87238e-07	3
7000	 1	1637.26	6.17384e-06	2.56979e-08	3
7000	 -2	2363.5	1.19072e-05	0	1
7000	 2	2363.53	4.36252e-06	5.82419e-10	3
7000	 -3	2577.44	7.56051e-06	0	1
7000	 3	2577.47	3.26328e-06	0	1
7000	 -4	2452.25	4.23525e-06	0	1
7000	 4	2452.27	2.15537e-06	0	1
7000	 -5	1994.6	2.42068e-06	0	1
7000	 5	1994.62	1.35604e-06	0	1
7000	 -6	1490.3	1.00515e-06	0	1
7000	 6	1490.32	6.13784e-07	0	1
7100	 0	680.958	2.23322e-05	0	1
7100	 0	680.962	6.74873e-06	0	1
7100	 -1	1823.34	2.75603e-05	1.79925e-07	3
7100	 1	1823.35	7.18298e-06	2.74302e-08	3
7100	 -2	2632.68	1.32796e-05	0	1
7100	 2	2632.7	5.04593e-06	5.61913e-10	3
7100	 -3	2876.66	8.48899e-06	0	1
7100	 3	2876.68	3.77728e-06	0	1
7100	 -4	2739.88	4.79224e-06	0	1
7100	 4	2739.9	2.50217e-06	0	1
7100	 -5	2234.91	2.75378e-06	0	1
7100	 5	2234.92	1.57863e-06	0	1
7100	 -6	1673.1	1.14966e-06	0	1
7100	 6	1673.11	7.16721e-07	0	1
7200	 0	756.792	2.46973e-05	0	1
7200	 0	756.795	7.81491e-06	0	1
7200	 -1	2030.72	3.02689e-05	1.72786e-07	3
7200	 1	2030.73	8.34412e-06	2.8884e-08	3
7200	 -2	2932.75	1.48002e-05	0	1
7200	 2	2932.76	5.83127e-06	5.41825e-10	3
7200	 -3	3210.68	9.52364e-06	0	1
7200	 3	3210.69	4.36722e-06	0	1
7200	 -4	3061.28	5.41727e-06	0	1
7200	 4	3061.29	2.90059e-06	0	1
7200	 -5	2503.98	3.12942e-06	0	1
7200	 5	2504	1.83478e-06	0	1
7200	 -6	1878.14	1.31343e-06	0	1
7200	 6	1878.15	8.35427e-07	0	1
7300	 0	841.204	2.72989e-05	0	1
7300	 0	841.207	9.0431e-06	0	1
7300	 -1	2261.85	3.32308e-05	1.65828e-07	3
7300	 1	2261.86	9.67578e-06	3.00091e-08	3
7300	 -2	3267.28	1.64845e-05	0	1
7300	 2	3267.29	6.73288e-06	5.22179e-10	3
7300	 -3	3583.54	1.06762e-05	0	1
7300	 3	3583.56	5.04376e-06	0	1
7300	 -4	3420.41	6.11827e-06	0	1
7300	 4	3420.43	3.35788e-06	0	1
7300	 -5	2805.27	3.55274e-06	0	1
7300	 5	2805.28	2.12924e-06	0	1
7300	 -6	2108.11	1.49889e-06	0	1
7300	 6	2108.11	9.72158e-07	0	1
7400	 0	935.173	3.01604e-05	0	1
7400	 0	935.176	1.04556e-05	0	1
7400	 -1	2519.44	3.64699e-05	1.59058e-07	3
7400	 1	2519.45	1.1198e-05	3.07681e-08	3
7400	 -2	3640.24	1.83498e-05	0	1
7400	 2	3640.25	7.76692e-06	5.02993e-10	3
7400	 -3	3999.79	1.19596e-05	0	1
7400	 3	3999.8	5.81896e-06	0	1
7400	 -4	3821.73	6.90414e-06	0	1
7400	 4	3821.74	3.88225e-06	0	1
7400	 -5	3142.6	4.02956e-06	0	1
7400	 5	3142.61	2.46739e-06	0	1
7400	 -6	2366.02	1.70877e-06	0	1
7400	 6	2366.02	1.12948e-06	0	1
7500	 0	1039.79	3.33079e-05	0	1
7500	 0	1039.79	1.20772e-05	0	1
7500	 -1	2806.55	4.00123e-05	1.52478e-07	3
7500	 1	2806.55	1.29323e-05	3.1139e-08	3
7500	 -2	4056.08	2.04153e-05	0	1
7500	 2	4056.09	8.95151e-06	4.84284e-10	3
7500	 -3	4464.47	1.33885e-05	0	1
7500	 3	4464.47	6.70644e-06	0	1
7500	 -4	4270.18	7.78479e-06	0	1
7500	 4	4270.19	4.48301e-06	0	1
7500	 -5	3520.28	4.56636e-06	0	1
7500	 5	3520.29	2.85534e-06	0	1
7500	 -6	2655.25	1.94614e-06	0	1
7500	 6	2655.26	1.31029e-06	0	1
7600	 0	1156.28	3.67699e-05	0	1
7600	 0	1156.28	1.39352e-05	0	1
7600	 -1	3126.56	4.38872e-05	1.46092e-07	3
7600	 1	3126.57	1.49019e-05	3.11167e-08	3
7600	 -2	4519.74	2.27023e-05	0	1
7600	 2	4519.75	1.0307e-05	4.66062e-10	3
7600	 -3	4983.22	1.49789e-05	0	1
7600	 3	4983.23	7.72154e-06	0	1
7600	 -4	4771.31	8.7713e-06	0	1
7600	 4	4771.32	5.17066e-06	0	1
7600	 -5	3943.13	5.17041e-06	0	1
7600	 5	3943.13	3.3e-06	0	1
7600	 -6	2979.6	2.21446e-06	0	1
7600	 6	2979.61	1.51788e-06	0	1
7700	 0	1285.99	4.05782e-05	0	1
7700	 0	1285.99	1.60595e-05	0	1
7700	 -1	3483.28	4.81264e-05	1.39901e-07	3
7700	 1	3483.28	1.7132e-05	3.07128e-08	3
7700	 -2	5036.75	2.52344e-05	0	1
7700	 2	5036.76	1.18559e-05	4.48338e-10	3
7700	 -3	5562.36	1.67488e-05	0	1
7700	 3	5562.36	8.88156e-06	0	1
7700	 -4	5331.31	9.87607e-06	0	1
7700	 4	5331.31	5.95712e-06	0	1
7700	 -5	4416.52	5.84988e-06	0	1
7700	 5	4416.52	3.80921e-06	0	1
7700	 -6	3343.3	2.5176e-06	0	1
7700	 6	3343.31	1.756e-06	0	1
7800	 0	1430.43	4.47679e-05	0	1
7800	 0	1430.43	1.8483e-05	0	1
7800	 -1	3880.92	5.27651e-05	1.33908e-07	3
7800	 1	3880.92	1.965e-05	2.99546e-08	3
7800	 -2	5613.27	2.80379e-05	0	1
7800	 2	5613.28	1.36237e-05	4.31119e-10	3
7800	 -3	6208.92	1.87183e-05	0	1
7800	 3	6208.92	1.02059e-05	0	1
7800	 -4	5957.09	1.1113e-05	0	1
7800	 4	5957.1	6.85579e-06	0	1
7800	 -5	4946.48	6.61391e-06	0	1
7800	 5	4946.49	4.39182e-06	0	1
7800	 -6	3751.12	2.85995e-06	0	1
7800	 6	3751.12	2.02888e-06	0	1
7900	 0	1591.3	4.9378e-05	0	1
7900	 0	1591.3	2.12414e-05	0	1
7900	 -1	4324.19	5.78424e-05	1.28111e-07	3
7900	 1	4324.2	2.24858e-05	2.88833e-08	3
7900	 -2	6256.19	3.11419e-05	0	1
7900	 2	6256.19	1.56384e-05	4.14409e-10	3
7900	 -3	6930.76	2.09095e-05	0	1
7900	 3	6930.76	1.17164e-05	0	1
7900	 -4	6656.41	1.24974e-05	0	1
7900	 4	6656.41	7.88182e-06	0	1
7900	 -5	5539.76	7.47277e-06	0	1
7900	 5	5539.76	5.05783e-06	0	1
7900	 -6	4208.36	3.24639e-06	0	1
7900	 6	4208.37	2.34129e-06	0	1
8000	 0	1770.48	5.44514e-05	0	1
8000	 0	1770.48	2.43739e-05	0	1
8000	 -1	4818.36	6.34011e-05	1.2251e-07	3
8000	 1	4818.37	2.56722e-05	2.75505e-08	3
8000	 -2	6973.18	3.45789e-05	0	1
8000	 2	6973.18	1.79312e-05	3.98211e-10	3
8000	 -3	7736.66	2.33475e-05	0	1
8000	 3	7736.66	1.34374e-05	0	1
8000	 -4	7437.9	1.40469e-05	0	1
8000	 4	7437.9	9.05227e-06	0	1
8000	 -5	6203.9	8.43797e-06	0	1
8000	 5	6203.9	5.81857e-06	0	1
8000	 -6	4721.02	3.68246e-06	0	1
8000	 6	4721.02	2.69867e-06	0	1
8100	 0	1970.06	6.00361e-05	0	1
8100	 0	1970.06	2.7923e-05	0	1
8100	 -1	5369.3	6.9489e-05	1.17105e-07	3
8100	 1	5369.3	2.92457e-05	2.60151e-08	3
8100	 -2	7772.8	3.8385e-05	0	1
8100	 2	7772.81	2.05366e-05	3.82523e-10	3
8100	 -3	8636.43	2.60598e-05	0	1
8100	 3	8636.43	1.53962e-05	0	1
8100	 -4	8311.23	1.57807e-05	0	1
8100	 4	8311.23	1.03863e-05	0	1
8100	 -5	6947.34	9.52242e-06	0	1
8100	 5	6947.34	6.68678e-06	0	1
8100	 -6	5295.77	4.17436e-06	0	1
8100	 6	5295.77	3.10714e-06	0	1
8200	 0	2192.38	6.61851e-05	0	1
8200	 0	2192.38	3.19353e-05	0	1
8200	 -1	5983.54	7.61586e-05	1.11893e-07	3
8200	 1	5983.54	3.3247e-05	2.43388e-08	3
8200	 -2	8664.63	4.26003e-05	0	1
8200	 2	8664.63	2.34928e-05	3.67346e-10	3
8200	 -3	9641.02	2.90776e-05	0	1
8200	 3	9641.02	1.76233e-05	0	1
8200	 -4	9287.19	1.77206e-05	0	1
8200	 4	9287.2	1.19055e-05	0	1
8200	 -5	7779.53	1.07406e-05	0	1
8200	 5	7779.53	7.67685e-06	0	1
8200	 -6	5940.1	4.72908e-06	0	1
8200	 6	5940.1	3.57362e-06	0	1
8300	 0	2440.06	7.29572e-05	0	1
8300	 0	2440.06	3.64617e-05	0	1
8300	 -1	6668.39	8.34683e-05	1.06872e-07	3
8300	 1	6668.4	3.77215e-05	2.25829e-08	3
8300	 -2	9659.33	4.72697e-05	0	1
8300	 2	9659.33	2.68423e-05	3.52674e-10	3
8300	 -3	10762.7	3.24353e-05	0	1
8300	 3	10762.7	2.01525e-05	0	1
8300	 -4	10377.9	1.98909e-05	0	1
8300	 4	10377.9	1.36341e-05	0	1
8300	 -5	8711.04	1.21088e-05	0	1
8300	 5	8711.04	8.80497e-06	0	1
8300	 -6	6662.41	5.35446e-06	0	1
8300	 6	6662.41	4.10592e-06	0	1
8400	 0	2716	8.04179e-05	0	1
8400	 0	2716	4.15582e-05	0	1
8400	 -1	7432	9.14828e-05	1.02039e-07	3
8400	 1	7432	4.27204e-05	2.08044e-08	3
8400	 -2	10768.8	5.24429e-05	0	1
8400	 2	10768.8	3.06318e-05	3.38504e-10	3
8400	 -3	12015	3.61715e-05	0	1
8400	 3	12015	2.30215e-05	0	1
8400	 -4	11596.8	2.23189e-05	0	1
8400	 4	11596.8	1.55991e-05	0	1
8400	 -5	9753.7	1.36453e-05	0	1
8400	 5	9753.7	1.00894e-05	0	1
8400	 -6	7472.1	6.05934e-06	0	1
8400	 6	7472.1	4.71286e-06	0	1
8500	 0	3023.45	8.86398e-05	0	1
8500	 0	3023.45	4.72865e-05	0	1
8500	 -1	8283.45	0.000100274	9.73919e-08	3
8500	 1	8283.45	4.83015e-05	1.90538e-08	3
8500	 -2	12006.4	5.81755e-05	0	1
8500	 2	12006.4	3.49132e-05	3.2483e-10	3
8500	 -3	13413.3	4.03292e-05	0	1
8500	 3	13413.3	2.62724e-05	0	1
8500	 -4	12958.9	2.5035e-05	0	1
8500	 4	12958.9	1.78308e-05	0	1
8500	 -5	10920.7	1.53706e-05	0	1
8500	 5	10920.7	1.15505e-05	0	1
8500	 -6	8379.7	6.85366e-06	0	1
8500	 6	8379.7	5.40437e-06	0	1
8600	 0	3366.03	9.77036e-05	0	1
8600	 0	3366.03	5.37148e-05	0	1
8600	 -1	9232.89	0.00010992	9.29259e-08	3
8600	 1	9232.89	5.45297e-05	1.73726e-08	3
8600	 -2	13386.8	6.45294e-05	0	1
8600	 2	13386.8	3.97441e-05	3.11644e-10	3
8600	 -3	14974.6	4.49566e-05	0	1
8600	 3	14974.6	2.99518e-05	0	1
8600	 -4	14481.2	2.80734e-05	0	1
8600	 4	14481.2	2.03633e-05	0	1
8600	 -5	12227	1.73076e-05	0	1
8600	 5	12227	1.32113e-05	0	1
8600	 -6	9397.02	7.74859e-06	0	1
8600	 6	9397.02	6.19163e-06	0	1
8700	 0	3747.77	0.000107699	0	1
8700	 0	3747.77	6.09193e-05	0	1
8700	 -1	10291.6	0.000120511	8.86377e-08	3
8700	 1	10291.6	6.14785e-05	1.57924e-08	3
8700	 -2	14926.8	7.15736e-05	0	1
8700	 2	14926.8	4.51882e-05	2.98938e-10	3
8700	 -3	16717.9	5.01074e-05	0	1
8700	 3	16717.9	3.41115e-05	0	1
8700	 -4	16182.5	3.14724e-05	0	1
8700	 4	16182.5	2.32343e-05	0	1
8700	 -5	13689	1.94822e-05	0	1
8700	 5	13689	1.50976e-05	0	1
8700	 -6	10537.3	8.7567e-06	0	1
8700	 6	10537.3	7.08722e-06	0	1
8800	 0	4173.19	0.000118726	0	1
8800	 0	4173.19	6.89847e-05	0	1
8800	 -1	11472.3	0.000132144	8.45232e-08	3
8800	 1	11472.3	6.92307e-05	1.43349e-08	3
8800	 -2	16644.7	7.9385e-05	0	1
8800	 2	16644.7	5.13163e-05	2.86704e-10	3
8800	 -3	18664.5	5.58415e-05	0	1
8800	 3	18664.5	3.88092e-05	0	1
8800	 -4	18083.9	3.52747e-05	0	1
8800	 4	18083.9	2.64861e-05	0	1
8800	 -5	15325.3	2.19234e-05	0	1
8800	 5	15325.3	1.72383e-05	0	1
8800	 -6	11815.3	9.89212e-06	0	1
8800	 6	11815.3	8.10527e-06	0	1
8900	 0	4647.3	0.000130896	0	1
8900	 0	4647.3	7.80059e-05	0	1
8900	 -1	12789	0.000144927	8.0578e-08	3
8900	 1	12789	7.78794e-05	1.30119e-08	3
8900	 -2	18561.1	8.80494e-05	0	1
8900	 2	18561.1	5.82072e-05	2.74931e-10	3
8900	 -3	20838.1	6.22261e-05	0	1
8900	 3	20838.1	4.41089e-05	0	1
8900	 -4	20208.8	3.95286e-05	0	1
8900	 4	20208.8	3.0166e-05	0	1
8900	 -5	17156.6	2.46637e-05	0	1
8900	 5	17156.6	1.96655e-05	0	1
8900	 -6	13247.6	1.11707e-05	0	1
8900	 6	13247.6	9.26165e-06	0	1
9000	 0	5175.71	0.000144333	0	1
9000	 0	5175.71	8.80895e-05	0	1
9000	 -1	14257.4	0.000158982	7.67977e-08	3
9000	 1	14257.4	8.75292e-05	1.18269e-08	3
9000	 -2	20699.2	9.76626e-05	0	1
9000	 2	20699.2	6.59486e-05	2.63609e-10	3
9000	 -3	23265.2	6.93362e-05	0	1
9000	 3	23265.2	5.00816e-05	0	1
9000	 -4	22583.6	4.42876e-05	0	1
9000	 4	22583.6	3.43265e-05	0	1
9000	 -5	19206.2	2.77396e-05	0	1
9000	 5	19206.2	2.24156e-05	0	1
9000	 -6	14852.8	1.26105e-05	0	1
9000	 6	14852.8	1.05742e-05	0	1
9100	 0	5764.67	0.000159173	0	1
9100	 0	5764.67	9.93551e-05	0	1
9100	 -1	15895	0.000174442	7.31777e-08	3
9100	 1	15895	9.82972e-05	1.0776e-08	3
9100	 -2	23084.7	0.000108331	0	1
9100	 2	23084.7	7.46381e-05	2.52728e-10	3
9100	 -3	25975.4	7.72554e-05	0	1
9100	 3	25975.4	5.68067e-05	0	1
9100	 -4	25237.7	4.96122e-05	0	1
9100	 4	25237.7	3.90262e-05	0	1
9100	 -5	21500	3.11922e-05	0	1
9100	 5	21500	2.55289e-05	0	1
9100	 -6	16651.7	1.42314e-05	0	1
9100	 6	16651.7	1.20628e-05	0	1
9200	 0	6421.15	0.00017557	0	1
9200	 0	6421.15	0.000111937	0	1
9200	 -1	17721.6	0.000191457	6.97134e-08	3
9200	 1	17721.6	0.000110315	9.85023e-09	3
9200	 -2	25746.1	0.000120175	0	1
9200	 2	25746.1	8.43849e-05	2.42275e-10	3
9200	 -3	29001.9	8.60774e-05	0	1
9200	 3	29001.9	6.43722e-05	0	1
9200	 -4	28203.9	5.55698e-05	0	1
9200	 4	28203.9	4.43305e-05	0	1
9200	 -5	24067.1	3.50675e-05	0	1
9200	 5	24067.1	2.90505e-05	0	1
9200	 -6	18667.7	1.60561e-05	0	1
9200	 6	18667.7	1.375e-05	0	1
9300	 0	7152.95	0.000193696	0	1
9300	 0	7152.95	0.000125987	0	1
9300	 -1	19758.8	0.000210192	6.63999e-08	3
9300	 1	19758.8	0.000123727	9.03668e-09	3
9300	 -2	28715.6	0.000133326	0	1
9300	 2	28715.6	9.53106e-05	2.3224e-10	3
9300	 -3	32381.5	9.59069e-05	0	1
9300	 3	32381.5	7.28763e-05	0	1
9300	 -4	31519.1	6.22361e-05	0	1
9300	 4	31519.1	5.03124e-05	0	1
9300	 -5	26940	3.94172e-05	0	1
9300	 5	26940	3.30311e-05	0	1
9300	 -6	20926.8	1.811e-05	0	1
9300	 6	20926.8	1.56607e-05	0	1
9400	 0	7968.72	0.000213738	0	1
9400	 0	7968.72	0.000141674	0	1
9400	 -1	22031	0.000230833	6.32324e-08	3
9400	 1	22031	0.000138699	8.32051e-09	3
9400	 -2	32028.9	0.000147932	0	1
9400	 2	32028.9	0.000107551	2.2261e-10	3
9400	 -3	36155.5	0.000106861	0	1
9400	 3	36155.5	8.24286e-05	0	1
9400	 -4	35224.2	6.96957e-05	0	1
9400	 4	35224.2	5.70532e-05	0	1
9400	 -5	30155	4.42991e-05	0	1
9400	 5	30155	3.7527e-05	0	1
9400	 -6	23458.3	2.04216e-05	0	1
9400	 6	23458.3	1.78231e-05	0	1
9500	 0	8878.17	0.00023591	0	1
9500	 0	8878.17	0.000159189	0	1
9500	 -1	24565.5	0.000253582	6.02062e-08	3
9500	 1	24565.5	0.000155412	7.68621e-09	3
9500	 -2	35725.9	0.00016416	0	1
9500	 2	35725.9	0.000121259	2.13374e-10	3
9500	 -3	40370	0.000119069	0	1
9500	 3	40370	9.31512e-05	0	1
9500	 -4	39365.2	7.80434e-05	0	1
9500	 4	39365.2	6.46437e-05	0	1
9500	 -5	33752.9	4.97783e-05	0	1
9500	 5	33752.9	4.26014e-05	0	1
9500	 -6	26294.9	2.30231e-05	0	1
9500	 6	26294.9	2.02686e-05	0	1
9600	 0	9892.09	0.000260445	0	1
9600	 0	9892.09	0.000178745	0	1
9600	 -1	27392.7	0.000278669	5.73163e-08	3
9600	 1	27392.7	0.000174066	7.1188e-09	3
9600	 -2	39851.2	0.000182193	0	1
9600	 2	39851.2	0.000136604	2.04519e-10	3
9600	 -3	45076.5	0.000132678	0	1
9600	 3	45076.5	0.000105181	0	1
9600	 -4	43993.4	8.73853e-05	0	1
9600	 4	43993.4	7.31854e-05	0	1
9600	 -5	37779.1	5.59277e-05	0	1
9600	 5	37779.1	4.83248e-05	0	1
9600	 -6	29473.3	2.59505e-05	0	1
9600	 6	29473.3	2.30325e-05	0	1
9700	 0	11022.5	0.000287605	0	1
9700	 0	11022.5	0.000200581	0	1
9700	 -1	30546.3	0.000306346	5.4558e-08	3
9700	 1	30546.3	0.000194889	6.60465e-09	3
9700	 -2	44454.6	0.000202237	0	1
9700	 2	44454.6	0.000153776	1.96033e-10	3
9700	 -3	50332.5	0.000147851	0	1
9700	 3	50332.5	0.000118669	0	1
9700	 -4	49166.1	9.78402e-05	0	1
9700	 4	49166.1	8.27917e-05	0	1
9700	 -5	42284.7	6.28291e-05	0	1
9700	 5	42284.7	5.47763e-05	0	1
9700	 -6	33034.7	2.92442e-05	0	1
9700	 6	33034.7	2.61544e-05	0	1
9800	 0	12283	0.000317682	0	1
9800	 0	12283	0.000224963	0	1
9800	 -1	34064.3	0.000336893	5.19264e-08	3
9800	 1	34064.3	0.000218128	6.132e-09	3
9800	 -2	49591.5	0.00022452	0	1
9800	 2	49591.5	0.000172987	1.87904e-10	3
9800	 -3	56202.2	0.000164768	0	1
9800	 3	56202.2	0.000133788	0	1
9800	 -4	54947.4	0.000109541	0	1
9800	 4	54947.4	9.35893e-05	0	1
9800	 -5	47326.5	7.0574e-05	0	1
9800	 5	47326.5	6.20443e-05	0	1
9800	 -6	37024.9	3.29496e-05	0	1
9800	 6	37024.9	2.96784e-05	0	1
9900	 0	13688.4	0.000350999	0	1
9900	 0	13688.4	0.00025219	0	1
9900	 -1	37988.7	0.000370622	4.9417e-08	3
9900	 1	37988.7	0.000244063	5.69126e-09	3
9900	 -2	55324	0.000249299	0	1
9900	 2	55324	0.000194476	1.80119e-10	3
9900	 -3	62757.4	0.000183633	0	1
9900	 3	62757.4	0.000150727	0	1
9900	 -4	61409	0.000122636	0	1
9900	 4	61409	0.00010572	0	1
9900	 -5	52968.4	7.9265e-05	0	1
9900	 5	52968.4	7.02279e-05	0	1
9900	 -6	41495.6	3.71178e-05	0	1
9900	 6	41495.6	3.36543e-05	0	1
10000	 0	15255.5	0.000387914	0	1
10000	 0	15255.5	0.000282593	0	1
10000	 -1	42366.8	0.000407881	4.70249e-08	3
10000	 1	42366.8	0.000273003	5.27506e-09	3
10000	 -2	61721.3	0.000276855	0	1
10000	 2	61721.3	0.000218507	1.72666e-10	3
10000	 -3	70078.2	0.000204671	0	1
10000	 3	70078.2	0.0001697	0	1
10000	 -4	68630.9	0.000137291	0	1
10000	 4	68630.9	0.000119343	0	1
10000	 -5	59281.7	8.90171e-05	0	1
10000	 5	59281.7	7.9438e-05	0	1
10000	 -6	46504.4	4.1806e-05	0	1
10000	 6	46504.4	3.81376e-05	0	1
10100	 0	17003.1	0.000428829	0	1
10100	 0	17003.1	0.000316543	0	1
10100	 -1	47251	0.000449054	4.47457e-08	3
10100	 1	47251	0.000305293	4.87812e-09	3
10100	 -2	68860.8	0.000307507	0	1
10100	 2	68860.8	0.000245378	1.65534e-10	3
10100	 -3	78254.2	0.000228136	0	1
10100	 3	78254.2	0.000190945	0	1
10100	 -4	76702.8	0.000153692	0	1
10100	 4	76702.8	0.000134636	0	1
10100	 -5	66346.2	9.9959e-05	0	1
10100	 5	66346.2	8.9799e-05	0	1
10100	 -6	52116	4.70782e-05	0	1
10100	 6	52116	4.3191e-05	0	1
10200	 0	18952	0.000474188	0	1
10200	 0	18952	0.000354453	0	1
10200	 -1	52700.1	0.000494567	4.25749e-08	3
10200	 1	52700.1	0.000341316	4.497e-09	3
10200	 -2	76828.6	0.000341607	0	1
10200	 2	76828.6	0.00027542	1.5871e-10	3
10200	 -3	87385.4	0.000254307	0	1
10200	 3	87385.4	0.00021473	0	1
10200	 -4	85724.6	0.000172047	0	1
10200	 4	85724.6	0.000151798	0	1
10200	 -5	74251.1	0.000112235	0	1
10200	 5	74251.1	0.00010145	0	1
10200	 -6	58402.8	5.30064e-05	0	1
10200	 6	58402.8	4.88844e-05	0	1
10300	 0	21125.3	0.000524484	0	1
10300	 0	21125.3	0.000396784	0	1
10300	 -1	58779.6	0.000544896	4.0508e-08	3
10300	 1	58779.6	0.0003815	4.12981e-09	3
10300	 -2	85721.2	0.000379545	0	1
10300	 2	85721.2	0.000309004	1.52183e-10	3
10300	 -3	97583.6	0.000283499	0	1
10300	 3	97583.6	0.000241353	0	1
10300	 -4	95808.3	0.000192586	0	1
10300	 4	95808.3	0.000171052	0	1
10300	 -5	83096.4	0.000126006	0	1
10300	 5	83096.4	0.000114549	0	1
10300	 -6	65445.9	5.96711e-05	0	1
10300	 6	65445.9	5.52965e-05	0	1
10400	 0	23549.2	0.000580266	0	1
10400	 0	23549.2	0.000444047	0	1
10400	 -1	65562.4	0.000600566	3.85407e-08	3
10400	 1	65562.4	0.000426323	3.77589e-09	3
10400	 -2	95646	0.000421759	0	1
10400	 2	95646	0.000346545	1.45941e-10	3
10400	 -3	108973	0.00031606	0	1
10400	 3	108973	0.00027115	0	1
10400	 -4	107079	0.000215568	0	1
10400	 4	107079	0.000192648	0	1
10400	 -5	92993.7	0.000141452	0	1
10400	 5	92993.7	0.000129269	0	1
10400	 -6	73335.9	6.71627e-05	0	1
10400	 6	73335.9	6.25156e-05	0	1
10500	 0	26252.6	0.000642144	0	1
10500	 0	26252.6	0.000496814	0	1
10500	 -1	73130.3	0.000662163	3.66689e-08	3
10500	 1	73130.3	0.000476316	3.43542e-09	3
10500	 -2	106723	0.000468735	0	1
10500	 2	106723	0.000388506	1.39972e-10	3
10500	 -3	121694	0.000352379	0	1
10500	 3	121694	0.000304495	0	1
10500	 -4	119676	0.000241283	0	1
10500	 4	119676	0.000216868	0	1
10500	 -5	104068	0.000158775	0	1
10500	 5	104068	0.000145809	0	1
10500	 -6	82174.6	7.55824e-05	0	1
10500	 6	82174.6	7.0641e-05	0	1
10600	 0	29267.8	0.000710797	0	1
10600	 0	29267.8	0.000555723	0	1
10600	 -1	81574.2	0.000730335	3.48885e-08	3
10600	 1	81574.2	0.000532075	3.10918e-09	3
10600	 -2	119087	0.000521012	0	1
10600	 2	119087	0.000435403	1.34265e-10	3
10600	 -3	135902	0.000392891	0	1
10600	 3	135902	0.000341806	0	1
10600	 -4	133756	0.000270053	0	1
10600	 4	133756	0.000244024	0	1
10600	 -5	116460	0.000178202	0	1
10600	 5	116460	0.000164388	0	1
10600	 -6	92075.7	8.50436e-05	0	1
10600	 6	92075.7	7.97837e-05	0	1
10700	 0	32630.9	0.000786977	0	1
10700	 0	32630.9	0.000621483	0	1
10700	 -1	90995.9	0.000805805	3.31956e-08	3
10700	 1	90995.9	0.000594263	2.79825e-09	3
10700	 -2	132887	0.000579193	0	1
10700	 2	132887	0.000487815	1.2881e-10	3
10700	 -3	151771	0.00043808	0	1
10700	 3	151771	0.000383553	0	1
10700	 -4	149494	0.000302238	0	1
10700	 4	149494	0.000274469	0	1
10700	 -5	130325	0.000199984	0	1
10700	 5	130325	0.000185255	0	1
10700	 -6	103167	9.56732e-05	0	1
10700	 6	103167	9.00689e-05	0	1
10800	 0	36382.2	0.000871522	0	1
10800	 0	36382.2	0.000694888	0	1
10800	 -1	101509	0.000889373	3.15862e-08	3
10800	 1	101509	0.000663621	2.50382e-09	3
10800	 -2	148291	0.000643948	0	1
10800	 2	148291	0.000546387	1.23595e-10	3
10800	 -3	169495	0.000488483	0	1
10800	 3	169495	0.000430259	0	1
10800	 -4	167084	0.000338241	0	1
10800	 4	167084	0.000308596	0	1
10800	 -5	145838	0.000224405	0	1
10800	 5	145838	0.000208687	0	1
10800	 -6	115591	0.000107614	0	1
10800	 6	115591	0.000101637	0	1
10900	 0	40566.6	0.000965365	0	1
10900	 0	40566.6	0.00077682	0	1
10900	 -1	113240	0.00098193	3.00566e-08	3
10900	 1	113240	0.000740977	2.227e-09	3
10900	 -2	165485	0.000716024	0	1
10900	 2	165485	0.00061184	1.1861e-10	3
10900	 -3	189292	0.000544702	0	1
10900	 3	189292	0.00048251	0	1
10900	 -4	186745	0.00037851	0	1
10900	 4	186745	0.000346847	0	1
10900	 -5	163196	0.000251779	0	1
10900	 5	163196	0.000234996	0	1
10900	 -6	129507	0.000121024	0	1
10900	 6	129507	0.000114645	0	1
11000	 0	45234.3	0.00106954	0	1
11000	 0	45234.3	0.000868265	0	1
11000	 -1	126330	0.00108447	2.86033e-08	3
11000	 1	126330	0.000827256	1.96869e-09	3
11000	 -2	184677	0.00079625	0	1
11000	 2	184677	0.000684978	1.13844e-10	3
11000	 -3	211404	0.000607408	0	1
11000	 3	211404	0.000540962	0	1
11000	 -4	208721	0.000423548	0	1
11000	 4	208721	0.000389716	0	1
11000	 -5	182617	0.000282461	0	1
11000	 5	182617	0.00026453	0	1
11000	 -6	145095	0.000136083	0	1
11000	 6	145095	0.000129269	0	1
11100	 0	50441.4	0.00118521	0	1
11100	 0	50441.4	0.000970325	0	1
11100	 -1	140937	0.00119808	2.72227e-08	3
11100	 1	140937	0.000923491	1.72957e-09	3
11100	 -2	206101	0.000885554	0	1
11100	 2	206101	0.000766702	1.09288e-10	3
11100	 -3	236102	0.000677348	0	1
11100	 3	236102	0.000606346	0	1
11100	 -4	233285	0.000473916	0	1
11100	 4	233285	0.000437755	0	1
11100	 -5	204346	0.000316847	0	1
11100	 5	204346	0.000297682	0	1
11100	 -6	162554	0.00015299	0	1
11100	 6	162554	0.000145709	0	1
11200	 0	56250.2	0.00131364	0	1
11200	 0	56250.2	0.00108423	0	1
11200	 -1	157238	0.001324	2.59116e-08	3
11200	 1	157238	0.00103084	1.50996e-09	3
11200	 -2	230016	0.000984967	0	1
11200	 2	230016	0.000858013	1.04932e-10	3
11200	 -3	263689	0.000755355	0	1
11200	 3	263689	0.00067948	0	1
11200	 -4	260742	0.00053024	0	1
11200	 4	260742	0.000491584	0	1
11200	 -5	228659	0.000355379	0	1
11200	 5	228659	0.000334889	0	1
11200	 -6	182110	0.00017197	0	1
11200	 6	182110	0.000164186	0	1
11300	 0	62730.6	0.00145627	0	1
11300	 0	62730.6	0.00121134	0	1
11300	 -1	175429	0.00146359	2.46665e-08	3
11300	 1	175429	0.00115058	1.30992e-09	3
11300	 -2	256713	0.00109564	0	1
11300	 2	256713	0.000960034	1.00765e-10	3
11300	 -3	294502	0.000842361	0	1
11300	 3	294502	0.000761279	0	1
11300	 -4	291431	0.000593219	0	1
11300	 4	291431	0.000551894	0	1
11300	 -5	255860	0.000398551	0	1
11300	 5	255860	0.000376642	0	1
11300	 -6	204014	0.000193273	0	1
11300	 6	204014	0.000184949	0	1
11400	 0	69960.4	0.0016147	0	1
11400	 0	69960.4	0.00135319	0	1
11400	 -1	195729	0.00161836	2.34845e-08	3
11400	 1	195729	0.00128416	1.12916e-09	3
11400	 -2	286516	0.00121885	0	1
11400	 2	286516	0.00107401	9.67785e-11	3
11400	 -3	328922	0.000939403	0	1
11400	 3	328922	0.000852763	0	1
11400	 -4	325735	0.000663637	0	1
11400	 4	325735	0.000619459	0	1
11400	 -5	286295	0.00044692	0	1
11400	 5	286295	0.000423492	0	1
11400	 -6	228546	0.000217181	0	1
11400	 6	228546	0.000208279	0	1
11500	 0	78026.5	0.00179069	0	1
11500	 0	78026.5	0.0015115	0	1
11500	 -1	218385	0.00179001	2.23625e-08	3
11500	 1	218385	0.00143318	9.67148e-10	3
11500	 -2	319786	0.00135604	0	1
11500	 2	319786	0.00120135	9.2963e-11	3
11500	 -3	367368	0.00104764	0	1
11500	 3	367368	0.000955072	0	1
11500	 -4	364078	0.000742368	0	1
11500	 4	364078	0.000695145	0	1
11500	 -5	320345	0.000501104	0	1
11500	 5	320345	0.000476055	0	1
11500	 -6	256022	0.000244008	0	1
11500	 6	256022	0.000234487	0	1
11600	 0	87025.9	0.00198622	0	1
11600	 0	87025.9	0.00168815	0	1
11600	 -1	243669	0.00198041	2.12976e-08	3
11600	 1	243669	0.00159943	8.23086e-10	3
11600	 -2	356929	0.00150879	0	1
11600	 2	356929	0.0013436	8.93094e-11	3
11600	 -3	410313	0.00116837	0	1
11600	 3	410313	0.00106948	0	1
11600	 -4	406938	0.000830388	0	1
11600	 4	406938	0.00077992	0	1
11600	 -5	358442	0.000561799	0	1
11600	 5	358442	0.00053502	0	1
11600	 -6	286795	0.000274107	0	1
11600	 6	286795	0.000263926	0	1
11700	 0	97067	0.00220348	0	1
11700	 0	97067	0.00188529	0	1
11700	 -1	271887	0.00219165	2.02871e-08	3
11700	 1	271887	0.00178492	6.96002e-10	3
11700	 -2	398395	0.00167889	0	1
11700	 2	398395	0.0015025	8.58088e-11	3
11700	 -3	458285	0.00130303	0	1
11700	 3	458285	0.00119741	0	1
11700	 -4	454845	0.000928792	0	1
11700	 4	454845	0.000874867	0	1
11700	 -5	401065	0.000629781	0	1
11700	 5	401065	0.000601159	0	1
11700	 -6	321259	0.000307874	0	1
11700	 6	321259	0.00029699	0	1
11800	 0	108271	0.00244494	0	1
11800	 0	108271	0.00210527	0	1
11800	 -1	303381	0.00242608	1.93281e-08	3
11800	 1	303381	0.00199188	5.84771e-10	3
11800	 -2	444688	0.00186832	0	1
11800	 2	444688	0.00168	8.24522e-11	3
11800	 -3	511871	0.00145323	0	1
11800	 3	511871	0.00134045	0	1
11800	 -4	508395	0.0010388	0	1
11800	 4	508395	0.000981195	0	1
11800	 -5	448751	0.000705921	0	1
11800	 5	448751	0.000675337	0	1
11800	 -6	359856	0.000345752	0	1
11800	 6	359856	0.000334118	0	1
11900	 0	120771	0.00271332	0	1
11900	 0	120771	0.00235075	0	1
11900	 -1	338531	0.00268629	1.84183e-08	3
11900	 1	338531	0.00222279	4.88169e-10	3
11900	 -2	496373	0.00207929	0	1
11900	 2	496373	0.00187827	7.9231e-11	3
11900	 -3	571731	0.00162079	0	1
11900	 3	571731	0.00150037	0	1
11900	 -4	568253	0.00116178	0	1
11900	 4	568253	0.00110026	0	1
11900	 -5	502103	0.000791193	0	1
11900	 5	502103	0.000758521	0	1
11900	 -6	403083	0.000388236	0	1
11900	 6	403083	0.000375805	0	1
12000	 0	134720	0.00301167	0	1
12000	 0	134720	0.00262468	0	1
12000	 -1	377763	0.00297518	1.75551e-08	3
12000	 1	377763	0.00248043	4.04915e-10	3
12000	 -2	554076	0.00231428	0	1
12000	 2	554076	0.00209971	7.61367e-11	3
12000	 -3	638598	0.0018077	0	1
12000	 3	638598	0.00167916	0	1
12000	 -4	635162	0.00129925	0	1
12000	 4	635162	0.00123357	0	1
12000	 -5	561792	0.000886686	0	1
12000	 5	561792	0.000851795	0	1
12000	 -6	451492	0.000435884	0	1
12000	 6	451492	0.000422605	0	1
12100	 0	150286	0.00334339	0	1
12100	 0	150286	0.00293036	0	1
12100	 -1	421552	0.00329597	1.6736e-08	3
12100	 1	421552	0.00276791	3.33708e-10	3
12100	 -2	618502	0.00257604	0	1
12100	 2	618502	0.00234704	7.3161e-11	3
12100	 -3	713294	0.00201621	0	1
12100	 3	713294	0.00187902	0	1
12100	 -4	709953	0.00145293	0	1
12100	 4	709953	0.00138282	0	1
12100	 -5	628571	0.000993621	0	1
12100	 5	628571	0.00095637	0	1
12100	 -6	505704	0.000489318	0	1
12100	 6	505704	0.000475137	0	1
12200	 0	167655	0.00371226	0	1
12200	 0	167655	0.00327145	0	1
12200	 -1	470427	0.00365226	1.5959e-08	3
12200	 1	470427	0.00308869	2.73262e-10	3
12200	 -2	690433	0.00286763	0	1
12200	 2	690433	0.00262326	7.02955e-11	3
12200	 -3	796736	0.00224884	0	1
12200	 3	796736	0.00210244	0	1
12200	 -4	793555	0.00162472	0	1
12200	 4	793555	0.00154989	0	1
12200	 -5	703281	0.00111336	0	1
12200	 5	703281	0.0010736	0	1
12200	 -6	566415	0.000549236	0	1
12200	 6	566415	0.000534097	0	1
12300	 0	187037	0.00412249	0	1
12300	 0	187037	0.00365207	0	1
12300	 -1	524981	0.00404806	1.52217e-08	3
12300	 1	524981	0.00344661	2.22332e-10	3
12300	 -2	770746	0.00319251	0	1
12300	 2	770746	0.00293175	6.75321e-11	3
12300	 -3	889950	0.00250837	0	1
12300	 3	889950	0.00235216	0	1
12300	 -4	887006	0.00181676	0	1
12300	 4	887006	0.00173691	0	1
12300	 -5	786865	0.00124744	0	1
12300	 5	786865	0.00120501	0	1
12300	 -6	634401	0.000616419	0	1
12300	 6	634401	0.000600262	0	1
12400	 0	208667	0.00457879	0	1
12400	 0	208667	0.00407679	0	1
12400	 -1	585875	0.00448783	1.45222e-08	3
12400	 1	585875	0.00384599	1.79737e-10	3
12400	 -2	860419	0.00355448	0	1
12400	 2	860419	0.00327626	6.48626e-11	3
12400	 -3	994081	0.00279794	0	1
12400	 3	994081	0.00263128	0	1
12400	 -4	991467	0.00203142	0	1
12400	 4	991467	0.00194624	0	1
12400	 -5	880375	0.00139757	0	1
12400	 5	880375	0.0013523	0	1
12400	 -6	710534	0.000691745	0	1
12400	 6	710534	0.000674505	0	1
12500	 0	232805	0.00508641	0	1
12500	 0	232805	0.00455071	0	1
12500	 -1	653846	0.00497655	1.38583e-08	3
12500	 1	653846	0.00429164	1.44373e-10	3
12500	 -2	960544	0.00395783	0	1
12500	 2	960544	0.00366098	6.22793e-11	3
12500	 -3	1.11041e+06	0.00312104	0	1
12500	 3	1.11041e+06	0.00294324	0	1
12500	 -4	1.10824e+06	0.00227139	0	1
12500	 4	1.10824e+06	0.00218051	0	1
12500	 -5	984990	0.00156566	0	1
12500	 5	984990	0.00151736	0	1
12500	 -6	795789	0.000776194	0	1
12500	 6	795789	0.000757801	0	1
12600	 0	259744	0.00565118	0	1
12600	 0	259744	0.00507954	0	1
12600	 -1	729720	0.00551977	1.32281e-08	3
12600	 1	729720	0.0047889	1.15226e-10	3
12600	 -2	1.07234e+06	0.00440731	0	1
12600	 2	1.07234e+06	0.0040906	5.97743e-11	3
12600	 -3	1.24036e+06	0.00348156	0	1
12600	 3	1.24036e+06	0.00329188	0	1
12600	 -4	1.23876e+06	0.00253963	0	1
12600	 4	1.23876e+06	0.00244269	0	1
12600	 -5	1.10203e+06	0.00175385	0	1
12600	 5	1.10203e+06	0.00170234	0	1
12600	 -6	891257	0.000870865	0	1
12600	 6	891257	0.000851245	0	1
12700	 0	289808	0.00627962	0	1
12700	 0	289808	0.00566964	0	1
12700	 -1	814415	0.00612366	1.26299e-08	3
12700	 1	814415	0.00534376	9.13756e-11	3
12700	 -2	1.19718e+06	0.00490825	0	1
12700	 2	1.19718e+06	0.00457034	5.73399e-11	3
12700	 -3	1.38554e+06	0.00388386	0	1
12700	 3	1.38554e+06	0.00368151	0	1
12700	 -4	1.38467e+06	0.00283948	0	1
12700	 4	1.38467e+06	0.00273607	0	1
12700	 -5	1.23296e+06	0.00196455	0	1
12700	 5	1.23296e+06	0.0019096	0	1
12700	 -6	998160	0.000976989	0	1
12700	 6	998160	0.000956062	0	1
12800	 0	323361	0.006979	0	1
12800	 0	323361	0.0063281	0	1
12800	 -1	908960	0.00679512	1.20617e-08	3
12800	 1	908960	0.00596289	7.19992e-11	3
12800	 -2	1.33657e+06	0.00546657	0	1
12800	 2	1.33657e+06	0.00510604	5.49688e-11	3
12800	 -3	1.54773e+06	0.0043328	0	1
12800	 3	1.54773e+06	0.00411693	0	1
12800	 -4	1.54777e+06	0.00317466	0	1
12800	 4	1.54777e+06	0.00306436	0	1
12800	 -5	1.37944e+06	0.00220044	0	1
12800	 5	1.37944e+06	0.00214183	0	1
12800	 -6	1.11787e+06	0.00109594	0	1
12800	 6	1.11787e+06	0.00107362	0	1
12900	 0	360809	0.00775739	0	1
12900	 0	360809	0.00706284	0	1
12900	 -1	1.0145e+06	0.00754181	1.1522e-08	3
12900	 1	1.0145e+06	0.00665374	5.63694e-11	3
12900	 -2	1.49222e+06	0.00608889	0	1
12900	 2	1.49222e+06	0.00570422	5.26539e-11	3
12900	 -3	1.72893e+06	0.0048338	0	1
12900	 3	1.72893e+06	0.0046035	0	1
12900	 -4	1.7301e+06	0.00354934	0	1
12900	 4	1.7301e+06	0.00343168	0	1
12900	 -5	1.54332e+06	0.00246452	0	1
12900	 5	1.54332e+06	0.002402	0	1
12900	 -6	1.25191e+06	0.00122928	0	1
12900	 6	1.25191e+06	0.00120547	0	1
13000	 0	402605	0.00862384	0	1
13000	 0	402605	0.00788269	0	1
13000	 -1	1.13232e+06	0.0083723	1.1009e-08	3
13000	 1	1.13232e+06	0.00742461	4.38511e-11	3
13000	 -2	1.66602e+06	0.0067826	0	1
13000	 2	1.66602e+06	0.00637217	5.03883e-11	3
13000	 -3	1.93135e+06	0.00539292	0	1
13000	 3	1.93135e+06	0.00514722	0	1
13000	 -4	1.9339e+06	0.00396816	0	1
13000	 4	1.9339e+06	0.00384265	0	1
13000	 -5	1.72664e+06	0.00276015	0	1
13000	 5	1.72664e+06	0.00269346	0	1
13000	 -6	1.402e+06	0.00137871	0	1
13000	 6	1.402e+06	0.00135332	0	1
13100	 0	449254	0.0095884	0	1
13100	 0	449254	0.00879751	0	1
13100	 -1	1.26385e+06	0.00929611	1.05211e-08	3
13100	 1	1.26385e+06	0.00828479	3.38952e-11	3
13100	 -2	1.86011e+06	0.00755593	0	1
13100	 2	1.86011e+06	0.00711799	4.81656e-11	3
13100	 -3	2.1575e+06	0.00601694	0	1
13100	 3	2.1575e+06	0.00575478	0	1
13100	 -4	2.16173e+06	0.00443634	0	1
13100	 4	2.16173e+06	0.00430244	0	1
13100	 -5	1.93174e+06	0.00309109	0	1
13100	 5	1.93174e+06	0.00301995	0	1
13100	 -6	1.57006e+06	0.00154619	0	1
13100	 6	1.57006e+06	0.0015191	0	1
13200	 0	501322	0.0106623	0	1
13200	 0	501322	0.00981831	0	1
13200	 -1	1.41068e+06	0.0103239	1.00569e-08	3
13200	 1	1.41068e+06	0.0092446	2.60327e-11	3
13200	 -2	2.07684e+06	0.00841808	0	1
13200	 2	2.07684e+06	0.00795077	4.598e-11	3
13200	 -3	2.41016e+06	0.0067134	0	1
13200	 3	2.41016e+06	0.00643368	0	1
13200	 -4	2.41641e+06	0.00495968	0	1
13200	 4	2.41641e+06	0.00481682	0	1
13200	 -5	2.16118e+06	0.00346155	0	1
13200	 5	2.16118e+06	0.00338566	0	1
13200	 -6	1.75823e+06	0.00173387	0	1
13200	 6	1.75823e+06	0.00170498	0	1
13300	 0	559438	0.011858	0	1
13300	 0	559438	0.0109574	0	1
13300	 -1	1.57461e+06	0.0114675	9.61472e-09	3
13300	 1	1.57461e+06	0.0103156	1.98666e-11	3
13300	 -2	2.31886e+06	0.00937931	0	1
13300	 2	2.31886e+06	0.00888064	4.38263e-11	3
13300	 -3	2.69243e+06	0.00749074	0	1
13300	 3	2.69243e+06	0.00719226	0	1
13300	 -4	2.7011e+06	0.00554468	0	1
13300	 4	2.7011e+06	0.00539226	0	1
13300	 -5	2.41786e+06	0.00387624	0	1
13300	 5	2.41786e+06	0.00379528	0	1
13300	 -6	1.96893e+06	0.00194419	0	1
13300	 6	1.96893e+06	0.00191337	0	1
13400	 0	624308	0.0131895	0	1
13400	 0	624308	0.0122284	0	1
13400	 -1	1.75761e+06	0.01274	9.19325e-09	3
13400	 1	1.75761e+06	0.0115107	1.50645e-11	3
13400	 -2	2.58913e+06	0.0104511	0	1
13400	 2	2.58913e+06	0.0099189	4.17001e-11	3
13400	 -3	3.00779e+06	0.00835839	0	1
13400	 3	3.00779e+06	0.00803987	0	1
13400	 -4	3.01935e+06	0.00619861	0	1
13400	 4	3.01935e+06	0.00603597	0	1
13400	 -5	2.705e+06	0.00434043	0	1
13400	 5	2.705e+06	0.00425404	0	1
13400	 -6	2.20484e+06	0.00217987	0	1
13400	 6	2.20484e+06	0.00214699	0	1
13500	 0	696716	0.0146724	0	1
13500	 0	696716	0.0136466	0	1
13500	 -1	1.96193e+06	0.0141563	8.79105e-09	3
13500	 1	1.96193e+06	0.0128442	1.13504e-11	3
13500	 -2	2.89095e+06	0.0116461	0	1
13500	 2	2.89095e+06	0.0110782	3.9598e-11	3
13500	 -3	3.36013e+06	0.00932686	0	1
13500	 3	3.36013e+06	0.00898695	0	1
13500	 -4	3.37511e+06	0.00692958	0	1
13500	 4	3.37511e+06	0.00675602	0	1
13500	 -5	3.02624e+06	0.00486001	0	1
13500	 5	3.02624e+06	0.00476783	0	1
13500	 -6	2.46898e+06	0.00244395	0	1
13500	 6	2.46898e+06	0.00240886	0	1
13600	 0	777541	0.0163239	0	1
13600	 0	777541	0.0152292	0	1
13600	 -1	2.19003e+06	0.0157328	8.40677e-09	3
13600	 1	2.19003e+06	0.0143323	8.49758e-12	3
13600	 -2	3.22801e+06	0.0129787	0	1
13600	 2	3.22801e+06	0.0123726	3.75176e-11	3
13600	 -3	3.75377e+06	0.0104079	0	1
13600	 3	3.75377e+06	0.0100451	0	1
13600	 -4	3.7728e+06	0.00774668	0	1
13600	 4	3.7728e+06	0.00756146	0	1
13600	 -5	3.38559e+06	0.00544158	0	1
13600	 5	3.38559e+06	0.00534321	0	1
13600	 -6	2.76473e+06	0.00273983	0	1
13600	 6	2.76473e+06	0.0027024	0	1
13700	 0	867764	0.0181634	0	1
13700	 0	867764	0.016995	0	1
13700	 -1	2.4447e+06	0.0174876	8.03907e-09	3
13700	 1	2.4447e+06	0.0159928	6.32133e-12	3
13700	 -2	3.60443e+06	0.0144648	0	1
13700	 2	3.60443e+06	0.0138179	3.54579e-11	3
13700	 -3	4.19357e+06	0.0116146	0	1
13700	 3	4.19357e+06	0.0112275	0	1
13700	 -4	4.21738e+06	0.00866004	0	1
13700	 4	4.21738e+06	0.00846237	0	1
13700	 -5	3.78761e+06	0.00609252	0	1
13700	 5	3.78761e+06	0.00598754	0	1
13700	 -6	3.09586e+06	0.00307135	0	1
13700	 6	3.09586e+06	0.00303139	0	1
13800	 0	968478	0.0202125	0	1
13800	 0	968478	0.0189655	0	1
13800	 -1	2.72904e+06	0.0194412	7.68668e-09	3
13800	 1	2.72904e+06	0.0178456	4.67253e-12	3
13800	 -2	4.0248e+06	0.0161221	0	1
13800	 2	4.0248e+06	0.0154317	3.34191e-11	3
13800	 -3	4.68495e+06	0.0129617	0	1
13800	 3	4.68495e+06	0.0125485	0	1
13800	 -4	4.71436e+06	0.009681	0	1
13800	 4	4.71436e+06	0.00947004	0	1
13800	 -5	4.23733e+06	0.00682109	0	1
13800	 5	4.23733e+06	0.00670905	0	1
13800	 -6	3.4666e+06	0.00344276	0	1
13800	 6	3.4666e+06	0.00340012	0	1
13900	 0	1.0809e+06	0.0224952	0	1
13900	 0	1.0809e+06	0.0211642	0	1
13900	 -1	3.04649e+06	0.0216164	7.34836e-09	3
13900	 1	3.04649e+06	0.0199132	3.43184e-12	3
13900	 -2	4.49427e+06	0.0179704	0	1
13900	 2	4.49427e+06	0.0172335	3.1403e-11	3
13900	 -3	5.23395e+06	0.0144655	0	1
13900	 3	5.23395e+06	0.0140245	0	1
13900	 -4	5.26993e+06	0.0108223	0	1
13900	 4	5.26993e+06	0.0105971	0	1
13900	 -5	4.74043e+06	0.00763653	0	1
13900	 5	4.74043e+06	0.00751695	0	1
13900	 -6	3.88168e+06	0.00385885	0	1
13900	 6	3.88168e+06	0.00381335	0	1
14000	 0	1.20641e+06	0.0250384	0	1
14000	 0	1.20641e+06	0.0236177	0	1
14000	 -1	3.40094e+06	0.0240384	7.0229e-09	3
14000	 1	3.40094e+06	0.0222204	2.50457e-12	3
14000	 -2	5.01858e+06	0.0200319	0	1
14000	 2	5.01858e+06	0.0192454	2.94126e-11	3
14000	 -3	5.84735e+06	0.0161443	0	1
14000	 3	5.84735e+06	0.0156736	0	1
14000	 -4	5.891e+06	0.012098	0	1
14000	 4	5.891e+06	0.0118576	0	1
14000	 -5	5.30324e+06	0.00854917	0	1
14000	 5	5.30324e+06	0.00842154	0	1
14000	 -6	4.3464e+06	0.00432499	0	1
14000	 6	4.3464e+06	0.00427642	0	1
14100	 0	1.34652e+06	0.0278719	0	1
14100	 0	1.34652e+06	0.0263554	0	1
14100	 -1	3.79669e+06	0.0267354	6.70914e-09	3
14100	 1	3.79669e+06	0.024795	1.81624e-12	3
14100	 -2	5.60414e+06	0.0223313	0	1
14100	 2	5.60414e+06	0.0214917	2.74527e-11	3
14100	 -3	6.53269e+06	0.0180186	0	1
14100	 3	6.53269e+06	0.0175162	0	1
14100	 -4	6.58529e+06	0.013524	0	1
14100	 4	6.58529e+06	0.0132675	0	1
14100	 -5	5.93284e+06	0.00957059	0	1
14100	 5	5.93284e+06	0.00943436	0	1
14100	 -6	4.8667e+06	0.00484716	0	1
14100	 6	4.8667e+06	0.00479533	0	1
14200	 0	1.50293e+06	0.0310291	0	1
14200	 0	1.50293e+06	0.0294104	0	1
14200	 -1	4.23857e+06	0.0297391	6.40597e-09	3
14200	 1	4.23857e+06	0.0276679	1.30873e-12	3
14200	 -2	6.25812e+06	0.0248961	0	1
14200	 2	6.25812e+06	0.0239999	2.55291e-11	3
14200	 -3	7.29843e+06	0.020111	0	1
14200	 3	7.29843e+06	0.0195747	0	1
14200	 -4	7.36143e+06	0.015118	0	1
14200	 4	7.36143e+06	0.0148442	0	1
14200	 -5	6.63716e+06	0.0107137	0	1
14200	 5	6.63716e+06	0.0105683	0	1
14200	 -6	5.44921e+06	0.00543209	0	1
14200	 6	5.44921e+06	0.00537677	0	1
14300	 0	1.67754e+06	0.0345472	0	1
14300	 0	1.67754e+06	0.0328193	0	1
14300	 -1	4.73195e+06	0.0330843	6.11234e-09	3
14300	 1	4.73195e+06	0.0308739	9.37042e-13	3
14300	 -2	6.98852e+06	0.027757	0	1
14300	 2	6.98852e+06	0.0268003	2.36486e-11	3
14300	 -3	8.15399e+06	0.0224471	0	1
14300	 3	8.15399e+06	0.0218747	0	1
14300	 -4	8.22909e+06	0.0168998	0	1
14300	 4	8.22909e+06	0.0166076	0	1
14300	 -5	7.42505e+06	0.0119931	0	1
14300	 5	7.42505e+06	0.0118379	0	1
14300	 -6	6.10137e+06	0.0060873	0	1
14300	 6	6.10137e+06	0.00602825	0	1
14400	 0	1.87248e+06	0.0384676	0	1
14400	 0	1.87248e+06	0.0366233	0	1
14400	 -1	5.28286e+06	0.0368103	5.82727e-09	3
14400	 1	5.28286e+06	0.0344516	6.66662e-13	3
14400	 -2	7.80428e+06	0.0309484	0	1
14400	 2	7.80428e+06	0.0299272	2.18191e-11	3
14400	 -3	9.10994e+06	0.0250553	0	1
14400	 3	9.10994e+06	0.0244444	0	1
14400	 -4	9.19905e+06	0.0188915	0	1
14400	 4	9.19905e+06	0.0185796	0	1
14400	 -5	8.30644e+06	0.0134248	0	1
14400	 5	8.30644e+06	0.0132592	0	1
14400	 -6	6.83149e+06	0.0068212	0	1
14400	 6	6.83149e+06	0.00675817	0	1
14500	 0	2.09012e+06	0.0428368	0	1
14500	 0	2.09012e+06	0.040868	0	1
14500	 -1	5.89799e+06	0.0409607	5.54986e-09	3
14500	 1	5.89799e+06	0.038444	4.71292e-13	3
14500	 -2	8.71539e+06	0.0345086	0	1
14500	 2	8.71539e+06	0.0334185	2.00486e-11	3
14500	 -3	1.01781e+07	0.0279674	0	1
14500	 3	1.01781e+07	0.0273153	0	1
14500	 -4	1.02834e+07	0.0211179	0	1
14500	 4	1.02834e+07	0.020785	0	1
14500	 -5	9.29242e+06	0.0150271	0	1
14500	 5	9.29242e+06	0.0148503	0	1
14500	 -6	7.64889e+06	0.00764321	0	1
14500	 6	7.64889e+06	0.00757594	0	1
14600	 0	2.3331e+06	0.0477061	0	1
14600	 0	2.3331e+06	0.0456047	0	1
14600	 -1	6.58487e+06	0.0455839	5.27932e-09	3
14600	 1	6.58487e+06	0.0428993	3.31064e-13	3
14600	 -2	9.733e+06	0.0384803	0	1
14600	 2	9.733e+06	0.0373167	1.83452e-11	3
14600	 -3	1.13715e+07	0.0312189	0	1
14600	 3	1.13715e+07	0.0305229	0	1
14600	 -4	1.14956e+07	0.0236066	0	1
14600	 4	1.14956e+07	0.0232512	0	1
14600	 -5	1.03954e+07	0.0168202	0	1
14600	 5	1.03954e+07	0.0166315	0	1
14600	 -6	8.56399e+06	0.0085639	0	1
14600	 6	8.56399e+06	0.00849209	0	1
14700	 0	2.60437e+06	0.0531333	0	1
14700	 0	2.60437e+06	0.0508903	0	1
14700	 -1	7.35185e+06	0.0507343	5.01496e-09	3
14700	 1	7.35185e+06	0.0478713	2.31086e-13	3
14700	 -2	1.08696e+07	0.0429114	0	1
14700	 2	1.08696e+07	0.0416692	1.67166e-11	3
14700	 -3	1.2705e+07	0.0348494	0	1
14700	 3	1.2705e+07	0.0341065	0	1
14700	 -4	1.28507e+07	0.0263885	0	1
14700	 4	1.28507e+07	0.0260092	0	1
14700	 -5	1.16292e+07	0.0188268	0	1
14700	 5	1.16292e+07	0.0186254	0	1
14700	 -6	9.58846e+06	0.00959506	0	1
14700	 6	9.58846e+06	0.00951842	0	1
14800	 0	2.90724e+06	0.0591824	0	1
14800	 0	2.90724e+06	0.0567885	0	1
14800	 -1	8.20829e+06	0.0564721	4.75624e-09	3
14800	 1	8.20829e+06	0.0534198	1.60279e-13	3
14800	 -2	1.2139e+07	0.0478551	0	1
14800	 2	1.2139e+07	0.0465291	1.51697e-11	3
14800	 -3	1.4195e+07	0.0389032	0	1
14800	 3	1.4195e+07	0.0381102	0	1
14800	 -4	1.43656e+07	0.0294981	0	1
14800	 4	1.43656e+07	0.0290933	0	1
14800	 -5	1.30095e+07	0.0210723	0	1
14800	 5	1.30095e+07	0.0208573	0	1
14800	 -6	1.07354e+07	0.0107499	0	1
14800	 6	1.07354e+07	0.0106681	0	1
14900	 0	3.2454e+06	0.065925	0	1
14900	 0	3.2454e+06	0.0633704	0	1
14900	 -1	9.16464e+06	0.0628647	4.50277e-09	3
14900	 1	9.16464e+06	0.0596118	1.10464e-13	3
14900	 -2	1.35569e+07	0.0533708	0	1
14900	 2	1.35569e+07	0.0519554	1.37104e-11	3
14900	 -3	1.58599e+07	0.0434297	0	1
14900	 3	1.58599e+07	0.0425832	0	1
14900	 -4	1.60592e+07	0.0329742	0	1
14900	 4	1.60592e+07	0.0325421	0	1
14900	 -5	1.45535e+07	0.0235851	0	1
14900	 5	1.45535e+07	0.0233557	0	1
14900	 -6	1.20193e+07	0.0120433	0	1
14900	 6	1.20193e+07	0.011956	0	1
15000	 0	3.62295e+06	0.0734411	0	1
15000	 0	3.62295e+06	0.0707153	0	1
15000	 -1	1.02326e+07	0.0699872	4.25431e-09	3
15000	 1	1.02326e+07	0.0665221	7.56492e-14	3
15000	 -2	1.51407e+07	0.059525	0	1
15000	 2	1.51407e+07	0.0580142	1.23429e-11	3
15000	 -3	1.77202e+07	0.0484842	0	1
15000	 3	1.77202e+07	0.0475806	0	1
15000	 -4	1.79525e+07	0.0368598	0	1
15000	 4	1.79525e+07	0.0363987	0	1
15000	 -5	1.62807e+07	0.0263971	0	1
15000	 5	1.62807e+07	0.0261522	0	1
15000	 -6	1.34567e+07	0.0134917	0	1
15000	 6	1.34567e+07	0.0133986	0	1
