0 0 0
100 0.454427 6.38264e-07
200 0.175392 7.62919e-06
300 0.154973 3.23085e-05
400 0.123661 8.82535e-05
500 0.117443 0.000188853
600 0.114768 0.000345782
700 0.109564 0.00056815
800 0.102074 0.000862124
900 0.0939179 0.00123089
1000 0.0863173 0.00167484
1100 0.0798581 0.0021919
1200 0.0747005 0.00277795
1300 0.0707896 0.00342724
1400 0.0679795 0.00413287
1500 0.0660954 0.00488712
1600 0.0649652 0.00568186
1700 0.0644366 0.00650883
1800 0.0643858 0.00735979
1900 0.0646939 0.00822675
2000 0.0652056 0.00910193
2100 0.0658221 0.00997786
2200 0.0664818 0.0108472
2300 0.0671446 0.0117029
2400 0.0677824 0.0125379
2500 0.068372 0.0133449
2600 0.0688921 0.0141169
2700 0.0693209 0.0148468
2800 0.0696358 0.0155274
2900 0.0698147 0.016152
3000 0.0698368 0.0167141
3100 0.0696844 0.0172083
3200 0.0693442 0.0176297
3300 0.0688083 0.017975
3400 0.0680747 0.0182423
3500 0.0671475 0.0184311
3600 0.0660367 0.0185428
3700 0.0647573 0.0185801
3800 0.0633287 0.0185476
3900 0.0617735 0.0184505
4000 0.0601162 0.0182955
4100 0.0583819 0.0180896
4200 0.0565952 0.01784
4300 0.0547791 0.0175539
4400 0.0529542 0.0172384
4500 0.0511378 0.0168996
4600 0.0493441 0.0165432
4700 0.0475839 0.0161742
4800 0.0458649 0.0157964
4900 0.0441921 0.0154134
5000 0.0425685 0.0150277
5100 0.0409951 0.0146417
5200 0.0394723 0.0142571
5300 0.0379998 0.0138755
5400 0.0365771 0.0134983
5500 0.0352039 0.0131266
5600 0.0338802 0.0127618
5700 0.0326064 0.0124051
5800 0.031383 0.0120576
5900 0.0302107 0.0117205
6000 0.02909 0.0113947
6100 0.0280212 0.011081
6200 0.0270037 0.0107798
6300 0.0260364 0.0104913
6400 0.0251168 0.010215
6500 0.0242415 0.00995029
6600 0.0234061 0.0096958
6700 0.0226048 0.0094499
6800 0.0218313 0.00921053
6900 0.0210787 0.00897538
7000 0.0203398 0.00874204
7100 0.0196077 0.0085081
7200 0.0188763 0.00827134
7300 0.0181403 0.00802989
7400 0.017396 0.00778235
7500 0.0166411 0.0075279
7600 0.0158753 0.00726635
7700 0.0150999 0.00699813
7800 0.0143181 0.00672431
7900 0.0135341 0.00644645
8000 0.0127535 0.00616653
8100 0.0119825 0.00588678
8200 0.0112275 0.00560955
8300 0.0104947 0.00533716
8400 0.00978983 0.00507174
8500 0.00911759 0.00481514
8600 0.00848176 0.00456887
8700 0.00788486 0.00433402
8800 0.00732821 0.00411127
8900 0.00681198 0.00390093
9000 0.00633534 0.00370293
9100 0.0058966 0.00351693
9200 0.00549347 0.00334236
9300 0.00512325 0.0031785
9400 0.00478303 0.00302455
9500 0.00446987 0.00287967
9600 0.00418092 0.00274308
9700 0.00391358 0.002614
9800 0.00366549 0.00249179
9900 0.00343463 0.00237588
10000 0.00321931 0.0022658
10100 0.00301813 0.00216118
10200 0.00282999 0.00206177
10300 0.00265402 0.00196739
10400 0.00248957 0.00187795
10500 0.00233619 0.00179343
10600 0.00219353 0.00171387
10700 0.00206141 0.00163941
10800 0.00193972 0.00157024
10900 0.00182846 0.00150663
11000 0.00172774 0.00144893
11100 0.00163772 0.00139758
11200 0.00155868 0.00135309
11300 0.00149093 0.00131605
11400 0.00143481 0.00128705
11500 0.00139056 0.00126659
11600 0.00135823 0.00125499
11700 0.0013375 0.00125219
11800 0.00132749 0.00125757
11900 0.00132665 0.00126982
12000 0.00133275 0.00128696
12100 0.00134308 0.00130652
12200 0.00135483 0.00132592
12300 0.00136556 0.00134291
12400 0.00137355 0.00135598
12500 0.00137802 0.00136452
12600 0.00137911 0.00136884
12700 0.0013777 0.00136997
12800 0.00137527 0.0013695
12900 0.00137371 0.00136946
13000 0.00137547 0.00137236
13100 0.00138386 0.0013816
13200 0.00140405 0.00140244
13300 0.00144347 0.00144232
13400 0.00148817 0.00148736
13500 0.00153239 0.00153183
13600 0.00157506 0.00157468
13700 0.00161467 0.00161441
13800 0.00164938 0.00164921
13900 0.00167729 0.00167717
14000 0.00169723 0.00169716
14100 0.00171023 0.00171018
14200 0.00172159 0.00172156
14300 0.00174286 0.00174284
14400 0.00179031 0.0017903
14500 0.0018752 0.0018752
14600 0.00198357 0.00198357
14700 0.00205564 0.00205564
14800 0.00202993 0.00202993
14900 0.00196542 0.00196542
15000 0.00207336 0.00207336
