0 0 0
10 0.778535 9.71682e-12
20 0.243873 1.28209e-10
30 0.151383 5.9939e-10
40 0.111846 1.80732e-09
50 0.0893173 4.26847e-09
60 0.0745721 8.62418e-09
70 0.0641161 1.56334e-08
80 0.0562983 2.61659e-08
90 0.0502264 4.11949e-08
100 0.0453725 6.17914e-08
110 0.041403 8.9117e-08
120 0.0380965 1.24418e-07
130 0.0352999 1.69021e-07
140 0.0329041 2.24324e-07
150 0.030829 2.91795e-07
160 0.0290146 3.72961e-07
170 0.0274148 4.69411e-07
180 0.0259938 5.82783e-07
190 0.0247235 7.14764e-07
200 0.0235812 8.67085e-07
210 0.0225485 1.04152e-06
220 0.0216104 1.23986e-06
230 0.0207545 1.46395e-06
240 0.0199704 1.71564e-06
250 0.0192494 1.99683e-06
260 0.0185841 2.30942e-06
270 0.0179683 2.65532e-06
280 0.0173964 3.03646e-06
290 0.016864 3.4548e-06
300 0.0163669 3.91227e-06
310 0.0159016 4.41082e-06
320 0.015465 4.95242e-06
330 0.0150545 5.539e-06
340 0.0146677 6.17251e-06
350 0.0143024 6.85489e-06
360 0.0139568 7.58808e-06
370 0.0136292 8.37398e-06
380 0.0133181 9.2145e-06
390 0.0130222 1.01115e-05
400 0.0127403 1.10669e-05
410 0.0124714 1.20826e-05
420 0.0122144 1.31603e-05
430 0.0119684 1.43018e-05
440 0.0117327 1.5509e-05
450 0.0115066 1.67837e-05
460 0.0112895 1.81274e-05
470 0.0110806 1.9542e-05
480 0.0108795 2.10291e-05
490 0.0106857 2.25904e-05
500 0.0104987 2.42274e-05
510 0.0103181 2.59418e-05
520 0.0101436 2.7735e-05
530 0.00997481 2.96086e-05
540 0.0098114 3.15641e-05
550 0.00965309 3.36029e-05
560 0.00949962 3.57264e-05
570 0.00935074 3.7936e-05
580 0.00920623 4.02329e-05
590 0.00906588 4.26185e-05
600 0.00892951 4.5094e-05
610 0.00879694 4.76607e-05
620 0.008668 5.03196e-05
630 0.00854256 5.3072e-05
640 0.00842046 5.59188e-05
650 0.0083016 5.88612e-05
660 0.00818584 6.19002e-05
670 0.00807308 6.50366e-05
680 0.00796322 6.82716e-05
690 0.00785617 7.16058e-05
700 0.00775183 7.50402e-05
710 0.00765014 7.85756e-05
720 0.00755101 8.22126e-05
730 0.00745438 8.59521e-05
740 0.00736018 8.97948e-05
750 0.00726836 9.37411e-05
760 0.00717884 9.77918e-05
770 0.00709159 0.000101947
780 0.00700655 0.000106208
790 0.00692368 0.000110575
800 0.00684293 0.000115048
810 0.00676426 0.000119628
820 0.00668764 0.000124315
830 0.00661301 0.000129109
840 0.00654036 0.000134011
850 0.00646964 0.000139021
860 0.00640083 0.000144139
870 0.00633389 0.000149365
880 0.00626879 0.0001547
890 0.00620551 0.000160142
900 0.00614402 0.000165694
910 0.00608429 0.000171354
920 0.0060263 0.000177122
930 0.00597001 0.000182999
940 0.00591542 0.000188984
950 0.00586248 0.000195077
960 0.00581118 0.000201279
970 0.0057615 0.000207588
980 0.00571342 0.000214005
990 0.0056669 0.000220529
1000 0.00562193 0.00022716
1010 0.00557848 0.000233898
1020 0.00553654 0.000240743
1030 0.00549608 0.000247694
1040 0.00545708 0.00025475
1050 0.00541952 0.000261911
1060 0.00538337 0.000269177
1070 0.00534862 0.000276547
1080 0.00531524 0.000284021
1090 0.00528322 0.000291599
1100 0.00525252 0.000299278
1110 0.00522313 0.00030706
1120 0.00519502 0.000314943
1130 0.00516818 0.000322927
1140 0.00514258 0.000331011
1150 0.0051182 0.000339194
1160 0.00509502 0.000347476
1170 0.00507301 0.000355856
1180 0.00505216 0.000364333
1190 0.00503243 0.000372906
1200 0.00501382 0.000381575
1210 0.00499629 0.000390338
1220 0.00497982 0.000399196
1230 0.0049644 0.000408146
1240 0.00495 0.000417189
1250 0.00493659 0.000426323
1260 0.00492416 0.000435547
1270 0.00491267 0.000444861
1280 0.00490212 0.000454263
1290 0.00489248 0.000463753
1300 0.00488372 0.000473329
1310 0.00487582 0.000482991
1320 0.00486876 0.000492738
1330 0.00486252 0.000502568
1340 0.00485707 0.00051248
1350 0.0048524 0.000522475
1360 0.00484848 0.000532549
1370 0.00484529 0.000542703
1380 0.00484281 0.000552936
1390 0.00484102 0.000563246
1400 0.00483989 0.000573631
1410 0.0048394 0.000584093
1420 0.00483954 0.000594628
1430 0.00484028 0.000605236
1440 0.0048416 0.000615915
1450 0.00484348 0.000626666
1460 0.00484591 0.000637485
1470 0.00484885 0.000648374
1480 0.0048523 0.000659329
1490 0.00485623 0.000670351
1500 0.00486062 0.000681437
1510 0.00486545 0.000692588
1520 0.00487071 0.000703801
1530 0.00487637 0.000715075
1540 0.00488242 0.00072641
1550 0.00488884 0.000737803
1560 0.00489562 0.000749255
1570 0.00490272 0.000760764
1580 0.00491015 0.000772328
1590 0.00491788 0.000783946
1600 0.00492589 0.000795618
1610 0.00493417 0.000807342
1620 0.00494271 0.000819116
1630 0.00495148 0.000830941
1640 0.00496047 0.000842814
1650 0.00496968 0.000854734
1660 0.00497907 0.0008667
1670 0.00498865 0.000878711
1680 0.00499839 0.000890766
1690 0.00500829 0.000902864
1700 0.00501832 0.000915003
1710 0.00502849 0.000927183
1720 0.00503877 0.000939401
1730 0.00504915 0.000951657
1740 0.00505962 0.00096395
1750 0.00507017 0.000976279
1760 0.00508079 0.000988642
1770 0.00509147 0.00100104
1780 0.0051022 0.00101347
1790 0.00511297 0.00102593
1800 0.00512377 0.00103842
1810 0.00513458 0.00105093
1820 0.00514541 0.00106348
1830 0.00515624 0.00107605
1840 0.00516707 0.00108865
1850 0.00517788 0.00110127
1860 0.00518867 0.00111391
1870 0.00519943 0.00112658
1880 0.00521016 0.00113927
1890 0.00522084 0.00115197
1900 0.00523148 0.0011647
1910 0.00524205 0.00117744
1920 0.00525257 0.0011902
1930 0.00526302 0.00120297
1940 0.0052734 0.00121576
1950 0.00528371 0.00122856
1960 0.00529393 0.00124138
1970 0.00530406 0.0012542
1980 0.0053141 0.00126703
1990 0.00532405 0.00127988
2000 0.0053339 0.00129273
2010 0.00534364 0.00130559
2020 0.00535328 0.00131845
2030 0.00536281 0.00133132
2040 0.00537223 0.00134419
2050 0.00538152 0.00135706
2060 0.0053907 0.00136993
2070 0.00539976 0.00138281
2080 0.0054087 0.00139568
2090 0.0054175 0.00140856
2100 0.00542618 0.00142143
2110 0.00543473 0.00143429
2120 0.00544315 0.00144716
2130 0.00545143 0.00146001
2140 0.00545957 0.00147286
2150 0.00546758 0.0014857
2160 0.00547545 0.00149854
2170 0.00548318 0.00151136
2180 0.00549076 0.00152417
2190 0.00549821 0.00153697
2200 0.00550551 0.00154976
2210 0.00551267 0.00156254
2220 0.00551968 0.0015753
2230 0.00552654 0.00158804
2240 0.00553326 0.00160077
2250 0.00553983 0.00161348
2260 0.00554625 0.00162617
2270 0.00555253 0.00163885
2280 0.00555865 0.0016515
2290 0.00556463 0.00166413
2300 0.00557045 0.00167674
2310 0.00557613 0.00168932
2320 0.00558166 0.00170189
2330 0.00558703 0.00171442
2340 0.00559226 0.00172693
2350 0.00559733 0.00173942
2360 0.00560226 0.00175187
2370 0.00560703 0.0017643
2380 0.00561165 0.00177669
2390 0.00561612 0.00178906
2400 0.00562044 0.00180139
2410 0.00562461 0.0018137
2420 0.00562862 0.00182596
2430 0.00563249 0.0018382
2440 0.0056362 0.0018504
2450 0.00563976 0.00186256
2460 0.00564318 0.00187468
2470 0.00564644 0.00188677
2480 0.00564955 0.00189882
2490 0.0056525 0.00191083
2500 0.00565531 0.00192279
2510 0.00565797 0.00193472
2520 0.00566048 0.0019466
2530 0.00566283 0.00195844
2540 0.00566504 0.00197023
2550 0.00566709 0.00198198
2560 0.005669 0.00199368
2570 0.00567075 0.00200534
2580 0.00567235 0.00201694
2590 0.00567381 0.0020285
2600 0.00567511 0.00204001
2610 0.00567626 0.00205147
2620 0.00567727 0.00206287
2630 0.00567812 0.00207422
2640 0.00567883 0.00208552
2650 0.00567938 0.00209676
2660 0.00567978 0.00210795
2670 0.00568004 0.00211908
2680 0.00568014 0.00213016
2690 0.0056801 0.00214118
2700 0.00567991 0.00215213
2710 0.00567956 0.00216303
2720 0.00567907 0.00217387
2730 0.00567843 0.00218464
2740 0.00567764 0.00219536
2750 0.0056767 0.002206
2760 0.00567561 0.00221659
2770 0.00567437 0.00222711
2780 0.00567299 0.00223756
2790 0.00567145 0.00224795
2800 0.00566977 0.00225827
2810 0.00566793 0.00226852
2820 0.00566595 0.0022787
2830 0.00566382 0.00228881
2840 0.00566154 0.00229885
2850 0.00565911 0.00230882
2860 0.00565654 0.00231871
2870 0.00565381 0.00232853
2880 0.00565094 0.00233828
2890 0.00564792 0.00234795
2900 0.00564475 0.00235754
2910 0.00564144 0.00236706
2920 0.00563797 0.0023765
2930 0.00563436 0.00238586
2940 0.00563061 0.00239514
2950 0.0056267 0.00240435
2960 0.00562265 0.00241347
2970 0.00561845 0.00242251
2980 0.0056141 0.00243146
2990 0.00560961 0.00244034
3000 0.00560497 0.00244913
3010 0.00560019 0.00245783
3020 0.00559526 0.00246645
3030 0.00559018 0.00247499
3040 0.00558496 0.00248343
3050 0.0055796 0.00249179
3060 0.00557409 0.00250006
3070 0.00556843 0.00250824
3080 0.00556264 0.00251634
3090 0.00555669 0.00252434
3100 0.00555061 0.00253225
3110 0.00554438 0.00254007
3120 0.00553801 0.0025478
3130 0.0055315 0.00255543
3140 0.00552485 0.00256297
3150 0.00551805 0.00257042
3160 0.00551112 0.00257777
3170 0.00550404 0.00258503
3180 0.00549683 0.00259219
3190 0.00548948 0.00259926
3200 0.00548199 0.00260623
3210 0.00547436 0.0026131
3220 0.00546659 0.00261988
3230 0.00545869 0.00262655
3240 0.00545065 0.00263313
3250 0.00544247 0.00263961
3260 0.00543416 0.00264599
3270 0.00542572 0.00265226
3280 0.00541714 0.00265844
3290 0.00540843 0.00266452
3300 0.00539959 0.0026705
3310 0.00539062 0.00267637
3320 0.00538151 0.00268214
3330 0.00537228 0.00268781
3340 0.00536292 0.00269338
3350 0.00535343 0.00269885
3360 0.00534381 0.00270421
3370 0.00533407 0.00270947
3380 0.0053242 0.00271462
3390 0.00531421 0.00271967
3400 0.0053041 0.00272462
3410 0.00529386 0.00272946
3420 0.0052835 0.0027342
3430 0.00527302 0.00273883
3440 0.00526242 0.00274336
3450 0.0052517 0.00274778
3460 0.00524087 0.0027521
3470 0.00522991 0.00275631
3480 0.00521885 0.00276042
3490 0.00520766 0.00276442
3500 0.00519637 0.00276832
3510 0.00518496 0.00277211
3520 0.00517344 0.00277579
3530 0.00516181 0.00277937
3540 0.00515008 0.00278285
3550 0.00513823 0.00278622
3560 0.00512628 0.00278948
3570 0.00511422 0.00279264
3580 0.00510206 0.00279569
3590 0.0050898 0.00279864
3600 0.00507744 0.00280148
3610 0.00506497 0.00280421
3620 0.0050524 0.00280684
3630 0.00503974 0.00280937
3640 0.00502698 0.00281179
3650 0.00501413 0.00281411
3660 0.00500118 0.00281632
3670 0.00498813 0.00281843
3680 0.004975 0.00282044
3690 0.00496177 0.00282234
3700 0.00494846 0.00282414
3710 0.00493506 0.00282583
3720 0.00492157 0.00282742
3730 0.00490799 0.00282891
3740 0.00489433 0.0028303
3750 0.00488059 0.00283158
3760 0.00486677 0.00283276
3770 0.00485286 0.00283384
3780 0.00483888 0.00283482
3790 0.00482482 0.0028357
3800 0.00481068 0.00283648
3810 0.00479647 0.00283715
3820 0.00478218 0.00283773
3830 0.00476782 0.00283821
3840 0.00475339 0.00283859
3850 0.00473889 0.00283887
3860 0.00472432 0.00283905
3870 0.00470968 0.00283913
3880 0.00469498 0.00283911
3890 0.00468021 0.002839
3900 0.00466537 0.00283879
3910 0.00465047 0.00283848
3920 0.00463552 0.00283808
3930 0.0046205 0.00283758
3940 0.00460542 0.00283698
3950 0.00459028 0.00283629
3960 0.00457509 0.00283551
3970 0.00455984 0.00283463
3980 0.00454453 0.00283365
3990 0.00452917 0.00283258
4000 0.00451376 0.00283142
4010 0.0044983 0.00283017
4020 0.00448278 0.00282882
4030 0.00446722 0.00282738
4040 0.00445161 0.00282585
4050 0.00443595 0.00282423
4060 0.00442024 0.00282251
4070 0.00440449 0.00282071
4080 0.0043887 0.00281881
4090 0.00437286 0.00281682
4100 0.00435697 0.00281474
4110 0.00434105 0.00281258
4120 0.00432508 0.00281032
4130 0.00430908 0.00280797
4140 0.00429303 0.00280553
4150 0.00427695 0.00280301
4160 0.00426082 0.0028004
4170 0.00424466 0.00279769
4180 0.00422847 0.0027949
4190 0.00421223 0.00279202
4200 0.00419597 0.00278905
4210 0.00417966 0.002786
4220 0.00416333 0.00278285
4230 0.00414696 0.00277962
4240 0.00413055 0.0027763
4250 0.00411412 0.00277289
4260 0.00409765 0.0027694
4270 0.00408115 0.00276581
4280 0.00406461 0.00276214
4290 0.00404805 0.00275838
4300 0.00403146 0.00275453
4310 0.00401483 0.0027506
4320 0.00399818 0.00274657
4330 0.0039815 0.00274246
4340 0.00396478 0.00273825
4350 0.00394804 0.00273396
4360 0.00393126 0.00272958
4370 0.00391446 0.00272511
4380 0.00389763 0.00272055
4390 0.00388077 0.0027159
4400 0.00386388 0.00271116
4410 0.00384695 0.00270632
4420 0.00383 0.0027014
4430 0.00381302 0.00269638
4440 0.00379601 0.00269127
4450 0.00377897 0.00268607
4460 0.0037619 0.00268077
4470 0.00374479 0.00267538
4480 0.00372766 0.0026699
4490 0.00371049 0.00266432
4500 0.00369329 0.00265864
4510 0.00367606 0.00265286
4520 0.00365879 0.00264699
4530 0.00364149 0.00264102
4540 0.00362416 0.00263494
4550 0.00360679 0.00262877
4560 0.00358938 0.00262249
4570 0.00357194 0.00261612
4580 0.00355446 0.00260964
4590 0.00353694 0.00260305
4600 0.00351938 0.00259636
4610 0.00350179 0.00258956
4620 0.00348415 0.00258265
4630 0.00346646 0.00257563
4640 0.00344874 0.00256851
4650 0.00343097 0.00256127
4660 0.00341315 0.00255391
4670 0.00339529 0.00254645
4680 0.00337738 0.00253886
4690 0.00335942 0.00253116
4700 0.00334141 0.00252334
4710 0.00332335 0.0025154
4720 0.00330524 0.00250734
4730 0.00328707 0.00249916
4740 0.00326884 0.00249085
4750 0.00325056 0.00248241
4760 0.00323222 0.00247385
4770 0.00321382 0.00246515
4780 0.00319536 0.00245633
4790 0.00317683 0.00244737
4800 0.00315824 0.00243828
4810 0.00313959 0.00242905
4820 0.00312086 0.00241969
4830 0.00310207 0.00241018
4840 0.0030832 0.00240053
4850 0.00306426 0.00239074
4860 0.00304525 0.00238081
4870 0.00302616 0.00237073
4880 0.003007 0.0023605
4890 0.00298775 0.00235013
4900 0.00296843 0.0023396
4910 0.00294902 0.00232892
4920 0.00292953 0.00231808
4930 0.00290995 0.00230709
4940 0.00289029 0.00229594
4950 0.00287054 0.00228463
4960 0.0028507 0.00227316
4970 0.00283076 0.00226153
4980 0.00281074 0.00224974
4990 0.00279062 0.00223778
5000 0.00277041 0.00222566
5010 0.0027501 0.00221337
5020 0.00272969 0.00220091
5030 0.00270919 0.00218829
5040 0.00268858 0.00217549
5050 0.00266788 0.00216252
5060 0.00264708 0.00214939
5070 0.00262617 0.00213608
5080 0.00260517 0.00212259
5090 0.00258406 0.00210894
5100 0.00256284 0.00209511
5110 0.00254153 0.00208111
5120 0.00252011 0.00206693
5130 0.00249859 0.00205258
5140 0.00247696 0.00203806
5150 0.00245524 0.00202337
5160 0.00243341 0.0020085
5170 0.00241148 0.00199346
5180 0.00238945 0.00197826
5190 0.00236732 0.00196288
5200 0.00234509 0.00194734
5210 0.00232276 0.00193162
5220 0.00230034 0.00191575
5230 0.00227783 0.00189971
5240 0.00225522 0.00188351
5250 0.00223252 0.00186715
5260 0.00220973 0.00185063
5270 0.00218686 0.00183396
5280 0.00216391 0.00181714
5290 0.00214088 0.00180018
5300 0.00211777 0.00178306
5310 0.00209459 0.00176581
5320 0.00207134 0.00174842
5330 0.00204802 0.0017309
5340 0.00202464 0.00171324
5350 0.0020012 0.00169547
5360 0.00197772 0.00167757
5370 0.00195418 0.00165956
5380 0.0019306 0.00164144
5390 0.00190698 0.00162321
5400 0.00188332 0.00160489
5410 0.00185964 0.00158647
5420 0.00183594 0.00156797
5430 0.00181222 0.00154938
5440 0.0017885 0.00153072
5450 0.00176476 0.00151199
5460 0.00174103 0.0014932
5470 0.00171731 0.00147435
5480 0.00169361 0.00145546
5490 0.00166993 0.00143652
5500 0.00164628 0.00141756
5510 0.00162266 0.00139856
5520 0.00159909 0.00137955
5530 0.00157557 0.00136053
5540 0.00155211 0.0013415
5550 0.00152872 0.00132248
5560 0.0015054 0.00130348
5570 0.00148216 0.00128449
5580 0.00145902 0.00126553
5590 0.00143596 0.00124661
5600 0.00141302 0.00122773
5610 0.00139019 0.00120891
5620 0.00136747 0.00119015
5630 0.00134489 0.00117146
5640 0.00132244 0.00115285
5650 0.00130013 0.00113432
5660 0.00127798 0.00111588
5670 0.00125598 0.00109754
5680 0.00123415 0.00107932
5690 0.00121249 0.00106121
5700 0.00119102 0.00104322
5710 0.00116972 0.00102537
5720 0.00114863 0.00100765
5730 0.00112773 0.000990079
5740 0.00110704 0.00097266
5750 0.00108656 0.000955401
5760 0.00106631 0.000938307
5770 0.00104627 0.000921385
5780 0.00102647 0.000904641
5790 0.00100691 0.000888082
5800 0.000987583 0.000871712
5810 0.000968507 0.000855538
5820 0.000949682 0.000839564
5830 0.000931114 0.000823797
5840 0.000912807 0.000808239
5850 0.000894764 0.000792897
5860 0.00087699 0.000777774
5870 0.000859488 0.000762875
5880 0.000842262 0.000748203
5890 0.000825314 0.000733761
5900 0.000808648 0.000719554
5910 0.000792266 0.000705584
5920 0.00077617 0.000691854
5930 0.000760363 0.000678366
5940 0.000744847 0.000665124
5950 0.000729622 0.000652128
5960 0.000714691 0.000639381
5970 0.000700054 0.000626884
5980 0.000685713 0.000614639
5990 0.000671667 0.000602647
6000 0.000657918 0.000590908
6010 0.000644465 0.000579424
6020 0.000631309 0.000568195
6030 0.000618449 0.000557221
6040 0.000605885 0.000546502
6050 0.000593616 0.000536038
6060 0.000581642 0.000525829
6070 0.000569961 0.000515874
6080 0.000558573 0.000506172
6090 0.000547476 0.000496724
6100 0.000536668 0.000487527
6110 0.000526148 0.000478581
6120 0.000515914 0.000469884
6130 0.000505964 0.000461435
6140 0.000496297 0.000453233
6150 0.000486909 0.000445275
6160 0.000477799 0.00043756
6170 0.000468964 0.000430085
6180 0.000460402 0.00042285
6190 0.00045211 0.000415852
6200 0.000444085 0.000409088
6210 0.000436325 0.000402557
6220 0.000428827 0.000396256
6230 0.000421588 0.000390182
6240 0.000414605 0.000384334
6250 0.000407875 0.000378708
6260 0.000401394 0.000373302
6270 0.000395161 0.000368114
6280 0.000389171 0.00036314
6290 0.000383421 0.000358378
6300 0.000377909 0.000353826
6310 0.00037263 0.00034948
6320 0.000367582 0.000345338
6330 0.000362762 0.000341397
6340 0.000358166 0.000337654
6350 0.00035379 0.000334107
6360 0.000349632 0.000330752
6370 0.000345688 0.000327586
6380 0.000341956 0.000324608
6390 0.00033843 0.000321813
6400 0.000335109 0.0003192
6410 0.00033199 0.000316765
6420 0.000329068 0.000314506
6430 0.000326341 0.00031242
6440 0.000323805 0.000310504
6450 0.000321457 0.000308756
6460 0.000319295 0.000307172
6470 0.000317315 0.00030575
6480 0.000315513 0.000304488
6490 0.000313888 0.000303383
6500 0.000312435 0.000302431
6510 0.000311152 0.000301632
6520 0.000310036 0.000300981
6530 0.000309083 0.000300477
6540 0.000308292 0.000300117
6550 0.000307659 0.000299899
6560 0.000307182 0.000299821
6570 0.000306857 0.000299879
6580 0.000306682 0.000300072
6590 0.000306654 0.000300397
6600 0.000306771 0.000300853
6610 0.00030703 0.000301436
6620 0.000307428 0.000302145
6630 0.000307963 0.000302978
6640 0.000308633 0.000303933
6650 0.000309434 0.000305007
6660 0.000310366 0.000306198
6670 0.000311424 0.000307505
6680 0.000312608 0.000308926
6690 0.000313915 0.000310459
6700 0.000315342 0.000312101
6710 0.000316888 0.000313852
6720 0.000318551 0.000315709
6730 0.000320328 0.000317671
6740 0.000322217 0.000319736
6750 0.000324217 0.000321903
6760 0.000326325 0.000324169
6770 0.000328541 0.000326534
6780 0.000330861 0.000328997
6790 0.000333285 0.000331554
6800 0.000335811 0.000334206
6810 0.000338436 0.000336951
6820 0.00034116 0.000339787
6830 0.000343982 0.000342714
6840 0.000346899 0.00034573
6850 0.00034991 0.000348834
6860 0.000353014 0.000352025
6870 0.000356209 0.000355303
6880 0.000359496 0.000358665
6890 0.000362871 0.000362112
6900 0.000366335 0.000365643
6910 0.000369887 0.000369256
6920 0.000373525 0.000372952
6930 0.000377249 0.000376729
6940 0.000381058 0.000380588
6950 0.000384951 0.000384527
6960 0.000388929 0.000388546
6970 0.000392989 0.000392646
6980 0.000397133 0.000396826
6990 0.00040136 0.000401085
7000 0.00040567 0.000405425
7010 0.000410062 0.000409845
7020 0.000414538 0.000414345
7030 0.000419096 0.000418926
7040 0.000423739 0.000423589
7050 0.000428465 0.000428334
7060 0.000433277 0.000433163
7070 0.000438175 0.000438075
7080 0.00044316 0.000443074
7090 0.000448233 0.000448159
7100 0.000453396 0.000453333
7110 0.000458652 0.000458597
7120 0.000464001 0.000463955
7130 0.000469446 0.000469408
7140 0.000474991 0.000474959
7150 0.000480638 0.000480611
7160 0.000486391 0.000486369
7170 0.000492254 0.000492235
7180 0.00049823 0.000498215
7190 0.000504326 0.000504314
7200 0.000510546 0.000510536
7210 0.000516897 0.000516889
7220 0.000523385 0.000523379
7230 0.000530019 0.000530015
7240 0.000536808 0.000536805
7250 0.000543761 0.000543758
7260 0.000550889 0.000550887
7270 0.000558205 0.000558204
7280 0.000565723 0.000565722
7290 0.000573459 0.000573459
7300 0.000581432 0.000581432
7310 0.000589663 0.000589662
7320 0.000598175 0.000598175
7330 0.000606996 0.000606996
7340 0.000616159 0.000616159
7350 0.000625701 0.000625701
7360 0.000635666 0.000635666
7370 0.000646106 0.000646106
7380 0.000657084 0.000657084
7390 0.000668674 0.000668674
7400 0.000680968 0.000680968
7410 4.38393e-06 4.38393e-06
