0 0 0
10 0.778526 9.69512e-12
20 0.243873 1.27923e-10
30 0.151383 5.98051e-10
40 0.111846 1.80329e-09
50 0.0893174 4.25893e-09
60 0.0745722 8.6049e-09
70 0.064116 1.55985e-08
80 0.0562982 2.61073e-08
90 0.0502262 4.11027e-08
100 0.0453722 6.16531e-08
110 0.0414027 8.89175e-08
120 0.0380961 1.2414e-07
130 0.0352995 1.68643e-07
140 0.0329037 2.23822e-07
150 0.0308287 2.91141e-07
160 0.0290142 3.72125e-07
170 0.0274144 4.68359e-07
180 0.0259935 5.81476e-07
190 0.0247233 7.13162e-07
200 0.023581 8.65141e-07
210 0.0225483 1.03918e-06
220 0.0216103 1.23708e-06
230 0.0207545 1.46066e-06
240 0.0199705 1.71179e-06
250 0.0192496 1.99235e-06
260 0.0185844 2.30423e-06
270 0.0179686 2.64935e-06
280 0.0173969 3.02964e-06
290 0.0168645 3.44704e-06
300 0.0163675 3.90347e-06
310 0.0159024 4.40091e-06
320 0.0154659 4.94128e-06
330 0.0150555 5.52654e-06
340 0.0146688 6.15862e-06
350 0.0143036 6.83947e-06
360 0.0139581 7.571e-06
370 0.0136307 8.35513e-06
380 0.0133197 9.19375e-06
390 0.0130239 1.00888e-05
400 0.0127422 1.1042e-05
410 0.0124733 1.20553e-05
420 0.0122164 1.31306e-05
430 0.0119706 1.42696e-05
440 0.011735 1.54741e-05
450 0.011509 1.67458e-05
460 0.0112919 1.80865e-05
470 0.0110832 1.94979e-05
480 0.0108822 2.09817e-05
490 0.0106884 2.25394e-05
500 0.0105015 2.41727e-05
510 0.0103211 2.58832e-05
520 0.0101467 2.76724e-05
530 0.00997793 2.95417e-05
540 0.0098146 3.14928e-05
550 0.00965636 3.3527e-05
560 0.00950295 3.56456e-05
570 0.00935414 3.78502e-05
580 0.00920969 4.01419e-05
590 0.0090694 4.25221e-05
600 0.00893307 4.4992e-05
610 0.00880055 4.75528e-05
620 0.00867165 5.02057e-05
630 0.00854624 5.29518e-05
640 0.00842418 5.57921e-05
650 0.00830534 5.87278e-05
660 0.0081896 6.17599e-05
670 0.00807686 6.48892e-05
680 0.00796701 6.81167e-05
690 0.00785997 7.14434e-05
700 0.00775564 7.48699e-05
710 0.00765394 7.83972e-05
720 0.00755481 8.2026e-05
730 0.00745817 8.5757e-05
740 0.00736396 8.95908e-05
750 0.00727211 9.35282e-05
760 0.00718257 9.75696e-05
770 0.00709529 0.000101716
780 0.00701022 0.000105967
790 0.00692731 0.000110324
800 0.00684652 0.000114787
810 0.00676781 0.000119356
820 0.00669113 0.000124032
830 0.00661645 0.000128816
840 0.00654374 0.000133706
850 0.00647296 0.000138705
860 0.00640409 0.000143811
870 0.00633708 0.000149025
880 0.00627191 0.000154347
890 0.00620856 0.000159777
900 0.00614699 0.000165316
910 0.00608717 0.000170963
920 0.00602909 0.000176718
930 0.00597272 0.000182581
940 0.00591803 0.000188553
950 0.005865 0.000194632
960 0.00581361 0.000200819
970 0.00576383 0.000207114
980 0.00571564 0.000213516
990 0.00566902 0.000220025
1000 0.00562394 0.000226641
1010 0.00558039 0.000233364
1020 0.00553833 0.000240192
1030 0.00549776 0.000247127
1040 0.00545864 0.000254167
1050 0.00542096 0.000261311
1060 0.0053847 0.000268561
1070 0.00534982 0.000275914
1080 0.00531632 0.000283371
1090 0.00528417 0.00029093
1100 0.00525335 0.000298592
1110 0.00522383 0.000306356
1120 0.00519559 0.000314221
1130 0.00516862 0.000322186
1140 0.00514289 0.000330251
1150 0.00511838 0.000338416
1160 0.00509506 0.000346678
1170 0.00507292 0.000355039
1180 0.00505193 0.000363496
1190 0.00503207 0.000372049
1200 0.00501332 0.000380698
1210 0.00499566 0.000389441
1220 0.00497906 0.000398278
1230 0.00496349 0.000407207
1240 0.00494895 0.000416229
1250 0.00493541 0.000425341
1260 0.00492284 0.000434544
1270 0.00491122 0.000443836
1280 0.00490053 0.000453216
1290 0.00489074 0.000462684
1300 0.00488185 0.000472238
1310 0.00487381 0.000481877
1320 0.00486661 0.000491601
1330 0.00486024 0.000501408
1340 0.00485465 0.000511298
1350 0.00484985 0.000521268
1360 0.00484579 0.000531319
1370 0.00484247 0.00054145
1380 0.00483985 0.000551658
1390 0.00483793 0.000561944
1400 0.00483666 0.000572305
1410 0.00483605 0.000582742
1420 0.00483605 0.000593252
1430 0.00483667 0.000603835
1440 0.00483786 0.000614489
1450 0.00483962 0.000625215
1460 0.00484191 0.000636009
1470 0.00484473 0.000646871
1480 0.00484806 0.000657801
1490 0.00485186 0.000668797
1500 0.00485613 0.000679857
1510 0.00486084 0.000690981
1520 0.00486598 0.000702167
1530 0.00487153 0.000713415
1540 0.00487746 0.000724723
1550 0.00488377 0.00073609
1560 0.00489043 0.000747514
1570 0.00489743 0.000758996
1580 0.00490475 0.000770532
1590 0.00491237 0.000782123
1600 0.00492027 0.000793767
1610 0.00492845 0.000805463
1620 0.00493688 0.00081721
1630 0.00494555 0.000829006
1640 0.00495445 0.000840851
1650 0.00496356 0.000852742
1660 0.00497286 0.00086468
1670 0.00498234 0.000876663
1680 0.00499199 0.000888689
1690 0.0050018 0.000900758
1700 0.00501175 0.000912868
1710 0.00502182 0.000925018
1720 0.00503202 0.000937207
1730 0.00504231 0.000949434
1740 0.00505271 0.000961698
1750 0.00506318 0.000973997
1760 0.00507373 0.000986331
1770 0.00508433 0.000998697
1780 0.00509499 0.0010111
1790 0.00510569 0.00102353
1800 0.00511641 0.00103598
1810 0.00512716 0.00104847
1820 0.00513793 0.00106099
1830 0.00514869 0.00107353
1840 0.00515946 0.0010861
1850 0.00517021 0.00109869
1860 0.00518094 0.0011113
1870 0.00519165 0.00112394
1880 0.00520232 0.00113659
1890 0.00521295 0.00114927
1900 0.00522354 0.00116196
1910 0.00523407 0.00117467
1920 0.00524454 0.0011874
1930 0.00525495 0.00120014
1940 0.00526529 0.0012129
1950 0.00527555 0.00122567
1960 0.00528573 0.00123845
1970 0.00529583 0.00125125
1980 0.00530583 0.00126405
1990 0.00531575 0.00127686
2000 0.00532556 0.00128968
2010 0.00533528 0.00130251
2020 0.00534489 0.00131534
2030 0.00535439 0.00132817
2040 0.00536378 0.00134101
2050 0.00537305 0.00135385
2060 0.00538221 0.0013667
2070 0.00539125 0.00137954
2080 0.00540016 0.00139238
2090 0.00540895 0.00140523
2100 0.00541762 0.00141806
2110 0.00542615 0.0014309
2120 0.00543455 0.00144373
2130 0.00544282 0.00145655
2140 0.00545096 0.00146937
2150 0.00545896 0.00148218
2160 0.00546682 0.00149498
2170 0.00547454 0.00150777
2180 0.00548213 0.00152056
2190 0.00548957 0.00153333
2200 0.00549687 0.00154608
2210 0.00550402 0.00155882
2220 0.00551103 0.00157155
2230 0.0055179 0.00158427
2240 0.00552462 0.00159696
2250 0.0055312 0.00160964
2260 0.00553763 0.0016223
2270 0.00554391 0.00163494
2280 0.00555004 0.00164756
2290 0.00555603 0.00166016
2300 0.00556186 0.00167274
2310 0.00556755 0.0016853
2320 0.00557309 0.00169783
2330 0.00557848 0.00171033
2340 0.00558372 0.00172281
2350 0.00558881 0.00173526
2360 0.00559375 0.00174769
2370 0.00559854 0.00176008
2380 0.00560318 0.00177245
2390 0.00560767 0.00178478
2400 0.00561201 0.00179708
2410 0.0056162 0.00180936
2420 0.00562024 0.00182159
2430 0.00562413 0.0018338
2440 0.00562786 0.00184596
2450 0.00563145 0.00185809
2460 0.00563489 0.00187019
2470 0.00563818 0.00188224
2480 0.00564131 0.00189426
2490 0.0056443 0.00190624
2500 0.00564714 0.00191817
2510 0.00564982 0.00193007
2520 0.00565236 0.00194192
2530 0.00565475 0.00195373
2540 0.00565698 0.00196549
2550 0.00565907 0.00197721
2560 0.00566101 0.00198888
2570 0.0056628 0.00200051
2580 0.00566444 0.00201208
2590 0.00566592 0.00202361
2600 0.00566726 0.00203509
2610 0.00566845 0.00204652
2620 0.00566949 0.00205789
2630 0.00567039 0.00206921
2640 0.00567113 0.00208048
2650 0.00567172 0.0020917
2660 0.00567216 0.00210286
2670 0.00567246 0.00211396
2680 0.0056726 0.00212501
2690 0.0056726 0.00213599
2700 0.00567245 0.00214692
2710 0.00567215 0.00215779
2720 0.0056717 0.0021686
2730 0.0056711 0.00217935
2740 0.00567035 0.00219003
2750 0.00566946 0.00220065
2760 0.00566841 0.00221121
2770 0.00566722 0.0022217
2780 0.00566588 0.00223213
2790 0.00566439 0.00224249
2800 0.00566275 0.00225278
2810 0.00566096 0.002263
2820 0.00565902 0.00227316
2830 0.00565694 0.00228324
2840 0.00565471 0.00229325
2850 0.00565233 0.00230319
2860 0.0056498 0.00231306
2870 0.00564712 0.00232286
2880 0.0056443 0.00233258
2890 0.00564133 0.00234222
2900 0.00563821 0.00235179
2910 0.00563494 0.00236128
2920 0.00563153 0.0023707
2930 0.00562797 0.00238003
2940 0.00562426 0.00238929
2950 0.0056204 0.00239847
2960 0.0056164 0.00240756
2970 0.00561225 0.00241658
2980 0.00560796 0.00242551
2990 0.00560352 0.00243436
3000 0.00559893 0.00244313
3010 0.0055942 0.00245181
3020 0.00558932 0.0024604
3030 0.00558429 0.00246891
3040 0.00557913 0.00247734
3050 0.00557381 0.00248567
3060 0.00556835 0.00249392
3070 0.00556275 0.00250208
3080 0.00555701 0.00251015
3090 0.00555112 0.00251813
3100 0.00554508 0.00252602
3110 0.00553891 0.00253382
3120 0.00553259 0.00254152
3130 0.00552613 0.00254914
3140 0.00551953 0.00255666
3150 0.00551279 0.00256409
3160 0.00550591 0.00257142
3170 0.00549889 0.00257866
3180 0.00549172 0.0025858
3190 0.00548442 0.00259284
3200 0.00547698 0.00259979
3210 0.00546941 0.00260665
3220 0.00546169 0.0026134
3230 0.00545384 0.00262006
3240 0.00544585 0.00262662
3250 0.00543773 0.00263308
3260 0.00542947 0.00263944
3270 0.00542108 0.0026457
3280 0.00541255 0.00265186
3290 0.0054039 0.00265792
3300 0.0053951 0.00266388
3310 0.00538618 0.00266974
3320 0.00537713 0.0026755
3330 0.00536795 0.00268115
3340 0.00535864 0.0026867
3350 0.0053492 0.00269215
3360 0.00533964 0.0026975
3370 0.00532994 0.00270274
3380 0.00532013 0.00270788
3390 0.00531018 0.00271292
3400 0.00530012 0.00271785
3410 0.00528993 0.00272268
3420 0.00527962 0.0027274
3430 0.00526919 0.00273202
3440 0.00525864 0.00273654
3450 0.00524797 0.00274095
3460 0.00523718 0.00274526
3470 0.00522628 0.00274946
3480 0.00521526 0.00275355
3490 0.00520412 0.00275754
3500 0.00519288 0.00276143
3510 0.00518152 0.00276521
3520 0.00517005 0.00276889
3530 0.00515846 0.00277246
3540 0.00514677 0.00277592
3550 0.00513498 0.00277928
3560 0.00512307 0.00278253
3570 0.00511106 0.00278568
3580 0.00509895 0.00278873
3590 0.00508673 0.00279167
3600 0.00507441 0.0027945
3610 0.00506199 0.00279723
3620 0.00504947 0.00279986
3630 0.00503685 0.00280238
3640 0.00502413 0.00280479
3650 0.00501132 0.00280711
3660 0.00499841 0.00280932
3670 0.00498542 0.00281142
3680 0.00497232 0.00281342
3690 0.00495914 0.00281532
3700 0.00494587 0.00281711
3710 0.00493251 0.00281881
3720 0.00491906 0.0028204
3730 0.00490553 0.00282188
3740 0.00489191 0.00282327
3750 0.00487821 0.00282455
3760 0.00486443 0.00282573
3770 0.00485057 0.00282681
3780 0.00483663 0.00282779
3790 0.00482261 0.00282867
3800 0.00480851 0.00282945
3810 0.00479434 0.00283013
3820 0.00478009 0.00283071
3830 0.00476577 0.00283119
3840 0.00475138 0.00283157
3850 0.00473692 0.00283185
3860 0.00472239 0.00283204
3870 0.00470779 0.00283213
3880 0.00469312 0.00283212
3890 0.00467839 0.00283201
3900 0.0046636 0.00283181
3910 0.00464874 0.00283151
3920 0.00463382 0.00283111
3930 0.00461884 0.00283062
3940 0.0046038 0.00283003
3950 0.0045887 0.00282935
3960 0.00457355 0.00282858
3970 0.00455833 0.00282771
3980 0.00454307 0.00282675
3990 0.00452775 0.00282569
4000 0.00451237 0.00282454
4010 0.00449695 0.0028233
4020 0.00448148 0.00282197
4030 0.00446595 0.00282055
4040 0.00445038 0.00281903
4050 0.00443476 0.00281742
4060 0.00441909 0.00281573
4070 0.00440338 0.00281394
4080 0.00438762 0.00281206
4090 0.00437182 0.00281009
4100 0.00435598 0.00280804
4110 0.00434009 0.00280589
4120 0.00432417 0.00280365
4130 0.0043082 0.00280133
4140 0.0042922 0.00279892
4150 0.00427615 0.00279642
4160 0.00426007 0.00279383
4170 0.00424395 0.00279115
4180 0.0042278 0.00278839
4190 0.0042116 0.00278554
4200 0.00419538 0.0027826
4210 0.00417912 0.00277958
4220 0.00416282 0.00277646
4230 0.0041465 0.00277326
4240 0.00413014 0.00276998
4250 0.00411375 0.0027666
4260 0.00409732 0.00276314
4270 0.00408087 0.0027596
4280 0.00406438 0.00275596
4290 0.00404786 0.00275224
4300 0.00403132 0.00274844
4310 0.00401474 0.00274454
4320 0.00399814 0.00274056
4330 0.0039815 0.00273649
4340 0.00396484 0.00273233
4350 0.00394814 0.00272809
4360 0.00393142 0.00272376
4370 0.00391467 0.00271934
4380 0.00389789 0.00271483
4390 0.00388109 0.00271023
4400 0.00386425 0.00270554
4410 0.00384738 0.00270077
4420 0.00383049 0.0026959
4430 0.00381357 0.00269094
4440 0.00379661 0.00268589
4450 0.00377963 0.00268075
4460 0.00376262 0.00267552
4470 0.00374558 0.0026702
4480 0.00372851 0.00266478
4490 0.00371141 0.00265927
4500 0.00369427 0.00265366
4510 0.00367711 0.00264796
4520 0.00365991 0.00264216
4530 0.00364268 0.00263626
4540 0.00362542 0.00263027
4550 0.00360812 0.00262418
4560 0.00359079 0.00261799
4570 0.00357343 0.00261169
4580 0.00355602 0.0026053
4590 0.00353858 0.0025988
4600 0.00352111 0.0025922
4610 0.00350359 0.0025855
4620 0.00348604 0.00257869
4630 0.00346844 0.00257177
4640 0.0034508 0.00256474
4650 0.00343312 0.0025576
4660 0.0034154 0.00255036
4670 0.00339763 0.002543
4680 0.00337982 0.00253552
4690 0.00336196 0.00252794
4700 0.00334405 0.00252023
4710 0.00332609 0.00251241
4720 0.00330808 0.00250447
4730 0.00329002 0.00249641
4740 0.0032719 0.00248822
4750 0.00325373 0.00247992
4760 0.0032355 0.00247148
4770 0.00321722 0.00246293
4780 0.00319887 0.00245424
4790 0.00318047 0.00244542
4800 0.003162 0.00243647
4810 0.00314347 0.00242739
4820 0.00312487 0.00241817
4830 0.0031062 0.00240881
4840 0.00308747 0.00239932
4850 0.00306866 0.00238969
4860 0.00304979 0.00237991
4870 0.00303084 0.00236999
4880 0.00301182 0.00235993
4890 0.00299271 0.00234972
4900 0.00297354 0.00233936
4910 0.00295428 0.00232886
4920 0.00293494 0.0023182
4930 0.00291551 0.00230738
4940 0.00289601 0.00229642
4950 0.00287641 0.00228529
4960 0.00285673 0.00227401
4970 0.00283696 0.00226257
4980 0.0028171 0.00225097
4990 0.00279715 0.00223921
5000 0.00277711 0.00222728
5010 0.00275697 0.00221519
5020 0.00273674 0.00220294
5030 0.00271641 0.00219051
5040 0.00269598 0.00217792
5050 0.00267546 0.00216517
5060 0.00265483 0.00215224
5070 0.00263411 0.00213914
5080 0.00261329 0.00212587
5090 0.00259236 0.00211243
5100 0.00257134 0.00209882
5110 0.00255021 0.00208504
5120 0.00252898 0.00207108
5130 0.00250765 0.00205696
5140 0.00248622 0.00204266
5150 0.00246468 0.00202819
5160 0.00244304 0.00201355
5170 0.00242131 0.00199874
5180 0.00239947 0.00198375
5190 0.00237753 0.0019686
5200 0.00235549 0.00195328
5210 0.00233336 0.0019378
5220 0.00231113 0.00192215
5230 0.0022888 0.00190633
5240 0.00226639 0.00189036
5250 0.00224388 0.00187422
5260 0.00222128 0.00185793
5270 0.0021986 0.00184148
5280 0.00217583 0.00182488
5290 0.00215298 0.00180813
5300 0.00213005 0.00179123
5310 0.00210704 0.00177419
5320 0.00208397 0.00175701
5330 0.00206082 0.0017397
5340 0.00203761 0.00172225
5350 0.00201434 0.00170468
5360 0.00199102 0.00168698
5370 0.00196764 0.00166916
5380 0.00194421 0.00165123
5390 0.00192074 0.0016332
5400 0.00189724 0.00161505
5410 0.0018737 0.00159681
5420 0.00185013 0.00157848
5430 0.00182654 0.00156006
5440 0.00180294 0.00154157
5450 0.00177933 0.00152299
5460 0.00175572 0.00150435
5470 0.0017321 0.00148565
5480 0.0017085 0.0014669
5490 0.00168492 0.0014481
5500 0.00166136 0.00142926
5510 0.00163782 0.00141039
5520 0.00161433 0.00139149
5530 0.00159088 0.00137257
5540 0.00156748 0.00135365
5550 0.00154415 0.00133472
5560 0.00152088 0.0013158
5570 0.00149768 0.00129689
5580 0.00147457 0.001278
5590 0.00145154 0.00125915
5600 0.00142862 0.00124033
5610 0.00140579 0.00122155
5620 0.00138308 0.00120283
5630 0.0013605 0.00118418
5640 0.00133804 0.00116559
5650 0.00131571 0.00114708
5660 0.00129353 0.00112865
5670 0.0012715 0.00111032
5680 0.00124963 0.00109209
5690 0.00122792 0.00107396
5700 0.00120639 0.00105596
5710 0.00118503 0.00103808
5720 0.00116387 0.00102033
5730 0.00114289 0.00100271
5740 0.00112212 0.000985247
5750 0.00110155 0.000967932
5760 0.00108119 0.000950777
5770 0.00106106 0.000933787
5780 0.00104115 0.00091697
5790 0.00102147 0.00090033
5800 0.00100202 0.000883874
5810 0.000982818 0.000867608
5820 0.000963861 0.000851536
5830 0.000945155 0.000835666
5840 0.000926705 0.00082
5850 0.000908515 0.000804545
5860 0.000890589 0.000789304
5870 0.00087293 0.000774282
5880 0.000855544 0.000759483
5890 0.000838432 0.000744911
5900 0.000821597 0.000730569
5910 0.000805044 0.00071646
5920 0.000788774 0.000702589
5930 0.000772789 0.000688956
5940 0.000757092 0.000675566
5950 0.000741685 0.000662419
5960 0.000726569 0.000649519
5970 0.000711744 0.000636867
5980 0.000697214 0.000624465
5990 0.000682978 0.000612313
6000 0.000669037 0.000600414
6010 0.000655391 0.000588767
6020 0.00064204 0.000577374
6030 0.000628986 0.000566235
6040 0.000616226 0.000555351
6050 0.000603762 0.000544721
6060 0.000591591 0.000534345
6070 0.000579714 0.000524223
6080 0.00056813 0.000514355
6090 0.000556837 0.000504739
6100 0.000545833 0.000495375
6110 0.000535119 0.000486262
6120 0.000524691 0.000477399
6130 0.000514548 0.000468784
6140 0.000504688 0.000460417
6150 0.000495109 0.000452295
6160 0.000485809 0.000444416
6170 0.000476785 0.00043678
6180 0.000468036 0.000429384
6190 0.000459559 0.000422225
6200 0.00045135 0.000415303
6210 0.000443408 0.000408615
6220 0.00043573 0.000402158
6230 0.000428312 0.00039593
6240 0.000421152 0.000389929
6250 0.000414247 0.000384152
6260 0.000407594 0.000378597
6270 0.00040119 0.000373262
6280 0.000395032 0.000368142
6290 0.000389116 0.000363237
6300 0.000383439 0.000358543
6310 0.000377999 0.000354057
6320 0.000372792 0.000349777
6330 0.000367814 0.0003457
6340 0.000363063 0.000341823
6350 0.000358534 0.000338143
6360 0.000354226 0.000334658
6370 0.000350134 0.000331364
6380 0.000346255 0.000328259
6390 0.000342586 0.00032534
6400 0.000339124 0.000322605
6410 0.000335866 0.00032005
6420 0.000332807 0.000317672
6430 0.000329945 0.000315469
6440 0.000327277 0.000313439
6450 0.0003248 0.000311577
6460 0.00032251 0.000309883
6470 0.000320403 0.000308352
6480 0.000318478 0.000306982
6490 0.000316731 0.000305771
6500 0.000315159 0.000304716
6510 0.000313759 0.000303814
6520 0.000312527 0.000303063
6530 0.000311461 0.00030246
6540 0.000310559 0.000302003
6550 0.000309816 0.00030169
6560 0.000309231 0.000301517
6570 0.0003088 0.000301482
6580 0.000308521 0.000301584
6590 0.00030839 0.00030182
6600 0.000308406 0.000302187
6610 0.000308566 0.000302683
6620 0.000308866 0.000303306
6630 0.000309305 0.000304054
6640 0.00030988 0.000304925
6650 0.000310589 0.000305917
6660 0.000311428 0.000307027
6670 0.000312396 0.000308254
6680 0.000313491 0.000309595
6690 0.00031471 0.000311049
6700 0.00031605 0.000312615
6710 0.00031751 0.000314289
6720 0.000319088 0.00031607
6730 0.000320781 0.000317957
6740 0.000322588 0.000319948
6750 0.000324506 0.00032204
6760 0.000326534 0.000324234
6770 0.000328669 0.000326526
6780 0.00033091 0.000328916
6790 0.000333255 0.000331402
6800 0.000335703 0.000333982
6810 0.00033825 0.000336655
6820 0.000340897 0.000339421
6830 0.000343642 0.000342277
6840 0.000346482 0.000345222
6850 0.000349417 0.000348255
6860 0.000352445 0.000351376
6870 0.000355565 0.000354583
6880 0.000358776 0.000357874
6890 0.000362076 0.00036125
6900 0.000365464 0.000364709
6910 0.000368939 0.000368251
6920 0.000372501 0.000371874
6930 0.000376149 0.000375579
6940 0.00037988 0.000379364
6950 0.000383696 0.000383229
6960 0.000387595 0.000387173
6970 0.000391577 0.000391197
6980 0.000395641 0.0003953
6990 0.000399787 0.000399481
7000 0.000404015 0.000403741
7010 0.000408324 0.000408081
7020 0.000412715 0.000412499
7030 0.000417188 0.000416996
7040 0.000421743 0.000421574
7050 0.00042638 0.000426231
7060 0.0004311 0.00043097
7070 0.000435905 0.000435791
7080 0.000440793 0.000440695
7090 0.000445768 0.000445683
7100 0.00045083 0.000450757
7110 0.000455981 0.000455918
7120 0.000461223 0.000461169
7130 0.000466557 0.000466511
7140 0.000471986 0.000471948
7150 0.000477513 0.000477481
7160 0.000483142 0.000483115
7170 0.000488874 0.000488852
7180 0.000494716 0.000494698
7190 0.000500669 0.000500655
7200 0.000506741 0.000506729
7210 0.000512936 0.000512927
7220 0.00051926 0.000519253
7230 0.000525721 0.000525716
7240 0.000532326 0.000532322
7250 0.000539085 0.000539081
7260 0.000546006 0.000546003
7270 0.000553101 0.000553099
7280 0.000560383 0.000560381
7290 0.000567865 0.000567864
7300 0.000575565 0.000575564
7310 0.0005835 0.000583499
7320 0.000591691 0.00059169
7330 0.000600162 0.000600162
7340 0.000608941 0.000608941
7350 0.000618061 0.000618061
7360 0.000627558 0.000627558
7370 0.000637477 0.000637477
7380 0.00064787 0.00064787
7390 0.000658799 0.000658799
7400 0.00067034 0.00067034
7410 0.000682583 0.000682583
7420 4.3556e-06 4.3556e-06
