0 1.4851e-20 5.47332e-23 0
10 4.4553e-20 5.76368e-23 1.18059e-24
20 7.42552e-20 6.0686e-23 5.90298e-25
30 1.03958e-19 6.38877e-23 3.93534e-25
40 1.33661e-19 6.72489e-23 2.95152e-25
50 1.63364e-19 7.07773e-23 2.36123e-25
60 1.93068e-19 7.44804e-23 1.96771e-25
70 2.22773e-19 7.83664e-23 1.68663e-25
80 2.52478e-19 8.24438e-23 1.47582e-25
90 2.82185e-19 8.67213e-23 1.31186e-25
100 3.11892e-19 9.12082e-23 1.18069e-25
110 3.41601e-19 9.59139e-23 1.07337e-25
120 3.71311e-19 1.00848e-22 9.83944e-26
130 4.01022e-19 1.06022e-22 9.08275e-26
140 4.30735e-19 1.11446e-22 8.43417e-26
150 4.6045e-19 1.17131e-22 7.87208e-26
160 4.90166e-19 1.23089e-22 7.38026e-26
170 5.19884e-19 1.29332e-22 6.94632e-26
180 5.49604e-19 1.35873e-22 6.5606e-26
190 5.79326e-19 1.42725e-22 6.21549e-26
200 6.0905e-19 1.49901e-22 5.90491e-26
210 6.38777e-19 1.57417e-22 5.62391e-26
220 6.68505e-19 1.65287e-22 5.36847e-26
230 6.98237e-19 1.73526e-22 5.13525e-26
240 7.27971e-19 1.82151e-22 4.92147e-26
250 7.57708e-19 1.91178e-22 4.7248e-26
260 7.87447e-19 2.00624e-22 4.54327e-26
270 8.1719e-19 2.10508e-22 4.37519e-26
280 8.46935e-19 2.20849e-22 4.21913e-26
290 8.76684e-19 2.31665e-22 4.07383e-26
300 9.06436e-19 2.42978e-22 3.93823e-26
310 9.36191e-19 2.54807e-22 3.81138e-26
320 9.6595e-19 2.67176e-22 3.69247e-26
330 9.95713e-19 2.80106e-22 3.58077e-26
340 1.02548e-18 2.93621e-22 3.47564e-26
350 1.05525e-18 3.07746e-22 3.37653e-26
360 1.08502e-18 3.22506e-22 3.28293e-26
370 1.1148e-18 3.37927e-22 3.19439e-26
380 1.14458e-18 3.54036e-22 3.11052e-26
390 1.17437e-18 3.70862e-22 3.03096e-26
400 1.20416e-18 3.88433e-22 2.95538e-26
410 1.23396e-18 4.06781e-22 2.88349e-26
420 1.26376e-18 4.25937e-22 2.81503e-26
430 1.29356e-18 4.45932e-22 2.74975e-26
440 1.32337e-18 4.66802e-22 2.68745e-26
450 1.35319e-18 4.88582e-22 2.62792e-26
460 1.38301e-18 5.11306e-22 2.57099e-26
470 1.41283e-18 5.35013e-22 2.51648e-26
480 1.44266e-18 5.59742e-22 2.46424e-26
490 1.4725e-18 5.85533e-22 2.41415e-26
500 1.50234e-18 6.12428e-22 2.36606e-26
510 1.53218e-18 6.40469e-22 2.31986e-26
520 1.56204e-18 6.69702e-22 2.27544e-26
530 1.59189e-18 7.00172e-22 2.2327e-26
540 1.62176e-18 7.31927e-22 2.19155e-26
550 1.65163e-18 7.65016e-22 2.15189e-26
560 1.68151e-18 7.9949e-22 2.11366e-26
570 1.71139e-18 8.35403e-22 2.07677e-26
580 1.74128e-18 8.72807e-22 2.04116e-26
590 1.77117e-18 9.1176e-22 2.00676e-26
600 1.80108e-18 9.5232e-22 1.9735e-26
610 1.83099e-18 9.94547e-22 1.94135e-26
620 1.8609e-18 1.0385e-21 1.91023e-26
630 1.89082e-18 1.08425e-21 1.8801e-26
640 1.92076e-18 1.13186e-21 1.85092e-26
650 1.95069e-18 1.18139e-21 1.82264e-26
660 1.98064e-18 1.23292e-21 1.79522e-26
670 2.01059e-18 1.28652e-21 1.76862e-26
680 2.04055e-18 1.34226e-21 1.7428e-26
690 2.07052e-18 1.40023e-21 1.71774e-26
700 2.10049e-18 1.46049e-21 1.69339e-26
710 2.13047e-18 1.52314e-21 1.66974e-26
720 2.16047e-18 1.58826e-21 1.64674e-26
730 2.19047e-18 1.65593e-21 1.62438e-26
740 2.22047e-18 1.72625e-21 1.60262e-26
750 2.25049e-18 1.7993e-21 1.58145e-26
760 2.28051e-18 1.87519e-21 1.56083e-26
770 2.31055e-18 1.954e-21 1.54076e-26
780 2.34059e-18 2.03585e-21 1.5212e-26
790 2.37064e-18 2.12083e-21 1.50214e-26
800 2.4007e-18 2.20905e-21 1.48355e-26
810 2.43076e-18 2.30062e-21 1.46543e-26
820 2.46084e-18 2.39566e-21 1.44776e-26
830 2.49093e-18 2.49428e-21 1.43051e-26
840 2.52102e-18 2.5966e-21 1.41368e-26
850 2.55113e-18 2.70274e-21 1.39724e-26
860 2.58125e-18 2.81283e-21 1.38119e-26
870 2.61137e-18 2.927e-21 1.36551e-26
880 2.6415e-18 3.04539e-21 1.35018e-26
890 2.67165e-18 3.16812e-21 1.33521e-26
900 2.7018e-18 3.29534e-21 1.32057e-26
910 2.73197e-18 3.4272e-21 1.30625e-26
920 2.76214e-18 3.56384e-21 1.29225e-26
930 2.79233e-18 3.70542e-21 1.27855e-26
940 2.82253e-18 3.85208e-21 1.26514e-26
950 2.85273e-18 4.004e-21 1.25202e-26
960 2.88295e-18 4.16133e-21 1.23918e-26
970 2.91318e-18 4.32425e-21 1.2266e-26
980 2.94342e-18 4.49292e-21 1.21428e-26
990 2.97367e-18 4.66752e-21 1.20221e-26
1000 3.00393e-18 4.84824e-21 1.19038e-26
1010 3.0342e-18 5.03526e-21 1.17879e-26
1020 3.06449e-18 5.22877e-21 1.16743e-26
1030 3.09478e-18 5.42897e-21 1.15629e-26
1040 3.12509e-18 5.63605e-21 1.14537e-26
1050 3.15541e-18 5.85022e-21 1.13466e-26
1060 3.18574e-18 6.07169e-21 1.12415e-26
1070 3.21609e-18 6.30067e-21 1.11384e-26
1080 3.24644e-18 6.53738e-21 1.10372e-26
1090 3.27681e-18 6.78204e-21 1.09379e-26
1100 3.30719e-18 7.03489e-21 1.08405e-26
1110 3.33758e-18 7.29615e-21 1.07448e-26
1120 3.36799e-18 7.56607e-21 1.06508e-26
1130 3.39841e-18 7.84489e-21 1.05585e-26
1140 3.42884e-18 8.13286e-21 1.04679e-26
1150 3.45928e-18 8.43023e-21 1.03788e-26
1160 3.48974e-18 8.73727e-21 1.02913e-26
1170 3.52021e-18 9.05423e-21 1.02053e-26
1180 3.55069e-18 9.3814e-21 1.01208e-26
1190 3.58119e-18 9.71904e-21 1.00377e-26
1200 3.6117e-18 1.00674e-20 9.95605e-27
1210 3.64223e-18 1.04269e-20 9.87574e-27
1220 3.67276e-18 1.07977e-20 9.79676e-27
1230 3.70332e-18 1.11801e-20 9.71909e-27
1240 3.73388e-18 1.15745e-20 9.64268e-27
1250 3.76446e-18 1.19811e-20 9.56751e-27
1260 3.79506e-18 1.24003e-20 9.49356e-27
1270 3.82567e-18 1.28323e-20 9.42078e-27
1280 3.85629e-18 1.32776e-20 9.34916e-27
1290 3.88693e-18 1.37365e-20 9.27866e-27
1300 3.91758e-18 1.42092e-20 9.20926e-27
1310 3.94825e-18 1.46962e-20 9.14094e-27
1320 3.97893e-18 1.51977e-20 9.07367e-27
1330 4.00963e-18 1.57142e-20 9.00743e-27
1340 4.04034e-18 1.6246e-20 8.94219e-27
1350 4.07107e-18 1.67935e-20 8.87793e-27
1360 4.10182e-18 1.7357e-20 8.81464e-27
1370 4.13258e-18 1.7937e-20 8.75228e-27
1380 4.16335e-18 1.85337e-20 8.69084e-27
1390 4.19414e-18 1.91477e-20 8.6303e-27
1400 4.22495e-18 1.97793e-20 8.57064e-27
1410 4.25577e-18 2.04288e-20 8.51184e-27
1420 4.28661e-18 2.10968e-20 8.45389e-27
1430 4.31747e-18 2.17836e-20 8.39675e-27
1440 4.34834e-18 2.24897e-20 8.34043e-27
1450 4.37923e-18 2.32154e-20 8.2849e-27
1460 4.41013e-18 2.39612e-20 8.23014e-27
1470 4.44106e-18 2.47276e-20 8.17615e-27
1480 4.472e-18 2.55149e-20 8.12289e-27
1490 4.50295e-18 2.63237e-20 8.07037e-27
1500 4.53393e-18 2.71543e-20 8.01856e-27
1510 4.56492e-18 2.80073e-20 7.96745e-27
1520 4.59593e-18 2.88831e-20 7.91702e-27
1530 4.62695e-18 2.97821e-20 7.86727e-27
1540 4.658e-18 3.07049e-20 7.81818e-27
1550 4.68906e-18 3.16519e-20 7.76974e-27
1560 4.72014e-18 3.26235e-20 7.72193e-27
1570 4.75123e-18 3.36204e-20 7.67474e-27
1580 4.78235e-18 3.46429e-20 7.62817e-27
1590 4.81348e-18 3.56915e-20 7.58219e-27
1600 4.84464e-18 3.67669e-20 7.5368e-27
1610 4.87581e-18 3.78694e-20 7.49199e-27
1620 4.907e-18 3.89995e-20 7.44775e-27
1630 4.9382e-18 4.01578e-20 7.40406e-27
1640 4.96943e-18 4.13448e-20 7.36091e-27
1650 5.00068e-18 4.2561e-20 7.31831e-27
1660 5.03194e-18 4.38069e-20 7.27623e-27
1670 5.06323e-18 4.5083e-20 7.23466e-27
1680 5.09453e-18 4.63899e-20 7.1936e-27
1690 5.12586e-18 4.7728e-20 7.15305e-27
1700 5.1572e-18 4.9098e-20 7.11298e-27
1710 5.18856e-18 5.05003e-20 7.07339e-27
1720 5.21995e-18 5.19354e-20 7.03428e-27
1730 5.25135e-18 5.3404e-20 6.99563e-27
1740 5.28277e-18 5.49064e-20 6.95744e-27
1750 5.31422e-18 5.64434e-20 6.91969e-27
1760 5.34568e-18 5.80153e-20 6.88239e-27
1770 5.37717e-18 5.96227e-20 6.84552e-27
1780 5.40867e-18 6.12662e-20 6.80908e-27
1790 5.4402e-18 6.29463e-20 6.77305e-27
1800 5.47174e-18 6.46635e-20 6.73744e-27
1810 5.50331e-18 6.64184e-20 6.70224e-27
1820 5.5349e-18 6.82115e-20 6.66743e-27
1830 5.56651e-18 7.00432e-20 6.63302e-27
1840 5.59815e-18 7.19142e-20 6.59899e-27
1850 5.6298e-18 7.3825e-20 6.56534e-27
1860 5.66148e-18 7.5776e-20 6.53207e-27
1870 5.69317e-18 7.77678e-20 6.49916e-27
1880 5.72489e-18 7.9801e-20 6.46661e-27
1890 5.75663e-18 8.1876e-20 6.43443e-27
1900 5.7884e-18 8.39932e-20 6.40259e-27
1910 5.82018e-18 8.61534e-20 6.37109e-27
1920 5.85199e-18 8.83568e-20 6.33994e-27
1930 5.88383e-18 9.06041e-20 6.30912e-27
1940 5.91568e-18 9.28956e-20 6.27863e-27
1950 5.94756e-18 9.5232e-20 6.24846e-27
1960 5.97946e-18 9.76135e-20 6.21861e-27
1970 6.01138e-18 1.00041e-19 6.18908e-27
1980 6.04333e-18 1.02514e-19 6.15986e-27
1990 6.0753e-18 1.05034e-19 6.13094e-27
2000 6.10729e-18 1.07601e-19 6.10232e-27
2010 6.13931e-18 1.10216e-19 6.074e-27
2020 6.17135e-18 1.12879e-19 6.04597e-27
2030 6.20341e-18 1.15589e-19 6.01822e-27
2040 6.2355e-18 1.18349e-19 5.99076e-27
2050 6.26762e-18 1.21158e-19 5.96358e-27
2060 6.29976e-18 1.24016e-19 5.93667e-27
2070 6.33192e-18 1.26924e-19 5.91004e-27
2080 6.3641e-18 1.29882e-19 5.88367e-27
2090 6.39632e-18 1.32891e-19 5.85756e-27
2100 6.42855e-18 1.35951e-19 5.83172e-27
2110 6.46082e-18 1.39061e-19 5.80613e-27
2120 6.4931e-18 1.42224e-19 5.78079e-27
2130 6.52541e-18 1.45438e-19 5.7557e-27
2140 6.55775e-18 1.48704e-19 5.73085e-27
2150 6.59012e-18 1.52023e-19 5.70625e-27
2160 6.6225e-18 1.55394e-19 5.68189e-27
2170 6.65492e-18 1.58818e-19 5.65776e-27
2180 6.68736e-18 1.62294e-19 5.63386e-27
2190 6.71983e-18 1.65824e-19 5.61019e-27
2200 6.75232e-18 1.69408e-19 5.58675e-27
2210 6.78484e-18 1.73044e-19 5.56353e-27
2220 6.81739e-18 1.76735e-19 5.54053e-27
2230 6.84996e-18 1.80479e-19 5.51774e-27
2240 6.88256e-18 1.84277e-19 5.49517e-27
2250 6.91519e-18 1.88129e-19 5.47281e-27
2260 6.94784e-18 1.92034e-19 5.45066e-27
2270 6.98052e-18 1.95994e-19 5.42872e-27
2280 7.01323e-18 2.00008e-19 5.40697e-27
2290 7.04596e-18 2.04075e-19 5.38543e-27
2300 7.07873e-18 2.08197e-19 5.36408e-27
2310 7.11152e-18 2.12372e-19 5.34293e-27
2320 7.14434e-18 2.16601e-19 5.32197e-27
2330 7.17719e-18 2.20884e-19 5.30121e-27
2340 7.21006e-18 2.2522e-19 5.28062e-27
2350 7.24297e-18 2.2961e-19 5.26023e-27
2360 7.2759e-18 2.34053e-19 5.24002e-27
2370 7.30886e-18 2.38548e-19 5.21998e-27
2380 7.34185e-18 2.43097e-19 5.20013e-27
2390 7.37487e-18 2.47697e-19 5.18045e-27
2400 7.40792e-18 2.5235e-19 5.16095e-27
2410 7.44099e-18 2.57055e-19 5.14162e-27
2420 7.4741e-18 2.61811e-19 5.12245e-27
2430 7.50724e-18 2.66619e-19 5.10346e-27
2440 7.5404e-18 2.71477e-19 5.08463e-27
2450 7.5736e-18 2.76385e-19 5.06596e-27
2460 7.60682e-18 2.81343e-19 5.04746e-27
2470 7.64008e-18 2.86351e-19 5.02911e-27
2480 7.67336e-18 2.91407e-19 5.01093e-27
2490 7.70668e-18 2.96511e-19 4.99289e-27
2500 7.74003e-18 3.01664e-19 4.97502e-27
2510 7.7734e-18 3.06863e-19 4.95729e-27
2520 7.80681e-18 3.12108e-19 4.93972e-27
2530 7.84025e-18 3.174e-19 4.92229e-27
2540 7.87372e-18 3.22736e-19 4.90501e-27
2550 7.90722e-18 3.28117e-19 4.88787e-27
2560 7.94075e-18 3.33541e-19 4.87088e-27
2570 7.97432e-18 3.39008e-19 4.85403e-27
2580 8.00792e-18 3.44517e-19 4.83732e-27
2590 8.04154e-18 3.50066e-19 4.82075e-27
2600 8.0752e-18 3.55657e-19 4.80432e-27
2610 8.10889e-18 3.61286e-19 4.78802e-27
2620 8.14262e-18 3.66954e-19 4.77185e-27
2630 8.17638e-18 3.72658e-19 4.75582e-27
2640 8.21017e-18 3.784e-19 4.73992e-27
2650 8.24399e-18 3.84176e-19 4.72415e-27
2660 8.27784e-18 3.89987e-19 4.7085e-27
2670 8.31173e-18 3.95831e-19 4.69298e-27
2680 8.34565e-18 4.01707e-19 4.67759e-27
2690 8.37961e-18 4.07613e-19 4.66232e-27
2700 8.41359e-18 4.1355e-19 4.64718e-27
2710 8.44762e-18 4.19514e-19 4.63215e-27
2720 8.48167e-18 4.25506e-19 4.61724e-27
2730 8.51576e-18 4.31524e-19 4.60246e-27
2740 8.54989e-18 4.37566e-19 4.58779e-27
2750 8.58404e-18 4.43631e-19 4.57323e-27
2760 8.61824e-18 4.49718e-19 4.55879e-27
2770 8.65246e-18 4.55826e-19 4.54446e-27
2780 8.68672e-18 4.61953e-19 4.53025e-27
2790 8.72102e-18 4.68097e-19 4.51615e-27
2800 8.75535e-18 4.74257e-19 4.50215e-27
2810 8.78972e-18 4.80432e-19 4.48827e-27
2820 8.82412e-18 4.8662e-19 4.47449e-27
2830 8.85856e-18 4.92819e-19 4.46082e-27
2840 8.89303e-18 4.99028e-19 4.44725e-27
2850 8.92754e-18 5.05246e-19 4.43379e-27
2860 8.96209e-18 5.1147e-19 4.42043e-27
2870 8.99667e-18 5.17699e-19 4.40718e-27
2880 9.03129e-18 5.23932e-19 4.39402e-27
2890 9.06594e-18 5.30166e-19 4.38097e-27
2900 9.10063e-18 5.364e-19 4.36801e-27
2910 9.13536e-18 5.42632e-19 4.35515e-27
2920 9.17012e-18 5.48861e-19 4.34239e-27
2930 9.20492e-18 5.55084e-19 4.32973e-27
2940 9.23976e-18 5.61301e-19 4.31716e-27
2950 9.27464e-18 5.67508e-19 4.30468e-27
2960 9.30955e-18 5.73705e-19 4.2923e-27
2970 9.3445e-18 5.79889e-19 4.28001e-27
2980 9.37949e-18 5.86058e-19 4.26781e-27
2990 9.41452e-18 5.92211e-19 4.2557e-27
3000 9.44959e-18 5.98346e-19 4.24368e-27
3010 9.48469e-18 6.04461e-19 4.23175e-27
3020 9.51983e-18 6.10554e-19 4.21991e-27
3030 9.55502e-18 6.16623e-19 4.20815e-27
3040 9.59024e-18 6.22666e-19 4.19648e-27
3050 9.6255e-18 6.28681e-19 4.1849e-27
3060 9.66079e-18 6.34667e-19 4.1734e-27
3070 9.69613e-18 6.40621e-19 4.16198e-27
3080 9.73151e-18 6.46541e-19 4.15065e-27
3090 9.76693e-18 6.52425e-19 4.13939e-27
3100 9.80238e-18 6.58272e-19 4.12822e-27
3110 9.83788e-18 6.6408e-19 4.11714e-27
3120 9.87342e-18 6.69846e-19 4.10613e-27
3130 9.909e-18 6.75569e-19 4.09519e-27
3140 9.94462e-18 6.81246e-19 4.08434e-27
3150 9.98027e-18 6.86876e-19 4.07357e-27
3160 1.0016e-17 6.92456e-19 4.06287e-27
3170 1.00517e-17 6.97985e-19 4.05225e-27
3180 1.00875e-17 7.03461e-19 4.0417e-27
3190 1.01233e-17 7.08882e-19 4.03123e-27
3200 1.01592e-17 7.14246e-19 4.02083e-27
3210 1.01951e-17 7.19551e-19 4.01051e-27
3220 1.0231e-17 7.24794e-19 4.00026e-27
3230 1.0267e-17 7.29975e-19 3.99008e-27
3240 1.03031e-17 7.35092e-19 3.97997e-27
3250 1.03391e-17 7.40141e-19 3.96993e-27
3260 1.03753e-17 7.45123e-19 3.95996e-27
3270 1.04114e-17 7.50033e-19 3.95007e-27
3280 1.04476e-17 7.54872e-19 3.94024e-27
3290 1.04839e-17 7.59637e-19 3.93048e-27
3300 1.05202e-17 7.64326e-19 3.92079e-27
3310 1.05565e-17 7.68938e-19 3.91116e-27
3320 1.05929e-17 7.73471e-19 3.9016e-27
3330 1.06293e-17 7.77922e-19 3.89211e-27
3340 1.06658e-17 7.82291e-19 3.88268e-27
3350 1.07023e-17 7.86575e-19 3.87332e-27
3360 1.07388e-17 7.90774e-19 3.86402e-27
3370 1.07754e-17 7.94885e-19 3.85478e-27
3380 1.08121e-17 7.98906e-19 3.84561e-27
3390 1.08488e-17 8.02837e-19 3.8365e-27
3400 1.08855e-17 8.06676e-19 3.82745e-27
3410 1.09223e-17 8.10421e-19 3.81847e-27
3420 1.09591e-17 8.1407e-19 3.80954e-27
3430 1.0996e-17 8.17623e-19 3.80068e-27
3440 1.10329e-17 8.21078e-19 3.79187e-27
3450 1.10699e-17 8.24433e-19 3.78313e-27
3460 1.11069e-17 8.27687e-19 3.77444e-27
3470 1.11439e-17 8.30839e-19 3.76582e-27
3480 1.1181e-17 8.33888e-19 3.75725e-27
3490 1.12182e-17 8.36832e-19 3.74873e-27
3500 1.12554e-17 8.3967e-19 3.74028e-27
3510 1.12926e-17 8.42401e-19 3.73188e-27
3520 1.13299e-17 8.45025e-19 3.72354e-27
3530 1.13672e-17 8.47539e-19 3.71525e-27
3540 1.14046e-17 8.49942e-19 3.70702e-27
3550 1.14421e-17 8.52235e-19 3.69885e-27
3560 1.14795e-17 8.54416e-19 3.69072e-27
3570 1.15171e-17 8.56484e-19 3.68265e-27
3580 1.15546e-17 8.58438e-19 3.67464e-27
3590 1.15923e-17 8.60277e-19 3.66668e-27
3600 1.16299e-17 8.62001e-19 3.65877e-27
3610 1.16677e-17 8.63609e-19 3.65091e-27
3620 1.17054e-17 8.651e-19 3.64311e-27
3630 1.17433e-17 8.66474e-19 3.63535e-27
3640 1.17811e-17 8.6773e-19 3.62765e-27
3650 1.18191e-17 8.68867e-19 3.62e-27
3660 1.1857e-17 8.69886e-19 3.6124e-27
3670 1.1895e-17 8.70785e-19 3.60484e-27
3680 1.19331e-17 8.71564e-19 3.59734e-27
3690 1.19712e-17 8.72224e-19 3.58989e-27
3700 1.20094e-17 8.72763e-19 3.58248e-27
3710 1.20476e-17 8.73182e-19 3.57512e-27
3720 1.20859e-17 8.7348e-19 3.56781e-27
3730 1.21242e-17 8.73657e-19 3.56055e-27
3740 1.21626e-17 8.73714e-19 3.55334e-27
3750 1.22011e-17 8.73649e-19 3.54617e-27
3760 1.22395e-17 8.73464e-19 3.53905e-27
3770 1.22781e-17 8.73158e-19 3.53197e-27
3780 1.23167e-17 8.72731e-19 3.52494e-27
3790 1.23553e-17 8.72184e-19 3.51796e-27
3800 1.2394e-17 8.71516e-19 3.51102e-27
3810 1.24327e-17 8.70729e-19 3.50413e-27
3820 1.24715e-17 8.69822e-19 3.49728e-27
3830 1.25104e-17 8.68796e-19 3.49047e-27
3840 1.25493e-17 8.6765e-19 3.48371e-27
3850 1.25883e-17 8.66387e-19 3.47699e-27
3860 1.26273e-17 8.65006e-19 3.47031e-27
3870 1.26663e-17 8.63507e-19 3.46368e-27
3880 1.27055e-17 8.61892e-19 3.45709e-27
3890 1.27446e-17 8.60161e-19 3.45054e-27
3900 1.27839e-17 8.58314e-19 3.44404e-27
3910 1.28232e-17 8.56353e-19 3.43757e-27
3920 1.28625e-17 8.54279e-19 3.43115e-27
3930 1.29019e-17 8.52091e-19 3.42477e-27
3940 1.29414e-17 8.49792e-19 3.41842e-27
3950 1.29809e-17 8.47382e-19 3.41212e-27
3960 1.30204e-17 8.44861e-19 3.40586e-27
3970 1.306e-17 8.42232e-19 3.39964e-27
3980 1.30997e-17 8.39495e-19 3.39346e-27
3990 1.31395e-17 8.36651e-19 3.38732e-27
4000 1.31793e-17 8.33702e-19 3.38121e-27
4010 1.32191e-17 8.30648e-19 3.37515e-27
4020 1.3259e-17 8.2749e-19 3.36912e-27
4030 1.3299e-17 8.24231e-19 3.36313e-27
4040 1.3339e-17 8.20872e-19 3.35718e-27
4050 1.33791e-17 8.17413e-19 3.35127e-27
4060 1.34192e-17 8.13856e-19 3.3454e-27
4070 1.34594e-17 8.10203e-19 3.33956e-27
4080 1.34997e-17 8.06455e-19 3.33376e-27
4090 1.354e-17 8.02613e-19 3.32799e-27
4100 1.35803e-17 7.98679e-19 3.32226e-27
4110 1.36208e-17 7.94655e-19 3.31657e-27
4120 1.36613e-17 7.90542e-19 3.31092e-27
4130 1.37018e-17 7.86342e-19 3.3053e-27
4140 1.37424e-17 7.82056e-19 3.29971e-27
4150 1.37831e-17 7.77686e-19 3.29416e-27
4160 1.38238e-17 7.73234e-19 3.28865e-27
4170 1.38646e-17 7.68701e-19 3.28317e-27
4180 1.39055e-17 7.6409e-19 3.27772e-27
4190 1.39464e-17 7.59401e-19 3.27231e-27
4200 1.39874e-17 7.54638e-19 3.26694e-27
4210 1.40284e-17 7.498e-19 3.26159e-27
4220 1.40695e-17 7.44892e-19 3.25628e-27
4230 1.41107e-17 7.39913e-19 3.25101e-27
4240 1.41519e-17 7.34867e-19 3.24577e-27
4250 1.41932e-17 7.29754e-19 3.24056e-27
4260 1.42345e-17 7.24578e-19 3.23538e-27
4270 1.42759e-17 7.19339e-19 3.23024e-27
4280 1.43174e-17 7.1404e-19 3.22512e-27
4290 1.4359e-17 7.08683e-19 3.22004e-27
4300 1.44006e-17 7.03269e-19 3.215e-27
4310 1.44422e-17 6.97801e-19 3.20998e-27
4320 1.4484e-17 6.92281e-19 3.205e-27
4330 1.45258e-17 6.86709e-19 3.20004e-27
4340 1.45676e-17 6.8109e-19 3.19512e-27
4350 1.46095e-17 6.75424e-19 3.19023e-27
4360 1.46515e-17 6.69713e-19 3.18537e-27
4370 1.46936e-17 6.6396e-19 3.18054e-27
4380 1.47357e-17 6.58166e-19 3.17574e-27
4390 1.47779e-17 6.52334e-19 3.17097e-27
4400 1.48201e-17 6.46466e-19 3.16624e-27
4410 1.48625e-17 6.40562e-19 3.16153e-27
4420 1.49048e-17 6.34627e-19 3.15685e-27
4430 1.49473e-17 6.28661e-19 3.1522e-27
4440 1.49898e-17 6.22666e-19 3.14758e-27
4450 1.50324e-17 6.16645e-19 3.14299e-27
4460 1.50751e-17 6.10599e-19 3.13842e-27
4470 1.51178e-17 6.04531e-19 3.13389e-27
4480 1.51606e-17 5.98442e-19 3.12939e-27
4490 1.52034e-17 5.92334e-19 3.12491e-27
4500 1.52464e-17 5.8621e-19 3.12046e-27
4510 1.52893e-17 5.80071e-19 3.11604e-27
4520 1.53324e-17 5.73919e-19 3.11165e-27
4530 1.53755e-17 5.67757e-19 3.10729e-27
4540 1.54187e-17 5.61585e-19 3.10295e-27
4550 1.5462e-17 5.55407e-19 3.09864e-27
4560 1.55054e-17 5.49223e-19 3.09436e-27
4570 1.55488e-17 5.43037e-19 3.09011e-27
4580 1.55923e-17 5.36848e-19 3.08588e-27
4590 1.56358e-17 5.3066e-19 3.08168e-27
4600 1.56794e-17 5.24475e-19 3.07751e-27
4610 1.57231e-17 5.18293e-19 3.07336e-27
4620 1.57669e-17 5.12118e-19 3.06924e-27
4630 1.58107e-17 5.0595e-19 3.06514e-27
4640 1.58547e-17 4.99791e-19 3.06108e-27
4650 1.58986e-17 4.93644e-19 3.05703e-27
4660 1.59427e-17 4.87509e-19 3.05302e-27
4670 1.59868e-17 4.81389e-19 3.04903e-27
4680 1.6031e-17 4.75286e-19 3.04506e-27
4690 1.60753e-17 4.692e-19 3.04112e-27
4700 1.61197e-17 4.63134e-19 3.03721e-27
4710 1.61641e-17 4.57089e-19 3.03332e-27
4720 1.62086e-17 4.51067e-19 3.02946e-27
4730 1.62532e-17 4.45069e-19 3.02562e-27
4740 1.62978e-17 4.39097e-19 3.0218e-27
4750 1.63425e-17 4.33153e-19 3.01801e-27
4760 1.63873e-17 4.27237e-19 3.01425e-27
4770 1.64322e-17 4.21353e-19 3.01051e-27
4780 1.64772e-17 4.155e-19 3.00679e-27
4790 1.65222e-17 4.0968e-19 3.0031e-27
4800 1.65673e-17 4.03895e-19 2.99943e-27
4810 1.66125e-17 3.98147e-19 2.99578e-27
4820 1.66577e-17 3.92436e-19 2.99216e-27
4830 1.67031e-17 3.86764e-19 2.98856e-27
4840 1.67485e-17 3.81133e-19 2.98499e-27
4850 1.6794e-17 3.75543e-19 2.98144e-27
4860 1.68395e-17 3.69996e-19 2.97791e-27
4870 1.68852e-17 3.64493e-19 2.97441e-27
4880 1.69309e-17 3.59036e-19 2.97093e-27
4890 1.69767e-17 3.53625e-19 2.96747e-27
4900 1.70226e-17 3.48262e-19 2.96403e-27
4910 1.70686e-17 3.42948e-19 2.96062e-27
4920 1.71146e-17 3.37685e-19 2.95723e-27
4930 1.71607e-17 3.32473e-19 2.95386e-27
4940 1.72069e-17 3.27313e-19 2.95052e-27
4950 1.72532e-17 3.22207e-19 2.9472e-27
4960 1.72996e-17 3.17156e-19 2.94389e-27
4970 1.7346e-17 3.12161e-19 2.94062e-27
4980 1.73925e-17 3.07222e-19 2.93736e-27
4990 1.74391e-17 3.02342e-19 2.93412e-27
5000 1.74858e-17 2.9752e-19 2.93091e-27
5010 1.75326e-17 2.92758e-19 2.92772e-27
5020 1.75795e-17 2.88058e-19 2.92455e-27
5030 1.76264e-17 2.83419e-19 2.9214e-27
5040 1.76734e-17 2.78843e-19 2.91827e-27
5050 1.77205e-17 2.74331e-19 2.91516e-27
5060 1.77677e-17 2.69883e-19 2.91208e-27
5070 1.7815e-17 2.65501e-19 2.90901e-27
5080 1.78624e-17 2.61186e-19 2.90597e-27
5090 1.79098e-17 2.56939e-19 2.90295e-27
5100 1.79573e-17 2.52759e-19 2.89994e-27
5110 1.8005e-17 2.48649e-19 2.89696e-27
5120 1.80527e-17 2.44609e-19 2.894e-27
5130 1.81004e-17 2.40641e-19 2.89106e-27
5140 1.81483e-17 2.36744e-19 2.88814e-27
5150 1.81963e-17 2.3292e-19 2.88524e-27
5160 1.82443e-17 2.29169e-19 2.88236e-27
5170 1.82925e-17 2.25493e-19 2.8795e-27
5180 1.83407e-17 2.21892e-19 2.87666e-27
5190 1.8389e-17 2.18368e-19 2.87384e-27
5200 1.84374e-17 2.1492e-19 2.87104e-27
5210 1.84859e-17 2.1155e-19 2.86826e-27
5220 1.85345e-17 2.08259e-19 2.8655e-27
5230 1.85831e-17 2.05047e-19 2.86276e-27
5240 1.86319e-17 2.01916e-19 2.86004e-27
5250 1.86807e-17 1.98866e-19 2.85733e-27
5260 1.87297e-17 1.95898e-19 2.85465e-27
5270 1.87787e-17 1.93013e-19 2.85199e-27
5280 1.88278e-17 1.90212e-19 2.84934e-27
5290 1.8877e-17 1.87496e-19 2.84672e-27
5300 1.89263e-17 1.84865e-19 2.84411e-27
5310 1.89757e-17 1.82321e-19 2.84152e-27
5320 1.90252e-17 1.79864e-19 2.83895e-27
5330 1.90748e-17 1.77496e-19 2.8364e-27
5340 1.91244e-17 1.75217e-19 2.83387e-27
5350 1.91742e-17 1.73028e-19 2.83136e-27
5360 1.9224e-17 1.70931e-19 2.82886e-27
5370 1.9274e-17 1.68925e-19 2.82639e-27
5380 1.9324e-17 1.67014e-19 2.82393e-27
5390 1.93742e-17 1.65196e-19 2.82149e-27
5400 1.94244e-17 1.63474e-19 2.81907e-27
5410 1.94747e-17 1.61848e-19 2.81667e-27
5420 1.95252e-17 1.60319e-19 2.81428e-27
5430 1.95757e-17 1.58889e-19 2.81191e-27
5440 1.96263e-17 1.57559e-19 2.80956e-27
5450 1.9677e-17 1.5633e-19 2.80723e-27
5460 1.97278e-17 1.55204e-19 2.80492e-27
5470 1.97787e-17 1.5418e-19 2.80262e-27
5480 1.98297e-17 1.53261e-19 2.80035e-27
5490 1.98808e-17 1.52448e-19 2.79809e-27
5500 1.9932e-17 1.51743e-19 2.79584e-27
5510 1.99833e-17 1.51146e-19 2.79362e-27
5520 2.00347e-17 1.50659e-19 2.79141e-27
5530 2.00862e-17 1.50283e-19 2.78922e-27
5540 2.01378e-17 1.5002e-19 2.78705e-27
5550 2.01895e-17 1.49872e-19 2.78489e-27
5560 2.02413e-17 1.49839e-19 2.78275e-27
5570 2.02932e-17 1.49924e-19 2.78063e-27
5580 2.03452e-17 1.50128e-19 2.77852e-27
5590 2.03973e-17 1.50453e-19 2.77644e-27
5600 2.04495e-17 1.50901e-19 2.77436e-27
5610 2.05019e-17 1.51472e-19 2.77231e-27
5620 2.05543e-17 1.5217e-19 2.77027e-27
5630 2.06068e-17 1.52995e-19 2.76825e-27
5640 2.06594e-17 1.5395e-19 2.76625e-27
5650 2.07121e-17 1.55037e-19 2.76426e-27
5660 2.07649e-17 1.56257e-19 2.76229e-27
5670 2.08179e-17 1.57613e-19 2.76034e-27
5680 2.08709e-17 1.59106e-19 2.7584e-27
5690 2.0924e-17 1.60739e-19 2.75648e-27
5700 2.09773e-17 1.62514e-19 2.75457e-27
5710 2.10306e-17 1.64434e-19 2.75268e-27
5720 2.10841e-17 1.66499e-19 2.75081e-27
5730 2.11377e-17 1.68714e-19 2.74895e-27
5740 2.11913e-17 1.71079e-19 2.74711e-27
5750 2.12451e-17 1.73598e-19 2.74529e-27
5760 2.1299e-17 1.76273e-19 2.74348e-27
5770 2.1353e-17 1.79107e-19 2.74169e-27
5780 2.14071e-17 1.82101e-19 2.73991e-27
5790 2.14613e-17 1.8526e-19 2.73815e-27
5800 2.15157e-17 1.88585e-19 2.73641e-27
5810 2.15701e-17 1.92079e-19 2.73468e-27
5820 2.16246e-17 1.95745e-19 2.73296e-27
5830 2.16793e-17 1.99586e-19 2.73127e-27
5840 2.17341e-17 2.03605e-19 2.72959e-27
5850 2.17889e-17 2.07804e-19 2.72792e-27
5860 2.18439e-17 2.12187e-19 2.72627e-27
5870 2.1899e-17 2.16758e-19 2.72463e-27
5880 2.19543e-17 2.21518e-19 2.72301e-27
5890 2.20096e-17 2.26471e-19 2.72141e-27
5900 2.2065e-17 2.31621e-19 2.71982e-27
5910 2.21206e-17 2.36971e-19 2.71825e-27
5920 2.21763e-17 2.42524e-19 2.71669e-27
5930 2.2232e-17 2.48283e-19 2.71515e-27
5940 2.22879e-17 2.54253e-19 2.71362e-27
5950 2.2344e-17 2.60436e-19 2.7121e-27
5960 2.24001e-17 2.66836e-19 2.71061e-27
5970 2.24564e-17 2.73457e-19 2.70912e-27
5980 2.25127e-17 2.80302e-19 2.70766e-27
5990 2.25692e-17 2.87376e-19 2.7062e-27
6000 2.26258e-17 2.94682e-19 2.70477e-27
6010 2.26825e-17 3.02224e-19 2.70334e-27
6020 2.27394e-17 3.10005e-19 2.70194e-27
6030 2.27963e-17 3.1803e-19 2.70054e-27
6040 2.28534e-17 3.26303e-19 2.69916e-27
6050 2.29106e-17 3.34827e-19 2.6978e-27
6060 2.29679e-17 3.43608e-19 2.69645e-27
6070 2.30254e-17 3.52648e-19 2.69512e-27
6080 2.30829e-17 3.61953e-19 2.6938e-27
6090 2.31406e-17 3.71525e-19 2.69249e-27
6100 2.31984e-17 3.81371e-19 2.6912e-27
6110 2.32564e-17 3.91493e-19 2.68993e-27
6120 2.33144e-17 4.01896e-19 2.68867e-27
6130 2.33726e-17 4.12585e-19 2.68742e-27
6140 2.34309e-17 4.23564e-19 2.68619e-27
6150 2.34893e-17 4.34837e-19 2.68497e-27
6160 2.35479e-17 4.46409e-19 2.68377e-27
6170 2.36065e-17 4.58284e-19 2.68258e-27
6180 2.36653e-17 4.70467e-19 2.6814e-27
6190 2.37243e-17 4.82963e-19 2.68024e-27
6200 2.37833e-17 4.95776e-19 2.67909e-27
6210 2.38425e-17 5.08909e-19 2.67796e-27
6220 2.39018e-17 5.2237e-19 2.67684e-27
6230 2.39613e-17 5.3616e-19 2.67574e-27
6240 2.40208e-17 5.50287e-19 2.67465e-27
6250 2.40805e-17 5.64753e-19 2.67357e-27
6260 2.41403e-17 5.79563e-19 2.67251e-27
6270 2.42003e-17 5.94724e-19 2.67146e-27
6280 2.42604e-17 6.10238e-19 2.67043e-27
6290 2.43206e-17 6.2611e-19 2.66941e-27
6300 2.4381e-17 6.42346e-19 2.6684e-27
6310 2.44414e-17 6.5895e-19 2.66741e-27
6320 2.45021e-17 6.75926e-19 2.66643e-27
6330 2.45628e-17 6.93279e-19 2.66547e-27
6340 2.46237e-17 7.11014e-19 2.66452e-27
6350 2.46847e-17 7.29135e-19 2.66358e-27
6360 2.47458e-17 7.47648e-19 2.66266e-27
6370 2.48071e-17 7.66555e-19 2.66175e-27
6380 2.48685e-17 7.85863e-19 2.66086e-27
6390 2.49301e-17 8.05575e-19 2.65997e-27
6400 2.49918e-17 8.25696e-19 2.65911e-27
6410 2.50536e-17 8.4623e-19 2.65825e-27
6420 2.51156e-17 8.67181e-19 2.65741e-27
6430 2.51777e-17 8.88555e-19 2.65658e-27
6440 2.52399e-17 9.10355e-19 2.65577e-27
6450 2.53023e-17 9.32585e-19 2.65497e-27
6460 2.53648e-17 9.5525e-19 2.65418e-27
6470 2.54275e-17 9.78353e-19 2.65341e-27
6480 2.54903e-17 1.0019e-18 2.65265e-27
6490 2.55533e-17 1.02589e-18 2.65191e-27
6500 2.56163e-17 1.05033e-18 2.65117e-27
6510 2.56796e-17 1.07523e-18 2.65045e-27
6520 2.57429e-17 1.10059e-18 2.64975e-27
6530 2.58065e-17 1.1264e-18 2.64906e-27
6540 2.58701e-17 1.15269e-18 2.64838e-27
6550 2.59339e-17 1.17944e-18 2.64771e-27
6560 2.59979e-17 1.20666e-18 2.64706e-27
6570 2.6062e-17 1.23436e-18 2.64642e-27
6580 2.61262e-17 1.26253e-18 2.64579e-27
6590 2.61906e-17 1.29119e-18 2.64518e-27
6600 2.62551e-17 1.32033e-18 2.64458e-27
6610 2.63198e-17 1.34996e-18 2.644e-27
6620 2.63846e-17 1.38008e-18 2.64343e-27
6630 2.64496e-17 1.41069e-18 2.64287e-27
6640 2.65147e-17 1.4418e-18 2.64232e-27
6650 2.658e-17 1.4734e-18 2.64179e-27
6660 2.66454e-17 1.5055e-18 2.64127e-27
6670 2.6711e-17 1.5381e-18 2.64076e-27
6680 2.67767e-17 1.57121e-18 2.64027e-27
6690 2.68426e-17 1.60482e-18 2.63979e-27
6700 2.69086e-17 1.63893e-18 2.63932e-27
6710 2.69748e-17 1.67356e-18 2.63886e-27
6720 2.70412e-17 1.70869e-18 2.63842e-27
6730 2.71076e-17 1.74433e-18 2.638e-27
6740 2.71743e-17 1.78048e-18 2.63758e-27
6750 2.72411e-17 1.81714e-18 2.63718e-27
6760 2.73081e-17 1.85432e-18 2.63679e-27
6770 2.73752e-17 1.892e-18 2.63641e-27
6780 2.74424e-17 1.9302e-18 2.63605e-27
6790 2.75099e-17 1.96891e-18 2.6357e-27
6800 2.75775e-17 2.00813e-18 2.63536e-27
6810 2.76452e-17 2.04786e-18 2.63504e-27
6820 2.77131e-17 2.0881e-18 2.63473e-27
6830 2.77812e-17 2.12885e-18 2.63443e-27
6840 2.78494e-17 2.17011e-18 2.63414e-27
6850 2.79178e-17 2.21187e-18 2.63387e-27
6860 2.79864e-17 2.25414e-18 2.63361e-27
6870 2.80551e-17 2.29691e-18 2.63337e-27
6880 2.8124e-17 2.34019e-18 2.63313e-27
6890 2.8193e-17 2.38396e-18 2.63291e-27
6900 2.82622e-17 2.42823e-18 2.6327e-27
6910 2.83316e-17 2.47299e-18 2.63251e-27
6920 2.84011e-17 2.51825e-18 2.63233e-27
6930 2.84708e-17 2.56399e-18 2.63216e-27
6940 2.85407e-17 2.61021e-18 2.632e-27
6950 2.86107e-17 2.65692e-18 2.63186e-27
6960 2.86809e-17 2.7041e-18 2.63173e-27
6970 2.87513e-17 2.75175e-18 2.63161e-27
6980 2.88219e-17 2.79988e-18 2.6315e-27
6990 2.88926e-17 2.84846e-18 2.63141e-27
7000 2.89635e-17 2.8975e-18 2.63133e-27
7010 2.90345e-17 2.947e-18 2.63126e-27
7020 2.91058e-17 2.99694e-18 2.63121e-27
7030 2.91772e-17 3.04733e-18 2.63117e-27
7040 2.92487e-17 3.09815e-18 2.63114e-27
7050 2.93205e-17 3.1494e-18 2.63112e-27
7060 2.93924e-17 3.20107e-18 2.63112e-27
7070 2.94645e-17 3.25316e-18 2.63113e-27
7080 2.95368e-17 3.30566e-18 2.63115e-27
7090 2.96092e-17 3.35856e-18 2.63119e-27
7100 2.96819e-17 3.41186e-18 2.63124e-27
7110 2.97547e-17 3.46554e-18 2.6313e-27
7120 2.98277e-17 3.5196e-18 2.63137e-27
7130 2.99008e-17 3.57403e-18 2.63146e-27
7140 2.99742e-17 3.62882e-18 2.63156e-27
7150 3.00477e-17 3.68396e-18 2.63167e-27
7160 3.01214e-17 3.73945e-18 2.63179e-27
7170 3.01953e-17 3.79527e-18 2.63193e-27
7180 3.02694e-17 3.85142e-18 2.63208e-27
7190 3.03437e-17 3.90788e-18 2.63225e-27
7200 3.04181e-17 3.96465e-18 2.63242e-27
7210 3.04927e-17 4.02171e-18 2.63261e-27
7220 3.05675e-17 4.07905e-18 2.63281e-27
7230 3.06425e-17 4.13667e-18 2.63302e-27
7240 3.07177e-17 4.19455e-18 2.63325e-27
7250 3.07931e-17 4.25268e-18 2.63349e-27
7260 3.08687e-17 4.31105e-18 2.63374e-27
7270 3.09444e-17 4.36965e-18 2.63401e-27
7280 3.10204e-17 4.42846e-18 2.63429e-27
7290 3.10965e-17 4.48748e-18 2.63458e-27
7300 3.11728e-17 4.54669e-18 2.63488e-27
7310 3.12493e-17 4.60608e-18 2.63519e-27
7320 3.13261e-17 4.66563e-18 2.63552e-27
7330 3.1403e-17 4.72534e-18 2.63587e-27
7340 3.14801e-17 4.78518e-18 2.63622e-27
7350 3.15574e-17 4.84515e-18 2.63659e-27
7360 3.16349e-17 4.90524e-18 2.63697e-27
7370 3.17125e-17 4.96542e-18 2.63736e-27
7380 3.17904e-17 5.02569e-18 2.63776e-27
7390 3.18685e-17 5.08603e-18 2.63818e-27
7400 3.19468e-17 5.14642e-18 2.63861e-27
7410 3.20253e-17 5.20686e-18 2.63906e-27
