0 0 0
10 0.778436 9.50614e-12
20 0.243872 1.25429e-10
30 0.151386 5.86389e-10
40 0.111848 1.76811e-09
50 0.0893187 4.17585e-09
60 0.0745725 8.437e-09
70 0.0641156 1.52941e-08
80 0.056297 2.55977e-08
90 0.0502244 4.03003e-08
100 0.0453698 6.04491e-08
110 0.0413998 8.71807e-08
120 0.0380929 1.21715e-07
130 0.0352961 1.65347e-07
140 0.0329002 2.19447e-07
150 0.030825 2.85449e-07
160 0.0290107 3.64849e-07
170 0.0274111 4.59199e-07
180 0.0259904 5.70102e-07
190 0.0247205 6.99208e-07
200 0.0235787 8.4821e-07
210 0.0225466 1.01884e-06
220 0.0216092 1.21286e-06
230 0.020754 1.43206e-06
240 0.0199707 1.67826e-06
250 0.0192506 1.95332e-06
260 0.0185863 2.25908e-06
270 0.0179714 2.59743e-06
280 0.0174006 2.97025e-06
290 0.0168692 3.37944e-06
300 0.0163732 3.82692e-06
310 0.015909 4.31457e-06
320 0.0154736 4.84432e-06
330 0.0150643 5.41807e-06
340 0.0146787 6.03773e-06
350 0.0143146 6.70518e-06
360 0.0139702 7.42231e-06
370 0.0136438 8.191e-06
380 0.0133339 9.01311e-06
390 0.0130392 9.89048e-06
400 0.0127585 1.08249e-05
410 0.0124907 1.18183e-05
420 0.0122349 1.28724e-05
430 0.0119901 1.39889e-05
440 0.0117555 1.51696e-05
450 0.0115305 1.64163e-05
460 0.0113144 1.77305e-05
470 0.0111066 1.9114e-05
480 0.0109065 2.05685e-05
490 0.0107136 2.20954e-05
500 0.0105276 2.36964e-05
510 0.010348 2.53731e-05
520 0.0101743 2.71269e-05
530 0.0100063 2.89593e-05
540 0.00984373 3.08717e-05
550 0.00968617 3.28656e-05
560 0.00953341 3.49423e-05
570 0.0093852 3.71032e-05
580 0.00924131 3.93495e-05
590 0.00910154 4.16825e-05
600 0.0089657 4.41034e-05
610 0.00883362 4.66134e-05
620 0.00870512 4.92137e-05
630 0.00858007 5.19052e-05
640 0.00845832 5.46892e-05
650 0.00833976 5.75666e-05
660 0.00822425 6.05384e-05
670 0.0081117 6.36055e-05
680 0.008002 6.67689e-05
690 0.00789506 7.00293e-05
700 0.00779079 7.33877e-05
710 0.00768912 7.68448e-05
720 0.00758996 8.04013e-05
730 0.00749326 8.4058e-05
740 0.00739894 8.78154e-05
750 0.00730695 9.16743e-05
760 0.00721723 9.56351e-05
770 0.00712972 9.96985e-05
780 0.00704439 0.000103865
790 0.00696118 0.000108135
800 0.00688005 0.000112509
810 0.00680096 0.000116987
820 0.00672387 0.000121569
830 0.00664874 0.000126257
840 0.00657555 0.00013105
850 0.00650425 0.000135948
860 0.00643482 0.000140952
870 0.00636722 0.000146062
880 0.00630144 0.000151277
890 0.00623743 0.000156599
900 0.00617518 0.000162027
910 0.00611466 0.00016756
920 0.00605584 0.0001732
930 0.0059987 0.000178945
940 0.00594321 0.000184797
950 0.00588936 0.000190754
960 0.00583712 0.000196817
970 0.00578647 0.000202985
980 0.00573738 0.000209258
990 0.00568984 0.000215637
1000 0.00564382 0.00022212
1010 0.0055993 0.000228707
1020 0.00555627 0.000235398
1030 0.00551469 0.000242193
1040 0.00547455 0.000249091
1050 0.00543583 0.000256091
1060 0.00539851 0.000263194
1070 0.00536256 0.000270399
1080 0.00532797 0.000277705
1090 0.00529471 0.000285112
1100 0.00526277 0.000292619
1110 0.00523212 0.000300226
1120 0.00520275 0.000307932
1130 0.00517462 0.000315736
1140 0.00514773 0.000323638
1150 0.00512204 0.000331637
1160 0.00509754 0.000339732
1170 0.00507421 0.000347923
1180 0.00505202 0.000356208
1190 0.00503096 0.000364588
1200 0.005011 0.000373061
1210 0.00499212 0.000381627
1220 0.0049743 0.000390284
1230 0.00495751 0.000399032
1240 0.00494175 0.00040787
1250 0.00492697 0.000416797
1260 0.00491317 0.000425813
1270 0.00490032 0.000434915
1280 0.0048884 0.000444105
1290 0.00487739 0.000453379
1300 0.00486726 0.000462738
1310 0.004858 0.000472181
1320 0.00484958 0.000481706
1330 0.00484198 0.000491313
1340 0.00483519 0.000501
1350 0.00482917 0.000510767
1360 0.0048239 0.000520612
1370 0.00481938 0.000530535
1380 0.00481556 0.000540535
1390 0.00481245 0.00055061
1400 0.00481 0.000560759
1410 0.00480821 0.000570981
1420 0.00480705 0.000581276
1430 0.0048065 0.000591641
1440 0.00480655 0.000602077
1450 0.00480716 0.000612582
1460 0.00480833 0.000623154
1470 0.00481003 0.000633793
1480 0.00481224 0.000644498
1490 0.00481495 0.000655267
1500 0.00481813 0.0006661
1510 0.00482177 0.000676994
1520 0.00482585 0.00068795
1530 0.00483034 0.000698965
1540 0.00483524 0.00071004
1550 0.00484052 0.000721171
1560 0.00484618 0.00073236
1570 0.00485218 0.000743604
1580 0.00485851 0.000754901
1590 0.00486516 0.000766252
1600 0.00487212 0.000777655
1610 0.00487936 0.000789108
1620 0.00488687 0.000800611
1630 0.00489463 0.000812162
1640 0.00490263 0.000823761
1650 0.00491086 0.000835406
1660 0.0049193 0.000847095
1670 0.00492794 0.000858828
1680 0.00493677 0.000870604
1690 0.00494576 0.000882421
1700 0.00495491 0.000894279
1710 0.00496421 0.000906176
1720 0.00497364 0.000918111
1730 0.0049832 0.000930082
1740 0.00499286 0.000942089
1750 0.00500262 0.000954131
1760 0.00501247 0.000966207
1770 0.0050224 0.000978314
1780 0.0050324 0.000990453
1790 0.00504245 0.00100262
1800 0.00505256 0.00101482
1810 0.0050627 0.00102705
1820 0.00507287 0.0010393
1830 0.00508306 0.00105158
1840 0.00509327 0.00106388
1850 0.00510348 0.0010762
1860 0.00511369 0.00108855
1870 0.00512389 0.00110092
1880 0.00513407 0.00111331
1890 0.00514423 0.00112572
1900 0.00515435 0.00113814
1910 0.00516444 0.00115059
1920 0.00517449 0.00116305
1930 0.00518449 0.00117552
1940 0.00519444 0.00118801
1950 0.00520432 0.0012005
1960 0.00521414 0.00121302
1970 0.0052239 0.00122554
1980 0.00523358 0.00123807
1990 0.00524318 0.00125061
2000 0.00525269 0.00126315
2010 0.00526213 0.00127571
2020 0.00527147 0.00128826
2030 0.00528072 0.00130083
2040 0.00528987 0.00131339
2050 0.00529892 0.00132596
2060 0.00530787 0.00133853
2070 0.00531671 0.0013511
2080 0.00532544 0.00136366
2090 0.00533407 0.00137623
2100 0.00534258 0.00138879
2110 0.00535097 0.00140135
2120 0.00535924 0.00141391
2130 0.0053674 0.00142645
2140 0.00537543 0.001439
2150 0.00538334 0.00145153
2160 0.00539113 0.00146406
2170 0.00539879 0.00147657
2180 0.00540632 0.00148908
2190 0.00541372 0.00150157
2200 0.00542099 0.00151405
2210 0.00542813 0.00152652
2220 0.00543514 0.00153897
2230 0.00544201 0.00155141
2240 0.00544875 0.00156383
2250 0.00545535 0.00157623
2260 0.00546182 0.00158862
2270 0.00546815 0.00160098
2280 0.00547434 0.00161333
2290 0.00548039 0.00162565
2300 0.00548631 0.00163796
2310 0.00549208 0.00165024
2320 0.00549772 0.00166249
2330 0.00550322 0.00167472
2340 0.00550857 0.00168693
2350 0.00551379 0.00169911
2360 0.00551886 0.00171126
2370 0.00552379 0.00172338
2380 0.00552859 0.00173548
2390 0.00553324 0.00174754
2400 0.00553774 0.00175957
2410 0.00554211 0.00177157
2420 0.00554633 0.00178354
2430 0.00555041 0.00179547
2440 0.00555435 0.00180737
2450 0.00555814 0.00181923
2460 0.00556179 0.00183106
2470 0.0055653 0.00184285
2480 0.00556867 0.0018546
2490 0.00557189 0.00186631
2500 0.00557497 0.00187798
2510 0.00557791 0.00188961
2520 0.0055807 0.00190119
2530 0.00558335 0.00191274
2540 0.00558585 0.00192424
2550 0.00558821 0.00193569
2560 0.00559043 0.0019471
2570 0.00559251 0.00195847
2580 0.00559444 0.00196978
2590 0.00559622 0.00198105
2600 0.00559787 0.00199227
2610 0.00559936 0.00200344
2620 0.00560072 0.00201456
2630 0.00560193 0.00202562
2640 0.005603 0.00203664
2650 0.00560392 0.0020476
2660 0.0056047 0.0020585
2670 0.00560533 0.00206936
2680 0.00560582 0.00208015
2690 0.00560617 0.00209089
2700 0.00560637 0.00210157
2710 0.00560643 0.00211219
2720 0.00560634 0.00212275
2730 0.00560611 0.00213325
2740 0.00560573 0.00214369
2750 0.00560521 0.00215407
2760 0.00560454 0.00216438
2770 0.00560373 0.00217463
2780 0.00560277 0.00218482
2790 0.00560167 0.00219494
2800 0.00560043 0.00220499
2810 0.00559904 0.00221498
2820 0.0055975 0.0022249
2830 0.00559582 0.00223475
2840 0.00559399 0.00224453
2850 0.00559202 0.00225424
2860 0.00558991 0.00226387
2870 0.00558765 0.00227344
2880 0.00558524 0.00228293
2890 0.00558269 0.00229235
2900 0.00558 0.0023017
2910 0.00557716 0.00231097
2920 0.00557417 0.00232016
2930 0.00557104 0.00232928
2940 0.00556776 0.00233832
2950 0.00556434 0.00234728
2960 0.00556078 0.00235616
2970 0.00555707 0.00236496
2980 0.00555321 0.00237368
2990 0.00554922 0.00238232
3000 0.00554507 0.00239088
3010 0.00554079 0.00239935
3020 0.00553636 0.00240774
3030 0.00553178 0.00241605
3040 0.00552706 0.00242427
3050 0.0055222 0.00243241
3060 0.0055172 0.00244046
3070 0.00551205 0.00244842
3080 0.00550676 0.0024563
3090 0.00550132 0.00246409
3100 0.00549575 0.00247178
3110 0.00549003 0.00247939
3120 0.00548417 0.00248691
3130 0.00547817 0.00249434
3140 0.00547203 0.00250168
3150 0.00546574 0.00250893
3160 0.00545932 0.00251608
3170 0.00545276 0.00252314
3180 0.00544606 0.00253011
3190 0.00543922 0.00253698
3200 0.00543224 0.00254376
3210 0.00542512 0.00255045
3220 0.00541786 0.00255704
3230 0.00541047 0.00256353
3240 0.00540294 0.00256993
3250 0.00539528 0.00257623
3260 0.00538748 0.00258243
3270 0.00537955 0.00258854
3280 0.00537148 0.00259455
3290 0.00536327 0.00260046
3300 0.00535494 0.00260627
3310 0.00534647 0.00261198
3320 0.00533787 0.00261759
3330 0.00532915 0.00262311
3340 0.00532029 0.00262852
3350 0.0053113 0.00263384
3360 0.00530218 0.00263905
3370 0.00529294 0.00264416
3380 0.00528357 0.00264917
3390 0.00527407 0.00265408
3400 0.00526445 0.00265889
3410 0.0052547 0.0026636
3420 0.00524483 0.00266821
3430 0.00523484 0.00267271
3440 0.00522473 0.00267712
3450 0.0052145 0.00268142
3460 0.00520414 0.00268562
3470 0.00519367 0.00268971
3480 0.00518308 0.00269371
3490 0.00517238 0.0026976
3500 0.00516156 0.00270139
3510 0.00515062 0.00270508
3520 0.00513958 0.00270866
3530 0.00512842 0.00271215
3540 0.00511714 0.00271553
3550 0.00510576 0.00271881
3560 0.00509427 0.00272198
3570 0.00508268 0.00272506
3580 0.00507097 0.00272803
3590 0.00505916 0.0027309
3600 0.00504725 0.00273367
3610 0.00503523 0.00273634
3620 0.00502312 0.0027389
3630 0.0050109 0.00274137
3640 0.00499858 0.00274373
3650 0.00498616 0.00274599
3660 0.00497365 0.00274816
3670 0.00496104 0.00275022
3680 0.00494834 0.00275218
3690 0.00493555 0.00275404
3700 0.00492266 0.0027558
3710 0.00490968 0.00275747
3720 0.00489662 0.00275903
3730 0.00488346 0.0027605
3740 0.00487022 0.00276186
3750 0.0048569 0.00276313
3760 0.00484349 0.00276431
3770 0.00483 0.00276538
3780 0.00481642 0.00276636
3790 0.00480277 0.00276724
3800 0.00478904 0.00276802
3810 0.00477523 0.00276871
3820 0.00476135 0.0027693
3830 0.00474739 0.0027698
3840 0.00473335 0.0027702
3850 0.00471925 0.00277051
3860 0.00470507 0.00277073
3870 0.00469083 0.00277085
3880 0.00467651 0.00277088
3890 0.00466213 0.00277082
3900 0.00464769 0.00277066
3910 0.00463318 0.00277041
3920 0.00461861 0.00277008
3930 0.00460397 0.00276965
3940 0.00458928 0.00276913
3950 0.00457452 0.00276852
3960 0.00455971 0.00276782
3970 0.00454484 0.00276703
3980 0.00452991 0.00276616
3990 0.00451494 0.0027652
4000 0.0044999 0.00276415
4010 0.00448482 0.00276301
4020 0.00446968 0.00276179
4030 0.0044545 0.00276048
4040 0.00443927 0.00275908
4050 0.00442399 0.0027576
4060 0.00440866 0.00275604
4070 0.00439329 0.00275439
4080 0.00437787 0.00275265
4090 0.00436241 0.00275084
4100 0.00434691 0.00274894
4110 0.00433137 0.00274696
4120 0.00431579 0.00274489
4130 0.00430017 0.00274275
4140 0.00428451 0.00274052
4150 0.00426881 0.00273821
4160 0.00425308 0.00273582
4170 0.00423731 0.00273335
4180 0.00422151 0.0027308
4190 0.00420567 0.00272817
4200 0.00418981 0.00272546
4210 0.00417391 0.00272267
4220 0.00415798 0.00271981
4230 0.00414201 0.00271686
4240 0.00412602 0.00271384
4250 0.00411 0.00271073
4260 0.00409396 0.00270755
4270 0.00407788 0.0027043
4280 0.00406178 0.00270096
4290 0.00404565 0.00269755
4300 0.00402949 0.00269406
4310 0.00401331 0.00269049
4320 0.00399711 0.00268685
4330 0.00398088 0.00268313
4340 0.00396463 0.00267933
4350 0.00394835 0.00267545
4360 0.00393205 0.0026715
4370 0.00391573 0.00266747
4380 0.00389938 0.00266336
4390 0.00388302 0.00265918
4400 0.00386663 0.00265491
4410 0.00385022 0.00265058
4420 0.00383378 0.00264616
4430 0.00381733 0.00264166
4440 0.00380086 0.00263709
4450 0.00378436 0.00263244
4460 0.00376784 0.00262771
4470 0.0037513 0.0026229
4480 0.00373474 0.00261801
4490 0.00371816 0.00261304
4500 0.00370156 0.00260799
4510 0.00368494 0.00260287
4520 0.00366829 0.00259766
4530 0.00365162 0.00259236
4540 0.00363493 0.00258699
4550 0.00361822 0.00258153
4560 0.00360148 0.00257599
4570 0.00358473 0.00257037
4580 0.00356794 0.00256466
4590 0.00355114 0.00255887
4600 0.0035343 0.00255299
4610 0.00351745 0.00254702
4620 0.00350056 0.00254096
4630 0.00348365 0.00253482
4640 0.00346672 0.00252859
4650 0.00344975 0.00252226
4660 0.00343276 0.00251585
4670 0.00341573 0.00250934
4680 0.00339868 0.00250274
4690 0.0033816 0.00249604
4700 0.00336448 0.00248925
4710 0.00334733 0.00248237
4720 0.00333015 0.00247538
4730 0.00331293 0.00246829
4740 0.00329567 0.00246111
4750 0.00327838 0.00245382
4760 0.00326105 0.00244643
4770 0.00324368 0.00243894
4780 0.00322627 0.00243134
4790 0.00320882 0.00242363
4800 0.00319132 0.00241582
4810 0.00317378 0.00240789
4820 0.0031562 0.00239985
4830 0.00313856 0.0023917
4840 0.00312088 0.00238344
4850 0.00310315 0.00237506
4860 0.00308537 0.00236656
4870 0.00306753 0.00235795
4880 0.00304964 0.00234921
4890 0.0030317 0.00234035
4900 0.00301369 0.00233137
4910 0.00299563 0.00232226
4920 0.00297751 0.00231303
4930 0.00295933 0.00230367
4940 0.00294108 0.00229417
4950 0.00292277 0.00228455
4960 0.00290439 0.00227479
4970 0.00288594 0.0022649
4980 0.00286743 0.00225487
4990 0.00284884 0.0022447
5000 0.00283018 0.00223439
5010 0.00281144 0.00222394
5020 0.00279263 0.00221335
5030 0.00277375 0.00220261
5040 0.00275478 0.00219173
5050 0.00273574 0.0021807
5060 0.00271661 0.00216952
5070 0.00269741 0.0021582
5080 0.00267811 0.00214672
5090 0.00265874 0.00213509
5100 0.00263927 0.0021233
5110 0.00261972 0.00211136
5120 0.00260009 0.00209927
5130 0.00258036 0.00208702
5140 0.00256054 0.00207461
5150 0.00254063 0.00206204
5160 0.00252063 0.00204932
5170 0.00250054 0.00203643
5180 0.00248036 0.00202339
5190 0.00246008 0.00201018
5200 0.00243971 0.00199682
5210 0.00241925 0.00198329
5220 0.00239869 0.00196961
5230 0.00237804 0.00195576
5240 0.00235729 0.00194175
5250 0.00233646 0.00192759
5260 0.00231553 0.00191326
5270 0.00229451 0.00189878
5280 0.00227339 0.00188414
5290 0.00225219 0.00186934
5300 0.0022309 0.00185439
5310 0.00220953 0.00183929
5320 0.00218806 0.00182403
5330 0.00216651 0.00180863
5340 0.00214488 0.00179307
5350 0.00212317 0.00177737
5360 0.00210138 0.00176153
5370 0.00207952 0.00174554
5380 0.00205758 0.00172942
5390 0.00203558 0.00171316
5400 0.0020135 0.00169677
5410 0.00199136 0.00168025
5420 0.00196917 0.00166361
5430 0.00194691 0.00164685
5440 0.0019246 0.00162997
5450 0.00190225 0.00161298
5460 0.00187985 0.00159588
5470 0.0018574 0.00157867
5480 0.00183493 0.00156137
5490 0.00181242 0.00154398
5500 0.00178989 0.00152649
5510 0.00176734 0.00150893
5520 0.00174477 0.00149129
5530 0.0017222 0.00147357
5540 0.00169962 0.0014558
5550 0.00167704 0.00143796
5560 0.00165448 0.00142007
5570 0.00163193 0.00140214
5580 0.0016094 0.00138417
5590 0.0015869 0.00136616
5600 0.00156443 0.00134814
5610 0.00154201 0.00133009
5620 0.00151964 0.00131203
5630 0.00149732 0.00129397
5640 0.00147506 0.00127592
5650 0.00145288 0.00125787
5660 0.00143077 0.00123985
5670 0.00140875 0.00122185
5680 0.00138682 0.00120389
5690 0.00136499 0.00118597
5700 0.00134326 0.0011681
5710 0.00132165 0.00115028
5720 0.00130016 0.00113254
5730 0.0012788 0.00111486
5740 0.00125758 0.00109727
5750 0.0012365 0.00107976
5760 0.00121557 0.00106235
5770 0.0011948 0.00104505
5780 0.00117419 0.00102785
5790 0.00115375 0.00101077
5800 0.00113349 0.000993816
5810 0.00111342 0.000976994
5820 0.00109354 0.00096031
5830 0.00107385 0.000943771
5840 0.00105437 0.000927385
5850 0.0010351 0.000911156
5860 0.00101604 0.000895092
5870 0.000997202 0.000879198
5880 0.000978592 0.000863481
5890 0.000960213 0.000847945
5900 0.00094207 0.000832596
5910 0.000924169 0.00081744
5920 0.000906513 0.000802481
5930 0.000889107 0.000787724
5940 0.000871955 0.000773173
5950 0.000855061 0.000758833
5960 0.000838429 0.000744708
5970 0.000822061 0.000730802
5980 0.000805962 0.000717117
5990 0.000790133 0.000703658
6000 0.000774577 0.000690428
6010 0.000759297 0.000677429
6020 0.000744295 0.000664663
6030 0.000729573 0.000652134
6040 0.000715133 0.000639843
6050 0.000700975 0.000627793
6060 0.000687101 0.000615984
6070 0.000673513 0.000604418
6080 0.00066021 0.000593097
6090 0.000647193 0.000582021
6100 0.000634463 0.000571192
6110 0.000622019 0.000560609
6120 0.000609862 0.000550273
6130 0.000597991 0.000540184
6140 0.000586406 0.000530342
6150 0.000575106 0.000520748
6160 0.00056409 0.000511399
6170 0.000553357 0.000502297
6180 0.000542905 0.00049344
6190 0.000532735 0.000484827
6200 0.000522843 0.000476458
6210 0.000513228 0.00046833
6220 0.000503889 0.000460443
6230 0.000494824 0.000452796
6240 0.00048603 0.000445385
6250 0.000477505 0.000438211
6260 0.000469247 0.000431271
6270 0.000461254 0.000424563
6280 0.000453522 0.000418085
6290 0.00044605 0.000411835
6300 0.000438835 0.000405811
6310 0.000431874 0.00040001
6320 0.000425164 0.00039443
6330 0.000418703 0.000389069
6340 0.000412487 0.000383925
6350 0.000406513 0.000378994
6360 0.000400778 0.000374274
6370 0.00039528 0.000369763
6380 0.000390015 0.000365457
6390 0.00038498 0.000361355
6400 0.000380171 0.000357452
6410 0.000375586 0.000353748
6420 0.000371221 0.000350238
6430 0.000367074 0.000346921
6440 0.00036314 0.000343792
6450 0.000359416 0.00034085
6460 0.0003559 0.000338092
6470 0.000352588 0.000335514
6480 0.000349476 0.000333115
6490 0.000346562 0.00033089
6500 0.000343842 0.000328838
6510 0.000341312 0.000326955
6520 0.000338971 0.000325239
6530 0.000336814 0.000323687
6540 0.000334838 0.000322296
6550 0.00033304 0.000321064
6560 0.000331418 0.000319987
6570 0.000329967 0.000319063
6580 0.000328685 0.00031829
6590 0.000327568 0.000317664
6600 0.000326615 0.000317183
6610 0.000325821 0.000316845
6620 0.000325183 0.000316647
6630 0.0003247 0.000316586
6640 0.000324367 0.000316661
6650 0.000324182 0.000316867
6660 0.000324143 0.000317204
6670 0.000324245 0.000317668
6680 0.000324488 0.000318258
6690 0.000324867 0.00031897
6700 0.000325381 0.000319803
6710 0.000326026 0.000320754
6720 0.0003268 0.000321822
6730 0.000327701 0.000323003
6740 0.000328726 0.000324297
6750 0.000329873 0.0003257
6760 0.000331138 0.000327211
6770 0.000332521 0.000328827
6780 0.000334017 0.000330548
6790 0.000335626 0.00033237
6800 0.000337345 0.000334292
6810 0.000339172 0.000336312
6820 0.000341105 0.000338428
6830 0.000343141 0.000340638
6840 0.000345279 0.000342942
6850 0.000347516 0.000345336
6860 0.000349851 0.00034782
6870 0.000352282 0.000350392
6880 0.000354806 0.00035305
6890 0.000357423 0.000355792
6900 0.00036013 0.000358619
6910 0.000362926 0.000361527
6920 0.000365809 0.000364516
6930 0.000368778 0.000367584
6940 0.000371831 0.00037073
6950 0.000374967 0.000373954
6960 0.000378184 0.000377253
6970 0.000381481 0.000380627
6980 0.000384857 0.000384075
6990 0.000388311 0.000387596
7000 0.000391841 0.000391189
7010 0.000395446 0.000394853
7020 0.000399127 0.000398587
7030 0.000402881 0.000402392
7040 0.000406708 0.000406265
7050 0.000410608 0.000410208
7060 0.000414579 0.000414219
7070 0.000418621 0.000418298
7080 0.000422735 0.000422445
7090 0.000426919 0.00042666
7100 0.000431173 0.000430943
7110 0.000435498 0.000435293
7120 0.000439894 0.000439712
7130 0.00044436 0.0004442
7140 0.000448897 0.000448757
7150 0.000453506 0.000453383
7160 0.000458188 0.00045808
7170 0.000462943 0.000462849
7180 0.000467772 0.000467691
7190 0.000472677 0.000472607
7200 0.000477659 0.000477599
7210 0.000482721 0.00048267
7220 0.000487863 0.00048782
7230 0.000493089 0.000493053
7240 0.000498401 0.000498371
7250 0.000503803 0.000503778
7260 0.000509297 0.000509276
7270 0.000514888 0.000514871
7280 0.00052058 0.000520566
7290 0.000526378 0.000526367
7300 0.000532287 0.000532278
7310 0.000538314 0.000538307
7320 0.000544465 0.00054446
7330 0.000550749 0.000550745
7340 0.000557174 0.000557171
7350 0.000563749 0.000563747
7360 0.000570487 0.000570485
7370 0.000577398 0.000577397
7380 0.000584499 0.000584498
7390 0.000591804 0.000591803
7400 0.000599331 0.000599331
7410 0.000607103 0.000607102
7420 0.000615142 0.000615142
7430 0.000623476 0.000623476
7440 0.000632137 0.000632137
7450 0.000641164 0.000641164
7460 0.000650598 0.000650598
7470 0.000660493 0.000660493
7480 0.000670911 0.000670911
7490 0.000681925 0.000681925
7500 0.000693628 0.000693628
7510 4.10952e-06 4.10952e-06
