0 0 0
10 0.573722 9.08537e-12
20 0.219821 1.19916e-10
30 0.144036 5.60852e-10
40 0.10903 1.69189e-09
50 0.0880056 3.99774e-09
60 0.0738763 8.08107e-09
70 0.0637137 1.4656e-08
80 0.0560522 2.4542e-08
90 0.0500707 3.86573e-08
100 0.0452722 5.80137e-08
110 0.0413381 8.37101e-08
120 0.0380546 1.16928e-07
130 0.0352729 1.58924e-07
140 0.0328864 2.11029e-07
150 0.0308165 2.74637e-07
160 0.0290042 3.51206e-07
170 0.027404 4.4225e-07
180 0.0259808 5.49336e-07
190 0.0247066 6.7408e-07
200 0.023559 8.1814e-07
210 0.0225198 9.83216e-07
220 0.0215742 1.17104e-06
230 0.0207099 1.38339e-06
240 0.0199167 1.62205e-06
250 0.0191859 1.88884e-06
260 0.0185103 2.18562e-06
270 0.0178836 2.51424e-06
280 0.0173005 2.87658e-06
290 0.0167564 3.27453e-06
300 0.0162473 3.70999e-06
310 0.0157698 4.18488e-06
320 0.0153209 4.70109e-06
330 0.0148979 5.26055e-06
340 0.0144985 5.86517e-06
350 0.0141206 6.51685e-06
360 0.0137624 7.21752e-06
370 0.0134222 7.96906e-06
380 0.0130986 8.77336e-06
390 0.0127903 9.6323e-06
400 0.0124962 1.05477e-05
410 0.0122151 1.15216e-05
420 0.0119463 1.25555e-05
430 0.0116887 1.36516e-05
440 0.0114416 1.48114e-05
450 0.0112044 1.60367e-05
460 0.0109764 1.73295e-05
470 0.010757 1.86913e-05
480 0.0105458 2.01238e-05
490 0.0103422 2.16288e-05
500 0.0101458 2.32079e-05
510 0.0099562 2.48627e-05
520 0.00977307 2.65949e-05
530 0.00959605 2.84059e-05
540 0.00942484 3.02973e-05
550 0.00925917 3.22706e-05
560 0.00909878 3.43274e-05
570 0.00894343 3.64689e-05
580 0.00879289 3.86967e-05
590 0.00864698 4.10121e-05
600 0.0085055 4.34164e-05
610 0.00836829 4.59109e-05
620 0.00823518 4.84969e-05
630 0.00810602 5.11757e-05
640 0.00798069 5.39483e-05
650 0.00785904 5.6816e-05
660 0.00774097 5.97799e-05
670 0.00762636 6.2841e-05
680 0.0075151 6.60005e-05
690 0.00740711 6.92592e-05
700 0.00730229 7.26182e-05
710 0.00720056 7.60784e-05
720 0.00710183 7.96407e-05
730 0.00700603 8.33059e-05
740 0.0069131 8.70748e-05
750 0.00682295 9.09483e-05
760 0.00673553 9.4927e-05
770 0.00665079 9.90117e-05
780 0.00656865 0.000103203
790 0.00648906 0.000107502
800 0.00641198 0.000111908
810 0.00633735 0.000116423
820 0.00626513 0.000121047
830 0.00619526 0.00012578
840 0.0061277 0.000130623
850 0.00606241 0.000135576
860 0.00599935 0.000140639
870 0.00593847 0.000145814
880 0.00587974 0.0001511
890 0.00582311 0.000156497
900 0.00576855 0.000162006
910 0.00571602 0.000167627
920 0.00566549 0.00017336
930 0.00561691 0.000179205
940 0.00557025 0.000185162
950 0.00552548 0.000191232
960 0.00548256 0.000197413
970 0.00544146 0.000203708
980 0.00540214 0.000210114
990 0.00536458 0.000216633
1000 0.00532873 0.000223264
1010 0.00529457 0.000230007
1020 0.00526206 0.000236861
1030 0.00523116 0.000243827
1040 0.00520186 0.000250905
1050 0.00517411 0.000258094
1060 0.00514788 0.000265393
1070 0.00512315 0.000272804
1080 0.00509987 0.000280324
1090 0.00507802 0.000287954
1100 0.00505757 0.000295694
1110 0.00503849 0.000303543
1120 0.00502073 0.0003115
1130 0.00500428 0.000319566
1140 0.0049891 0.000327739
1150 0.00497517 0.00033602
1160 0.00496244 0.000344407
1170 0.00495089 0.0003529
1180 0.00494049 0.000361499
1190 0.00493121 0.000370203
1200 0.00492302 0.000379011
1210 0.00491589 0.000387922
1220 0.00490978 0.000396937
1230 0.00490467 0.000406054
1240 0.00490054 0.000415273
1250 0.00489734 0.000424593
1260 0.00489505 0.000434013
1270 0.00489365 0.000443532
1280 0.0048931 0.00045315
1290 0.00489337 0.000462867
1300 0.00489444 0.00047268
1310 0.00489628 0.000482589
1320 0.00489887 0.000492594
1330 0.00490216 0.000502694
1340 0.00490614 0.000512888
1350 0.00491078 0.000523174
1360 0.00491606 0.000533553
1370 0.00492194 0.000544023
1380 0.0049284 0.000554583
1390 0.00493542 0.000565232
1400 0.00494297 0.00057597
1410 0.00495103 0.000586796
1420 0.00495956 0.000597708
1430 0.00496856 0.000608705
1440 0.00497799 0.000619788
1450 0.00498783 0.000630954
1460 0.00499806 0.000642203
1470 0.00500865 0.000653533
1480 0.00501959 0.000664944
1490 0.00503084 0.000676435
1500 0.0050424 0.000688005
1510 0.00505424 0.000699652
1520 0.00506634 0.000711376
1530 0.00507868 0.000723176
1540 0.00509124 0.000735051
1550 0.00510401 0.000746999
1560 0.00511695 0.000759019
1570 0.00513006 0.000771112
1580 0.00514332 0.000783274
1590 0.00515671 0.000795507
1600 0.00517022 0.000807807
1610 0.00518382 0.000820175
1620 0.00519751 0.000832609
1630 0.00521126 0.000845109
1640 0.00522507 0.000857672
1650 0.00523892 0.000870299
1660 0.00525279 0.000882988
1670 0.00526667 0.000895737
1680 0.00528056 0.000908547
1690 0.00529443 0.000921415
1700 0.00530827 0.000934341
1710 0.00532208 0.000947324
1720 0.00533584 0.000960363
1730 0.00534954 0.000973456
1740 0.00536318 0.000986602
1750 0.00537674 0.000999801
1760 0.00539021 0.00101305
1770 0.00540359 0.00102635
1780 0.00541686 0.0010397
1790 0.00543002 0.0010531
1800 0.00544306 0.00106655
1810 0.00545598 0.00108004
1820 0.00546876 0.00109357
1830 0.0054814 0.00110715
1840 0.0054939 0.00112078
1850 0.00550625 0.00113444
1860 0.00551844 0.00114815
1870 0.00553046 0.00116189
1880 0.00554233 0.00117567
1890 0.00555402 0.0011895
1900 0.00556553 0.00120335
1910 0.00557687 0.00121725
1920 0.00558803 0.00123117
1930 0.005599 0.00124513
1940 0.00560978 0.00125913
1950 0.00562038 0.00127315
1960 0.00563078 0.00128721
1970 0.00564099 0.00130129
1980 0.00565099 0.0013154
1990 0.00566081 0.00132954
2000 0.00567042 0.00134371
2010 0.00567983 0.0013579
2020 0.00568903 0.00137211
2030 0.00569804 0.00138635
2040 0.00570684 0.00140061
2050 0.00571544 0.00141489
2060 0.00572383 0.00142919
2070 0.00573201 0.00144351
2080 0.00574 0.00145785
2090 0.00574777 0.0014722
2100 0.00575534 0.00148657
2110 0.00576271 0.00150095
2120 0.00576987 0.00151535
2130 0.00577683 0.00152976
2140 0.00578359 0.00154419
2150 0.00579014 0.00155862
2160 0.00579649 0.00157306
2170 0.00580264 0.00158751
2180 0.00580859 0.00160197
2190 0.00581434 0.00161644
2200 0.00581989 0.00163091
2210 0.00582524 0.00164538
2220 0.0058304 0.00165986
2230 0.00583536 0.00167434
2240 0.00584013 0.00168883
2250 0.00584471 0.00170331
2260 0.00584909 0.00171779
2270 0.00585328 0.00173227
2280 0.00585729 0.00174675
2290 0.0058611 0.00176123
2300 0.00586473 0.0017757
2310 0.00586818 0.00179016
2320 0.00587144 0.00180462
2330 0.00587451 0.00181906
2340 0.00587741 0.0018335
2350 0.00588012 0.00184793
2360 0.00588266 0.00186235
2370 0.00588502 0.00187676
2380 0.0058872 0.00189115
2390 0.00588921 0.00190553
2400 0.00589104 0.00191989
2410 0.0058927 0.00193424
2420 0.00589419 0.00194857
2430 0.00589551 0.00196288
2440 0.00589666 0.00197717
2450 0.00589764 0.00199144
2460 0.00589845 0.00200569
2470 0.0058991 0.00201991
2480 0.00589958 0.00203411
2490 0.0058999 0.00204829
2500 0.00590006 0.00206244
2510 0.00590006 0.00207656
2520 0.00589989 0.00209065
2530 0.00589957 0.00210471
2540 0.00589909 0.00211875
2550 0.00589845 0.00213275
2560 0.00589766 0.00214671
2570 0.00589671 0.00216065
2580 0.0058956 0.00217455
2590 0.00589434 0.00218841
2600 0.00589293 0.00220223
2610 0.00589137 0.00221601
2620 0.00588966 0.00222976
2630 0.00588779 0.00224346
2640 0.00588578 0.00225712
2650 0.00588362 0.00227074
2660 0.00588131 0.00228431
2670 0.00587886 0.00229784
2680 0.00587626 0.00231132
2690 0.00587351 0.00232475
2700 0.00587062 0.00233813
2710 0.00586758 0.00235146
2720 0.00586441 0.00236474
2730 0.00586109 0.00237797
2740 0.00585762 0.00239114
2750 0.00585402 0.00240426
2760 0.00585028 0.00241732
2770 0.0058464 0.00243032
2780 0.00584237 0.00244326
2790 0.00583822 0.00245615
2800 0.00583392 0.00246897
2810 0.00582949 0.00248173
2820 0.00582492 0.00249442
2830 0.00582021 0.00250705
2840 0.00581537 0.00251962
2850 0.00581039 0.00253211
2860 0.00580529 0.00254454
2870 0.00580005 0.0025569
2880 0.00579467 0.00256918
2890 0.00578917 0.0025814
2900 0.00578353 0.00259354
2910 0.00577776 0.0026056
2920 0.00577187 0.00261759
2930 0.00576584 0.00262951
2940 0.00575969 0.00264134
2950 0.00575341 0.00265309
2960 0.005747 0.00266477
2970 0.00574046 0.00267636
2980 0.0057338 0.00268787
2990 0.00572701 0.00269929
3000 0.0057201 0.00271063
3010 0.00571306 0.00272189
3020 0.00570591 0.00273305
3030 0.00569862 0.00274413
3040 0.00569122 0.00275511
3050 0.0056837 0.00276601
3060 0.00567605 0.00277681
3070 0.00566829 0.00278752
3080 0.0056604 0.00279813
3090 0.0056524 0.00280865
3100 0.00564428 0.00281907
3110 0.00563604 0.00282939
3120 0.00562768 0.00283962
3130 0.00561921 0.00284974
3140 0.00561063 0.00285976
3150 0.00560193 0.00286969
3160 0.00559311 0.0028795
3170 0.00558419 0.00288922
3180 0.00557515 0.00289882
3190 0.005566 0.00290832
3200 0.00555674 0.00291772
3210 0.00554737 0.002927
3220 0.00553789 0.00293618
3230 0.0055283 0.00294524
3240 0.0055186 0.0029542
3250 0.0055088 0.00296304
3260 0.00549889 0.00297177
3270 0.00548888 0.00298038
3280 0.00547876 0.00298888
3290 0.00546853 0.00299726
3300 0.00545821 0.00300553
3310 0.00544778 0.00301368
3320 0.00543725 0.0030217
3330 0.00542661 0.00302961
3340 0.00541588 0.0030374
3350 0.00540505 0.00304507
3360 0.00539412 0.00305262
3370 0.00538309 0.00306004
3380 0.00537197 0.00306734
3390 0.00536074 0.00307451
3400 0.00534943 0.00308156
3410 0.00533801 0.00308848
3420 0.00532651 0.00309528
3430 0.00531491 0.00310195
3440 0.00530321 0.00310849
3450 0.00529143 0.0031149
3460 0.00527955 0.00312118
3470 0.00526758 0.00312733
3480 0.00525553 0.00313335
3490 0.00524338 0.00313924
3500 0.00523115 0.003145
3510 0.00521882 0.00315062
3520 0.00520642 0.00315611
3530 0.00519392 0.00316147
3540 0.00518134 0.00316669
3550 0.00516867 0.00317177
3560 0.00515592 0.00317672
3570 0.00514308 0.00318153
3580 0.00513016 0.0031862
3590 0.00511716 0.00319074
3600 0.00510408 0.00319514
3610 0.00509091 0.0031994
3620 0.00507766 0.00320351
3630 0.00506434 0.00320749
3640 0.00505093 0.00321133
3650 0.00503744 0.00321503
3660 0.00502388 0.00321858
3670 0.00501023 0.00322199
3680 0.00499651 0.00322526
3690 0.00498271 0.00322838
3700 0.00496883 0.00323136
3710 0.00495487 0.0032342
3720 0.00494084 0.00323689
3730 0.00492673 0.00323943
3740 0.00491254 0.00324183
3750 0.00489828 0.00324408
3760 0.00488394 0.00324618
3770 0.00486953 0.00324814
3780 0.00485504 0.00324994
3790 0.00484048 0.0032516
3800 0.00482584 0.0032531
3810 0.00481113 0.00325446
3820 0.00479634 0.00325566
3830 0.00478148 0.00325671
3840 0.00476654 0.00325761
3850 0.00475153 0.00325835
3860 0.00473644 0.00325894
3870 0.00472127 0.00325938
3880 0.00470604 0.00325965
3890 0.00469072 0.00325978
3900 0.00467533 0.00325974
3910 0.00465986 0.00325955
3920 0.00464432 0.0032592
3930 0.0046287 0.00325868
3940 0.00461301 0.00325801
3950 0.00459723 0.00325717
3960 0.00458138 0.00325618
3970 0.00456545 0.00325502
3980 0.00454944 0.00325369
3990 0.00453335 0.0032522
4000 0.00451718 0.00325054
4010 0.00450093 0.00324871
4020 0.0044846 0.00324672
4030 0.00446818 0.00324455
4040 0.00445168 0.00324222
4050 0.0044351 0.00323971
4060 0.00441843 0.00323702
4070 0.00440167 0.00323417
4080 0.00438483 0.00323113
4090 0.00436789 0.00322792
4100 0.00435087 0.00322452
4110 0.00433376 0.00322095
4120 0.00431655 0.0032172
4130 0.00429925 0.00321326
4140 0.00428185 0.00320913
4150 0.00426436 0.00320482
4160 0.00424677 0.00320032
4170 0.00422908 0.00319563
4180 0.00421129 0.00319074
4190 0.0041934 0.00318567
4200 0.0041754 0.00318039
4210 0.0041573 0.00317492
4220 0.00413909 0.00316925
4230 0.00412076 0.00316338
4240 0.00410233 0.0031573
4250 0.00408378 0.00315102
4260 0.00406512 0.00314453
4270 0.00404634 0.00313783
4280 0.00402744 0.00313092
4290 0.00400842 0.0031238
4300 0.00398927 0.00311646
4310 0.00397 0.0031089
4320 0.0039506 0.00310112
4330 0.00393106 0.00309311
4340 0.0039114 0.00308488
4350 0.0038916 0.00307643
4360 0.00387166 0.00306774
4370 0.00385159 0.00305883
4380 0.00383137 0.00304967
4390 0.003811 0.00304029
4400 0.00379049 0.00303066
4410 0.00376984 0.00302079
4420 0.00374903 0.00301068
4430 0.00372806 0.00300032
4440 0.00370694 0.00298971
4450 0.00368566 0.00297885
4460 0.00366422 0.00296775
4470 0.00364262 0.00295638
4480 0.00362085 0.00294476
4490 0.00359892 0.00293288
4500 0.00357682 0.00292074
4510 0.00355454 0.00290834
4520 0.00353209 0.00289567
4530 0.00350947 0.00288273
4540 0.00348666 0.00286953
4550 0.00346368 0.00285606
4560 0.00344052 0.00284231
4570 0.00341718 0.00282829
4580 0.00339365 0.002814
4590 0.00336994 0.00279943
4600 0.00334604 0.00278459
4610 0.00332195 0.00276947
4620 0.00329768 0.00275407
4630 0.00327322 0.00273839
4640 0.00324856 0.00272243
4650 0.00322372 0.0027062
4660 0.00319869 0.00268968
4670 0.00317346 0.00267289
4680 0.00314805 0.00265581
4690 0.00312244 0.00263846
4700 0.00309665 0.00262083
4710 0.00307066 0.00260292
4720 0.00304449 0.00258474
4730 0.00301814 0.00256628
4740 0.00299159 0.00254755
4750 0.00296487 0.00252856
4760 0.00293796 0.00250929
4770 0.00291087 0.00248976
4780 0.00288361 0.00246996
4790 0.00285617 0.00244991
4800 0.00282857 0.0024296
4810 0.00280079 0.00240903
4820 0.00277286 0.00238822
4830 0.00274476 0.00236717
4840 0.00271651 0.00234587
4850 0.0026881 0.00232434
4860 0.00265956 0.00230259
4870 0.00263087 0.0022806
4880 0.00260204 0.0022584
4890 0.00257309 0.00223599
4900 0.00254402 0.00221338
4910 0.00251483 0.00219056
4920 0.00248552 0.00216756
4930 0.00245612 0.00214437
4940 0.00242662 0.002121
4950 0.00239703 0.00209747
4960 0.00236737 0.00207377
4970 0.00233763 0.00204993
4980 0.00230783 0.00202594
4990 0.00227797 0.00200182
5000 0.00224807 0.00197757
5010 0.00221813 0.00195321
5020 0.00218817 0.00192875
5030 0.00215818 0.00190419
5040 0.00212819 0.00187955
5050 0.0020982 0.00185483
5060 0.00206823 0.00183005
5070 0.00203827 0.00180521
5080 0.00200835 0.00178034
5090 0.00197847 0.00175543
5100 0.00194864 0.0017305
5110 0.00191888 0.00170556
5120 0.00188919 0.00168062
5130 0.00185959 0.00165569
5140 0.00183008 0.00163079
5150 0.00180068 0.00160593
5160 0.0017714 0.00158111
5170 0.00174225 0.00155634
5180 0.00171323 0.00153165
5190 0.00168436 0.00150703
5200 0.00165565 0.00148251
5210 0.00162711 0.00145808
5220 0.00159875 0.00143377
5230 0.00157058 0.00140957
5240 0.00154261 0.00138551
5250 0.00151484 0.0013616
5260 0.0014873 0.00133783
5270 0.00145998 0.00131423
5280 0.00143289 0.00129079
5290 0.00140605 0.00126754
5300 0.00137947 0.00124448
5310 0.00135314 0.00122161
5320 0.00132709 0.00119895
5330 0.00130131 0.00117651
5340 0.00127581 0.00115429
5350 0.00125061 0.00113229
5360 0.0012257 0.00111054
5370 0.0012011 0.00108903
5380 0.0011768 0.00106777
5390 0.00115282 0.00104676
5400 0.00112917 0.00102602
5410 0.00110583 0.00100555
5420 0.00108283 0.000985352
5430 0.00106016 0.000965432
5440 0.00103783 0.000945795
5450 0.00101585 0.000926445
5460 0.000994206 0.000907387
5470 0.000972913 0.000888623
5480 0.000951972 0.000870158
5490 0.000931383 0.000851993
5500 0.000911151 0.000834132
5510 0.000891275 0.000816578
5520 0.000871758 0.000799331
5530 0.0008526 0.000782394
5540 0.000833803 0.000765768
5550 0.000815367 0.000749454
5560 0.000797292 0.000733453
5570 0.000779578 0.000717766
5580 0.000762226 0.000702393
5590 0.000745233 0.000687334
5600 0.0007286 0.000672589
5610 0.000712326 0.000658158
5620 0.000696408 0.000644039
5630 0.000680847 0.000630233
5640 0.00066564 0.000616737
5650 0.000650785 0.000603552
5660 0.00063628 0.000590675
5670 0.000622124 0.000578104
5680 0.000608313 0.000565839
5690 0.000594846 0.000553877
5700 0.000581719 0.000542217
5710 0.000568929 0.000530855
5720 0.000556475 0.00051979
5730 0.000544353 0.000509019
5740 0.000532559 0.00049854
5750 0.000521091 0.000488351
5760 0.000509945 0.000478447
5770 0.000499117 0.000468828
5780 0.000488605 0.000459489
5790 0.000478404 0.000450428
5800 0.000468512 0.000441642
5810 0.000458924 0.000433127
5820 0.000449637 0.000424882
5830 0.000440647 0.000416902
5840 0.000431951 0.000409185
5850 0.000423543 0.000401726
5860 0.000415422 0.000394524
5870 0.000407583 0.000387575
5880 0.000400022 0.000380876
5890 0.000392735 0.000374423
5900 0.000385719 0.000368213
5910 0.00037897 0.000362244
5920 0.000372484 0.000356511
5930 0.000366257 0.000351012
5940 0.000360286 0.000345744
5950 0.000354567 0.000340703
5960 0.000349097 0.000335887
5970 0.000343871 0.000331292
5980 0.000338886 0.000326915
5990 0.000334139 0.000322754
6000 0.000329626 0.000318804
6010 0.000325343 0.000315065
6020 0.000321288 0.000311531
6030 0.000317457 0.000308202
6040 0.000313847 0.000305074
6050 0.000310454 0.000302144
6060 0.000307276 0.000299409
6070 0.000304308 0.000296868
6080 0.000301549 0.000294517
6090 0.000298995 0.000292354
6100 0.000296643 0.000290377
6110 0.000294491 0.000288582
6120 0.000292535 0.000286969
6130 0.000290773 0.000285534
6140 0.000289203 0.000284276
6150 0.00028782 0.000283192
6160 0.000286625 0.00028228
6170 0.000285612 0.000281538
6180 0.000284781 0.000280965
6190 0.000284129 0.000280557
6200 0.000283654 0.000280315
6210 0.000283353 0.000280235
6220 0.000283225 0.000280316
6230 0.000283267 0.000280557
6240 0.000283478 0.000280956
6250 0.000283855 0.000281511
6260 0.000284397 0.000282222
6270 0.000285103 0.000283086
6280 0.00028597 0.000284102
6290 0.000286996 0.00028527
6300 0.000288181 0.000286588
6310 0.000289524 0.000288055
6320 0.000291022 0.00028967
6330 0.000292674 0.000291432
6340 0.00029448 0.00029334
6350 0.000296438 0.000295394
6360 0.000298547 0.000297593
6370 0.000300806 0.000299936
6380 0.000303215 0.000302422
6390 0.000305772 0.000305052
6400 0.000308478 0.000307825
6410 0.000311331 0.00031074
6420 0.000314331 0.000313798
6430 0.000317478 0.000316998
6440 0.000320772 0.00032034
6450 0.000324212 0.000323825
6460 0.000327798 0.000327453
6470 0.000331531 0.000331223
6480 0.00033541 0.000335137
6490 0.000339437 0.000339195
6500 0.000343611 0.000343398
6510 0.000347934 0.000347746
6520 0.000352405 0.000352241
6530 0.000357027 0.000356883
6540 0.0003618 0.000361675
6550 0.000366725 0.000366617
6560 0.000371804 0.000371711
6570 0.000377039 0.000376959
6580 0.000382431 0.000382363
6590 0.000387984 0.000387926
6600 0.000393699 0.00039365
6610 0.000399579 0.000399538
6620 0.000405627 0.000405593
6630 0.000411847 0.000411819
6640 0.000418242 0.000418219
6650 0.000424817 0.000424799
6660 0.000431577 0.000431562
6670 0.000438526 0.000438514
6680 0.00044567 0.000445661
6690 0.000453016 0.000453009
6700 0.000460571 0.000460565
6710 0.000468342 0.000468338
6720 0.000476338 0.000476335
6730 0.00048457 0.000484568
6740 0.000493047 0.000493045
6750 0.000501782 0.000501781
6760 0.000510788 0.000510787
6770 0.000520081 0.00052008
6780 0.000529677 0.000529677
6790 0.000539597 0.000539596
6800 0.000549861 0.000549861
6810 0.000560495 0.000560495
6820 0.000571527 0.000571527
6830 0.000582991 0.000582991
6840 0.000594924 0.000594924
6850 0.00060737 0.00060737
6860 0.000620383 0.000620383
6870 0.000634022 0.000634022
6880 0 0
