0 0 0
10 0.573636 9.33021e-12
20 0.219802 1.23148e-10
30 0.144031 5.75972e-10
40 0.109028 1.73751e-09
50 0.0880053 4.10555e-09
60 0.0738768 8.29903e-09
70 0.0637149 1.50514e-08
80 0.0560539 2.52042e-08
90 0.0500728 3.97006e-08
100 0.0452745 5.95796e-08
110 0.0413404 8.59701e-08
120 0.0380569 1.20085e-07
130 0.0352751 1.63216e-07
140 0.0328883 2.16729e-07
150 0.0308181 2.82057e-07
160 0.0290053 3.60697e-07
170 0.0274046 4.54204e-07
180 0.0259808 5.64187e-07
190 0.0247059 6.92307e-07
200 0.0235575 8.40267e-07
210 0.0225176 1.00981e-06
220 0.0215712 1.20273e-06
230 0.020706 1.42082e-06
240 0.0199119 1.66595e-06
250 0.0191802 1.93998e-06
260 0.0185036 2.2448e-06
270 0.0178759 2.58233e-06
280 0.0172918 2.9545e-06
290 0.0167467 3.36325e-06
300 0.0162367 3.81053e-06
310 0.0157583 4.2983e-06
320 0.0153084 4.82853e-06
330 0.0148845 5.40319e-06
340 0.0144841 6.02423e-06
350 0.0141053 6.69363e-06
360 0.0137462 7.41334e-06
370 0.0134052 8.18531e-06
380 0.0130808 9.01148e-06
390 0.0127717 9.89379e-06
400 0.0124768 1.08342e-05
410 0.012195 1.18345e-05
420 0.0119255 1.28966e-05
430 0.0116672 1.40225e-05
440 0.0114196 1.52139e-05
450 0.0111818 1.64726e-05
460 0.0109533 1.78006e-05
470 0.0107334 1.91995e-05
480 0.0105217 2.06711e-05
490 0.0103177 2.22172e-05
500 0.010121 2.38394e-05
510 0.00993112 2.55394e-05
520 0.00974773 2.73188e-05
530 0.00957051 2.91793e-05
540 0.00939915 3.11224e-05
550 0.00923337 3.31497e-05
560 0.00907292 3.52626e-05
570 0.00891755 3.74627e-05
580 0.00876705 3.97515e-05
590 0.00862122 4.21302e-05
600 0.00847987 4.46003e-05
610 0.00834283 4.71631e-05
620 0.00820994 4.982e-05
630 0.00808105 5.25721e-05
640 0.00795603 5.54207e-05
650 0.00783474 5.8367e-05
660 0.00771706 6.14121e-05
670 0.00760289 6.45572e-05
680 0.00749212 6.78034e-05
690 0.00738466 7.11515e-05
700 0.0072804 7.46027e-05
710 0.00717927 7.8158e-05
720 0.00708119 8.18181e-05
730 0.00698608 8.5584e-05
740 0.00689386 8.94566e-05
750 0.00680447 9.34366e-05
760 0.00671784 9.75248e-05
770 0.00663392 0.000101722
780 0.00655264 0.000106029
790 0.00647395 0.000110445
800 0.00639779 0.000114973
810 0.00632411 0.000119612
820 0.00625287 0.000124364
830 0.00618401 0.000129227
840 0.00611749 0.000134204
850 0.00605327 0.000139293
860 0.00599129 0.000144497
870 0.00593153 0.000149814
880 0.00587393 0.000155246
890 0.00581846 0.000160792
900 0.00576507 0.000166454
910 0.00571374 0.00017223
920 0.00566442 0.000178121
930 0.00561708 0.000184128
940 0.00557167 0.00019025
950 0.00552817 0.000196488
960 0.00548653 0.000202841
970 0.00544673 0.00020931
980 0.00540872 0.000215894
990 0.00537248 0.000222593
1000 0.00533796 0.000229408
1010 0.00530514 0.000236338
1020 0.00527398 0.000243383
1030 0.00524445 0.000250543
1040 0.00521651 0.000257817
1050 0.00519013 0.000265205
1060 0.00516528 0.000272708
1070 0.00514193 0.000280324
1080 0.00512004 0.000288054
1090 0.00509958 0.000295896
1100 0.00508052 0.000303852
1110 0.00506283 0.000311919
1120 0.00504647 0.000320098
1130 0.00503141 0.000328389
1140 0.00501763 0.00033679
1150 0.00500508 0.000345302
1160 0.00499374 0.000353923
1170 0.00498358 0.000362653
1180 0.00497456 0.000371492
1190 0.00496666 0.000380439
1200 0.00495984 0.000389494
1210 0.00495407 0.000398655
1220 0.00494932 0.000407922
1230 0.00494557 0.000417294
1240 0.00494278 0.000426771
1250 0.00494092 0.000436352
1260 0.00493996 0.000446036
1270 0.00493987 0.000455822
1280 0.00494063 0.00046571
1290 0.0049422 0.000475699
1300 0.00494456 0.000485788
1310 0.00494767 0.000495976
1320 0.00495152 0.000506262
1330 0.00495606 0.000516646
1340 0.00496128 0.000527126
1350 0.00496714 0.000537702
1360 0.00497363 0.000548373
1370 0.0049807 0.000559137
1380 0.00498835 0.000569995
1390 0.00499653 0.000580945
1400 0.00500523 0.000591985
1410 0.00501442 0.000603116
1420 0.00502407 0.000614336
1430 0.00503417 0.000625645
1440 0.00504468 0.00063704
1450 0.00505558 0.000648522
1460 0.00506686 0.000660089
1470 0.00507848 0.00067174
1480 0.00509043 0.000683474
1490 0.00510269 0.000695291
1500 0.00511522 0.000707188
1510 0.00512801 0.000719166
1520 0.00514105 0.000731223
1530 0.00515431 0.000743357
1540 0.00516777 0.000755569
1550 0.00518141 0.000767857
1560 0.00519521 0.000780219
1570 0.00520916 0.000792655
1580 0.00522324 0.000805164
1590 0.00523742 0.000817744
1600 0.0052517 0.000830395
1610 0.00526606 0.000843115
1620 0.00528048 0.000855904
1630 0.00529495 0.00086876
1640 0.00530945 0.000881682
1650 0.00532397 0.000894669
1660 0.00533849 0.000907721
1670 0.00535301 0.000920835
1680 0.0053675 0.000934011
1690 0.00538195 0.000947247
1700 0.00539636 0.000960544
1710 0.00541072 0.000973899
1720 0.005425 0.000987311
1730 0.00543921 0.00100078
1740 0.00545333 0.0010143
1750 0.00546735 0.00102788
1760 0.00548126 0.00104151
1770 0.00549505 0.0010552
1780 0.00550872 0.00106893
1790 0.00552226 0.00108271
1800 0.00553566 0.00109654
1810 0.00554891 0.00111042
1820 0.00556201 0.00112435
1830 0.00557495 0.00113832
1840 0.00558773 0.00115234
1850 0.00560033 0.0011664
1860 0.00561275 0.0011805
1870 0.005625 0.00119464
1880 0.00563706 0.00120882
1890 0.00564893 0.00122305
1900 0.00566061 0.0012373
1910 0.00567208 0.0012516
1920 0.00568336 0.00126593
1930 0.00569444 0.0012803
1940 0.00570531 0.0012947
1950 0.00571597 0.00130913
1960 0.00572642 0.00132359
1970 0.00573666 0.00133809
1980 0.00574669 0.00135261
1990 0.00575649 0.00136716
2000 0.00576609 0.00138174
2010 0.00577546 0.00139634
2020 0.00578462 0.00141097
2030 0.00579356 0.00142562
2040 0.00580227 0.0014403
2050 0.00581077 0.001455
2060 0.00581905 0.00146972
2070 0.00582711 0.00148445
2080 0.00583495 0.00149921
2090 0.00584256 0.00151399
2100 0.00584996 0.00152878
2110 0.00585714 0.00154358
2120 0.00586411 0.0015584
2130 0.00587085 0.00157324
2140 0.00587738 0.00158808
2150 0.00588369 0.00160294
2160 0.00588979 0.00161781
2170 0.00589567 0.00163269
2180 0.00590135 0.00164757
2190 0.00590681 0.00166246
2200 0.00591206 0.00167736
2210 0.0059171 0.00169227
2220 0.00592194 0.00170717
2230 0.00592657 0.00172208
2240 0.00593099 0.00173699
2250 0.00593521 0.00175191
2260 0.00593923 0.00176682
2270 0.00594305 0.00178173
2280 0.00594667 0.00179663
2290 0.00595009 0.00181154
2300 0.00595332 0.00182644
2310 0.00595635 0.00184133
2320 0.0059592 0.00185622
2330 0.00596185 0.0018711
2340 0.00596431 0.00188597
2350 0.00596658 0.00190082
2360 0.00596866 0.00191567
2370 0.00597056 0.00193051
2380 0.00597228 0.00194533
2390 0.00597382 0.00196014
2400 0.00597517 0.00197493
2410 0.00597635 0.00198971
2420 0.00597735 0.00200446
2430 0.00597817 0.0020192
2440 0.00597881 0.00203392
2450 0.00597929 0.00204862
2460 0.00597959 0.00206329
2470 0.00597972 0.00207795
2480 0.00597968 0.00209257
2490 0.00597948 0.00210717
2500 0.00597911 0.00212175
2510 0.00597857 0.00213629
2520 0.00597787 0.00215081
2530 0.005977 0.0021653
2540 0.00597598 0.00217975
2550 0.00597479 0.00219417
2560 0.00597345 0.00220856
2570 0.00597194 0.00222291
2580 0.00597028 0.00223723
2590 0.00596847 0.00225151
2600 0.0059665 0.00226575
2610 0.00596437 0.00227995
2620 0.00596209 0.00229411
2630 0.00595967 0.00230823
2640 0.00595709 0.0023223
2650 0.00595436 0.00233633
2660 0.00595148 0.00235032
2670 0.00594846 0.00236425
2680 0.00594529 0.00237814
2690 0.00594198 0.00239198
2700 0.00593852 0.00240576
2710 0.00593491 0.0024195
2720 0.00593117 0.00243318
2730 0.00592728 0.00244681
2740 0.00592325 0.00246038
2750 0.00591908 0.00247389
2760 0.00591477 0.00248735
2770 0.00591033 0.00250074
2780 0.00590574 0.00251408
2790 0.00590102 0.00252735
2800 0.00589616 0.00254056
2810 0.00589117 0.00255371
2820 0.00588605 0.00256679
2830 0.00588079 0.0025798
2840 0.0058754 0.00259274
2850 0.00586987 0.00260562
2860 0.00586422 0.00261842
2870 0.00585844 0.00263115
2880 0.00585252 0.00264381
2890 0.00584648 0.00265639
2900 0.00584031 0.0026689
2910 0.00583401 0.00268132
2920 0.00582759 0.00269367
2930 0.00582104 0.00270595
2940 0.00581436 0.00271813
2950 0.00580756 0.00273024
2960 0.00580064 0.00274226
2970 0.0057936 0.0027542
2980 0.00578643 0.00276606
2990 0.00577914 0.00277782
3000 0.00577173 0.0027895
3010 0.0057642 0.00280108
3020 0.00575656 0.00281258
3030 0.00574879 0.00282398
3040 0.00574091 0.00283529
3050 0.00573291 0.0028465
3060 0.00572479 0.00285762
3070 0.00571656 0.00286864
3080 0.00570821 0.00287957
3090 0.00569975 0.00289039
3100 0.00569118 0.00290111
3110 0.0056825 0.00291173
3120 0.0056737 0.00292225
3130 0.00566479 0.00293266
3140 0.00565577 0.00294297
3150 0.00564664 0.00295317
3160 0.00563741 0.00296326
3170 0.00562806 0.00297325
3180 0.00561861 0.00298312
3190 0.00560905 0.00299288
3200 0.00559938 0.00300253
3210 0.00558961 0.00301207
3220 0.00557974 0.00302149
3230 0.00556976 0.0030308
3240 0.00555968 0.00303999
3250 0.00554949 0.00304906
3260 0.00553921 0.00305802
3270 0.00552882 0.00306685
3280 0.00551833 0.00307556
3290 0.00550774 0.00308415
3300 0.00549706 0.00309262
3310 0.00548627 0.00310096
3320 0.00547539 0.00310918
3330 0.00546441 0.00311728
3340 0.00545333 0.00312524
3350 0.00544216 0.00313308
3360 0.00543089 0.00314079
3370 0.00541953 0.00314837
3380 0.00540807 0.00315582
3390 0.00539652 0.00316314
3400 0.00538488 0.00317032
3410 0.00537314 0.00317737
3420 0.00536131 0.00318429
3430 0.0053494 0.00319107
3440 0.00533739 0.00319772
3450 0.00532529 0.00320423
3460 0.0053131 0.0032106
3470 0.00530082 0.00321683
3480 0.00528846 0.00322292
3490 0.00527601 0.00322887
3500 0.00526347 0.00323468
3510 0.00525084 0.00324035
3520 0.00523812 0.00324588
3530 0.00522532 0.00325126
3540 0.00521244 0.00325649
3550 0.00519947 0.00326158
3560 0.00518641 0.00326653
3570 0.00517327 0.00327133
3580 0.00516004 0.00327598
3590 0.00514673 0.00328048
3600 0.00513334 0.00328483
3610 0.00511986 0.00328903
3620 0.0051063 0.00329308
3630 0.00509266 0.00329698
3640 0.00507893 0.00330072
3650 0.00506513 0.00330432
3660 0.00505123 0.00330775
3670 0.00503726 0.00331104
3680 0.00502321 0.00331416
3690 0.00500907 0.00331713
3700 0.00499485 0.00331994
3710 0.00498055 0.00332259
3720 0.00496616 0.00332508
3730 0.0049517 0.00332742
3740 0.00493715 0.00332959
3750 0.00492251 0.0033316
3760 0.0049078 0.00333344
3770 0.004893 0.00333512
3780 0.00487812 0.00333664
3790 0.00486316 0.00333799
3800 0.00484811 0.00333917
3810 0.00483298 0.00334019
3820 0.00481776 0.00334103
3830 0.00480246 0.00334171
3840 0.00478708 0.00334221
3850 0.00477161 0.00334255
3860 0.00475605 0.0033427
3870 0.0047404 0.00334269
3880 0.00472467 0.0033425
3890 0.00470885 0.00334213
3900 0.00469294 0.00334158
3910 0.00467694 0.00334086
3920 0.00466085 0.00333995
3930 0.00464466 0.00333886
3940 0.00462839 0.00333759
3950 0.00461202 0.00333614
3960 0.00459556 0.0033345
3970 0.004579 0.00333267
3980 0.00456235 0.00333065
3990 0.00454559 0.00332844
4000 0.00452874 0.00332604
4010 0.00451179 0.00332344
4020 0.00449474 0.00332065
4030 0.00447758 0.00331767
4040 0.00446032 0.00331448
4050 0.00444295 0.0033111
4060 0.00442548 0.00330751
4070 0.0044079 0.00330372
4080 0.0043902 0.00329972
4090 0.00437239 0.00329551
4100 0.00435447 0.0032911
4110 0.00433644 0.00328647
4120 0.00431828 0.00328163
4130 0.00430001 0.00327658
4140 0.00428161 0.0032713
4150 0.0042631 0.00326581
4160 0.00424445 0.0032601
4170 0.00422568 0.00325416
4180 0.00420678 0.00324799
4190 0.00418774 0.0032416
4200 0.00416857 0.00323497
4210 0.00414927 0.00322811
4220 0.00412982 0.00322102
4230 0.00411024 0.00321368
4240 0.00409051 0.00320611
4250 0.00407064 0.00319829
4260 0.00405062 0.00319023
4270 0.00403044 0.00318193
4280 0.00401012 0.00317337
4290 0.00398964 0.00316456
4300 0.003969 0.00315549
4310 0.0039482 0.00314617
4320 0.00392724 0.00313658
4330 0.00390611 0.00312674
4340 0.00388482 0.00311663
4350 0.00386335 0.00310625
4360 0.00384172 0.0030956
4370 0.0038199 0.00308469
4380 0.00379791 0.0030735
4390 0.00377574 0.00306203
4400 0.00375339 0.00305028
4410 0.00373086 0.00303825
4420 0.00370814 0.00302594
4430 0.00368523 0.00301335
4440 0.00366213 0.00300047
4450 0.00363883 0.0029873
4460 0.00361535 0.00297384
4470 0.00359166 0.00296009
4480 0.00356778 0.00294605
4490 0.0035437 0.00293171
4500 0.00351942 0.00291707
4510 0.00349494 0.00290214
4520 0.00347025 0.00288691
4530 0.00344536 0.00287138
4540 0.00342026 0.00285556
4550 0.00339496 0.00283943
4560 0.00336945 0.002823
4570 0.00334374 0.00280627
4580 0.00331782 0.00278924
4590 0.00329169 0.00277192
4600 0.00326536 0.00275429
4610 0.00323881 0.00273636
4620 0.00321207 0.00271813
4630 0.00318512 0.00269961
4640 0.00315797 0.0026808
4650 0.00313061 0.00266169
4660 0.00310306 0.00264229
4670 0.00307531 0.00262259
4680 0.00304736 0.00260262
4690 0.00301922 0.00258236
4700 0.00299089 0.00256182
4710 0.00296237 0.002541
4720 0.00293367 0.00251991
4730 0.00290479 0.00249855
4740 0.00287574 0.00247693
4750 0.00284651 0.00245504
4760 0.00281712 0.0024329
4770 0.00278757 0.00241052
4780 0.00275786 0.00238788
4790 0.002728 0.00236502
4800 0.002698 0.00234192
4810 0.00266786 0.00231859
4820 0.00263759 0.00229505
4830 0.00260719 0.0022713
4840 0.00257668 0.00224735
4850 0.00254606 0.0022232
4860 0.00251533 0.00219887
4870 0.00248452 0.00217435
4880 0.00245362 0.00214967
4890 0.00242264 0.00212484
4900 0.0023916 0.00209985
4910 0.0023605 0.00207472
4920 0.00232935 0.00204946
4930 0.00229817 0.00202408
4940 0.00226695 0.00199859
4950 0.00223572 0.001973
4960 0.00220448 0.00194733
4970 0.00217324 0.00192157
4980 0.00214202 0.00189575
4990 0.00211081 0.00186988
5000 0.00207965 0.00184396
5010 0.00204853 0.00181801
5020 0.00201747 0.00179204
5030 0.00198647 0.00176606
5040 0.00195555 0.00174008
5050 0.00192473 0.00171412
5060 0.001894 0.00168818
5070 0.00186339 0.00166228
5080 0.0018329 0.00163643
5090 0.00180255 0.00161064
5100 0.00177234 0.00158493
5110 0.00174229 0.00155929
5120 0.00171241 0.00153376
5130 0.0016827 0.00150833
5140 0.00165319 0.00148301
5150 0.00162387 0.00145783
5160 0.00159476 0.00143278
5170 0.00156587 0.00140788
5180 0.00153721 0.00138314
5190 0.00150878 0.00135857
5200 0.0014806 0.00133418
5210 0.00145268 0.00130998
5220 0.00142502 0.00128598
5230 0.00139764 0.00126218
5240 0.00137053 0.0012386
5250 0.00134372 0.00121524
5260 0.0013172 0.00119211
5270 0.00129098 0.00116923
5280 0.00126507 0.00114659
5290 0.00123948 0.0011242
5300 0.00121421 0.00110207
5310 0.00118927 0.00108022
5320 0.00116466 0.00105863
5330 0.00114039 0.00103732
5340 0.00111646 0.0010163
5350 0.00109288 0.000995559
5360 0.00106965 0.000975115
5370 0.00104677 0.000954969
5380 0.00102425 0.000935124
5390 0.0010021 0.000915583
5400 0.000980303 0.000896351
5410 0.000958874 0.000877428
5420 0.000937812 0.00085882
5430 0.000917119 0.000840526
5440 0.000896797 0.00082255
5450 0.000876845 0.000804893
5460 0.000857265 0.000787556
5470 0.000838057 0.000770541
5480 0.000819221 0.000753847
5490 0.000800757 0.000737476
5500 0.000782664 0.000721427
5510 0.000764942 0.000705701
5520 0.00074759 0.000690297
5530 0.000730606 0.000675215
5540 0.000713989 0.000660453
5550 0.000697738 0.000646012
5560 0.00068185 0.000631889
5570 0.000666324 0.000618083
5580 0.000651157 0.000604593
5590 0.000636347 0.000591417
5600 0.000621891 0.000578553
5610 0.000607786 0.000565999
5620 0.000594031 0.000553753
5630 0.000580621 0.000541812
5640 0.000567553 0.000530173
5650 0.000554825 0.000518836
5660 0.000542433 0.000507795
5670 0.000530373 0.00049705
5680 0.000518642 0.000486597
5690 0.000507237 0.000476432
5700 0.000496154 0.000466554
5710 0.000485388 0.000456958
5720 0.000474937 0.000447642
5730 0.000464796 0.000438603
5740 0.000454961 0.000429836
5750 0.000445429 0.00042134
5760 0.000436196 0.00041311
5770 0.000427257 0.000405144
5780 0.000418609 0.000397438
5790 0.000410248 0.000389989
5800 0.00040217 0.000382792
5810 0.000394371 0.000375846
5820 0.000386847 0.000369146
5830 0.000379593 0.00036269
5840 0.000372607 0.000356474
5850 0.000365884 0.000350494
5860 0.000359421 0.000344748
5870 0.000353213 0.000339233
5880 0.000347257 0.000333944
5890 0.000341548 0.000328879
5900 0.000336085 0.000324035
5910 0.000330862 0.000319408
5920 0.000325876 0.000314997
5930 0.000321123 0.000310796
5940 0.000316601 0.000306805
5950 0.000312305 0.000303019
5960 0.000308233 0.000299436
5970 0.000304381 0.000296054
5980 0.000300745 0.000292869
5990 0.000297323 0.000289879
6000 0.000294111 0.000287081
6010 0.000291106 0.000284473
6020 0.000288306 0.000282052
6030 0.000285708 0.000279815
6040 0.000283308 0.000277762
6050 0.000281104 0.000275888
6060 0.000279092 0.000274192
6070 0.000277272 0.000272672
6080 0.000275639 0.000271326
6090 0.000274192 0.000270152
6100 0.000272928 0.000269147
6110 0.000271845 0.00026831
6120 0.00027094 0.000267639
6130 0.000270212 0.000267133
6140 0.000269658 0.000266789
6150 0.000269276 0.000266606
6160 0.000269064 0.000266583
6170 0.000269021 0.000266718
6180 0.000269145 0.000267009
6190 0.000269433 0.000267456
6200 0.000269885 0.000268058
6210 0.000270499 0.000268812
6220 0.000271273 0.000269718
6230 0.000272207 0.000270775
6240 0.000273298 0.000271982
6250 0.000274545 0.000273339
6260 0.000275949 0.000274844
6270 0.000277506 0.000276496
6280 0.000279217 0.000278296
6290 0.000281081 0.000280242
6300 0.000283097 0.000282334
6310 0.000285264 0.000284573
6320 0.000287582 0.000286956
6330 0.00029005 0.000289485
6340 0.000292669 0.00029216
6350 0.000295437 0.00029498
6360 0.000298355 0.000297945
6370 0.000301422 0.000301056
6380 0.000304639 0.000304313
6390 0.000308007 0.000307717
6400 0.000311524 0.000311268
6410 0.000315193 0.000314967
6420 0.000319013 0.000318814
6430 0.000322986 0.000322812
6440 0.000327112 0.00032696
6450 0.000331393 0.00033126
6460 0.000335829 0.000335715
6470 0.000340423 0.000340324
6480 0.000345176 0.000345091
6490 0.00035009 0.000350018
6500 0.000355167 0.000355106
6510 0.00036041 0.000360359
6520 0.000365821 0.000365778
6530 0.000371404 0.000371369
6540 0.000377162 0.000377133
6550 0.000383098 0.000383074
6560 0.000389217 0.000389198
6570 0.000395524 0.000395508
6580 0.000402022 0.00040201
6590 0.000408719 0.000408709
6600 0.00041562 0.000415612
6610 0.000422731 0.000422725
6620 0.000430061 0.000430057
6630 0.000437618 0.000437615
6640 0.000445412 0.00044541
6650 0.000453452 0.00045345
6660 0.00046175 0.000461749
6670 0.00047032 0.000470319
6680 0.000479175 0.000479175
6690 0.000488333 0.000488333
6700 0.000497812 0.000497811
6710 0.000507632 0.000507632
6720 0.000517817 0.000517817
6730 0.000528396 0.000528396
6740 0.000539398 0.000539398
6750 0.000550861 0.000550861
6760 0.000562826 0.000562826
6770 0.000575344 0.000575344
6780 0.000588471 0.000588471
6790 0 0
