0 0 0
10 0.573626 9.3582e-12
20 0.2198 1.23517e-10
30 0.14403 5.777e-10
40 0.109028 1.74273e-09
50 0.0880052 4.11787e-09
60 0.0738769 8.32395e-09
70 0.063715 1.50966e-08
80 0.0560541 2.52799e-08
90 0.050073 3.98199e-08
100 0.0452747 5.97587e-08
110 0.0413407 8.62285e-08
120 0.0380571 1.20446e-07
130 0.0352753 1.63707e-07
140 0.0328885 2.17381e-07
150 0.0308182 2.82905e-07
160 0.0290054 3.61782e-07
170 0.0274047 4.5557e-07
180 0.0259808 5.65885e-07
190 0.0247058 6.94391e-07
200 0.0235573 8.42797e-07
210 0.0225173 1.01285e-06
220 0.0215708 1.20635e-06
230 0.0207055 1.4251e-06
240 0.0199113 1.67097e-06
250 0.0191795 1.94582e-06
260 0.0185028 2.25157e-06
270 0.017875 2.59012e-06
280 0.0172908 2.96341e-06
290 0.0167456 3.37339e-06
300 0.0162355 3.82202e-06
310 0.015757 4.31127e-06
320 0.015307 4.8431e-06
330 0.014883 5.41949e-06
340 0.0144825 6.04242e-06
350 0.0141036 6.71384e-06
360 0.0137444 7.43572e-06
370 0.0134033 8.21003e-06
380 0.0130788 9.03871e-06
390 0.0127696 9.92369e-06
400 0.0124747 1.08669e-05
410 0.0121928 1.18702e-05
420 0.0119232 1.29356e-05
430 0.0116649 1.40649e-05
440 0.0114171 1.52599e-05
450 0.0111793 1.65225e-05
460 0.0109507 1.78545e-05
470 0.0107308 1.92576e-05
480 0.0105191 2.07337e-05
490 0.0103151 2.22845e-05
500 0.0101183 2.39116e-05
510 0.00992838 2.56167e-05
520 0.00974497 2.74016e-05
530 0.00956773 2.92677e-05
540 0.00939635 3.12167e-05
550 0.00923057 3.32502e-05
560 0.00907011 3.53696e-05
570 0.00891475 3.75764e-05
580 0.00876425 3.9872e-05
590 0.00861844 4.2258e-05
600 0.00847711 4.47357e-05
610 0.00834009 4.73063e-05
620 0.00820723 4.99712e-05
630 0.00807837 5.27317e-05
640 0.00795338 5.5589e-05
650 0.00783213 5.85443e-05
660 0.00771451 6.15988e-05
670 0.00760039 6.47535e-05
680 0.00748968 6.80095e-05
690 0.00738227 7.13679e-05
700 0.00727809 7.48297e-05
710 0.00717703 7.83957e-05
720 0.00707902 8.20671e-05
730 0.00698399 8.58445e-05
740 0.00689185 8.97289e-05
750 0.00680255 9.37211e-05
760 0.00671601 9.78218e-05
770 0.00663219 0.000102032
780 0.006551 0.000106352
790 0.00647241 0.000110782
800 0.00639636 0.000115324
810 0.00632279 0.000119977
820 0.00625166 0.000124743
830 0.00618292 0.000129621
840 0.00611652 0.000134613
850 0.00605241 0.000139719
860 0.00599056 0.000144938
870 0.00593092 0.000150272
880 0.00587345 0.00015572
890 0.00581811 0.000161284
900 0.00576486 0.000166962
910 0.00571367 0.000172756
920 0.00566448 0.000178666
930 0.00561728 0.000184691
940 0.00557201 0.000190832
950 0.00552865 0.000197089
960 0.00548716 0.000203462
970 0.0054475 0.00020995
980 0.00540964 0.000216555
990 0.00537355 0.000223275
1000 0.00533918 0.000230111
1010 0.00530651 0.000237062
1020 0.0052755 0.000244129
1030 0.00524612 0.00025131
1040 0.00521834 0.000258607
1050 0.00519211 0.000266019
1060 0.00516742 0.000273544
1070 0.00514422 0.000281184
1080 0.00512249 0.000288938
1090 0.00510219 0.000296805
1100 0.00508328 0.000304785
1110 0.00506574 0.000312877
1120 0.00504954 0.000321082
1130 0.00503464 0.000329398
1140 0.00502101 0.000337825
1150 0.00500862 0.000346363
1160 0.00499743 0.000355011
1170 0.00498743 0.000363769
1180 0.00497856 0.000372635
1190 0.00497081 0.00038161
1200 0.00496414 0.000390692
1210 0.00495853 0.000399882
1220 0.00495393 0.000409178
1230 0.00495033 0.000418579
1240 0.00494769 0.000428086
1250 0.00494598 0.000437697
1260 0.00494516 0.000447411
1270 0.00494522 0.000457228
1280 0.00494613 0.000467147
1290 0.00494784 0.000477167
1300 0.00495034 0.000487287
1310 0.0049536 0.000497507
1320 0.00495758 0.000507825
1330 0.00496226 0.000518241
1340 0.00496762 0.000528754
1350 0.00497362 0.000539363
1360 0.00498024 0.000550068
1370 0.00498745 0.000560866
1380 0.00499522 0.000571758
1390 0.00500353 0.000582742
1400 0.00501236 0.000593817
1410 0.00502167 0.000604983
1420 0.00503145 0.000616238
1430 0.00504167 0.000627582
1440 0.0050523 0.000639014
1450 0.00506332 0.000650531
1460 0.00507471 0.000662135
1470 0.00508645 0.000673823
1480 0.00509851 0.000685594
1490 0.00511087 0.000697447
1500 0.00512351 0.000709383
1510 0.00513641 0.000721398
1520 0.00514955 0.000733493
1530 0.00516291 0.000745666
1540 0.00517647 0.000757916
1550 0.0051902 0.000770242
1560 0.0052041 0.000782644
1570 0.00521814 0.000795119
1580 0.00523231 0.000807668
1590 0.00524658 0.000820288
1600 0.00526095 0.000832979
1610 0.00527539 0.000845739
1620 0.00528989 0.000858569
1630 0.00530443 0.000871466
1640 0.00531901 0.000884429
1650 0.0053336 0.000897457
1660 0.00534819 0.00091055
1670 0.00536277 0.000923706
1680 0.00537733 0.000936924
1690 0.00539185 0.000950202
1700 0.00540632 0.000963541
1710 0.00542073 0.000976939
1720 0.00543508 0.000990394
1730 0.00544934 0.00100391
1740 0.0054635 0.00101747
1750 0.00547757 0.00103109
1760 0.00549153 0.00104477
1770 0.00550537 0.00105849
1780 0.00551908 0.00107227
1790 0.00553266 0.0010861
1800 0.0055461 0.00109998
1810 0.00555938 0.0011139
1820 0.00557252 0.00112787
1830 0.00558549 0.00114189
1840 0.00559829 0.00115595
1850 0.00561092 0.00117005
1860 0.00562337 0.0011842
1870 0.00563563 0.00119839
1880 0.00564771 0.00121262
1890 0.0056596 0.00122688
1900 0.00567129 0.00124119
1910 0.00568278 0.00125553
1920 0.00569407 0.00126991
1930 0.00570516 0.00128432
1940 0.00571603 0.00129877
1950 0.0057267 0.00131324
1960 0.00573715 0.00132775
1970 0.00574739 0.0013423
1980 0.00575741 0.00135687
1990 0.00576722 0.00137146
2000 0.00577681 0.00138609
2010 0.00578618 0.00140074
2020 0.00579532 0.00141542
2030 0.00580425 0.00143012
2040 0.00581296 0.00144484
2050 0.00582144 0.00145959
2060 0.0058297 0.00147435
2070 0.00583774 0.00148914
2080 0.00584556 0.00150394
2090 0.00585316 0.00151877
2100 0.00586053 0.00153361
2110 0.00586769 0.00154846
2120 0.00587463 0.00156333
2130 0.00588135 0.00157821
2140 0.00588785 0.00159311
2150 0.00589413 0.00160801
2160 0.0059002 0.00162293
2170 0.00590605 0.00163786
2180 0.00591169 0.00165279
2190 0.00591711 0.00166773
2200 0.00592233 0.00168268
2210 0.00592733 0.00169763
2220 0.00593213 0.00171258
2230 0.00593671 0.00172754
2240 0.0059411 0.0017425
2250 0.00594528 0.00175746
2260 0.00594925 0.00177243
2270 0.00595303 0.00178738
2280 0.0059566 0.00180234
2290 0.00595998 0.00181729
2300 0.00596316 0.00183224
2310 0.00596614 0.00184719
2320 0.00596893 0.00186212
2330 0.00597153 0.00187705
2340 0.00597394 0.00189197
2350 0.00597616 0.00190688
2360 0.00597819 0.00192177
2370 0.00598004 0.00193666
2380 0.0059817 0.00195153
2390 0.00598318 0.00196639
2400 0.00598448 0.00198123
2410 0.0059856 0.00199605
2420 0.00598654 0.00201086
2430 0.00598731 0.00202565
2440 0.0059879 0.00204041
2450 0.00598831 0.00205516
2460 0.00598855 0.00206988
2470 0.00598862 0.00208458
2480 0.00598853 0.00209926
2490 0.00598826 0.00211391
2500 0.00598783 0.00212853
2510 0.00598723 0.00214313
2520 0.00598646 0.00215769
2530 0.00598554 0.00217223
2540 0.00598445 0.00218673
2550 0.0059832 0.0022012
2560 0.00598179 0.00221564
2570 0.00598022 0.00223004
2580 0.0059785 0.0022444
2590 0.00597662 0.00225873
2600 0.00597459 0.00227302
2610 0.0059724 0.00228727
2620 0.00597006 0.00230147
2630 0.00596756 0.00231564
2640 0.00596492 0.00232976
2650 0.00596213 0.00234384
2660 0.00595919 0.00235787
2670 0.0059561 0.00237185
2680 0.00595287 0.00238578
2690 0.00594949 0.00239967
2700 0.00594596 0.0024135
2710 0.00594229 0.00242728
2720 0.00593848 0.00244101
2730 0.00593453 0.00245468
2740 0.00593044 0.0024683
2750 0.00592621 0.00248186
2760 0.00592183 0.00249536
2770 0.00591732 0.0025088
2780 0.00591268 0.00252218
2790 0.00590789 0.0025355
2800 0.00590297 0.00254875
2810 0.00589792 0.00256194
2820 0.00589273 0.00257506
2830 0.00588741 0.00258812
2840 0.00588196 0.0026011
2850 0.00587637 0.00261402
2860 0.00587066 0.00262687
2870 0.00586481 0.00263964
2880 0.00585884 0.00265234
2890 0.00585274 0.00266496
2900 0.00584651 0.00267751
2910 0.00584015 0.00268998
2920 0.00583367 0.00270237
2930 0.00582706 0.00271468
2940 0.00582033 0.00272691
2950 0.00581347 0.00273906
2960 0.0058065 0.00275112
2970 0.00579939 0.0027631
2980 0.00579217 0.00277499
2990 0.00578483 0.00278679
3000 0.00577737 0.00279851
3010 0.00576978 0.00281013
3020 0.00576208 0.00282166
3030 0.00575426 0.0028331
3040 0.00574633 0.00284445
3050 0.00573828 0.0028557
3060 0.00573011 0.00286685
3070 0.00572183 0.00287791
3080 0.00571343 0.00288887
3090 0.00570492 0.00289973
3100 0.0056963 0.00291048
3110 0.00568757 0.00292113
3120 0.00567872 0.00293168
3130 0.00566976 0.00294213
3140 0.0056607 0.00295247
3150 0.00565152 0.0029627
3160 0.00564224 0.00297282
3170 0.00563285 0.00298284
3180 0.00562335 0.00299274
3190 0.00561375 0.00300253
3200 0.00560404 0.00301221
3210 0.00559423 0.00302178
3220 0.00558431 0.00303122
3230 0.00557429 0.00304056
3240 0.00556417 0.00304977
3250 0.00555394 0.00305887
3260 0.00554361 0.00306785
3270 0.00553319 0.00307671
3280 0.00552266 0.00308544
3290 0.00551203 0.00309406
3300 0.0055013 0.00310254
3310 0.00549048 0.00311091
3320 0.00547956 0.00311915
3330 0.00546854 0.00312726
3340 0.00545743 0.00313525
3350 0.00544622 0.0031431
3360 0.00543491 0.00315083
3370 0.00542351 0.00315842
3380 0.00541202 0.00316589
3390 0.00540044 0.00317322
3400 0.00538876 0.00318042
3410 0.00537699 0.00318748
3420 0.00536512 0.00319441
3430 0.00535317 0.0032012
3440 0.00534113 0.00320786
3450 0.005329 0.00321438
3460 0.00531677 0.00322075
3470 0.00530446 0.00322699
3480 0.00529206 0.00323309
3490 0.00527958 0.00323905
3500 0.005267 0.00324486
3510 0.00525434 0.00325053
3520 0.00524159 0.00325606
3530 0.00522876 0.00326144
3540 0.00521584 0.00326667
3550 0.00520283 0.00327176
3560 0.00518974 0.0032767
3570 0.00517657 0.00328149
3580 0.00516331 0.00328614
3590 0.00514996 0.00329063
3600 0.00513653 0.00329497
3610 0.00512302 0.00329916
3620 0.00510942 0.0033032
3630 0.00509574 0.00330709
3640 0.00508198 0.00331082
3650 0.00506813 0.00331439
3660 0.00505421 0.00331781
3670 0.00504019 0.00332107
3680 0.0050261 0.00332418
3690 0.00501192 0.00332712
3700 0.00499766 0.00332991
3710 0.00498332 0.00333253
3720 0.00496889 0.003335
3730 0.00495438 0.0033373
3740 0.00493979 0.00333944
3750 0.00492511 0.00334141
3760 0.00491035 0.00334322
3770 0.00489551 0.00334487
3780 0.00488058 0.00334634
3790 0.00486556 0.00334765
3800 0.00485047 0.00334879
3810 0.00483528 0.00334976
3820 0.00482001 0.00335056
3830 0.00480466 0.00335118
3840 0.00478922 0.00335163
3850 0.00477369 0.00335191
3860 0.00475807 0.00335201
3870 0.00474236 0.00335194
3880 0.00472657 0.00335168
3890 0.00471068 0.00335125
3900 0.00469471 0.00335064
3910 0.00467864 0.00334984
3920 0.00466248 0.00334886
3930 0.00464623 0.0033477
3940 0.00462988 0.00334635
3950 0.00461344 0.00334481
3960 0.0045969 0.00334308
3970 0.00458026 0.00334117
3980 0.00456352 0.00333906
3990 0.00454668 0.00333676
4000 0.00452975 0.00333426
4010 0.0045127 0.00333156
4020 0.00449556 0.00332867
4030 0.00447831 0.00332558
4040 0.00446095 0.00332228
4050 0.00444348 0.00331878
4060 0.00442591 0.00331508
4070 0.00440822 0.00331117
4080 0.00439042 0.00330705
4090 0.0043725 0.00330271
4100 0.00435446 0.00329817
4110 0.00433631 0.0032934
4120 0.00431803 0.00328843
4130 0.00429963 0.00328323
4140 0.00428111 0.00327781
4150 0.00426246 0.00327216
4160 0.00424368 0.00326629
4170 0.00422477 0.00326019
4180 0.00420573 0.00325386
4190 0.00418655 0.0032473
4200 0.00416723 0.0032405
4210 0.00414778 0.00323347
4220 0.00412818 0.00322619
4230 0.00410843 0.00321868
4240 0.00408854 0.00321091
4250 0.0040685 0.00320291
4260 0.00404831 0.00319465
4270 0.00402796 0.00318614
4280 0.00400745 0.00317737
4290 0.00398679 0.00316835
4300 0.00396596 0.00315907
4310 0.00394497 0.00314952
4320 0.00392382 0.00313971
4330 0.00390249 0.00312964
4340 0.00388099 0.00311929
4350 0.00385932 0.00310868
4360 0.00383747 0.00309779
4370 0.00381544 0.00308662
4380 0.00379323 0.00307518
4390 0.00377084 0.00306345
4400 0.00374826 0.00305145
4410 0.00372549 0.00303915
4420 0.00370254 0.00302657
4430 0.00367939 0.00301371
4440 0.00365605 0.00300055
4450 0.00363251 0.0029871
4460 0.00360877 0.00297335
4470 0.00358483 0.00295931
4480 0.00356069 0.00294497
4490 0.00353635 0.00293034
4500 0.00351181 0.0029154
4510 0.00348706 0.00290017
4520 0.0034621 0.00288463
4530 0.00343694 0.00286879
4540 0.00341157 0.00285265
4550 0.00338599 0.00283621
4560 0.00336021 0.00281946
4570 0.00333421 0.00280241
4580 0.00330801 0.00278506
4590 0.00328159 0.0027674
4600 0.00325497 0.00274945
4610 0.00322815 0.00273119
4620 0.00320111 0.00271264
4630 0.00317388 0.00269379
4640 0.00314643 0.00267464
4650 0.00311879 0.0026552
4660 0.00309095 0.00263546
4670 0.00306291 0.00261544
4680 0.00303467 0.00259513
4690 0.00300624 0.00257454
4700 0.00297763 0.00255367
4710 0.00294883 0.00253253
4720 0.00291984 0.00251111
4730 0.00289069 0.00248943
4740 0.00286135 0.00246748
4750 0.00283185 0.00244528
4760 0.00280219 0.00242282
4770 0.00277237 0.00240012
4780 0.0027424 0.00237718
4790 0.00271228 0.00235401
4800 0.00268202 0.00233061
4810 0.00265163 0.00230699
4820 0.00262111 0.00228316
4830 0.00259048 0.00225912
4840 0.00255973 0.00223489
4850 0.00252889 0.00221047
4860 0.00249794 0.00218587
4870 0.00246691 0.0021611
4880 0.00243581 0.00213617
4890 0.00240463 0.00211108
4900 0.0023734 0.00208586
4910 0.00234212 0.0020605
4920 0.0023108 0.00203502
4930 0.00227944 0.00200943
4940 0.00224807 0.00198374
4950 0.00221669 0.00195795
4960 0.00218531 0.00193209
4970 0.00215395 0.00190616
4980 0.0021226 0.00188018
4990 0.00209129 0.00185415
5000 0.00206003 0.00182809
5010 0.00202882 0.001802
5020 0.00199768 0.0017759
5030 0.00196662 0.00174981
5040 0.00193564 0.00172373
5050 0.00190477 0.00169767
5060 0.00187401 0.00167165
5070 0.00184337 0.00164568
5080 0.00181287 0.00161977
5090 0.00178251 0.00159393
5100 0.00175231 0.00156817
5110 0.00172227 0.00154251
5120 0.00169242 0.00151696
5130 0.00166275 0.00149152
5140 0.00163328 0.0014662
5150 0.00160402 0.00144103
5160 0.00157497 0.001416
5170 0.00154616 0.00139114
5180 0.00151758 0.00136644
5190 0.00148926 0.00134192
5200 0.00146118 0.00131759
5210 0.00143337 0.00129346
5220 0.00140584 0.00126954
5230 0.00137859 0.00124583
5240 0.00135162 0.00122234
5250 0.00132495 0.00119909
5260 0.00129859 0.00117607
5270 0.00127253 0.00115331
5280 0.00124679 0.00113079
5290 0.00122138 0.00110854
5300 0.00119629 0.00108656
5310 0.00117154 0.00106484
5320 0.00114712 0.00104341
5330 0.00112305 0.00102226
5340 0.00109933 0.0010014
5350 0.00107596 0.000980832
5360 0.00105294 0.000960563
5370 0.00103028 0.000940595
5380 0.00100799 0.000920933
5390 0.000986058 0.00090158
5400 0.000964494 0.000882538
5410 0.000943298 0.00086381
5420 0.000922472 0.000845398
5430 0.000902017 0.000827305
5440 0.000881934 0.000809531
5450 0.000862225 0.000792079
5460 0.000842888 0.000774948
5470 0.000823925 0.000758141
5480 0.000805335 0.000741657
5490 0.000787118 0.000725496
5500 0.000769273 0.000709659
5510 0.000751798 0.000694145
5520 0.000734693 0.000678954
5530 0.000717957 0.000664084
5540 0.000701587 0.000649535
5550 0.000685583 0.000635306
5560 0.000669941 0.000621396
5570 0.000654659 0.000607802
5580 0.000639736 0.000594523
5590 0.000625168 0.000581557
5600 0.000610953 0.000568902
5610 0.000597087 0.000556555
5620 0.000583569 0.000544515
5630 0.000570395 0.000532779
5640 0.000557561 0.000521344
5650 0.000545064 0.000510208
5660 0.000532901 0.000499368
5670 0.000521068 0.00048882
5680 0.000509562 0.000478562
5690 0.000498379 0.000468591
5700 0.000487514 0.000458904
5710 0.000476965 0.000449498
5720 0.000466728 0.000440369
5730 0.000456798 0.000431514
5740 0.000447171 0.00042293
5750 0.000437845 0.000414613
5760 0.000428814 0.000406561
5770 0.000420075 0.000398769
5780 0.000411624 0.000391235
5790 0.000403456 0.000383955
5800 0.000395569 0.000376926
5810 0.000387957 0.000370144
5820 0.000380617 0.000363607
5830 0.000373545 0.00035731
5840 0.000366738 0.00035125
5850 0.00036019 0.000345425
5860 0.000353899 0.00033983
5870 0.000347861 0.000334463
5880 0.000342071 0.000329321
5890 0.000336527 0.0003244
5900 0.000331223 0.000319697
5910 0.000326158 0.00031521
5920 0.000321327 0.000310935
5930 0.000316727 0.000306869
5940 0.000312354 0.000303009
5950 0.000308205 0.000299353
5960 0.000304277 0.000295897
5970 0.000300566 0.00029264
5980 0.000297069 0.000289578
5990 0.000293783 0.000286708
6000 0.000290705 0.000284029
6010 0.000287832 0.000281537
6020 0.000285161 0.000279231
6030 0.000282689 0.000277107
6040 0.000280413 0.000275164
6050 0.000278331 0.0002734
6060 0.00027644 0.000271811
6070 0.000274738 0.000270397
6080 0.000273221 0.000269154
6090 0.000271888 0.000268082
6100 0.000270736 0.000267178
6110 0.000269763 0.00026644
6120 0.000268966 0.000265867
6130 0.000268344 0.000265457
6140 0.000267895 0.000265208
6150 0.000267617 0.00026512
6160 0.000267507 0.000265189
6170 0.000267565 0.000265416
6180 0.000267788 0.000265798
6190 0.000268174 0.000266335
6200 0.000268723 0.000267025
6210 0.000269432 0.000267867
6220 0.000270301 0.00026886
6230 0.000271328 0.000270004
6240 0.000272512 0.000271297
6250 0.000273851 0.000272739
6260 0.000275345 0.000274329
6270 0.000276993 0.000276066
6280 0.000278794 0.00027795
6290 0.000280748 0.00027998
6300 0.000282853 0.000282157
6310 0.000285109 0.000284479
6320 0.000287515 0.000286947
6330 0.000290072 0.00028956
6340 0.000292779 0.000292319
6350 0.000295636 0.000295224
6360 0.000298643 0.000298275
6370 0.0003018 0.000301472
6380 0.000305108 0.000304816
6390 0.000308566 0.000308307
6400 0.000312175 0.000311947
6410 0.000315936 0.000315735
6420 0.000319849 0.000319674
6430 0.000323917 0.000323764
6440 0.000328139 0.000328006
6450 0.000332517 0.000332402
6460 0.000337053 0.000336954
6470 0.000341748 0.000341663
6480 0.000346605 0.000346532
6490 0.000351625 0.000351563
6500 0.000356811 0.000356759
6510 0.000362165 0.000362122
6520 0.000367692 0.000367656
6530 0.000373393 0.000373363
6540 0.000379273 0.000379249
6550 0.000385336 0.000385317
6560 0.000391587 0.000391571
6570 0.00039803 0.000398017
6580 0.000404671 0.000404661
6590 0.000411516 0.000411509
6600 0.000418573 0.000418567
6610 0.000425847 0.000425843
6620 0.000433349 0.000433346
6630 0.000441087 0.000441085
6640 0.000449072 0.00044907
6650 0.000457315 0.000457314
6660 0.000465829 0.000465828
6670 0.000474629 0.000474628
6680 0.00048373 0.00048373
6690 0.000493152 0.000493151
6700 0.000502914 0.000502914
6710 0.000513042 0.000513042
6720 0.000523561 0.000523561
6730 0.000534504 0.000534504
6740 0.000545905 0.000545905
6750 0.000557808 0.000557808
6760 0.00057026 0.00057026
6770 0.000583321 0.000583321
6780 0 0
