0 0 0
10 0.603417 8.95638e-12
20 0.105602 1.18108e-10
30 0.159383 5.51943e-10
40 0.123462 1.66369e-09
50 0.0997753 3.928e-09
60 0.0831895 7.93389e-09
70 0.0711486 1.43779e-08
80 0.0622519 2.40575e-08
90 0.055674 3.78648e-08
100 0.0508313 5.67803e-08
110 0.0471005 8.1867e-08
120 0.0438158 1.14265e-07
130 0.0405989 1.55184e-07
140 0.0374472 2.05903e-07
150 0.0344808 2.67758e-07
160 0.0317732 3.42144e-07
170 0.0293447 4.30505e-07
180 0.0271928 5.34333e-07
190 0.0253124 6.55161e-07
200 0.0237005 7.9456e-07
210 0.0223555 9.54137e-07
220 0.0212741 1.13552e-06
230 0.0204491 1.34039e-06
240 0.0198679 1.5704e-06
250 0.0195128 1.82728e-06
260 0.0193615 2.11274e-06
270 0.0193889 2.42851e-06
280 0.0195681 2.77632e-06
290 0.0198723 3.15794e-06
300 0.0202755 3.5751e-06
310 0.0207538 4.02957e-06
320 0.0212857 4.52309e-06
330 0.0218525 5.05741e-06
340 0.022438 5.63427e-06
350 0.0230293 6.2554e-06
360 0.0236154 6.92252e-06
370 0.024188 7.63735e-06
380 0.0247406 8.40158e-06
390 0.0252681 9.21688e-06
400 0.0257669 1.00849e-05
410 0.0262345 1.10073e-05
420 0.0266689 1.19858e-05
430 0.027069 1.30218e-05
440 0.0274339 1.4117e-05
450 0.0277631 1.52729e-05
460 0.0280563 1.6491e-05
470 0.0283135 1.77729e-05
480 0.0285346 1.91199e-05
490 0.0287198 2.05336e-05
500 0.0288694 2.20153e-05
510 0.0289837 2.35665e-05
520 0.0290632 2.51884e-05
530 0.0291085 2.68823e-05
540 0.0291203 2.86496e-05
550 0.0290996 3.04915e-05
560 0.0290472 3.24091e-05
570 0.0289644 3.44036e-05
580 0.0288523 3.64763e-05
590 0.0287124 3.86281e-05
600 0.028546 4.08602e-05
610 0.0283547 4.31735e-05
620 0.02814 4.5569e-05
630 0.0279037 4.80477e-05
640 0.0276473 5.06106e-05
650 0.0273726 5.32584e-05
660 0.0270812 5.5992e-05
670 0.0267749 5.88122e-05
680 0.0264552 6.17198e-05
690 0.0261238 6.47154e-05
700 0.0257823 6.77998e-05
710 0.025432 7.09736e-05
720 0.0250745 7.42374e-05
730 0.024711 7.75918e-05
740 0.024343 8.10373e-05
750 0.0239715 8.45743e-05
760 0.0235977 8.82035e-05
770 0.0232227 9.19251e-05
780 0.0228474 9.57395e-05
790 0.0224726 9.96471e-05
800 0.0220993 0.000103648
810 0.0217281 0.000107743
820 0.0213596 0.000111932
830 0.0209946 0.000116215
840 0.0206334 0.000120593
850 0.0202767 0.000125065
860 0.0199247 0.000129631
870 0.0195778 0.000134292
880 0.0192364 0.000139048
890 0.0189008 0.000143899
900 0.018571 0.000148844
910 0.0182474 0.000153884
920 0.01793 0.000159018
930 0.017619 0.000164247
940 0.0173144 0.000169569
950 0.0170164 0.000174986
960 0.0167249 0.000180497
970 0.01644 0.000186101
980 0.0161616 0.000191798
990 0.0158897 0.000197588
1000 0.0156243 0.000203471
1010 0.0153654 0.000209446
1020 0.0151128 0.000215513
1030 0.0148665 0.000221671
1040 0.0146265 0.00022792
1050 0.0143925 0.00023426
1060 0.0141646 0.00024069
1070 0.0139426 0.000247209
1080 0.0137264 0.000253817
1090 0.0135159 0.000260514
1100 0.013311 0.000267298
1110 0.0131115 0.00027417
1120 0.0129175 0.000281128
1130 0.0127286 0.000288173
1140 0.0125449 0.000295302
1150 0.0123662 0.000302516
1160 0.0121924 0.000309814
1170 0.0120234 0.000317196
1180 0.011859 0.00032466
1190 0.0116991 0.000332205
1200 0.0115437 0.000339831
1210 0.0113925 0.000347538
1220 0.0112456 0.000355324
1230 0.0111027 0.000363188
1240 0.0109639 0.00037113
1250 0.0108289 0.000379149
1260 0.0106976 0.000387244
1270 0.01057 0.000395414
1280 0.010446 0.000403659
1290 0.0103255 0.000411977
1300 0.0102083 0.000420367
1310 0.0100944 0.000428829
1320 0.00998369 0.000437361
1330 0.00987606 0.000445963
1340 0.00977144 0.000454634
1350 0.00966975 0.000463372
1360 0.00957088 0.000472178
1370 0.00947478 0.000481049
1380 0.00938135 0.000489985
1390 0.00929051 0.000498985
1400 0.00920221 0.000508048
1410 0.00911635 0.000517173
1420 0.00903287 0.000526359
1430 0.0089517 0.000535605
1440 0.00887277 0.00054491
1450 0.00879602 0.000554272
1460 0.00872139 0.000563692
1470 0.0086488 0.000573167
1480 0.0085782 0.000582697
1490 0.00850954 0.000592281
1500 0.00844275 0.000601918
1510 0.00837779 0.000611607
1520 0.00831459 0.000621346
1530 0.00825311 0.000631135
1540 0.00819329 0.000640973
1550 0.00813509 0.000650858
1560 0.00807845 0.00066079
1570 0.00802334 0.000670767
1580 0.00796971 0.000680789
1590 0.00791752 0.000690855
1600 0.00786671 0.000700963
1610 0.00781726 0.000711112
1620 0.00776912 0.000721302
1630 0.00772226 0.000731531
1640 0.00767664 0.000741798
1650 0.00763222 0.000752103
1660 0.00758896 0.000762444
1670 0.00754685 0.00077282
1680 0.00750583 0.00078323
1690 0.00746588 0.000793674
1700 0.00742698 0.00080415
1710 0.00738909 0.000814657
1720 0.00735218 0.000825194
1730 0.00731622 0.00083576
1740 0.00728119 0.000846355
1750 0.00724707 0.000856977
1760 0.00721382 0.000867624
1770 0.00718142 0.000878297
1780 0.00714986 0.000888994
1790 0.0071191 0.000899715
1800 0.00708911 0.000910457
1810 0.00705989 0.000921221
1820 0.00703139 0.000932005
1830 0.00700361 0.000942808
1840 0.00697651 0.00095363
1850 0.00695008 0.000964469
1860 0.0069243 0.000975324
1870 0.00689914 0.000986195
1880 0.0068746 0.00099708
1890 0.00685065 0.00100798
1900 0.00682727 0.00101889
1910 0.00680445 0.00102981
1920 0.00678218 0.00104075
1930 0.00676044 0.00105169
1940 0.0067392 0.00106264
1950 0.00671847 0.0010736
1960 0.00669822 0.00108457
1970 0.00667845 0.00109554
1980 0.00665913 0.00110652
1990 0.00664026 0.0011175
2000 0.00662183 0.00112849
2010 0.00660381 0.00113948
2020 0.00658622 0.00115047
2030 0.00656902 0.00116146
2040 0.00655221 0.00117245
2050 0.00653578 0.00118344
2060 0.00651973 0.00119442
2070 0.00650403 0.00120541
2080 0.00648869 0.00121639
2090 0.00647369 0.00122736
2100 0.00645902 0.00123833
2110 0.00644468 0.0012493
2120 0.00643065 0.00126025
2130 0.00641694 0.0012712
2140 0.00640352 0.00128214
2150 0.0063904 0.00129307
2160 0.00637756 0.00130398
2170 0.006365 0.00131489
2180 0.00635272 0.00132578
2190 0.00634069 0.00133666
2200 0.00632893 0.00134753
2210 0.00631741 0.00135838
2220 0.00630614 0.00136921
2230 0.0062951 0.00138003
2240 0.00628429 0.00139083
2250 0.00627371 0.00140161
2260 0.00626335 0.00141237
2270 0.0062532 0.00142311
2280 0.00624326 0.00143383
2290 0.00623351 0.00144453
2300 0.00622397 0.0014552
2310 0.00621461 0.00146585
2320 0.00620543 0.00147648
2330 0.00619644 0.00148708
2340 0.00618761 0.00149765
2350 0.00617896 0.00150819
2360 0.00617046 0.00151871
2370 0.00616213 0.0015292
2380 0.00615394 0.00153966
2390 0.0061459 0.00155009
2400 0.00613801 0.00156048
2410 0.00613025 0.00157084
2420 0.00612262 0.00158117
2430 0.00611512 0.00159147
2440 0.00610774 0.00160173
2450 0.00610048 0.00161195
2460 0.00609334 0.00162213
2470 0.0060863 0.00163228
2480 0.00607936 0.00164239
2490 0.00607253 0.00165246
2500 0.00606578 0.00166249
2510 0.00605913 0.00167248
2520 0.00605257 0.00168242
2530 0.00604609 0.00169232
2540 0.00603968 0.00170218
2550 0.00603334 0.00171199
2560 0.00602708 0.00172175
2570 0.00602088 0.00173147
2580 0.00601474 0.00174114
2590 0.00600865 0.00175076
2600 0.00600262 0.00176033
2610 0.00599664 0.00176986
2620 0.0059907 0.00177933
2630 0.0059848 0.00178874
2640 0.00597894 0.00179811
2650 0.0059731 0.00180741
2660 0.0059673 0.00181667
2670 0.00596152 0.00182587
2680 0.00595577 0.00183501
2690 0.00595003 0.00184409
2700 0.0059443 0.00185311
2710 0.00593859 0.00186208
2720 0.00593288 0.00187098
2730 0.00592718 0.00187982
2740 0.00592147 0.0018886
2750 0.00591576 0.00189732
2760 0.00591005 0.00190597
2770 0.00590432 0.00191455
2780 0.00589858 0.00192307
2790 0.00589283 0.00193152
2800 0.00588705 0.00193991
2810 0.00588126 0.00194823
2820 0.00587543 0.00195647
2830 0.00586958 0.00196465
2840 0.0058637 0.00197275
2850 0.00585778 0.00198078
2860 0.00585183 0.00198874
2870 0.00584583 0.00199663
2880 0.00583979 0.00200444
2890 0.00583371 0.00201217
2900 0.00582758 0.00201983
2910 0.0058214 0.00202741
2920 0.00581516 0.00203491
2930 0.00580887 0.00204233
2940 0.00580252 0.00204967
2950 0.00579612 0.00205693
2960 0.00578964 0.00206411
2970 0.00578311 0.00207121
2980 0.00577651 0.00207823
2990 0.00576984 0.00208516
3000 0.0057631 0.002092
3010 0.00575628 0.00209877
3020 0.00574939 0.00210544
3030 0.00574243 0.00211203
3040 0.00573539 0.00211853
3050 0.00572826 0.00212494
3060 0.00572106 0.00213127
3070 0.00571377 0.0021375
3080 0.0057064 0.00214364
3090 0.00569894 0.0021497
3100 0.00569139 0.00215566
3110 0.00568375 0.00216153
3120 0.00567602 0.0021673
3130 0.0056682 0.00217299
3140 0.00566029 0.00217858
3150 0.00565228 0.00218407
3160 0.00564418 0.00218947
3170 0.00563598 0.00219477
3180 0.00562769 0.00219998
3190 0.00561929 0.00220509
3200 0.0056108 0.00221011
3210 0.0056022 0.00221503
3220 0.00559351 0.00221985
3230 0.00558471 0.00222457
3240 0.00557581 0.00222919
3250 0.00556681 0.00223371
3260 0.0055577 0.00223814
3270 0.00554849 0.00224246
3280 0.00553917 0.00224669
3290 0.00552975 0.00225081
3300 0.00552023 0.00225483
3310 0.0055106 0.00225875
3320 0.00550086 0.00226258
3330 0.00549102 0.0022663
3340 0.00548107 0.00226991
3350 0.00547101 0.00227343
3360 0.00546085 0.00227684
3370 0.00545058 0.00228016
3380 0.0054402 0.00228337
3390 0.00542972 0.00228648
3400 0.00541913 0.00228948
3410 0.00540843 0.00229239
3420 0.00539763 0.00229519
3430 0.00538672 0.00229789
3440 0.00537571 0.00230048
3450 0.00536459 0.00230298
3460 0.00535337 0.00230537
3470 0.00534204 0.00230766
3480 0.00533061 0.00230985
3490 0.00531907 0.00231193
3500 0.00530743 0.00231392
3510 0.00529569 0.0023158
3520 0.00528385 0.00231758
3530 0.0052719 0.00231926
3540 0.00525986 0.00232084
3550 0.00524771 0.00232232
3560 0.00523547 0.0023237
3570 0.00522313 0.00232498
3580 0.00521069 0.00232616
3590 0.00519815 0.00232723
3600 0.00518552 0.00232822
3610 0.00517279 0.0023291
3620 0.00515997 0.00232988
3630 0.00514706 0.00233057
3640 0.00513405 0.00233116
3650 0.00512095 0.00233165
3660 0.00510776 0.00233204
3670 0.00509449 0.00233235
3680 0.00508112 0.00233255
3690 0.00506767 0.00233266
3700 0.00505413 0.00233268
3710 0.00504051 0.0023326
3720 0.00502681 0.00233243
3730 0.00501302 0.00233217
3740 0.00499915 0.00233181
3750 0.00498521 0.00233137
3760 0.00497118 0.00233083
3770 0.00495708 0.00233021
3780 0.0049429 0.00232949
3790 0.00492865 0.00232869
3800 0.00491432 0.0023278
3810 0.00489992 0.00232683
3820 0.00488545 0.00232577
3830 0.00487092 0.00232462
3840 0.00485631 0.00232339
3850 0.00484164 0.00232207
3860 0.0048269 0.00232068
3870 0.0048121 0.0023192
3880 0.00479724 0.00231764
3890 0.00478232 0.002316
3900 0.00476733 0.00231428
3910 0.00475229 0.00231248
3920 0.0047372 0.00231061
3930 0.00472205 0.00230865
3940 0.00470684 0.00230663
3950 0.00469158 0.00230453
3960 0.00467628 0.00230235
3970 0.00466092 0.0023001
3980 0.00464551 0.00229778
3990 0.00463006 0.00229539
4000 0.00461457 0.00229293
4010 0.00459903 0.0022904
4020 0.00458345 0.0022878
4030 0.00456783 0.00228513
4040 0.00455217 0.0022824
4050 0.00453647 0.0022796
4060 0.00452074 0.00227674
4070 0.00450497 0.00227381
4080 0.00448917 0.00227083
4090 0.00447333 0.00226778
4100 0.00445747 0.00226467
4110 0.00444158 0.0022615
4120 0.00442566 0.00225827
4130 0.00440971 0.00225499
4140 0.00439374 0.00225165
4150 0.00437775 0.00224825
4160 0.00436173 0.0022448
4170 0.00434569 0.0022413
4180 0.00432964 0.00223774
4190 0.00431356 0.00223414
4200 0.00429747 0.00223048
4210 0.00428136 0.00222677
4220 0.00426524 0.00222302
4230 0.00424911 0.00221921
4240 0.00423296 0.00221536
4250 0.00421681 0.00221147
4260 0.00420064 0.00220753
4270 0.00418447 0.00220354
4280 0.00416829 0.00219952
4290 0.00415211 0.00219545
4300 0.00413592 0.00219134
4310 0.00411972 0.00218719
4320 0.00410353 0.002183
4330 0.00408734 0.00217877
4340 0.00407114 0.00217451
4350 0.00405495 0.00217021
4360 0.00403876 0.00216587
4370 0.00402257 0.0021615
4380 0.00400639 0.0021571
4390 0.00399021 0.00215266
4400 0.00397404 0.00214819
4410 0.00395788 0.00214369
4420 0.00394172 0.00213916
4430 0.00392558 0.00213459
4440 0.00390945 0.00213
4450 0.00389332 0.00212539
4460 0.00387721 0.00212074
4470 0.00386112 0.00211607
4480 0.00384503 0.00211137
4490 0.00382897 0.00210665
4500 0.00381291 0.0021019
4510 0.00379688 0.00209713
4520 0.00378086 0.00209234
4530 0.00376486 0.00208753
4540 0.00374888 0.00208269
4550 0.00373292 0.00207784
4560 0.00371698 0.00207296
4570 0.00370106 0.00206806
4580 0.00368516 0.00206315
4590 0.00366929 0.00205822
4600 0.00365343 0.00205327
4610 0.00363761 0.0020483
4620 0.0036218 0.00204332
4630 0.00360602 0.00203832
4640 0.00359027 0.00203331
4650 0.00357455 0.00202828
4660 0.00355885 0.00202324
4670 0.00354317 0.00201819
4680 0.00352753 0.00201312
4690 0.00351192 0.00200804
4700 0.00349633 0.00200295
4710 0.00348077 0.00199785
4720 0.00346524 0.00199273
4730 0.00344975 0.00198761
4740 0.00343428 0.00198248
4750 0.00341885 0.00197734
4760 0.00340345 0.00197219
4770 0.00338808 0.00196703
4780 0.00337274 0.00196186
4790 0.00335743 0.00195669
4800 0.00334216 0.00195151
4810 0.00332692 0.00194632
4820 0.00331172 0.00194112
4830 0.00329655 0.00193592
4840 0.00328142 0.00193072
4850 0.00326632 0.00192551
4860 0.00325125 0.00192029
4870 0.00323622 0.00191507
4880 0.00322123 0.00190984
4890 0.00320627 0.00190462
4900 0.00319135 0.00189938
4910 0.00317647 0.00189415
4920 0.00316162 0.00188891
4930 0.00314681 0.00188367
4940 0.00313204 0.00187843
4950 0.0031173 0.00187318
4960 0.0031026 0.00186793
4970 0.00308794 0.00186268
4980 0.00307332 0.00185743
4990 0.00305874 0.00185218
5000 0.0030442 0.00184693
5010 0.00302969 0.00184168
5020 0.00301522 0.00183642
5030 0.0030008 0.00183117
5040 0.00298641 0.00182591
5050 0.00297206 0.00182066
5060 0.00295775 0.00181541
5070 0.00294348 0.00181015
5080 0.00292925 0.0018049
5090 0.00291505 0.00179965
5100 0.0029009 0.0017944
5110 0.00288679 0.00178915
5120 0.00287272 0.0017839
5130 0.00285869 0.00177865
5140 0.0028447 0.00177341
5150 0.00283075 0.00176816
5160 0.00281684 0.00176292
5170 0.00280297 0.00175768
5180 0.00278914 0.00175244
5190 0.00277536 0.0017472
5200 0.00276161 0.00174197
5210 0.0027479 0.00173674
5220 0.00273424 0.00173151
5230 0.00272062 0.00172628
5240 0.00270703 0.00172106
5250 0.00269349 0.00171584
5260 0.00267999 0.00171062
5270 0.00266653 0.0017054
5280 0.00265312 0.00170019
5290 0.00263974 0.00169498
5300 0.00262641 0.00168978
5310 0.00261311 0.00168457
5320 0.00259986 0.00167937
5330 0.00258665 0.00167418
5340 0.00257348 0.00166898
5350 0.00256036 0.00166379
5360 0.00254727 0.00165861
5370 0.00253423 0.00165342
5380 0.00252123 0.00164824
5390 0.00250827 0.00164307
5400 0.00249535 0.00163789
5410 0.00248248 0.00163273
5420 0.00246964 0.00162756
5430 0.00245685 0.0016224
5440 0.0024441 0.00161724
5450 0.00243139 0.00161209
5460 0.00241873 0.00160694
5470 0.0024061 0.00160179
5480 0.00239352 0.00159665
5490 0.00238098 0.00159151
5500 0.00236848 0.00158637
5510 0.00235603 0.00158124
5520 0.00234362 0.00157611
5530 0.00233124 0.00157099
5540 0.00231892 0.00156587
5550 0.00230663 0.00156075
5560 0.00229438 0.00155564
5570 0.00228218 0.00155053
5580 0.00227002 0.00154543
5590 0.0022579 0.00154032
5600 0.00224582 0.00153523
5610 0.00223379 0.00153013
5620 0.0022218 0.00152504
5630 0.00220985 0.00151996
5640 0.00219794 0.00151487
5650 0.00218607 0.00150979
5660 0.00217425 0.00150472
5670 0.00216246 0.00149965
5680 0.00215072 0.00149458
5690 0.00213902 0.00148951
5700 0.00212737 0.00148445
5710 0.00211575 0.00147939
5720 0.00210418 0.00147433
5730 0.00209265 0.00146928
5740 0.00208116 0.00146423
5750 0.00206971 0.00145919
5760 0.0020583 0.00145414
5770 0.00204693 0.0014491
5780 0.00203561 0.00144406
5790 0.00202433 0.00143903
5800 0.00201308 0.001434
5810 0.00200188 0.00142897
5820 0.00199072 0.00142394
5830 0.0019796 0.00141891
5840 0.00196852 0.00141389
5850 0.00195749 0.00140887
5860 0.00194649 0.00140385
5870 0.00193553 0.00139883
5880 0.00192461 0.00139381
5890 0.00191374 0.0013888
5900 0.0019029 0.00138379
5910 0.0018921 0.00137877
5920 0.00188135 0.00137376
5930 0.00187063 0.00136875
5940 0.00185995 0.00136374
5950 0.00184931 0.00135874
5960 0.00183871 0.00135373
5970 0.00182814 0.00134872
5980 0.00181762 0.00134371
5990 0.00180713 0.0013387
6000 0.00179669 0.00133369
6010 0.00178628 0.00132868
6020 0.0017759 0.00132367
6030 0.00176557 0.00131866
6040 0.00175527 0.00131365
6050 0.00174501 0.00130863
6060 0.00173478 0.00130361
6070 0.00172459 0.00129859
6080 0.00171444 0.00129357
6090 0.00170432 0.00128855
6100 0.00169424 0.00128352
6110 0.00168419 0.00127849
6120 0.00167418 0.00127345
6130 0.0016642 0.00126842
6140 0.00165426 0.00126337
6150 0.00164434 0.00125833
6160 0.00163447 0.00125327
6170 0.00162462 0.00124822
6180 0.00161481 0.00124315
6190 0.00160502 0.00123808
6200 0.00159527 0.00123301
6210 0.00158556 0.00122793
6220 0.00157587 0.00122284
6230 0.00156621 0.00121774
6240 0.00155658 0.00121264
6250 0.00154698 0.00120752
6260 0.00153741 0.0012024
6270 0.00152787 0.00119727
6280 0.00151835 0.00119213
6290 0.00150887 0.00118698
6300 0.00149941 0.00118182
6310 0.00148998 0.00117665
6320 0.00148057 0.00117147
6330 0.00147119 0.00116627
6340 0.00146183 0.00116107
6350 0.0014525 0.00115585
6360 0.00144319 0.00115062
6370 0.0014339 0.00114537
6380 0.00142464 0.00114012
6390 0.0014154 0.00113484
6400 0.00140618 0.00112955
6410 0.00139698 0.00112425
6420 0.0013878 0.00111893
6430 0.00137865 0.0011136
6440 0.00136951 0.00110825
6450 0.00136039 0.00110288
6460 0.00135129 0.00109749
6470 0.00134221 0.00109209
6480 0.00133314 0.00108667
6490 0.0013241 0.00108123
6500 0.00131506 0.00107577
6510 0.00130605 0.00107029
6520 0.00129705 0.00106479
6530 0.00128806 0.00105927
6540 0.00127909 0.00105373
6550 0.00127013 0.00104816
6560 0.00126118 0.00104258
6570 0.00125225 0.00103698
6580 0.00124333 0.00103135
6590 0.00123442 0.0010257
6600 0.00122553 0.00102002
6610 0.00121664 0.00101433
6620 0.00120777 0.00100861
6630 0.0011989 0.00100287
6640 0.00119005 0.0009971
6650 0.0011812 0.000991309
6660 0.00117236 0.000985494
6670 0.00116354 0.000979655
6680 0.00115472 0.000973791
6690 0.00114591 0.000967903
6700 0.00113711 0.00096199
6710 0.00112832 0.000956053
6720 0.00111953 0.000950091
6730 0.00111075 0.000944105
6740 0.00110198 0.000938095
6750 0.00109322 0.00093206
6760 0.00108447 0.000926001
6770 0.00107572 0.000919918
6780 0.00106698 0.000913811
6790 0.00105825 0.000907681
6800 0.00104953 0.000901528
6810 0.00104082 0.000895353
6820 0.00103211 0.000889155
6830 0.00102342 0.000882935
6840 0.00101473 0.000876694
6850 0.00100606 0.000870432
6860 0.000997389 0.00086415
6870 0.000988733 0.000857848
6880 0.000980088 0.000851528
6890 0.000971455 0.000845189
6900 0.000962833 0.000838834
6910 0.000954225 0.000832462
6920 0.00094563 0.000826074
6930 0.00093705 0.000819672
6940 0.000928485 0.000813256
6950 0.000919936 0.000806827
6960 0.000911403 0.000800387
6970 0.000902889 0.000793937
6980 0.000894393 0.000787478
6990 0.000885918 0.000781011
7000 0.000877463 0.000774537
7010 0.00086903 0.000768057
7020 0.000860621 0.000761574
7030 0.000852236 0.000755088
7040 0.000843876 0.000748601
7050 0.000835544 0.000742115
7060 0.000827239 0.00073563
7070 0.000818964 0.000729148
7080 0.00081072 0.000722671
7090 0.000802509 0.000716201
7100 0.000794331 0.000709739
7110 0.000786188 0.000703287
7120 0.000778082 0.000696846
7130 0.000770013 0.000690418
7140 0.000761984 0.000684005
7150 0.000753996 0.000677608
7160 0.000746051 0.00067123
7170 0.000738149 0.000664871
7180 0.000730292 0.000658534
7190 0.000722483 0.00065222
7200 0.000714722 0.00064593
7210 0.00070701 0.000639668
7220 0.00069935 0.000633433
7230 0.000691742 0.000627228
7240 0.000684188 0.000621055
7250 0.00067669 0.000614915
7260 0.000669248 0.000608809
7270 0.000661864 0.000602739
7280 0.00065454 0.000596707
7290 0.000647276 0.000590714
7300 0.000640073 0.000584761
7310 0.000632934 0.00057885
7320 0.000625858 0.000572981
7330 0.000618847 0.000567158
7340 0.000611902 0.000561379
7350 0.000605024 0.000555648
7360 0.000598213 0.000549963
7370 0.000591471 0.000544328
7380 0.000584798 0.000538743
7390 0.000578195 0.000533208
7400 0.000571663 0.000527724
7410 0.000565201 0.000522293
7420 0.000558811 0.000516914
7430 0.000552493 0.000511589
7440 0.000546248 0.000506318
7450 0.000540074 0.000501102
7460 0.000533974 0.00049594
7470 0.000527946 0.000490834
7480 0.000521992 0.000485784
7490 0.00051611 0.000480789
7500 0.000510301 0.00047585
7510 0.000504565 0.000470968
7520 0.000498902 0.000466141
7530 0.000493311 0.000461371
7540 0.000487792 0.000456656
7550 0.000482344 0.000451997
7560 0.000476968 0.000447393
7570 0.000471662 0.000442845
7580 0.000466426 0.000438352
7590 0.000461259 0.000433913
7600 0.000456162 0.000429527
7610 0.000451132 0.000425196
7620 0.00044617 0.000420917
7630 0.000441274 0.00041669
7640 0.000436444 0.000412515
7650 0.000431679 0.000408391
7660 0.000426977 0.000404318
7670 0.000422338 0.000400293
7680 0.000417761 0.000396318
7690 0.000413245 0.00039239
7700 0.000408789 0.000388509
7710 0.000404391 0.000384674
7720 0.000400051 0.000380885
7730 0.000395768 0.00037714
7740 0.00039154 0.000373438
7750 0.000387366 0.000369778
7760 0.000383246 0.00036616
7770 0.000379177 0.000362583
7780 0.000375159 0.000359044
7790 0.00037119 0.000355545
7800 0.00036727 0.000352083
7810 0.000363398 0.000348657
7820 0.000359571 0.000345267
7830 0.000355789 0.000341911
7840 0.000352051 0.000338589
7850 0.000348356 0.0003353
7860 0.000344702 0.000332042
7870 0.000341088 0.000328814
7880 0.000337513 0.000325617
7890 0.000333977 0.000322447
7900 0.000330477 0.000319306
7910 0.000327013 0.000316192
7920 0.000323584 0.000313103
7930 0.000320188 0.00031004
7940 0.000316826 0.000307
7950 0.000313495 0.000303984
7960 0.000310194 0.000300991
7970 0.000306924 0.000298019
7980 0.000303681 0.000295068
7990 0.000300467 0.000292136
8000 0.00029728 0.000289225
8010 0.000294118 0.000286331
8020 0.000290982 0.000283456
8030 0.00028787 0.000280597
8040 0.000284781 0.000277755
8050 0.000281714 0.000274929
8060 0.00027867 0.000272118
8070 0.000275646 0.000269321
8080 0.000272643 0.000266538
8090 0.000269659 0.000263768
8100 0.000266694 0.00026101
8110 0.000263747 0.000258265
8120 0.000260817 0.000255531
8130 0.000257904 0.000252808
8140 0.000255007 0.000250096
8150 0.000252125 0.000247393
8160 0.000249258 0.0002447
8170 0.000246405 0.000242016
8180 0.000243566 0.00023934
8190 0.00024074 0.000236672
8200 0.000237926 0.000234011
8210 0.000235124 0.000231358
8220 0.000232333 0.000228711
8230 0.000229552 0.00022607
8240 0.000226782 0.000223435
8250 0.000224021 0.000220805
8260 0.000221269 0.000218179
8270 0.000218526 0.000215558
8280 0.00021579 0.000212941
8290 0.000213062 0.000210327
8300 0.00021034 0.000207716
8310 0.000207624 0.000205107
8320 0.000204914 0.0002025
8330 0.000202208 0.000199894
8340 0.000199507 0.000197289
8350 0.000196809 0.000194683
8360 0.000194113 0.000192078
8370 0.000191419 0.000189471
8380 0.000188727 0.000186862
8390 0.000186035 0.00018425
8400 0.000183342 0.000181635
8410 0.000180648 0.000179015
8420 0.00017795 0.00017639
8430 0.00017525 0.000173759
8440 0.000172544 0.00017112
8450 0.000169832 0.000168473
8460 0.000167113 0.000165815
8470 0.000164385 0.000163147
8480 0.000161646 0.000160465
8490 0.000158894 0.000157768
8500 0.000156128 0.000155055
8510 0.000153345 0.000152323
8520 0.000150543 0.00014957
8530 0.00014773 0.000146803
8540 0.000144932 0.000144051
8550 0.000142152 0.000141314
8560 0.000139391 0.000138594
8570 0.000136648 0.00013589
8580 0.000133924 0.000133204
8590 0.00013122 0.000130537
8600 0.000128536 0.000127887
8610 0.000125872 0.000125257
8620 0.00012323 0.000122647
8630 0.000120609 0.000120056
8640 0.000118009 0.000117486
8650 0.000115433 0.000114937
8660 0.000112879 0.00011241
8670 0.000110348 0.000109904
8680 0.000107841 0.000107422
8690 0.000105358 0.000104962
8700 0.0001029 0.000102526
8710 0.000100467 0.000100113
8720 9.80585e-05 9.77253e-05
8730 9.56762e-05 9.5362e-05
8740 9.33201e-05 9.3024e-05
8750 9.09905e-05 9.07116e-05
8760 8.86877e-05 8.84252e-05
8770 8.64122e-05 8.61653e-05
8780 8.41642e-05 8.39321e-05
8790 8.19442e-05 8.17261e-05
8800 7.97525e-05 7.95477e-05
8810 7.75893e-05 7.73971e-05
8820 7.54549e-05 7.52747e-05
8830 7.33498e-05 7.31809e-05
8840 7.12741e-05 7.11159e-05
8850 6.92281e-05 6.908e-05
8860 6.7212e-05 6.70736e-05
8870 6.52262e-05 6.50968e-05
8880 6.32709e-05 6.31501e-05
8890 6.13462e-05 6.12335e-05
8900 5.94525e-05 5.93473e-05
8910 5.75898e-05 5.74918e-05
8920 5.57584e-05 5.56671e-05
8930 5.39584e-05 5.38735e-05
8940 5.219e-05 5.21111e-05
8950 5.04533e-05 5.038e-05
8960 4.87486e-05 4.86806e-05
8970 4.70758e-05 4.70127e-05
8980 4.54351e-05 4.53767e-05
8990 4.38266e-05 4.37725e-05
9000 4.22504e-05 4.22004e-05
9010 4.07065e-05 4.06603e-05
9020 3.9195e-05 3.91523e-05
9030 3.77159e-05 3.76765e-05
9040 3.62692e-05 3.6233e-05
9050 3.4855e-05 3.48216e-05
9060 3.34732e-05 3.34425e-05
9070 3.21238e-05 3.20957e-05
9080 3.08069e-05 3.07811e-05
9090 2.95222e-05 2.94986e-05
9100 2.82699e-05 2.82482e-05
9110 2.70497e-05 2.703e-05
9120 2.58617e-05 2.58436e-05
9130 2.47057e-05 2.46892e-05
9140 2.35815e-05 2.35665e-05
9150 2.24891e-05 2.24754e-05
9160 2.14282e-05 2.14158e-05
9170 2.03988e-05 2.03876e-05
9180 1.94007e-05 1.93905e-05
9190 1.84335e-05 1.84243e-05
9200 1.74972e-05 1.74889e-05
9210 1.65915e-05 1.65839e-05
9220 1.57161e-05 1.57093e-05
9230 1.48707e-05 1.48646e-05
9240 1.40552e-05 1.40497e-05
9250 1.32691e-05 1.32642e-05
9260 1.25122e-05 1.25078e-05
9270 1.17841e-05 1.17802e-05
9280 1.10845e-05 1.1081e-05
9290 1.04129e-05 1.04098e-05
9300 9.76909e-06 9.76633e-06
9310 9.15253e-06 9.15008e-06
9320 8.56282e-06 8.56065e-06
9330 7.99951e-06 7.99759e-06
9340 7.46213e-06 7.46044e-06
9350 6.95018e-06 6.94869e-06
9360 6.46315e-06 6.46185e-06
9370 6.00053e-06 5.99938e-06
9380 5.56175e-06 5.56074e-06
9390 5.14624e-06 5.14537e-06
9400 4.75344e-06 4.75267e-06
9410 4.38271e-06 4.38205e-06
9420 4.03346e-06 4.03289e-06
9430 3.70503e-06 3.70453e-06
9440 3.39677e-06 3.39634e-06
9450 3.10801e-06 3.10764e-06
9460 2.83807e-06 2.83775e-06
9470 2.58624e-06 2.58597e-06
9480 2.35182e-06 2.35159e-06
9490 2.13409e-06 2.13389e-06
9500 1.93233e-06 1.93216e-06
9510 1.74579e-06 1.74565e-06
9520 1.57375e-06 1.57363e-06
9530 1.41546e-06 1.41536e-06
9540 1.2702e-06 1.27011e-06
9550 1.13721e-06 1.13714e-06
9560 1.01579e-06 1.01572e-06
9570 9.05197e-07 9.05144e-07
9580 8.04736e-07 8.04691e-07
9590 7.13711e-07 7.13673e-07
9600 6.31447e-07 6.31414e-07
9610 5.57288e-07 5.5726e-07
9620 4.90601e-07 4.90578e-07
9630 4.3078e-07 4.3076e-07
9640 3.77244e-07 3.77227e-07
9650 3.29443e-07 3.29428e-07
9660 2.86858e-07 2.86845e-07
9670 2.49004e-07 2.48992e-07
9680 2.15426e-07 2.15416e-07
9690 1.85705e-07 1.85697e-07
9700 1.59457e-07 1.5945e-07
9710 1.36329e-07 1.36322e-07
9720 1.16e-07 1.15994e-07
9730 9.81809e-08 9.81754e-08
9740 8.26102e-08 8.26053e-08
9750 6.90533e-08 6.90489e-08
9760 5.72995e-08 5.72955e-08
9770 4.71593e-08 4.71557e-08
9780 3.84618e-08 3.84586e-08
9790 3.10525e-08 3.10496e-08
9800 2.47904e-08 2.47878e-08
9810 1.95461e-08 1.95438e-08
9820 1.52003e-08 1.51982e-08
9830 1.1642e-08 1.16401e-08
9840 8.76794e-09 8.7662e-09
9850 6.48198e-09 6.48042e-09
9860 4.69491e-09 4.69351e-09
9870 3.32459e-09 3.32334e-09
9880 2.29628e-09 2.29516e-09
9890 1.54295e-09 1.54196e-09
9900 1.00567e-09 1.0048e-09
9910 6.33749e-10 6.32976e-10
9920 3.84718e-10 3.84037e-10
9930 2.24049e-10 2.23452e-10
9940 1.24603e-10 1.2408e-10
9950 6.58436e-11 6.5389e-11
9960 3.2887e-11 3.24929e-11
9970 1.54519e-11 1.51117e-11
9980 6.81316e-12 6.5209e-12
9990 2.83423e-12 2.58441e-12
10000 1.14199e-12 9.29596e-13
10010 4.78758e-13 2.99213e-13
10020 2.35596e-13 8.47502e-14
10030 1.46604e-13 2.07048e-14
10040 1.08592e-13 4.25884e-15
10050 8.65144e-14 7.16297e-16
10060 7.00654e-14 9.50489e-17
10070 5.6557e-14 9.52172e-18
10080 4.52505e-14 6.81707e-19
10090 3.58191e-14 3.2561e-20
10100 2.80178e-14 9.50716e-22
10110 2.16285e-14 1.51656e-23
10120 1.64534e-14 1.14173e-25
10130 1.23131e-14 3.34297e-28
10140 9.04622e-15 2.93513e-31
10150 6.50854e-15 5.41214e-35
10160 4.57203e-15 1.27343e-39
10170 3.12418e-15 1.87188e-45
10180 2.06702e-15 5.99729e-53
10190 1.31633e-15 8.41486e-63
10200 8.00647e-16 4.06279e-76
10210 4.60337e-16 9.8406e-95
10220 2.46632e-16 6.93492e-122
10230 1.20615e-16 1.01795e-163
10240 5.218e-17 4.26399e-233
10250 1.89717e-17 0
10260 5.28217e-18 0
10270 9.21786e-19 0
10280 5.45506e-20 0
10290 0 0
