0 1.5696e-20 9.84595e-23 0
10 4.7088e-20 1.03648e-22 1.19707e-24
20 7.84802e-20 1.09096e-22 5.98535e-25
30 1.09873e-19 1.14813e-22 3.99025e-25
40 1.41266e-19 1.20814e-22 2.9927e-25
50 1.72659e-19 1.2711e-22 2.39418e-25
60 2.04053e-19 1.33716e-22 1.99517e-25
70 2.35448e-19 1.40647e-22 1.71016e-25
80 2.66844e-19 1.47915e-22 1.49641e-25
90 2.98241e-19 1.55538e-22 1.33016e-25
100 3.29639e-19 1.63531e-22 1.19717e-25
110 3.61038e-19 1.71911e-22 1.08835e-25
120 3.92439e-19 1.80696e-22 9.97676e-26
130 4.23841e-19 1.89903e-22 9.20952e-26
140 4.55245e-19 1.99551e-22 8.55189e-26
150 4.8665e-19 2.09661e-22 7.98196e-26
160 5.18058e-19 2.20253e-22 7.48328e-26
170 5.49467e-19 2.31347e-22 7.04329e-26
180 5.80879e-19 2.42967e-22 6.65219e-26
190 6.12293e-19 2.55135e-22 6.30227e-26
200 6.43709e-19 2.67875e-22 5.98736e-26
210 6.75128e-19 2.81213e-22 5.70244e-26
220 7.06549e-19 2.95174e-22 5.44344e-26
230 7.37973e-19 3.09785e-22 5.20697e-26
240 7.694e-19 3.25074e-22 4.99021e-26
250 8.00829e-19 3.41071e-22 4.7908e-26
260 8.32262e-19 3.57805e-22 4.60674e-26
270 8.63698e-19 3.75309e-22 4.43632e-26
280 8.95138e-19 3.93614e-22 4.27808e-26
290 9.26581e-19 4.12755e-22 4.13076e-26
300 9.58027e-19 4.32767e-22 3.99326e-26
310 9.89477e-19 4.53686e-22 3.86465e-26
320 1.02093e-18 4.75551e-22 3.74408e-26
330 1.05239e-18 4.984e-22 3.63082e-26
340 1.08385e-18 5.22275e-22 3.52423e-26
350 1.11532e-18 5.47218e-22 3.42374e-26
360 1.14679e-18 5.73273e-22 3.32884e-26
370 1.17826e-18 6.00485e-22 3.23907e-26
380 1.20974e-18 6.28902e-22 3.15403e-26
390 1.24123e-18 6.58573e-22 3.07336e-26
400 1.27272e-18 6.89548e-22 2.99673e-26
410 1.30421e-18 7.21879e-22 2.92383e-26
420 1.33571e-18 7.55623e-22 2.85442e-26
430 1.36721e-18 7.90834e-22 2.78824e-26
440 1.39872e-18 8.27571e-22 2.72507e-26
450 1.43024e-18 8.65895e-22 2.66472e-26
460 1.46176e-18 9.05868e-22 2.60699e-26
470 1.49328e-18 9.47556e-22 2.55172e-26
480 1.52481e-18 9.91025e-22 2.49876e-26
490 1.55635e-18 1.03634e-21 2.44797e-26
500 1.5879e-18 1.08359e-21 2.39921e-26
510 1.61944e-18 1.13282e-21 2.35237e-26
520 1.651e-18 1.18414e-21 2.30733e-26
530 1.68256e-18 1.2376e-21 2.264e-26
540 1.71413e-18 1.2933e-21 2.22227e-26
550 1.74571e-18 1.35132e-21 2.18207e-26
560 1.77729e-18 1.41175e-21 2.14331e-26
570 1.80888e-18 1.47467e-21 2.10591e-26
580 1.84047e-18 1.54019e-21 2.0698e-26
590 1.87208e-18 1.6084e-21 2.03492e-26
600 1.90369e-18 1.67939e-21 2.00121e-26
610 1.93531e-18 1.75327e-21 1.9686e-26
620 1.96693e-18 1.83016e-21 1.93705e-26
630 1.99856e-18 1.91014e-21 1.90651e-26
640 2.03021e-18 1.99335e-21 1.87692e-26
650 2.06185e-18 2.0799e-21 1.84825e-26
660 2.09351e-18 2.1699e-21 1.82045e-26
670 2.12518e-18 2.26348e-21 1.79348e-26
680 2.15685e-18 2.36077e-21 1.76731e-26
690 2.18853e-18 2.46191e-21 1.7419e-26
700 2.22022e-18 2.56702e-21 1.71721e-26
710 2.25192e-18 2.67624e-21 1.69323e-26
720 2.28362e-18 2.78973e-21 1.66992e-26
730 2.31534e-18 2.90763e-21 1.64724e-26
740 2.34706e-18 3.0301e-21 1.62519e-26
750 2.3788e-18 3.15728e-21 1.60372e-26
760 2.41054e-18 3.28935e-21 1.58282e-26
770 2.44229e-18 3.42646e-21 1.56247e-26
780 2.47406e-18 3.5688e-21 1.54264e-26
790 2.50583e-18 3.71654e-21 1.52332e-26
800 2.53761e-18 3.86986e-21 1.50448e-26
810 2.5694e-18 4.02894e-21 1.48611e-26
820 2.6012e-18 4.19398e-21 1.46819e-26
830 2.63301e-18 4.36518e-21 1.4507e-26
840 2.66483e-18 4.54274e-21 1.43363e-26
850 2.69667e-18 4.72687e-21 1.41697e-26
860 2.72851e-18 4.91778e-21 1.4007e-26
870 2.76036e-18 5.1157e-21 1.3848e-26
880 2.79222e-18 5.32084e-21 1.36927e-26
890 2.8241e-18 5.53344e-21 1.35409e-26
900 2.85598e-18 5.75374e-21 1.33925e-26
910 2.88788e-18 5.98198e-21 1.32473e-26
920 2.91979e-18 6.21842e-21 1.31054e-26
930 2.95171e-18 6.4633e-21 1.29665e-26
940 2.98364e-18 6.7169e-21 1.28306e-26
950 3.01558e-18 6.97949e-21 1.26976e-26
960 3.04753e-18 7.25133e-21 1.25674e-26
970 3.0795e-18 7.53273e-21 1.24398e-26
980 3.11148e-18 7.82395e-21 1.23149e-26
990 3.14347e-18 8.12532e-21 1.21926e-26
1000 3.17547e-18 8.43712e-21 1.20727e-26
1010 3.20748e-18 8.75968e-21 1.19552e-26
1020 3.23951e-18 9.09331e-21 1.18401e-26
1030 3.27155e-18 9.43833e-21 1.17271e-26
1040 3.3036e-18 9.7951e-21 1.16164e-26
1050 3.33567e-18 1.01639e-20 1.15078e-26
1060 3.36775e-18 1.05452e-20 1.14013e-26
1070 3.39984e-18 1.09393e-20 1.12968e-26
1080 3.43194e-18 1.13465e-20 1.11943e-26
1090 3.46406e-18 1.17672e-20 1.10936e-26
1100 3.49619e-18 1.22019e-20 1.09948e-26
1110 3.52834e-18 1.26509e-20 1.08978e-26
1120 3.5605e-18 1.31145e-20 1.08026e-26
1130 3.59267e-18 1.35933e-20 1.0709e-26
1140 3.62486e-18 1.40876e-20 1.06171e-26
1150 3.65706e-18 1.45979e-20 1.05269e-26
1160 3.68927e-18 1.51245e-20 1.04382e-26
1170 3.7215e-18 1.5668e-20 1.0351e-26
1180 3.75375e-18 1.62288e-20 1.02653e-26
1190 3.786e-18 1.68073e-20 1.01811e-26
1200 3.81828e-18 1.7404e-20 1.00983e-26
1210 3.85057e-18 1.80194e-20 1.00169e-26
1220 3.88287e-18 1.8654e-20 9.93689e-27
1230 3.91519e-18 1.93083e-20 9.85816e-27
1240 3.94752e-18 1.99828e-20 9.78072e-27
1250 3.97987e-18 2.06779e-20 9.70453e-27
1260 4.01224e-18 2.13943e-20 9.62957e-27
1270 4.04462e-18 2.21324e-20 9.55581e-27
1280 4.07702e-18 2.28928e-20 9.48321e-27
1290 4.10943e-18 2.36761e-20 9.41176e-27
1300 4.14186e-18 2.44828e-20 9.34143e-27
1310 4.1743e-18 2.53134e-20 9.27218e-27
1320 4.20676e-18 2.61687e-20 9.204e-27
1330 4.23924e-18 2.70491e-20 9.13686e-27
1340 4.27174e-18 2.79552e-20 9.07074e-27
1350 4.30425e-18 2.88877e-20 9.00562e-27
1360 4.33677e-18 2.98471e-20 8.94147e-27
1370 4.36932e-18 3.08342e-20 8.87827e-27
1380 4.40188e-18 3.18494e-20 8.816e-27
1390 4.43446e-18 3.28936e-20 8.75465e-27
1400 4.46706e-18 3.39673e-20 8.69419e-27
1410 4.49967e-18 3.50712e-20 8.6346e-27
1420 4.53231e-18 3.62059e-20 8.57586e-27
1430 4.56496e-18 3.73722e-20 8.51796e-27
1440 4.59762e-18 3.85707e-20 8.46088e-27
1450 4.63031e-18 3.98022e-20 8.40461e-27
1460 4.66302e-18 4.10673e-20 8.34912e-27
1470 4.69574e-18 4.23667e-20 8.2944e-27
1480 4.72848e-18 4.37012e-20 8.24043e-27
1490 4.76124e-18 4.50715e-20 8.1872e-27
1500 4.79402e-18 4.64783e-20 8.1347e-27
1510 4.82682e-18 4.79224e-20 8.0829e-27
1520 4.85963e-18 4.94045e-20 8.03181e-27
1530 4.89247e-18 5.09254e-20 7.98139e-27
1540 4.92532e-18 5.24859e-20 7.93165e-27
1550 4.9582e-18 5.40867e-20 7.88256e-27
1560 4.99109e-18 5.57286e-20 7.83411e-27
1570 5.024e-18 5.74125e-20 7.7863e-27
1580 5.05694e-18 5.9139e-20 7.7391e-27
1590 5.08989e-18 6.09089e-20 7.69251e-27
1600 5.12287e-18 6.27232e-20 7.64652e-27
1610 5.15586e-18 6.45826e-20 7.60112e-27
1620 5.18887e-18 6.64879e-20 7.55628e-27
1630 5.22191e-18 6.844e-20 7.51201e-27
1640 5.25496e-18 7.04396e-20 7.4683e-27
1650 5.28804e-18 7.24875e-20 7.42513e-27
1660 5.32114e-18 7.45848e-20 7.38249e-27
1670 5.35426e-18 7.6732e-20 7.34038e-27
1680 5.3874e-18 7.89302e-20 7.29878e-27
1690 5.42056e-18 8.11801e-20 7.25768e-27
1700 5.45374e-18 8.34825e-20 7.21709e-27
1710 5.48694e-18 8.58384e-20 7.17698e-27
1720 5.52017e-18 8.82486e-20 7.13735e-27
1730 5.55342e-18 9.07139e-20 7.09819e-27
1740 5.58669e-18 9.32351e-20 7.0595e-27
1750 5.61998e-18 9.58131e-20 7.02126e-27
1760 5.65329e-18 9.84489e-20 6.98346e-27
1770 5.68663e-18 1.01143e-19 6.94611e-27
1780 5.71999e-18 1.03897e-19 6.90919e-27
1790 5.75337e-18 1.0671e-19 6.8727e-27
1800 5.78677e-18 1.09585e-19 6.83662e-27
1810 5.8202e-18 1.12522e-19 6.80096e-27
1820 5.85365e-18 1.15521e-19 6.76569e-27
1830 5.88713e-18 1.18584e-19 6.73083e-27
1840 5.92063e-18 1.21711e-19 6.69636e-27
1850 5.95415e-18 1.24904e-19 6.66227e-27
1860 5.98769e-18 1.28162e-19 6.62856e-27
1870 6.02126e-18 1.31488e-19 6.59523e-27
1880 6.05485e-18 1.3488e-19 6.56226e-27
1890 6.08847e-18 1.38342e-19 6.52965e-27
1900 6.12211e-18 1.41872e-19 6.4974e-27
1910 6.15578e-18 1.45473e-19 6.4655e-27
1920 6.18947e-18 1.49144e-19 6.43394e-27
1930 6.22318e-18 1.52886e-19 6.40273e-27
1940 6.25692e-18 1.56701e-19 6.37184e-27
1950 6.29069e-18 1.60589e-19 6.34128e-27
1960 6.32448e-18 1.6455e-19 6.31105e-27
1970 6.3583e-18 1.68586e-19 6.28114e-27
1980 6.39214e-18 1.72697e-19 6.25154e-27
1990 6.426e-18 1.76884e-19 6.22225e-27
2000 6.4599e-18 1.81147e-19 6.19326e-27
2010 6.49381e-18 1.85487e-19 6.16458e-27
2020 6.52776e-18 1.89905e-19 6.13619e-27
2030 6.56173e-18 1.94401e-19 6.10809e-27
2040 6.59573e-18 1.98977e-19 6.08028e-27
2050 6.62975e-18 2.03631e-19 6.05275e-27
2060 6.6638e-18 2.08366e-19 6.0255e-27
2070 6.69788e-18 2.13181e-19 5.99852e-27
2080 6.73198e-18 2.18077e-19 5.97182e-27
2090 6.76611e-18 2.23055e-19 5.94538e-27
2100 6.80027e-18 2.28115e-19 5.91921e-27
2110 6.83445e-18 2.33258e-19 5.89329e-27
2120 6.86867e-18 2.38483e-19 5.86763e-27
2130 6.90291e-18 2.43792e-19 5.84222e-27
2140 6.93718e-18 2.49184e-19 5.81706e-27
2150 6.97147e-18 2.54661e-19 5.79215e-27
2160 7.0058e-18 2.60221e-19 5.76748e-27
2170 7.04015e-18 2.65867e-19 5.74305e-27
2180 7.07453e-18 2.71597e-19 5.71885e-27
2190 7.10894e-18 2.77412e-19 5.69488e-27
2200 7.14338e-18 2.83313e-19 5.67114e-27
2210 7.17785e-18 2.89299e-19 5.64763e-27
2220 7.21234e-18 2.95371e-19 5.62434e-27
2230 7.24687e-18 3.01528e-19 5.60127e-27
2240 7.28142e-18 3.07772e-19 5.57842e-27
2250 7.31601e-18 3.14101e-19 5.55578e-27
2260 7.35062e-18 3.20515e-19 5.53335e-27
2270 7.38526e-18 3.27016e-19 5.51114e-27
2280 7.41994e-18 3.33602e-19 5.48912e-27
2290 7.45464e-18 3.40274e-19 5.46731e-27
2300 7.48938e-18 3.47031e-19 5.4457e-27
2310 7.52414e-18 3.53873e-19 5.42429e-27
2320 7.55894e-18 3.608e-19 5.40307e-27
2330 7.59376e-18 3.67812e-19 5.38205e-27
2340 7.62862e-18 3.74909e-19 5.36121e-27
2350 7.6635e-18 3.82089e-19 5.34057e-27
2360 7.69842e-18 3.89353e-19 5.3201e-27
2370 7.73337e-18 3.967e-19 5.29983e-27
2380 7.76835e-18 4.0413e-19 5.27973e-27
2390 7.80337e-18 4.11642e-19 5.25981e-27
2400 7.83841e-18 4.19236e-19 5.24007e-27
2410 7.87349e-18 4.2691e-19 5.2205e-27
2420 7.9086e-18 4.34665e-19 5.2011e-27
2430 7.94374e-18 4.425e-19 5.18188e-27
2440 7.97891e-18 4.50413e-19 5.16282e-27
2450 8.01412e-18 4.58405e-19 5.14393e-27
2460 8.04936e-18 4.66474e-19 5.1252e-27
2470 8.08463e-18 4.74619e-19 5.10663e-27
2480 8.11994e-18 4.82839e-19 5.08822e-27
2490 8.15527e-18 4.91134e-19 5.06998e-27
2500 8.19065e-18 4.99502e-19 5.05188e-27
2510 8.22605e-18 5.07943e-19 5.03394e-27
2520 8.26149e-18 5.16454e-19 5.01616e-27
2530 8.29696e-18 5.25036e-19 4.99852e-27
2540 8.33247e-18 5.33686e-19 4.98104e-27
2550 8.36801e-18 5.42404e-19 4.9637e-27
2560 8.40359e-18 5.51188e-19 4.9465e-27
2570 8.4392e-18 5.60036e-19 4.92945e-27
2580 8.47484e-18 5.68948e-19 4.91255e-27
2590 8.51052e-18 5.77922e-19 4.89578e-27
2600 8.54623e-18 5.86956e-19 4.87915e-27
2610 8.58198e-18 5.96049e-19 4.86266e-27
2620 8.61777e-18 6.05199e-19 4.8463e-27
2630 8.65359e-18 6.14404e-19 4.83008e-27
2640 8.68945e-18 6.23663e-19 4.81399e-27
2650 8.72534e-18 6.32974e-19 4.79804e-27
2660 8.76127e-18 6.42335e-19 4.78221e-27
2670 8.79723e-18 6.51744e-19 4.76651e-27
2680 8.83323e-18 6.61199e-19 4.75094e-27
2690 8.86927e-18 6.70699e-19 4.73549e-27
2700 8.90534e-18 6.80241e-19 4.72017e-27
2710 8.94145e-18 6.89824e-19 4.70497e-27
2720 8.9776e-18 6.99444e-19 4.68989e-27
2730 9.01379e-18 7.09101e-19 4.67493e-27
2740 9.05001e-18 7.18791e-19 4.66009e-27
2750 9.08627e-18 7.28513e-19 4.64537e-27
2760 9.12257e-18 7.38265e-19 4.63076e-27
2770 9.1589e-18 7.48043e-19 4.61627e-27
2780 9.19527e-18 7.57846e-19 4.6019e-27
2790 9.23169e-18 7.67671e-19 4.58763e-27
2800 9.26814e-18 7.77516e-19 4.57348e-27
2810 9.30462e-18 7.87378e-19 4.55944e-27
2820 9.34115e-18 7.97255e-19 4.54551e-27
2830 9.37772e-18 8.07144e-19 4.53168e-27
2840 9.41432e-18 8.17042e-19 4.51796e-27
2850 9.45097e-18 8.26948e-19 4.50435e-27
2860 9.48765e-18 8.36858e-19 4.49084e-27
2870 9.52438e-18 8.46769e-19 4.47744e-27
2880 9.56114e-18 8.56679e-19 4.46413e-27
2890 9.59794e-18 8.66586e-19 4.45093e-27
2900 9.63479e-18 8.76485e-19 4.43783e-27
2910 9.67167e-18 8.86375e-19 4.42483e-27
2920 9.70859e-18 8.96252e-19 4.41193e-27
2930 9.74556e-18 9.06114e-19 4.39913e-27
2940 9.78256e-18 9.15958e-19 4.38642e-27
2950 9.81961e-18 9.2578e-19 4.37381e-27
2960 9.8567e-18 9.35579e-19 4.36129e-27
2970 9.89383e-18 9.4535e-19 4.34886e-27
2980 9.931e-18 9.55091e-19 4.33653e-27
2990 9.96821e-18 9.64799e-19 4.32429e-27
3000 1.00055e-17 9.74471e-19 4.31214e-27
3010 1.00428e-17 9.84103e-19 4.30008e-27
3020 1.00801e-17 9.93693e-19 4.28811e-27
3030 1.01175e-17 1.00324e-18 4.27623e-27
3040 1.01549e-17 1.01273e-18 4.26444e-27
3050 1.01924e-17 1.02218e-18 4.25273e-27
3060 1.02299e-17 1.03157e-18 4.24111e-27
3070 1.02674e-17 1.0409e-18 4.22957e-27
3080 1.0305e-17 1.05017e-18 4.21811e-27
3090 1.03427e-17 1.05938e-18 4.20674e-27
3100 1.03804e-17 1.06852e-18 4.19546e-27
3110 1.04181e-17 1.07759e-18 4.18425e-27
3120 1.04559e-17 1.08658e-18 4.17313e-27
3130 1.04937e-17 1.0955e-18 4.16208e-27
3140 1.05315e-17 1.10434e-18 4.15112e-27
3150 1.05694e-17 1.1131e-18 4.14023e-27
3160 1.06074e-17 1.12177e-18 4.12942e-27
3170 1.06454e-17 1.13036e-18 4.11869e-27
3180 1.06834e-17 1.13885e-18 4.10804e-27
3190 1.07215e-17 1.14724e-18 4.09746e-27
3200 1.07596e-17 1.15554e-18 4.08696e-27
3210 1.07978e-17 1.16374e-18 4.07653e-27
3220 1.0836e-17 1.17183e-18 4.06617e-27
3230 1.08743e-17 1.17981e-18 4.05589e-27
3240 1.09126e-17 1.18769e-18 4.04568e-27
3250 1.0951e-17 1.19545e-18 4.03554e-27
3260 1.09894e-17 1.2031e-18 4.02548e-27
3270 1.10279e-17 1.21063e-18 4.01548e-27
3280 1.10664e-17 1.21803e-18 4.00555e-27
3290 1.11049e-17 1.22531e-18 3.9957e-27
3300 1.11435e-17 1.23247e-18 3.98591e-27
3310 1.11822e-17 1.23949e-18 3.97619e-27
3320 1.12209e-17 1.24639e-18 3.96654e-27
3330 1.12596e-17 1.25315e-18 3.95695e-27
3340 1.12984e-17 1.25977e-18 3.94743e-27
3350 1.13372e-17 1.26625e-18 3.93798e-27
3360 1.13761e-17 1.27258e-18 3.92859e-27
3370 1.1415e-17 1.27877e-18 3.91927e-27
3380 1.1454e-17 1.28482e-18 3.91001e-27
3390 1.14931e-17 1.29071e-18 3.90082e-27
3400 1.15322e-17 1.29645e-18 3.89168e-27
3410 1.15713e-17 1.30204e-18 3.88261e-27
3420 1.16105e-17 1.30747e-18 3.87361e-27
3430 1.16497e-17 1.31274e-18 3.86466e-27
3440 1.1689e-17 1.31785e-18 3.85577e-27
3450 1.17283e-17 1.3228e-18 3.84695e-27
3460 1.17677e-17 1.32758e-18 3.83818e-27
3470 1.18072e-17 1.33219e-18 3.82948e-27
3480 1.18466e-17 1.33664e-18 3.82083e-27
3490 1.18862e-17 1.34091e-18 3.81224e-27
3500 1.19258e-17 1.34501e-18 3.80371e-27
3510 1.19654e-17 1.34894e-18 3.79524e-27
3520 1.20051e-17 1.35269e-18 3.78682e-27
3530 1.20449e-17 1.35627e-18 3.77846e-27
3540 1.20847e-17 1.35966e-18 3.77016e-27
3550 1.21245e-17 1.36288e-18 3.76191e-27
3560 1.21644e-17 1.36592e-18 3.75372e-27
3570 1.22044e-17 1.36877e-18 3.74558e-27
3580 1.22444e-17 1.37144e-18 3.73749e-27
3590 1.22845e-17 1.37392e-18 3.72946e-27
3600 1.23246e-17 1.37622e-18 3.72149e-27
3610 1.23647e-17 1.37833e-18 3.71356e-27
3620 1.2405e-17 1.38025e-18 3.70569e-27
3630 1.24453e-17 1.38198e-18 3.69787e-27
3640 1.24856e-17 1.38353e-18 3.69011e-27
3650 1.2526e-17 1.38488e-18 3.68239e-27
3660 1.25664e-17 1.38604e-18 3.67473e-27
3670 1.26069e-17 1.38702e-18 3.66711e-27
3680 1.26475e-17 1.3878e-18 3.65955e-27
3690 1.26881e-17 1.38839e-18 3.65203e-27
3700 1.27288e-17 1.38879e-18 3.64457e-27
3710 1.27695e-17 1.38899e-18 3.63715e-27
3720 1.28103e-17 1.38901e-18 3.62979e-27
3730 1.28511e-17 1.38883e-18 3.62247e-27
3740 1.2892e-17 1.38846e-18 3.6152e-27
3750 1.29329e-17 1.3879e-18 3.60797e-27
3760 1.2974e-17 1.38714e-18 3.6008e-27
3770 1.3015e-17 1.3862e-18 3.59367e-27
3780 1.30561e-17 1.38506e-18 3.58659e-27
3790 1.30973e-17 1.38373e-18 3.57955e-27
3800 1.31386e-17 1.38222e-18 3.57256e-27
3810 1.31799e-17 1.38051e-18 3.56561e-27
3820 1.32212e-17 1.37862e-18 3.55871e-27
3830 1.32626e-17 1.37653e-18 3.55186e-27
3840 1.33041e-17 1.37426e-18 3.54505e-27
3850 1.33456e-17 1.37181e-18 3.53828e-27
3860 1.33872e-17 1.36917e-18 3.53156e-27
3870 1.34289e-17 1.36634e-18 3.52488e-27
3880 1.34706e-17 1.36334e-18 3.51824e-27
3890 1.35124e-17 1.36015e-18 3.51165e-27
3900 1.35542e-17 1.35678e-18 3.5051e-27
3910 1.35961e-17 1.35323e-18 3.49859e-27
3920 1.3638e-17 1.3495e-18 3.49212e-27
3930 1.368e-17 1.3456e-18 3.4857e-27
3940 1.37221e-17 1.34153e-18 3.47931e-27
3950 1.37643e-17 1.33728e-18 3.47297e-27
3960 1.38065e-17 1.33286e-18 3.46667e-27
3970 1.38487e-17 1.32827e-18 3.46041e-27
3980 1.3891e-17 1.32352e-18 3.45419e-27
3990 1.39334e-17 1.3186e-18 3.44801e-27
4000 1.39759e-17 1.31352e-18 3.44187e-27
4010 1.40184e-17 1.30827e-18 3.43576e-27
4020 1.4061e-17 1.30287e-18 3.4297e-27
4030 1.41036e-17 1.29731e-18 3.42368e-27
4040 1.41463e-17 1.29159e-18 3.41769e-27
4050 1.41891e-17 1.28573e-18 3.41174e-27
4060 1.42319e-17 1.27971e-18 3.40584e-27
4070 1.42748e-17 1.27354e-18 3.39996e-27
4080 1.43177e-17 1.26723e-18 3.39413e-27
4090 1.43608e-17 1.26078e-18 3.38834e-27
4100 1.44039e-17 1.25419e-18 3.38258e-27
4110 1.4447e-17 1.24745e-18 3.37685e-27
4120 1.44902e-17 1.24059e-18 3.37117e-27
4130 1.45335e-17 1.23359e-18 3.36552e-27
4140 1.45769e-17 1.22646e-18 3.35991e-27
4150 1.46203e-17 1.21921e-18 3.35433e-27
4160 1.46638e-17 1.21183e-18 3.34879e-27
4170 1.47073e-17 1.20433e-18 3.34328e-27
4180 1.47509e-17 1.19671e-18 3.33781e-27
4190 1.47946e-17 1.18897e-18 3.33237e-27
4200 1.48384e-17 1.18112e-18 3.32697e-27
4210 1.48822e-17 1.17317e-18 3.3216e-27
4220 1.49261e-17 1.1651e-18 3.31627e-27
4230 1.49701e-17 1.15693e-18 3.31097e-27
4240 1.50141e-17 1.14867e-18 3.30571e-27
4250 1.50582e-17 1.1403e-18 3.30047e-27
4260 1.51023e-17 1.13184e-18 3.29528e-27
4270 1.51466e-17 1.12329e-18 3.29011e-27
4280 1.51909e-17 1.11465e-18 3.28498e-27
4290 1.52353e-17 1.10592e-18 3.27988e-27
4300 1.52797e-17 1.09711e-18 3.27481e-27
4310 1.53242e-17 1.08823e-18 3.26978e-27
4320 1.53688e-17 1.07926e-18 3.26478e-27
4330 1.54135e-17 1.07023e-18 3.25981e-27
4340 1.54582e-17 1.06112e-18 3.25487e-27
4350 1.5503e-17 1.05195e-18 3.24996e-27
4360 1.55479e-17 1.04272e-18 3.24508e-27
4370 1.55928e-17 1.03342e-18 3.24024e-27
4380 1.56378e-17 1.02407e-18 3.23543e-27
4390 1.56829e-17 1.01466e-18 3.23064e-27
4400 1.57281e-17 1.00521e-18 3.22589e-27
4410 1.57733e-17 9.95705e-19 3.22117e-27
4420 1.58186e-17 9.86159e-19 3.21648e-27
4430 1.5864e-17 9.76571e-19 3.21182e-27
4440 1.59095e-17 9.66945e-19 3.20719e-27
4450 1.5955e-17 9.57285e-19 3.20259e-27
4460 1.60006e-17 9.47593e-19 3.19801e-27
4470 1.60463e-17 9.37872e-19 3.19347e-27
4480 1.6092e-17 9.28127e-19 3.18896e-27
4490 1.61379e-17 9.18359e-19 3.18447e-27
4500 1.61838e-17 9.08572e-19 3.18002e-27
4510 1.62298e-17 8.98769e-19 3.17559e-27
4520 1.62758e-17 8.88953e-19 3.17119e-27
4530 1.6322e-17 8.79127e-19 3.16682e-27
4540 1.63682e-17 8.69293e-19 3.16248e-27
4550 1.64145e-17 8.59456e-19 3.15817e-27
4560 1.64608e-17 8.49617e-19 3.15388e-27
4570 1.65073e-17 8.39781e-19 3.14962e-27
4580 1.65538e-17 8.29948e-19 3.14539e-27
4590 1.66004e-17 8.20124e-19 3.14119e-27
4600 1.66471e-17 8.10309e-19 3.13701e-27
4610 1.66938e-17 8.00508e-19 3.13286e-27
4620 1.67407e-17 7.90722e-19 3.12874e-27
4630 1.67876e-17 7.80956e-19 3.12465e-27
4640 1.68346e-17 7.7121e-19 3.12058e-27
4650 1.68817e-17 7.61489e-19 3.11654e-27
4660 1.69288e-17 7.51794e-19 3.11252e-27
4670 1.69761e-17 7.42129e-19 3.10853e-27
4680 1.70234e-17 7.32495e-19 3.10457e-27
4690 1.70708e-17 7.22896e-19 3.10063e-27
4700 1.71183e-17 7.13334e-19 3.09672e-27
4710 1.71658e-17 7.03811e-19 3.09283e-27
4720 1.72135e-17 6.94331e-19 3.08897e-27
4730 1.72612e-17 6.84894e-19 3.08514e-27
4740 1.7309e-17 6.75504e-19 3.08133e-27
4750 1.73569e-17 6.66163e-19 3.07755e-27
4760 1.74049e-17 6.56873e-19 3.07379e-27
4770 1.7453e-17 6.47637e-19 3.07005e-27
4780 1.75011e-17 6.38457e-19 3.06634e-27
4790 1.75494e-17 6.29334e-19 3.06266e-27
4800 1.75977e-17 6.20272e-19 3.059e-27
4810 1.76461e-17 6.11271e-19 3.05536e-27
4820 1.76946e-17 6.02335e-19 3.05175e-27
4830 1.77431e-17 5.93466e-19 3.04816e-27
4840 1.77918e-17 5.84664e-19 3.0446e-27
4850 1.78405e-17 5.75933e-19 3.04106e-27
4860 1.78894e-17 5.67274e-19 3.03754e-27
4870 1.79383e-17 5.5869e-19 3.03405e-27
4880 1.79873e-17 5.50181e-19 3.03058e-27
4890 1.80364e-17 5.4175e-19 3.02713e-27
4900 1.80855e-17 5.33398e-19 3.02371e-27
4910 1.81348e-17 5.25128e-19 3.02031e-27
4920 1.81842e-17 5.16941e-19 3.01693e-27
4930 1.82336e-17 5.08839e-19 3.01358e-27
4940 1.82832e-17 5.00823e-19 3.01025e-27
4950 1.83328e-17 4.92895e-19 3.00694e-27
4960 1.83825e-17 4.85057e-19 3.00366e-27
4970 1.84323e-17 4.7731e-19 3.0004e-27
4980 1.84822e-17 4.69656e-19 2.99716e-27
4990 1.85322e-17 4.62096e-19 2.99394e-27
5000 1.85822e-17 4.54632e-19 2.99074e-27
5010 1.86324e-17 4.47265e-19 2.98757e-27
5020 1.86827e-17 4.39996e-19 2.98442e-27
5030 1.8733e-17 4.32828e-19 2.98129e-27
5040 1.87835e-17 4.2576e-19 2.97818e-27
5050 1.8834e-17 4.18796e-19 2.97509e-27
5060 1.88846e-17 4.11936e-19 2.97203e-27
5070 1.89354e-17 4.05181e-19 2.96899e-27
5080 1.89862e-17 3.98532e-19 2.96596e-27
5090 1.90371e-17 3.91992e-19 2.96296e-27
5100 1.90881e-17 3.85561e-19 2.95998e-27
5110 1.91392e-17 3.7924e-19 2.95703e-27
5120 1.91904e-17 3.73031e-19 2.95409e-27
5130 1.92417e-17 3.66935e-19 2.95117e-27
5140 1.92931e-17 3.60952e-19 2.94828e-27
5150 1.93446e-17 3.55085e-19 2.9454e-27
5160 1.93961e-17 3.49335e-19 2.94255e-27
5170 1.94478e-17 3.43701e-19 2.93972e-27
5180 1.94996e-17 3.38187e-19 2.9369e-27
5190 1.95515e-17 3.32793e-19 2.93411e-27
5200 1.96034e-17 3.27519e-19 2.93134e-27
5210 1.96555e-17 3.22368e-19 2.92859e-27
5220 1.97077e-17 3.17339e-19 2.92585e-27
5230 1.97599e-17 3.12436e-19 2.92314e-27
5240 1.98123e-17 3.07657e-19 2.92045e-27
5250 1.98648e-17 3.03006e-19 2.91778e-27
5260 1.99173e-17 2.98482e-19 2.91512e-27
5270 1.997e-17 2.94087e-19 2.91249e-27
5280 2.00228e-17 2.89823e-19 2.90988e-27
5290 2.00757e-17 2.85689e-19 2.90728e-27
5300 2.01286e-17 2.81688e-19 2.90471e-27
5310 2.01817e-17 2.77821e-19 2.90216e-27
5320 2.02349e-17 2.74089e-19 2.89962e-27
5330 2.02882e-17 2.70492e-19 2.8971e-27
5340 2.03415e-17 2.67033e-19 2.89461e-27
5350 2.0395e-17 2.63712e-19 2.89213e-27
5360 2.04486e-17 2.6053e-19 2.88967e-27
5370 2.05023e-17 2.5749e-19 2.88723e-27
5380 2.05561e-17 2.54592e-19 2.88481e-27
5390 2.061e-17 2.51838e-19 2.88241e-27
5400 2.0664e-17 2.49228e-19 2.88002e-27
5410 2.07182e-17 2.46765e-19 2.87766e-27
5420 2.07724e-17 2.44449e-19 2.87531e-27
5430 2.08267e-17 2.42283e-19 2.87298e-27
5440 2.08812e-17 2.40266e-19 2.87067e-27
5450 2.09357e-17 2.38402e-19 2.86838e-27
5460 2.09904e-17 2.36691e-19 2.86611e-27
5470 2.10451e-17 2.35136e-19 2.86385e-27
5480 2.11e-17 2.33737e-19 2.86162e-27
5490 2.1155e-17 2.32496e-19 2.8594e-27
5500 2.12101e-17 2.31414e-19 2.8572e-27
5510 2.12653e-17 2.30495e-19 2.85502e-27
5520 2.13206e-17 2.29738e-19 2.85285e-27
5530 2.1376e-17 2.29147e-19 2.8507e-27
5540 2.14315e-17 2.28722e-19 2.84858e-27
5550 2.14872e-17 2.28466e-19 2.84646e-27
5560 2.15429e-17 2.2838e-19 2.84437e-27
5570 2.15988e-17 2.28467e-19 2.84229e-27
5580 2.16548e-17 2.28728e-19 2.84024e-27
5590 2.17109e-17 2.29166e-19 2.83819e-27
5600 2.17671e-17 2.29782e-19 2.83617e-27
5610 2.18234e-17 2.30579e-19 2.83416e-27
5620 2.18798e-17 2.31558e-19 2.83217e-27
5630 2.19364e-17 2.32723e-19 2.8302e-27
5640 2.19931e-17 2.34074e-19 2.82825e-27
5650 2.20498e-17 2.35616e-19 2.82631e-27
5660 2.21067e-17 2.37349e-19 2.82439e-27
5670 2.21638e-17 2.39277e-19 2.82249e-27
5680 2.22209e-17 2.41401e-19 2.8206e-27
5690 2.22781e-17 2.43725e-19 2.81873e-27
5700 2.23355e-17 2.46251e-19 2.81688e-27
5710 2.2393e-17 2.48982e-19 2.81504e-27
5720 2.24506e-17 2.5192e-19 2.81322e-27
5730 2.25083e-17 2.55068e-19 2.81142e-27
5740 2.25662e-17 2.58429e-19 2.80963e-27
5750 2.26241e-17 2.62006e-19 2.80786e-27
5760 2.26822e-17 2.65802e-19 2.80611e-27
5770 2.27404e-17 2.69819e-19 2.80437e-27
5780 2.27988e-17 2.74061e-19 2.80265e-27
5790 2.28572e-17 2.78531e-19 2.80095e-27
5800 2.29158e-17 2.83232e-19 2.79926e-27
5810 2.29745e-17 2.88168e-19 2.79759e-27
5820 2.30333e-17 2.9334e-19 2.79594e-27
5830 2.30923e-17 2.98754e-19 2.7943e-27
5840 2.31513e-17 3.04412e-19 2.79267e-27
5850 2.32105e-17 3.10318e-19 2.79107e-27
5860 2.32698e-17 3.16475e-19 2.78948e-27
5870 2.33293e-17 3.22886e-19 2.7879e-27
5880 2.33888e-17 3.29556e-19 2.78634e-27
5890 2.34485e-17 3.36488e-19 2.7848e-27
5900 2.35084e-17 3.43686e-19 2.78327e-27
5910 2.35683e-17 3.51153e-19 2.78176e-27
5920 2.36284e-17 3.58894e-19 2.78027e-27
5930 2.36886e-17 3.66912e-19 2.77879e-27
5940 2.37489e-17 3.75211e-19 2.77732e-27
5950 2.38094e-17 3.83795e-19 2.77588e-27
5960 2.387e-17 3.92668e-19 2.77444e-27
5970 2.39307e-17 4.01835e-19 2.77303e-27
5980 2.39916e-17 4.11299e-19 2.77163e-27
5990 2.40526e-17 4.21064e-19 2.77024e-27
6000 2.41137e-17 4.31135e-19 2.76887e-27
6010 2.4175e-17 4.41516e-19 2.76751e-27
6020 2.42364e-17 4.52211e-19 2.76618e-27
6030 2.42979e-17 4.63225e-19 2.76485e-27
6040 2.43595e-17 4.74562e-19 2.76354e-27
6050 2.44213e-17 4.86226e-19 2.76225e-27
6060 2.44832e-17 4.98222e-19 2.76097e-27
6070 2.45453e-17 5.10554e-19 2.75971e-27
6080 2.46075e-17 5.23226e-19 2.75846e-27
6090 2.46698e-17 5.36244e-19 2.75723e-27
6100 2.47323e-17 5.49612e-19 2.75601e-27
6110 2.47949e-17 5.63333e-19 2.7548e-27
6120 2.48577e-17 5.77414e-19 2.75362e-27
6130 2.49205e-17 5.91858e-19 2.75244e-27
6140 2.49836e-17 6.0667e-19 2.75129e-27
6150 2.50467e-17 6.21854e-19 2.75014e-27
6160 2.511e-17 6.37416e-19 2.74902e-27
6170 2.51735e-17 6.5336e-19 2.7479e-27
6180 2.52371e-17 6.6969e-19 2.7468e-27
6190 2.53008e-17 6.86411e-19 2.74572e-27
6200 2.53647e-17 7.03528e-19 2.74465e-27
6210 2.54287e-17 7.21046e-19 2.7436e-27
6220 2.54928e-17 7.38968e-19 2.74256e-27
6230 2.55571e-17 7.573e-19 2.74153e-27
6240 2.56216e-17 7.76046e-19 2.74052e-27
6250 2.56862e-17 7.9521e-19 2.73953e-27
6260 2.57509e-17 8.14798e-19 2.73855e-27
6270 2.58158e-17 8.34814e-19 2.73758e-27
6280 2.58808e-17 8.55262e-19 2.73663e-27
6290 2.5946e-17 8.76147e-19 2.73569e-27
6300 2.60113e-17 8.97472e-19 2.73477e-27
6310 2.60768e-17 9.19243e-19 2.73386e-27
6320 2.61424e-17 9.41464e-19 2.73297e-27
6330 2.62082e-17 9.64139e-19 2.73209e-27
6340 2.62741e-17 9.87271e-19 2.73122e-27
6350 2.63401e-17 1.01087e-18 2.73037e-27
6360 2.64064e-17 1.03493e-18 2.72954e-27
6370 2.64727e-17 1.05946e-18 2.72871e-27
6380 2.65393e-17 1.08447e-18 2.72791e-27
6390 2.66059e-17 1.10995e-18 2.72711e-27
6400 2.66728e-17 1.13592e-18 2.72633e-27
6410 2.67398e-17 1.16237e-18 2.72557e-27
6420 2.68069e-17 1.18931e-18 2.72482e-27
6430 2.68742e-17 1.21675e-18 2.72408e-27
6440 2.69416e-17 1.24468e-18 2.72336e-27
6450 2.70092e-17 1.27311e-18 2.72265e-27
6460 2.7077e-17 1.30205e-18 2.72196e-27
6470 2.71449e-17 1.33149e-18 2.72128e-27
6480 2.7213e-17 1.36144e-18 2.72061e-27
6490 2.72812e-17 1.3919e-18 2.71996e-27
6500 2.73496e-17 1.42288e-18 2.71932e-27
6510 2.74182e-17 1.45437e-18 2.7187e-27
6520 2.74869e-17 1.48639e-18 2.71809e-27
6530 2.75558e-17 1.51892e-18 2.71749e-27
6540 2.76248e-17 1.55198e-18 2.71691e-27
6550 2.76941e-17 1.58557e-18 2.71634e-27
6560 2.77634e-17 1.61969e-18 2.71579e-27
6570 2.78329e-17 1.65433e-18 2.71525e-27
6580 2.79026e-17 1.68951e-18 2.71472e-27
6590 2.79725e-17 1.72522e-18 2.71421e-27
6600 2.80425e-17 1.76147e-18 2.71371e-27
6610 2.81127e-17 1.79825e-18 2.71322e-27
6620 2.81831e-17 1.83557e-18 2.71275e-27
6630 2.82536e-17 1.87343e-18 2.7123e-27
6640 2.83243e-17 1.91182e-18 2.71185e-27
6650 2.83952e-17 1.95076e-18 2.71142e-27
6660 2.84662e-17 1.99023e-18 2.71101e-27
6670 2.85374e-17 2.03024e-18 2.71061e-27
6680 2.86088e-17 2.07079e-18 2.71022e-27
6690 2.86803e-17 2.11187e-18 2.70984e-27
6700 2.87521e-17 2.1535e-18 2.70948e-27
6710 2.88239e-17 2.19566e-18 2.70914e-27
6720 2.8896e-17 2.23835e-18 2.7088e-27
6730 2.89682e-17 2.28158e-18 2.70848e-27
6740 2.90407e-17 2.32534e-18 2.70818e-27
6750 2.91133e-17 2.36963e-18 2.70788e-27
6760 2.9186e-17 2.41446e-18 2.7076e-27
6770 2.9259e-17 2.4598e-18 2.70734e-27
6780 2.93321e-17 2.50568e-18 2.70709e-27
6790 2.94054e-17 2.55207e-18 2.70685e-27
6800 2.94789e-17 2.59898e-18 2.70663e-27
6810 2.95525e-17 2.64641e-18 2.70642e-27
6820 2.96264e-17 2.69435e-18 2.70622e-27
6830 2.97004e-17 2.74279e-18 2.70603e-27
6840 2.97746e-17 2.79175e-18 2.70586e-27
6850 2.9849e-17 2.8412e-18 2.70571e-27
6860 2.99235e-17 2.89114e-18 2.70557e-27
6870 2.99983e-17 2.94158e-18 2.70544e-27
6880 3.00732e-17 2.99251e-18 2.70532e-27
6890 3.01483e-17 3.04391e-18 2.70522e-27
6900 3.02236e-17 3.09579e-18 2.70513e-27
6910 3.02991e-17 3.14814e-18 2.70505e-27
6920 3.03748e-17 3.20095e-18 2.70499e-27
6930 3.04507e-17 3.25422e-18 2.70494e-27
6940 3.05267e-17 3.30794e-18 2.70491e-27
6950 3.0603e-17 3.3621e-18 2.70489e-27
6960 3.06794e-17 3.4167e-18 2.70488e-27
6970 3.0756e-17 3.47173e-18 2.70489e-27
6980 3.08329e-17 3.52718e-18 2.70491e-27
6990 3.09099e-17 3.58305e-18 2.70494e-27
7000 3.09871e-17 3.63931e-18 2.70499e-27
7010 3.10645e-17 3.69598e-18 2.70505e-27
7020 3.11421e-17 3.75303e-18 2.70512e-27
7030 3.12199e-17 3.81047e-18 2.70521e-27
7040 3.12979e-17 3.86827e-18 2.70531e-27
7050 3.13761e-17 3.92643e-18 2.70542e-27
7060 3.14544e-17 3.98495e-18 2.70555e-27
7070 3.1533e-17 4.0438e-18 2.70569e-27
7080 3.16118e-17 4.10298e-18 2.70584e-27
7090 3.16908e-17 4.16249e-18 2.70601e-27
7100 3.177e-17 4.2223e-18 2.70619e-27
7110 3.18494e-17 4.28241e-18 2.70639e-27
7120 3.19289e-17 4.34281e-18 2.70659e-27
7130 3.20087e-17 4.40348e-18 2.70682e-27
7140 3.20887e-17 4.46441e-18 2.70705e-27
7150 3.21689e-17 4.5256e-18 2.7073e-27
7160 3.22493e-17 4.58702e-18 2.70756e-27
7170 3.233e-17 4.64867e-18 2.70784e-27
7180 3.24108e-17 4.71054e-18 2.70813e-27
7190 3.24918e-17 4.7726e-18 2.70843e-27
7200 3.25731e-17 4.83485e-18 2.70874e-27
7210 3.26545e-17 4.89728e-18 2.70907e-27
7220 3.27362e-17 4.95987e-18 2.70942e-27
7230 3.28181e-17 5.0226e-18 2.70977e-27
7240 3.29001e-17 5.08547e-18 2.71014e-27
7250 3.29824e-17 5.14845e-18 2.71053e-27
7260 3.3065e-17 5.21154e-18 2.71092e-27
7270 3.31477e-17 5.27472e-18 2.71133e-27
7280 3.32306e-17 5.33797e-18 2.71176e-27
7290 3.33138e-17 5.40129e-18 2.71219e-27
7300 3.33972e-17 5.46465e-18 2.71265e-27
7310 3.34808e-17 5.52804e-18 2.71311e-27
7320 3.35646e-17 5.59144e-18 2.71359e-27
7330 3.36486e-17 5.65485e-18 2.71408e-27
7340 3.37329e-17 5.71823e-18 2.71459e-27
7350 3.38174e-17 5.78159e-18 2.7151e-27
7360 3.39021e-17 5.8449e-18 2.71564e-27
7370 3.3987e-17 5.90815e-18 2.71618e-27
7380 3.40722e-17 5.97131e-18 2.71674e-27
7390 3.41576e-17 6.03438e-18 2.71731e-27
7400 3.42432e-17 6.09734e-18 2.7179e-27
7410 3.4329e-17 6.16017e-18 2.7185e-27
7420 3.44151e-17 6.22286e-18 2.71911e-27
7430 3.45014e-17 6.28539e-18 2.71974e-27
7440 3.45879e-17 6.34774e-18 2.72038e-27
7450 3.46747e-17 6.40989e-18 2.72104e-27
7460 3.47617e-17 6.47184e-18 2.72171e-27
7470 3.48489e-17 6.53356e-18 2.72239e-27
7480 3.49363e-17 6.59504e-18 2.72308e-27
7490 3.5024e-17 6.65626e-18 2.72379e-27
7500 3.5112e-17 6.71721e-18 2.72452e-27
7510 3.52001e-17 6.77786e-18 2.72525e-27
7520 3.52885e-17 6.83821e-18 2.726e-27
7530 3.53772e-17 6.89823e-18 2.72677e-27
7540 3.54661e-17 6.95791e-18 2.72755e-27
7550 3.55552e-17 7.01723e-18 2.72834e-27
7560 3.56446e-17 7.07618e-18 2.72914e-27
7570 3.57342e-17 7.13474e-18 2.72996e-27
7580 3.5824e-17 7.1929e-18 2.7308e-27
7590 3.59141e-17 7.25064e-18 2.73164e-27
7600 3.60045e-17 7.30793e-18 2.73251e-27
7610 3.60951e-17 7.36478e-18 2.73338e-27
7620 3.61859e-17 7.42116e-18 2.73427e-27
7630 3.6277e-17 7.47706e-18 2.73517e-27
7640 3.63683e-17 7.53246e-18 2.73609e-27
7650 3.64599e-17 7.58734e-18 2.73702e-27
7660 3.65518e-17 7.6417e-18 2.73796e-27
7670 3.66439e-17 7.69551e-18 2.73892e-27
7680 3.67362e-17 7.74877e-18 2.73989e-27
7690 3.68288e-17 7.80146e-18 2.74088e-27
7700 3.69217e-17 7.85356e-18 2.74188e-27
7710 3.70148e-17 7.90506e-18 2.74289e-27
7720 3.71082e-17 7.95594e-18 2.74392e-27
7730 3.72018e-17 8.0062e-18 2.74496e-27
7740 3.72957e-17 8.05583e-18 2.74602e-27
7750 3.73899e-17 8.10479e-18 2.74709e-27
7760 3.74843e-17 8.1531e-18 2.74817e-27
7770 3.7579e-17 8.20072e-18 2.74927e-27
7780 3.76739e-17 8.24766e-18 2.75039e-27
7790 3.77691e-17 8.2939e-18 2.75151e-27
7800 3.78646e-17 8.33942e-18 2.75265e-27
7810 3.79604e-17 8.38422e-18 2.75381e-27
7820 3.80564e-17 8.42828e-18 2.75498e-27
7830 3.81527e-17 8.4716e-18 2.75616e-27
7840 3.82492e-17 8.51416e-18 2.75736e-27
7850 3.83461e-17 8.55596e-18 2.75857e-27
7860 3.84432e-17 8.59698e-18 2.7598e-27
7870 3.85406e-17 8.63722e-18 2.76104e-27
7880 3.86382e-17 8.67666e-18 2.7623e-27
7890 3.87362e-17 8.71531e-18 2.76356e-27
7900 3.88344e-17 8.75314e-18 2.76485e-27
7910 3.89329e-17 8.79016e-18 2.76615e-27
7920 3.90317e-17 8.82635e-18 2.76746e-27
7930 3.91307e-17 8.86171e-18 2.76879e-27
7940 3.92301e-17 8.89623e-18 2.77013e-27
7950 3.93297e-17 8.92991e-18 2.77149e-27
7960 3.94296e-17 8.96273e-18 2.77286e-27
7970 3.95298e-17 8.9947e-18 2.77424e-27
7980 3.96303e-17 9.02582e-18 2.77564e-27
7990 3.97311e-17 9.05606e-18 2.77706e-27
8000 3.98321e-17 9.08544e-18 2.77849e-27
8010 3.99335e-17 9.11394e-18 2.77993e-27
8020 4.00351e-17 9.14157e-18 2.78139e-27
8030 4.01371e-17 9.16832e-18 2.78287e-27
8040 4.02393e-17 9.19418e-18 2.78435e-27
8050 4.03419e-17 9.21916e-18 2.78586e-27
8060 4.04447e-17 9.24326e-18 2.78738e-27
8070 4.05478e-17 9.26647e-18 2.78891e-27
8080 4.06513e-17 9.28879e-18 2.79046e-27
8090 4.0755e-17 9.31023e-18 2.79202e-27
8100 4.0859e-17 9.33078e-18 2.7936e-27
8110 4.09634e-17 9.35044e-18 2.79519e-27
8120 4.1068e-17 9.36921e-18 2.7968e-27
8130 4.1173e-17 9.3871e-18 2.79842e-27
8140 4.12783e-17 9.4041e-18 2.80006e-27
8150 4.13838e-17 9.42023e-18 2.80171e-27
8160 4.14897e-17 9.43547e-18 2.80338e-27
8170 4.15959e-17 9.44985e-18 2.80506e-27
8180 4.17024e-17 9.46334e-18 2.80676e-27
8190 4.18092e-17 9.47598e-18 2.80847e-27
8200 4.19164e-17 9.48774e-18 2.8102e-27
8210 4.20238e-17 9.49865e-18 2.81195e-27
8220 4.21316e-17 9.50871e-18 2.81371e-27
8230 4.22397e-17 9.51791e-18 2.81548e-27
8240 4.23481e-17 9.52628e-18 2.81727e-27
8250 4.24569e-17 9.5338e-18 2.81908e-27
8260 4.2566e-17 9.5405e-18 2.8209e-27
8270 4.26753e-17 9.54638e-18 2.82274e-27
8280 4.27851e-17 9.55144e-18 2.82459e-27
8290 4.28951e-17 9.55569e-18 2.82646e-27
8300 4.30055e-17 9.55915e-18 2.82834e-27
8310 4.31162e-17 9.56181e-18 2.83024e-27
8320 4.32272e-17 9.56369e-18 2.83215e-27
8330 4.33386e-17 9.5648e-18 2.83409e-27
8340 4.34503e-17 9.56515e-18 2.83603e-27
8350 4.35624e-17 9.56475e-18 2.83799e-27
8360 4.36748e-17 9.5636e-18 2.83997e-27
8370 4.37875e-17 9.56172e-18 2.84197e-27
8380 4.39006e-17 9.55912e-18 2.84398e-27
8390 4.4014e-17 9.55581e-18 2.846e-27
8400 4.41277e-17 9.5518e-18 2.84804e-27
8410 4.42418e-17 9.5471e-18 2.8501e-27
8420 4.43563e-17 9.54173e-18 2.85217e-27
8430 4.44711e-17 9.53569e-18 2.85426e-27
8440 4.45863e-17 9.52901e-18 2.85637e-27
8450 4.47018e-17 9.52169e-18 2.85849e-27
8460 4.48176e-17 9.51374e-18 2.86063e-27
8470 4.49338e-17 9.50519e-18 2.86279e-27
8480 4.50504e-17 9.49603e-18 2.86496e-27
8490 4.51673e-17 9.48629e-18 2.86715e-27
8500 4.52846e-17 9.47598e-18 2.86935e-27
8510 4.54023e-17 9.46512e-18 2.87157e-27
8520 4.55203e-17 9.45372e-18 2.87381e-27
8530 4.56387e-17 9.44178e-18 2.87606e-27
8540 4.57574e-17 9.42934e-18 2.87833e-27
8550 4.58765e-17 9.4164e-18 2.88062e-27
8560 4.5996e-17 9.40297e-18 2.88292e-27
8570 4.61159e-17 9.38908e-18 2.88524e-27
8580 4.62361e-17 9.37473e-18 2.88758e-27
8590 4.63567e-17 9.35995e-18 2.88993e-27
8600 4.64777e-17 9.34474e-18 2.8923e-27
8610 4.6599e-17 9.32913e-18 2.89469e-27
8620 4.67208e-17 9.31313e-18 2.8971e-27
8630 4.68429e-17 9.29675e-18 2.89952e-27
8640 4.69654e-17 9.28001e-18 2.90196e-27
8650 4.70883e-17 9.26293e-18 2.90441e-27
8660 4.72115e-17 9.24552e-18 2.90689e-27
8670 4.73352e-17 9.22779e-18 2.90938e-27
8680 4.74592e-17 9.20977e-18 2.91189e-27
8690 4.75837e-17 9.19147e-18 2.91441e-27
8700 4.77085e-17 9.1729e-18 2.91695e-27
8710 4.78337e-17 9.15409e-18 2.91951e-27
8720 4.79594e-17 9.13504e-18 2.92209e-27
8730 4.80854e-17 9.11577e-18 2.92469e-27
8740 4.82118e-17 9.0963e-18 2.9273e-27
8750 4.83386e-17 9.07664e-18 2.92993e-27
8760 4.84659e-17 9.05681e-18 2.93258e-27
8770 4.85935e-17 9.03682e-18 2.93524e-27
8780 4.87216e-17 9.01669e-18 2.93792e-27
8790 4.885e-17 8.99644e-18 2.94063e-27
8800 4.89789e-17 8.97607e-18 2.94335e-27
8810 4.91082e-17 8.95561e-18 2.94608e-27
8820 4.92378e-17 8.93507e-18 2.94884e-27
8830 4.9368e-17 8.91447e-18 2.95161e-27
8840 4.94985e-17 8.89381e-18 2.9544e-27
8850 4.96294e-17 8.87312e-18 2.95721e-27
8860 4.97608e-17 8.8524e-18 2.96004e-27
8870 4.98926e-17 8.83168e-18 2.96289e-27
8880 5.00248e-17 8.81096e-18 2.96575e-27
8890 5.01575e-17 8.79026e-18 2.96863e-27
8900 5.02906e-17 8.7696e-18 2.97154e-27
8910 5.04241e-17 8.74898e-18 2.97446e-27
8920 5.0558e-17 8.72842e-18 2.97739e-27
8930 5.06924e-17 8.70793e-18 2.98035e-27
8940 5.08273e-17 8.68753e-18 2.98333e-27
8950 5.09625e-17 8.66723e-18 2.98632e-27
8960 5.10982e-17 8.64704e-18 2.98934e-27
8970 5.12344e-17 8.62697e-18 2.99237e-27
8980 5.1371e-17 8.60703e-18 2.99542e-27
8990 5.1508e-17 8.58724e-18 2.99849e-27
9000 5.16455e-17 8.56761e-18 3.00158e-27
9010 5.17835e-17 8.54814e-18 3.00469e-27
9020 5.19219e-17 8.52886e-18 3.00782e-27
9030 5.20608e-17 8.50976e-18 3.01097e-27
9040 5.22001e-17 8.49086e-18 3.01414e-27
9050 5.23399e-17 8.47217e-18 3.01732e-27
9060 5.24801e-17 8.45371e-18 3.02053e-27
9070 5.26208e-17 8.43547e-18 3.02375e-27
9080 5.2762e-17 8.41746e-18 3.027e-27
9090 5.29037e-17 8.39971e-18 3.03026e-27
9100 5.30458e-17 8.38221e-18 3.03355e-27
9110 5.31884e-17 8.36497e-18 3.03685e-27
9120 5.33315e-17 8.348e-18 3.04018e-27
9130 5.3475e-17 8.33132e-18 3.04352e-27
9140 5.3619e-17 8.31491e-18 3.04689e-27
9150 5.37635e-17 8.29881e-18 3.05027e-27
9160 5.39085e-17 8.283e-18 3.05368e-27
9170 5.4054e-17 8.26749e-18 3.05711e-27
9180 5.42e-17 8.2523e-18 3.06055e-27
9190 5.43465e-17 8.23743e-18 3.06402e-27
9200 5.44934e-17 8.22287e-18 3.0675e-27
9210 5.46409e-17 8.20865e-18 3.07101e-27
9220 5.47889e-17 8.19476e-18 3.07454e-27
9230 5.49373e-17 8.18121e-18 3.07809e-27
9240 5.50863e-17 8.16799e-18 3.08166e-27
9250 5.52358e-17 8.15513e-18 3.08525e-27
9260 5.53857e-17 8.14261e-18 3.08886e-27
9270 5.55362e-17 8.13044e-18 3.09249e-27
9280 5.56872e-17 8.11863e-18 3.09615e-27
9290 5.58387e-17 8.10717e-18 3.09982e-27
9300 5.59908e-17 8.09608e-18 3.10352e-27
9310 5.61433e-17 8.08534e-18 3.10724e-27
9320 5.62964e-17 8.07497e-18 3.11098e-27
9330 5.645e-17 8.06496e-18 3.11474e-27
9340 5.66042e-17 8.05532e-18 3.11852e-27
9350 5.67588e-17 8.04604e-18 3.12232e-27
9360 5.6914e-17 8.03713e-18 3.12615e-27
9370 5.70697e-17 8.02858e-18 3.13e-27
9380 5.7226e-17 8.0204e-18 3.13386e-27
9390 5.73828e-17 8.01259e-18 3.13776e-27
9400 5.75402e-17 8.00514e-18 3.14167e-27
9410 5.76981e-17 7.99805e-18 3.14561e-27
9420 5.78565e-17 7.99133e-18 3.14956e-27
9430 5.80155e-17 7.98497e-18 3.15354e-27
9440 5.81751e-17 7.97896e-18 3.15755e-27
9450 5.83352e-17 7.97331e-18 3.16157e-27
9460 5.84959e-17 7.96802e-18 3.16562e-27
9470 5.86571e-17 7.96308e-18 3.16969e-27
9480 5.88189e-17 7.95848e-18 3.17379e-27
9490 5.89813e-17 7.95423e-18 3.1779e-27
9500 5.91442e-17 7.95033e-18 3.18204e-27
9510 5.93077e-17 7.94676e-18 3.1862e-27
9520 5.94718e-17 7.94352e-18 3.19039e-27
9530 5.96364e-17 7.94062e-18 3.1946e-27
9540 5.98017e-17 7.93804e-18 3.19883e-27
9550 5.99675e-17 7.93578e-18 3.20309e-27
9560 6.01339e-17 7.93384e-18 3.20737e-27
9570 6.03009e-17 7.93221e-18 3.21167e-27
9580 6.04685e-17 7.93089e-18 3.216e-27
9590 6.06367e-17 7.92986e-18 3.22035e-27
9600 6.08055e-17 7.92913e-18 3.22472e-27
9610 6.09749e-17 7.92869e-18 3.22912e-27
9620 6.11448e-17 7.92853e-18 3.23354e-27
9630 6.13154e-17 7.92865e-18 3.23799e-27
9640 6.14867e-17 7.92904e-18 3.24246e-27
9650 6.16585e-17 7.9297e-18 3.24695e-27
9660 6.18309e-17 7.93061e-18 3.25147e-27
9670 6.2004e-17 7.93177e-18 3.25602e-27
9680 6.21776e-17 7.93318e-18 3.26059e-27
9690 6.23519e-17 7.93482e-18 3.26518e-27
9700 6.25269e-17 7.93669e-18 3.2698e-27
9710 6.27024e-17 7.93878e-18 3.27444e-27
9720 6.28786e-17 7.94109e-18 3.27911e-27
9730 6.30555e-17 7.9436e-18 3.28381e-27
9740 6.32329e-17 7.94631e-18 3.28853e-27
9750 6.3411e-17 7.94922e-18 3.29327e-27
9760 6.35898e-17 7.9523e-18 3.29804e-27
9770 6.37692e-17 7.95556e-18 3.30284e-27
9780 6.39493e-17 7.95899e-18 3.30766e-27
9790 6.413e-17 7.96258e-18 3.31251e-27
9800 6.43114e-17 7.96631e-18 3.31738e-27
9810 6.44934e-17 7.97019e-18 3.32228e-27
9820 6.46762e-17 7.9742e-18 3.32721e-27
9830 6.48595e-17 7.97834e-18 3.33216e-27
9840 6.50436e-17 7.98259e-18 3.33714e-27
9850 6.52283e-17 7.98695e-18 3.34214e-27
9860 6.54137e-17 7.99141e-18 3.34718e-27
9870 6.55998e-17 7.99596e-18 3.35223e-27
9880 6.57866e-17 8.0006e-18 3.35732e-27
9890 6.59741e-17 8.0053e-18 3.36243e-27
9900 6.61622e-17 8.01007e-18 3.36757e-27
9910 6.63511e-17 8.01489e-18 3.37274e-27
9920 6.65407e-17 8.01976e-18 3.37793e-27
9930 6.67309e-17 8.02467e-18 3.38315e-27
9940 6.69219e-17 8.02961e-18 3.3884e-27
9950 6.71136e-17 8.03457e-18 3.39368e-27
9960 6.7306e-17 8.03953e-18 3.39898e-27
9970 6.74991e-17 8.04451e-18 3.40432e-27
9980 6.76929e-17 8.04947e-18 3.40968e-27
9990 6.78875e-17 8.05442e-18 3.41506e-27
10000 6.80828e-17 8.05935e-18 3.42048e-27
10010 6.82788e-17 8.06424e-18 3.42593e-27
10020 6.84756e-17 8.06909e-18 3.4314e-27
10030 6.86731e-17 8.0739e-18 3.4369e-27
10040 6.88713e-17 8.07864e-18 3.44243e-27
10050 6.90703e-17 8.08332e-18 3.44799e-27
10060 6.927e-17 8.08792e-18 3.45358e-27
10070 6.94705e-17 8.09244e-18 3.4592e-27
10080 6.96718e-17 8.09687e-18 3.46485e-27
10090 6.98738e-17 8.1012e-18 3.47052e-27
10100 7.00766e-17 8.10541e-18 3.47623e-27
10110 7.02802e-17 8.10952e-18 3.48196e-27
10120 7.04845e-17 8.11349e-18 3.48773e-27
10130 7.06896e-17 8.11734e-18 3.49352e-27
10140 7.08955e-17 8.12104e-18 3.49935e-27
10150 7.11022e-17 8.1246e-18 3.5052e-27
10160 7.13097e-17 8.128e-18 3.51109e-27
10170 7.15179e-17 8.13124e-18 3.51701e-27
10180 7.1727e-17 8.13431e-18 3.52295e-27
10190 7.19369e-17 8.13719e-18 3.52893e-27
10200 7.21475e-17 8.13989e-18 3.53494e-27
