0 0 0
10 0.603422 9.02925e-12
20 0.105606 1.19069e-10
30 0.159386 5.56433e-10
40 0.123465 1.67722e-09
50 0.0997776 3.95996e-09
60 0.0831915 7.99844e-09
70 0.0711503 1.44949e-08
80 0.0622534 2.42533e-08
90 0.0556753 3.8173e-08
100 0.0508324 5.72424e-08
110 0.0471014 8.25332e-08
120 0.0438164 1.15194e-07
130 0.0405992 1.56447e-07
140 0.0374472 2.07578e-07
150 0.0344802 2.69937e-07
160 0.0317721 3.44929e-07
170 0.0293429 4.34009e-07
180 0.0271904 5.38682e-07
190 0.0253092 6.60493e-07
200 0.0236965 8.01027e-07
210 0.0223506 9.61902e-07
220 0.0212683 1.14477e-06
230 0.0204424 1.3513e-06
240 0.0198604 1.58319e-06
250 0.0195046 1.84216e-06
260 0.0193526 2.12994e-06
270 0.0193793 2.44827e-06
280 0.0195579 2.79892e-06
290 0.0198615 3.18365e-06
300 0.0202642 3.60421e-06
310 0.0207421 4.06237e-06
320 0.0212737 4.55991e-06
330 0.0218401 5.09858e-06
340 0.0224255 5.68013e-06
350 0.0230165 6.30632e-06
360 0.0236026 6.97888e-06
370 0.0241752 7.69953e-06
380 0.0247277 8.46997e-06
390 0.0252553 9.29192e-06
400 0.0257542 1.0167e-05
410 0.0262219 1.1097e-05
420 0.0266565 1.20833e-05
430 0.0270568 1.31278e-05
440 0.0274219 1.42319e-05
450 0.0277514 1.53972e-05
460 0.028045 1.66253e-05
470 0.0283025 1.79176e-05
480 0.0285239 1.92756e-05
490 0.0287096 2.07008e-05
500 0.0288595 2.21946e-05
510 0.0289742 2.37584e-05
520 0.0290542 2.53935e-05
530 0.0290999 2.71012e-05
540 0.0291122 2.88829e-05
550 0.0290919 3.07398e-05
560 0.02904 3.2673e-05
570 0.0289576 3.46838e-05
580 0.028846 3.67733e-05
590 0.0287064 3.89427e-05
600 0.0285404 4.11929e-05
610 0.0283495 4.35251e-05
620 0.0281352 4.59401e-05
630 0.0278992 4.8439e-05
640 0.0276432 5.10228e-05
650 0.0273688 5.36921e-05
660 0.0270777 5.6448e-05
670 0.0267716 5.92912e-05
680 0.0264521 6.22224e-05
690 0.0261209 6.52425e-05
700 0.0257795 6.8352e-05
710 0.0254293 7.15517e-05
720 0.0250719 7.48421e-05
730 0.0247085 7.82238e-05
740 0.0243405 8.16973e-05
750 0.023969 8.52632e-05
760 0.0235952 8.89219e-05
770 0.0232201 9.26738e-05
780 0.0228447 9.65193e-05
790 0.0224698 0.000100459
800 0.0220963 0.000104493
810 0.0217249 0.000108621
820 0.0213563 0.000112844
830 0.020991 0.000117162
840 0.0206296 0.000121575
850 0.0202726 0.000126083
860 0.0199203 0.000130687
870 0.0195732 0.000135386
880 0.0192315 0.000140181
890 0.0188955 0.000145071
900 0.0185654 0.000150057
910 0.0182414 0.000155137
920 0.0179237 0.000160313
930 0.0176123 0.000165585
940 0.0173074 0.000170951
950 0.017009 0.000176412
960 0.0167172 0.000181967
970 0.0164319 0.000187617
980 0.0161531 0.000193361
990 0.0158809 0.000199198
1000 0.0156151 0.000205129
1010 0.0153558 0.000211152
1020 0.0151028 0.000217269
1030 0.0148562 0.000223477
1040 0.0146158 0.000229777
1050 0.0143815 0.000236168
1060 0.0141532 0.000242651
1070 0.0139308 0.000249223
1080 0.0137143 0.000255885
1090 0.0135035 0.000262636
1100 0.0132982 0.000269476
1110 0.0130985 0.000276404
1120 0.0129041 0.000283419
1130 0.012715 0.00029052
1140 0.012531 0.000297708
1150 0.012352 0.000304981
1160 0.0121779 0.000312339
1170 0.0120086 0.00031978
1180 0.011844 0.000327305
1190 0.0116839 0.000334911
1200 0.0115282 0.0003426
1210 0.0113769 0.000350369
1220 0.0112297 0.000358219
1230 0.0110867 0.000366147
1240 0.0109476 0.000374154
1250 0.0108124 0.000382238
1260 0.010681 0.000390399
1270 0.0105533 0.000398636
1280 0.0104291 0.000406948
1290 0.0103084 0.000415333
1300 0.0101911 0.000423792
1310 0.0100771 0.000432322
1320 0.00996631 0.000440924
1330 0.00985859 0.000449596
1340 0.00975389 0.000458338
1350 0.00965212 0.000467147
1360 0.00955319 0.000476025
1370 0.00945704 0.000484968
1380 0.00936356 0.000493977
1390 0.0092727 0.00050305
1400 0.00918437 0.000512187
1410 0.00909849 0.000521387
1420 0.00901501 0.000530647
1430 0.00893384 0.000539968
1440 0.00885493 0.000549349
1450 0.0087782 0.000558788
1460 0.00870359 0.000568284
1470 0.00863104 0.000577836
1480 0.00856049 0.000587444
1490 0.00849188 0.000597106
1500 0.00842516 0.000606821
1510 0.00836026 0.000616589
1520 0.00829714 0.000626408
1530 0.00823574 0.000636276
1540 0.00817601 0.000646194
1550 0.0081179 0.00065616
1560 0.00806137 0.000666173
1570 0.00800637 0.000676231
1580 0.00795285 0.000686335
1590 0.00790078 0.000696482
1600 0.0078501 0.000706672
1610 0.00780078 0.000716904
1620 0.00775278 0.000727177
1630 0.00770606 0.000737489
1640 0.00766058 0.00074784
1650 0.00761632 0.000758229
1660 0.00757322 0.000768654
1670 0.00753126 0.000779114
1680 0.00749041 0.000789609
1690 0.00745064 0.000800138
1700 0.0074119 0.000810699
1710 0.00737419 0.000821292
1720 0.00733746 0.000831914
1730 0.00730169 0.000842567
1740 0.00726684 0.000853247
1750 0.00723291 0.000863955
1760 0.00719985 0.00087469
1770 0.00716765 0.000885449
1780 0.00713628 0.000896234
1790 0.00710572 0.000907041
1800 0.00707594 0.000917871
1810 0.00704692 0.000928722
1820 0.00701863 0.000939594
1830 0.00699105 0.000950485
1840 0.00696416 0.000961394
1850 0.00693795 0.000972321
1860 0.00691237 0.000983265
1870 0.00688743 0.000994224
1880 0.0068631 0.0010052
1890 0.00683937 0.00101618
1900 0.00681621 0.00102718
1910 0.00679361 0.0010382
1920 0.00677155 0.00104922
1930 0.00675002 0.00106025
1940 0.00672901 0.00107129
1950 0.00670849 0.00108234
1960 0.00668846 0.0010934
1970 0.0066689 0.00110446
1980 0.0066498 0.00111553
1990 0.00663115 0.0011266
2000 0.00661293 0.00113767
2010 0.00659514 0.00114875
2020 0.00657775 0.00115983
2030 0.00656077 0.00117091
2040 0.00654417 0.00118199
2050 0.00652796 0.00119307
2060 0.00651212 0.00120414
2070 0.00649663 0.00121522
2080 0.0064815 0.00122629
2090 0.0064667 0.00123735
2100 0.00645224 0.00124841
2110 0.0064381 0.00125946
2120 0.00642428 0.00127051
2130 0.00641076 0.00128154
2140 0.00639755 0.00129257
2150 0.00638462 0.00130359
2160 0.00637198 0.00131459
2170 0.00635961 0.00132559
2180 0.00634752 0.00133657
2190 0.00633568 0.00134754
2200 0.0063241 0.00135849
2210 0.00631277 0.00136943
2220 0.00630167 0.00138035
2230 0.00629082 0.00139125
2240 0.00628019 0.00140214
2250 0.00626978 0.00141301
2260 0.00625959 0.00142386
2270 0.00624961 0.00143468
2280 0.00623983 0.00144549
2290 0.00623025 0.00145627
2300 0.00622086 0.00146703
2310 0.00621166 0.00147777
2320 0.00620264 0.00148848
2330 0.0061938 0.00149916
2340 0.00618512 0.00150982
2350 0.00617661 0.00152045
2360 0.00616826 0.00153106
2370 0.00616006 0.00154163
2380 0.00615201 0.00155217
2390 0.00614411 0.00156268
2400 0.00613634 0.00157316
2410 0.00612871 0.00158361
2420 0.0061212 0.00159402
2430 0.00611382 0.0016044
2440 0.00610656 0.00161474
2450 0.00609942 0.00162505
2460 0.00609238 0.00163531
2470 0.00608545 0.00164554
2480 0.00607862 0.00165573
2490 0.00607188 0.00166588
2500 0.00606524 0.00167599
2510 0.00605868 0.00168606
2520 0.00605221 0.00169608
2530 0.00604581 0.00170606
2540 0.00603949 0.001716
2550 0.00603324 0.00172589
2560 0.00602705 0.00173573
2570 0.00602092 0.00174553
2580 0.00601486 0.00175528
2590 0.00600884 0.00176498
2600 0.00600287 0.00177462
2610 0.00599695 0.00178422
2620 0.00599107 0.00179377
2630 0.00598522 0.00180326
2640 0.00597941 0.0018127
2650 0.00597363 0.00182208
2660 0.00596788 0.00183141
2670 0.00596214 0.00184068
2680 0.00595642 0.00184989
2690 0.00595072 0.00185905
2700 0.00594503 0.00186815
2710 0.00593935 0.00187718
2720 0.00593367 0.00188615
2730 0.00592799 0.00189507
2740 0.00592231 0.00190392
2750 0.00591662 0.0019127
2760 0.00591092 0.00192142
2770 0.00590521 0.00193008
2780 0.00589948 0.00193866
2790 0.00589373 0.00194718
2800 0.00588796 0.00195563
2810 0.00588217 0.00196402
2820 0.00587634 0.00197233
2830 0.00587049 0.00198057
2840 0.0058646 0.00198874
2850 0.00585868 0.00199683
2860 0.00585271 0.00200486
2870 0.0058467 0.0020128
2880 0.00584065 0.00202067
2890 0.00583455 0.00202847
2900 0.0058284 0.00203619
2910 0.00582219 0.00204383
2920 0.00581593 0.00205139
2930 0.00580961 0.00205887
2940 0.00580324 0.00206627
2950 0.0057968 0.00207359
2960 0.00579029 0.00208082
2970 0.00578372 0.00208798
2980 0.00577708 0.00209505
2990 0.00577037 0.00210203
3000 0.00576359 0.00210893
3010 0.00575673 0.00211575
3020 0.00574979 0.00212248
3030 0.00574278 0.00212912
3040 0.00573569 0.00213567
3050 0.00572851 0.00214213
3060 0.00572125 0.0021485
3070 0.0057139 0.00215478
3080 0.00570647 0.00216098
3090 0.00569895 0.00216708
3100 0.00569134 0.00217308
3110 0.00568364 0.002179
3120 0.00567585 0.00218482
3130 0.00566796 0.00219055
3140 0.00565998 0.00219618
3150 0.0056519 0.00220172
3160 0.00564373 0.00220716
3170 0.00563546 0.0022125
3180 0.00562708 0.00221775
3190 0.00561861 0.0022229
3200 0.00561004 0.00222796
3210 0.00560136 0.00223291
3220 0.00559259 0.00223777
3230 0.00558371 0.00224252
3240 0.00557472 0.00224718
3250 0.00556563 0.00225174
3260 0.00555644 0.0022562
3270 0.00554714 0.00226055
3280 0.00553774 0.00226481
3290 0.00552823 0.00226896
3300 0.00551861 0.00227302
3310 0.00550888 0.00227697
3320 0.00549905 0.00228082
3330 0.00548911 0.00228457
3340 0.00547907 0.00228821
3350 0.00546891 0.00229175
3360 0.00545865 0.00229519
3370 0.00544828 0.00229853
3380 0.0054378 0.00230176
3390 0.00542722 0.00230489
3400 0.00541652 0.00230792
3410 0.00540572 0.00231085
3420 0.00539482 0.00231367
3430 0.0053838 0.00231638
3440 0.00537268 0.002319
3450 0.00536145 0.00232151
3460 0.00535012 0.00232392
3470 0.00533868 0.00232622
3480 0.00532714 0.00232843
3490 0.00531549 0.00233053
3500 0.00530374 0.00233252
3510 0.00529189 0.00233442
3520 0.00527993 0.00233621
3530 0.00526787 0.0023379
3540 0.00525571 0.00233949
3550 0.00524345 0.00234098
3560 0.00523109 0.00234237
3570 0.00521863 0.00234365
3580 0.00520607 0.00234484
3590 0.00519341 0.00234592
3600 0.00518066 0.00234691
3610 0.00516781 0.00234779
3620 0.00515487 0.00234858
3630 0.00514183 0.00234927
3640 0.0051287 0.00234986
3650 0.00511548 0.00235035
3660 0.00510217 0.00235075
3670 0.00508877 0.00235105
3680 0.00507528 0.00235125
3690 0.0050617 0.00235136
3700 0.00504804 0.00235137
3710 0.00503429 0.00235129
3720 0.00502046 0.00235111
3730 0.00500655 0.00235084
3740 0.00499255 0.00235048
3750 0.00497848 0.00235003
3760 0.00496432 0.00234949
3770 0.00495009 0.00234885
3780 0.00493579 0.00234813
3790 0.0049214 0.00234732
3800 0.00490695 0.00234642
3810 0.00489242 0.00234543
3820 0.00487782 0.00234436
3830 0.00486315 0.0023432
3840 0.00484842 0.00234195
3850 0.00483362 0.00234062
3860 0.00481875 0.00233921
3870 0.00480382 0.00233771
3880 0.00478882 0.00233614
3890 0.00477377 0.00233448
3900 0.00475866 0.00233274
3910 0.00474348 0.00233093
3920 0.00472825 0.00232903
3930 0.00471297 0.00232706
3940 0.00469763 0.00232501
3950 0.00468225 0.00232289
3960 0.00466681 0.00232069
3970 0.00465132 0.00231842
3980 0.00463578 0.00231607
3990 0.0046202 0.00231366
4000 0.00460457 0.00231117
4010 0.0045889 0.00230861
4020 0.00457319 0.00230599
4030 0.00455743 0.0023033
4040 0.00454164 0.00230054
4050 0.00452581 0.00229771
4060 0.00450995 0.00229482
4070 0.00449405 0.00229187
4080 0.00447811 0.00228885
4090 0.00446215 0.00228577
4100 0.00444616 0.00228263
4110 0.00443013 0.00227943
4120 0.00441408 0.00227618
4130 0.004398 0.00227286
4140 0.0043819 0.00226949
4150 0.00436578 0.00226606
4160 0.00434963 0.00226257
4170 0.00433346 0.00225904
4180 0.00431728 0.00225545
4190 0.00430108 0.0022518
4200 0.00428486 0.00224811
4210 0.00426862 0.00224437
4220 0.00425237 0.00224058
4230 0.00423611 0.00223674
4240 0.00421984 0.00223285
4250 0.00420355 0.00222892
4260 0.00418726 0.00222494
4270 0.00417096 0.00222091
4280 0.00415466 0.00221685
4290 0.00413835 0.00221274
4300 0.00412204 0.00220859
4310 0.00410572 0.0022044
4320 0.0040894 0.00220017
4330 0.00407308 0.0021959
4340 0.00405677 0.0021916
4350 0.00404045 0.00218726
4360 0.00402414 0.00218288
4370 0.00400783 0.00217846
4380 0.00399152 0.00217402
4390 0.00397523 0.00216954
4400 0.00395894 0.00216502
4410 0.00394265 0.00216048
4420 0.00392638 0.0021559
4430 0.00391012 0.0021513
4440 0.00389387 0.00214666
4450 0.00387763 0.002142
4460 0.0038614 0.00213731
4470 0.00384519 0.00213259
4480 0.00382899 0.00212785
4490 0.00381281 0.00212308
4500 0.00379664 0.00211829
4510 0.00378049 0.00211347
4520 0.00376436 0.00210863
4530 0.00374825 0.00210377
4540 0.00373216 0.00209888
4550 0.00371608 0.00209398
4560 0.00370003 0.00208905
4570 0.003684 0.00208411
4580 0.003668 0.00207914
4590 0.00365201 0.00207416
4600 0.00363605 0.00206916
4610 0.00362012 0.00206415
4620 0.00360421 0.00205911
4630 0.00358833 0.00205407
4640 0.00357247 0.002049
4650 0.00355664 0.00204392
4660 0.00354084 0.00203883
4670 0.00352506 0.00203372
4680 0.00350932 0.00202861
4690 0.0034936 0.00202347
4700 0.00347792 0.00201833
4710 0.00346226 0.00201317
4720 0.00344663 0.00200801
4730 0.00343104 0.00200283
4740 0.00341548 0.00199765
4750 0.00339995 0.00199245
4760 0.00338445 0.00198725
4770 0.00336898 0.00198203
4780 0.00335355 0.00197681
4790 0.00333815 0.00197158
4800 0.00332279 0.00196634
4810 0.00330746 0.0019611
4820 0.00329217 0.00195585
4830 0.00327691 0.00195059
4840 0.00326168 0.00194533
4850 0.0032465 0.00194006
4860 0.00323134 0.00193479
4870 0.00321623 0.00192951
4880 0.00320115 0.00192423
4890 0.00318611 0.00191894
4900 0.0031711 0.00191365
4910 0.00315614 0.00190835
4920 0.00314121 0.00190305
4930 0.00312632 0.00189775
4940 0.00311146 0.00189245
4950 0.00309665 0.00188714
4960 0.00308187 0.00188183
4970 0.00306714 0.00187652
4980 0.00305244 0.00187121
4990 0.00303778 0.0018659
5000 0.00302316 0.00186058
5010 0.00300858 0.00185527
5020 0.00299404 0.00184995
5030 0.00297954 0.00184463
5040 0.00296508 0.00183931
5050 0.00295066 0.00183399
5060 0.00293628 0.00182867
5070 0.00292194 0.00182335
5080 0.00290764 0.00181803
5090 0.00289338 0.00181271
5100 0.00287916 0.0018074
5110 0.00286498 0.00180208
5120 0.00285085 0.00179676
5130 0.00283675 0.00179144
5140 0.0028227 0.00178613
5150 0.00280868 0.00178082
5160 0.00279471 0.0017755
5170 0.00278078 0.00177019
5180 0.00276689 0.00176488
5190 0.00275305 0.00175957
5200 0.00273924 0.00175426
5210 0.00272548 0.00174896
5220 0.00271176 0.00174365
5230 0.00269807 0.00173835
5240 0.00268444 0.00173305
5250 0.00267084 0.00172775
5260 0.00265729 0.00172246
5270 0.00264377 0.00171716
5280 0.0026303 0.00171187
5290 0.00261687 0.00170658
5300 0.00260349 0.0017013
5310 0.00259014 0.00169601
5320 0.00257684 0.00169073
5330 0.00256358 0.00168545
5340 0.00255036 0.00168017
5350 0.00253719 0.00167489
5360 0.00252405 0.00166962
5370 0.00251096 0.00166435
5380 0.00249791 0.00165908
5390 0.00248491 0.00165382
5400 0.00247194 0.00164855
5410 0.00245902 0.00164329
5420 0.00244614 0.00163803
5430 0.0024333 0.00163278
5440 0.00242051 0.00162753
5450 0.00240775 0.00162228
5460 0.00239504 0.00161703
5470 0.00238237 0.00161178
5480 0.00236975 0.00160654
5490 0.00235716 0.0016013
5500 0.00234462 0.00159606
5510 0.00233212 0.00159082
5520 0.00231967 0.00158559
5530 0.00230725 0.00158036
5540 0.00229488 0.00157513
5550 0.00228255 0.0015699
5560 0.00227026 0.00156468
5570 0.00225801 0.00155946
5580 0.00224581 0.00155424
5590 0.00223364 0.00154902
5600 0.00222152 0.0015438
5610 0.00220944 0.00153859
5620 0.00219741 0.00153338
5630 0.00218541 0.00152817
5640 0.00217346 0.00152296
5650 0.00216154 0.00151775
5660 0.00214967 0.00151254
5670 0.00213784 0.00150734
5680 0.00212605 0.00150214
5690 0.00211431 0.00149693
5700 0.0021026 0.00149173
5710 0.00209094 0.00148653
5720 0.00207931 0.00148134
5730 0.00206773 0.00147614
5740 0.00205619 0.00147094
5750 0.00204468 0.00146574
5760 0.00203322 0.00146055
5770 0.0020218 0.00145535
5780 0.00201042 0.00145016
5790 0.00199908 0.00144496
5800 0.00198778 0.00143976
5810 0.00197652 0.00143457
5820 0.00196529 0.00142937
5830 0.00195411 0.00142417
5840 0.00194297 0.00141898
5850 0.00193186 0.00141378
5860 0.0019208 0.00140858
5870 0.00190977 0.00140338
5880 0.00189878 0.00139817
5890 0.00188783 0.00139297
5900 0.00187692 0.00138776
5910 0.00186604 0.00138255
5920 0.0018552 0.00137734
5930 0.0018444 0.00137213
5940 0.00183364 0.00136691
5950 0.00182291 0.00136169
5960 0.00181222 0.00135646
5970 0.00180157 0.00135124
5980 0.00179095 0.001346
5990 0.00178036 0.00134077
6000 0.00176982 0.00133553
6010 0.0017593 0.00133028
6020 0.00174882 0.00132503
6030 0.00173838 0.00131978
6040 0.00172797 0.00131451
6050 0.00171759 0.00130925
6060 0.00170725 0.00130397
6070 0.00169693 0.00129869
6080 0.00168665 0.0012934
6090 0.00167641 0.00128811
6100 0.00166619 0.0012828
6110 0.00165601 0.00127749
6120 0.00164585 0.00127217
6130 0.00163573 0.00126684
6140 0.00162563 0.0012615
6150 0.00161557 0.00125616
6160 0.00160553 0.0012508
6170 0.00159553 0.00124543
6180 0.00158555 0.00124005
6190 0.0015756 0.00123466
6200 0.00156567 0.00122926
6210 0.00155577 0.00122384
6220 0.0015459 0.00121842
6230 0.00153605 0.00121297
6240 0.00152623 0.00120752
6250 0.00151643 0.00120205
6260 0.00150666 0.00119657
6270 0.00149691 0.00119107
6280 0.00148718 0.00118556
6290 0.00147748 0.00118003
6300 0.0014678 0.00117449
6310 0.00145814 0.00116893
6320 0.0014485 0.00116335
6330 0.00143888 0.00115776
6340 0.00142927 0.00115214
6350 0.00141969 0.00114651
6360 0.00141013 0.00114086
6370 0.00140058 0.00113519
6380 0.00139106 0.0011295
6390 0.00138155 0.00112379
6400 0.00137205 0.00111806
6410 0.00136257 0.00111231
6420 0.00135311 0.00110654
6430 0.00134366 0.00110075
6440 0.00133423 0.00109493
6450 0.00132481 0.00108909
6460 0.00131541 0.00108323
6470 0.00130601 0.00107735
6480 0.00129663 0.00107144
6490 0.00128726 0.00106551
6500 0.00127791 0.00105955
6510 0.00126856 0.00105357
6520 0.00125923 0.00104757
6530 0.0012499 0.00104154
6540 0.00124059 0.00103548
6550 0.00123128 0.0010294
6560 0.00122199 0.00102329
6570 0.0012127 0.00101716
6580 0.00120343 0.00101101
6590 0.00119416 0.00100482
6600 0.0011849 0.000998614
6610 0.00117565 0.00099238
6620 0.0011664 0.00098612
6630 0.00115717 0.000979834
6640 0.00114794 0.000973522
6650 0.00113872 0.000967185
6660 0.00112951 0.000960822
6670 0.00112031 0.000954435
6680 0.00111112 0.000948022
6690 0.00110193 0.000941586
6700 0.00109276 0.000935125
6710 0.00108359 0.00092864
6720 0.00107443 0.000922132
6730 0.00106528 0.0009156
6740 0.00105614 0.000909047
6750 0.00104701 0.000902472
6760 0.00103789 0.000895876
6770 0.00102878 0.00088926
6780 0.00101968 0.000882623
6790 0.0010106 0.000875968
6800 0.00100153 0.000869296
6810 0.00099247 0.000862606
6820 0.000983427 0.000855899
6830 0.000974399 0.000849178
6840 0.000965387 0.000842443
6850 0.000956392 0.000835695
6860 0.000947415 0.000828935
6870 0.000938457 0.000822164
6880 0.00092952 0.000815384
6890 0.000920603 0.000808597
6900 0.000911709 0.000801802
6910 0.000902838 0.000795003
6920 0.000893993 0.0007882
6930 0.000885173 0.000781395
6940 0.000876381 0.000774589
6950 0.000867618 0.000767784
6960 0.000858885 0.000760981
6970 0.000850184 0.000754183
6980 0.000841516 0.000747391
6990 0.000832883 0.000740606
7000 0.000824287 0.000733831
7010 0.000815728 0.000727068
7020 0.000807208 0.000720317
7030 0.00079873 0.000713581
7040 0.000790294 0.000706862
7050 0.000781903 0.000700161
7060 0.000773558 0.000693481
7070 0.00076526 0.000686823
7080 0.000757012 0.000680189
7090 0.000748814 0.000673581
7100 0.000740669 0.000667001
7110 0.000732578 0.000660451
7120 0.000724543 0.000653932
7130 0.000716566 0.000647447
7140 0.000708647 0.000640997
7150 0.000700788 0.000634583
7160 0.000692992 0.000628209
7170 0.000685259 0.000621874
7180 0.000677591 0.000615582
7190 0.000669989 0.000609333
7200 0.000662455 0.00060313
7210 0.00065499 0.000596973
7220 0.000647595 0.000590864
7230 0.000640271 0.000584805
7240 0.00063302 0.000578797
7250 0.000625842 0.000572842
7260 0.000618739 0.000566939
7270 0.000611711 0.000561092
7280 0.00060476 0.0005553
7290 0.000597886 0.000549564
7300 0.00059109 0.000543887
7310 0.000584372 0.000538268
7320 0.000577734 0.000532709
7330 0.000571175 0.00052721
7340 0.000564696 0.000521771
7350 0.000558297 0.000516394
7360 0.000551979 0.000511079
7370 0.000545742 0.000505826
7380 0.000539586 0.000500636
7390 0.000533511 0.000495508
7400 0.000527517 0.000490444
7410 0.000521604 0.000485443
7420 0.000515771 0.000480504
7430 0.000510019 0.000475629
7440 0.000504347 0.000470817
7450 0.000498754 0.000466068
7460 0.000493241 0.000461382
7470 0.000487806 0.000456757
7480 0.000482449 0.000452194
7490 0.000477169 0.000447693
7500 0.000471966 0.000443252
7510 0.000466838 0.000438872
7520 0.000461785 0.000434551
7530 0.000456806 0.000430289
7540 0.0004519 0.000426085
7550 0.000447066 0.000421938
7560 0.000442303 0.000417848
7570 0.00043761 0.000413813
7580 0.000432985 0.000409833
7590 0.000428428 0.000405906
7600 0.000423937 0.000402032
7610 0.000419511 0.00039821
7620 0.000415148 0.000394438
7630 0.000410848 0.000390716
7640 0.000406609 0.000387041
7650 0.00040243 0.000383414
7660 0.000398309 0.000379833
7670 0.000394245 0.000376297
7680 0.000390237 0.000372804
7690 0.000386283 0.000369354
7700 0.000382382 0.000365945
7710 0.000378533 0.000362576
7720 0.000374733 0.000359245
7730 0.000370982 0.000355953
7740 0.000367279 0.000352696
7750 0.000363621 0.000349475
7760 0.000360008 0.000346288
7770 0.000356437 0.000343134
7780 0.000352909 0.000340011
7790 0.000349421 0.000336919
7800 0.000345972 0.000333856
7810 0.000342561 0.000330821
7820 0.000339187 0.000327814
7830 0.000335847 0.000324832
7840 0.000332542 0.000321875
7850 0.000329269 0.000318942
7860 0.000326027 0.000316031
7870 0.000322816 0.000313142
7880 0.000319634 0.000310274
7890 0.00031648 0.000307426
7900 0.000313353 0.000304596
7910 0.000310252 0.000301784
7920 0.000307175 0.000298988
7930 0.000304121 0.000296209
7940 0.00030109 0.000293445
7950 0.000298081 0.000290695
7960 0.000295092 0.000287958
7970 0.000292123 0.000285234
7980 0.000289173 0.000282522
7990 0.00028624 0.000279821
8000 0.000283324 0.00027713
8010 0.000280424 0.000274448
8020 0.000277539 0.000271775
8030 0.000274669 0.000269111
8040 0.000271812 0.000266454
8050 0.000268968 0.000263804
8060 0.000266136 0.00026116
8070 0.000263315 0.000258522
8080 0.000260505 0.000255888
8090 0.000257704 0.00025326
8100 0.000254913 0.000250635
8110 0.00025213 0.000248013
8120 0.000249355 0.000245394
8130 0.000246586 0.000242777
8140 0.000243825 0.000240162
8150 0.000241069 0.000237548
8160 0.000238318 0.000234935
8170 0.000235572 0.000232321
8180 0.000232829 0.000229707
8190 0.00023009 0.000227092
8200 0.000227353 0.000224476
8210 0.000224618 0.000221857
8220 0.000221884 0.000219236
8230 0.000219151 0.000216611
8240 0.000216418 0.000213983
8250 0.000213683 0.00021135
8260 0.000210947 0.000208712
8270 0.000208209 0.000206068
8280 0.000205467 0.000203417
8290 0.000202721 0.000200759
8300 0.00019997 0.000198092
8310 0.000197213 0.000195417
8320 0.000194449 0.000192731
8330 0.000191676 0.000190034
8340 0.000188894 0.000187326
8350 0.000186102 0.000184604
8360 0.000183297 0.000181867
8370 0.000180479 0.000179114
8380 0.000177646 0.000176343
8390 0.000174796 0.000173553
8400 0.000171927 0.000170742
8410 0.000169037 0.000167908
8420 0.000166124 0.000165048
8430 0.000163185 0.00016216
8440 0.000160228 0.000159253
8450 0.000157283 0.000156355
8460 0.000154352 0.00015347
8470 0.000151436 0.000150597
8480 0.000148536 0.000147738
8490 0.000145651 0.000144894
8500 0.000142783 0.000142064
8510 0.000139932 0.00013925
8520 0.000137099 0.000136452
8530 0.000134285 0.000133671
8540 0.000131489 0.000130908
8550 0.000128714 0.000128163
8560 0.000125958 0.000125436
8570 0.000123223 0.00012273
8580 0.00012051 0.000120043
8590 0.000117819 0.000117378
8600 0.000115151 0.000114733
8610 0.000112505 0.000112111
8620 0.000109884 0.000109512
8630 0.000107287 0.000106936
8640 0.000104715 0.000104384
8650 0.000102168 0.000101856
8660 9.9647e-05 9.93534e-05
8670 9.71528e-05 9.68764e-05
8680 9.46856e-05 9.44256e-05
8690 9.22459e-05 9.20014e-05
8700 8.98342e-05 8.96045e-05
8710 8.74511e-05 8.72354e-05
8720 8.50969e-05 8.48945e-05
8730 8.27721e-05 8.25823e-05
8740 8.04772e-05 8.02994e-05
8750 7.82127e-05 7.80461e-05
8760 7.59788e-05 7.58229e-05
8770 7.3776e-05 7.36302e-05
8780 7.16047e-05 7.14684e-05
8790 6.94653e-05 6.9338e-05
8800 6.7358e-05 6.72392e-05
8810 6.52833e-05 6.51725e-05
8820 6.32415e-05 6.31382e-05
8830 6.12328e-05 6.11367e-05
8840 5.92575e-05 5.91681e-05
8850 5.7316e-05 5.72328e-05
8860 5.54084e-05 5.53312e-05
8870 5.3535e-05 5.34633e-05
8880 5.1696e-05 5.16296e-05
8890 4.98917e-05 4.98301e-05
8900 4.81221e-05 4.80651e-05
8910 4.63874e-05 4.63348e-05
8920 4.46879e-05 4.46392e-05
8930 4.30236e-05 4.29787e-05
8940 4.13946e-05 4.13532e-05
8950 3.9801e-05 3.97629e-05
8960 3.82429e-05 3.82078e-05
8970 3.67204e-05 3.66881e-05
8980 3.52334e-05 3.52038e-05
8990 3.3782e-05 3.37548e-05
9000 3.23661e-05 3.23412e-05
9010 3.09858e-05 3.0963e-05
9020 2.9641e-05 2.96202e-05
9030 2.83317e-05 2.83126e-05
9040 2.70577e-05 2.70403e-05
9050 2.58189e-05 2.58031e-05
9060 2.46152e-05 2.46008e-05
9070 2.34465e-05 2.34334e-05
9080 2.23126e-05 2.23007e-05
9090 2.12133e-05 2.12026e-05
9100 2.01484e-05 2.01387e-05
9110 1.91177e-05 1.9109e-05
9120 1.8121e-05 1.81131e-05
9130 1.71579e-05 1.71507e-05
9140 1.62281e-05 1.62217e-05
9150 1.53314e-05 1.53257e-05
9160 1.44675e-05 1.44623e-05
9170 1.36359e-05 1.36313e-05
9180 1.28363e-05 1.28321e-05
9190 1.20682e-05 1.20645e-05
9200 1.13314e-05 1.13281e-05
9210 1.06252e-05 1.06223e-05
9220 9.94928e-06 9.9467e-06
9230 9.30313e-06 9.30084e-06
9240 8.68622e-06 8.68419e-06
9250 8.09801e-06 8.09623e-06
9260 7.53796e-06 7.5364e-06
9270 7.00549e-06 7.00411e-06
9280 6.49998e-06 6.49878e-06
9290 6.02083e-06 6.01977e-06
9300 5.56738e-06 5.56646e-06
9310 5.13897e-06 5.13817e-06
9320 4.73492e-06 4.73422e-06
9330 4.35452e-06 4.35392e-06
9340 3.99706e-06 3.99654e-06
9350 3.66179e-06 3.66134e-06
9360 3.34797e-06 3.34758e-06
9370 3.05481e-06 3.05448e-06
9380 2.78154e-06 2.78126e-06
9390 2.52737e-06 2.52712e-06
9400 2.29148e-06 2.29127e-06
9410 2.07308e-06 2.0729e-06
9420 1.87133e-06 1.87118e-06
9430 1.68543e-06 1.6853e-06
9440 1.51455e-06 1.51444e-06
9450 1.35787e-06 1.35778e-06
9460 1.21458e-06 1.2145e-06
9470 1.08387e-06 1.08381e-06
9480 9.64951e-07 9.64895e-07
9490 8.57037e-07 8.5699e-07
9500 7.59366e-07 7.59326e-07
9510 6.71194e-07 6.7116e-07
9520 5.918e-07 5.91771e-07
9530 5.2049e-07 5.20465e-07
9540 4.56598e-07 4.56576e-07
9550 3.99487e-07 3.99469e-07
9560 3.48557e-07 3.48542e-07
9570 3.03241e-07 3.03228e-07
9580 2.63008e-07 2.62996e-07
9590 2.27364e-07 2.27353e-07
9600 1.95852e-07 1.95843e-07
9610 1.68055e-07 1.68047e-07
9620 1.43589e-07 1.43582e-07
9630 1.22107e-07 1.22101e-07
9640 1.03296e-07 1.0329e-07
9650 8.68739e-08 8.68687e-08
9660 7.25878e-08 7.25831e-08
9670 6.02111e-08 6.02069e-08
9680 4.95406e-08 4.95368e-08
9690 4.03937e-08 4.03902e-08
9700 3.26053e-08 3.26022e-08
9710 2.60255e-08 2.60227e-08
9720 2.05171e-08 2.05146e-08
9730 1.59536e-08 1.59513e-08
9740 1.22179e-08 1.22158e-08
9750 9.20104e-09 9.1992e-09
9760 6.80182e-09 6.80016e-09
9770 4.92638e-09 4.9249e-09
9780 3.4884e-09 3.48708e-09
9790 2.40937e-09 2.40819e-09
9800 1.61892e-09 1.61787e-09
9810 1.05518e-09 1.05425e-09
9820 6.64941e-10 6.64123e-10
9830 4.03652e-10 4.02932e-10
9840 2.35076e-10 2.34444e-10
9850 1.30735e-10 1.30184e-10
9860 6.90853e-11 6.86048e-11
9870 3.45072e-11 3.40907e-11
9880 1.62142e-11 1.58547e-11
9890 7.15028e-12 6.84147e-12
9900 2.9754e-12 2.71145e-12
9910 1.19968e-12 9.75284e-13
9920 5.03597e-13 3.13916e-13
9930 2.48267e-13 8.89143e-14
9940 1.54714e-13 2.1722e-14
9950 1.14673e-13 4.46803e-15
9960 9.13735e-14 7.51476e-16
9970 7.40002e-14 9.97163e-17
9980 5.97305e-14 9.98921e-18
9990 4.77871e-14 7.15172e-19
10000 3.7825e-14 3.41592e-20
10010 2.95852e-14 9.97372e-22
10020 2.28373e-14 1.59097e-23
10030 1.73721e-14 1.19774e-25
10040 1.29999e-14 3.50694e-28
10050 9.55034e-15 3.07907e-31
10060 6.87089e-15 5.6775e-35
10070 4.82633e-15 1.33586e-39
10080 3.29777e-15 1.96363e-45
10090 2.18177e-15 6.29119e-53
10100 1.38933e-15 8.82715e-63
10110 8.45006e-16 4.26181e-76
10120 4.85817e-16 1.03226e-94
10130 2.6027e-16 7.27451e-122
10140 1.27278e-16 1.06779e-163
10150 5.50599e-17 4.4727e-233
10160 2.00178e-17 0
10170 5.57314e-18 0
10180 9.72512e-19 0
10190 5.75494e-20 0
10200 0 0
