0 0 0
10 0.603944 9.7956e-12
20 0.103201 1.29151e-10
30 0.156827 6.03468e-10
40 0.120909 1.81877e-09
50 0.0972775 4.29362e-09
60 0.0807514 8.67136e-09
70 0.0687615 1.57125e-08
80 0.0599058 2.62877e-08
90 0.0533611 4.13702e-08
100 0.0485466 6.20297e-08
110 0.0448413 8.94255e-08
120 0.0415855 1.248e-07
130 0.0384153 1.69473e-07
140 0.0353455 2.24837e-07
150 0.0325106 2.92347e-07
160 0.0299954 3.73522e-07
170 0.0278278 4.69933e-07
180 0.026011 5.83204e-07
190 0.0245416 7.15002e-07
200 0.0234148 8.67035e-07
210 0.0226236 1.04105e-06
220 0.0221558 1.23882e-06
230 0.0219931 1.46215e-06
240 0.0221099 1.71287e-06
250 0.0224752 1.99282e-06
260 0.0230534 2.30388e-06
270 0.023807 2.64791e-06
280 0.0246982 3.02681e-06
290 0.0256908 3.44246e-06
300 0.026751 3.89676e-06
310 0.0278491 4.39161e-06
320 0.0289591 4.9289e-06
330 0.0300595 5.51053e-06
340 0.0311329 6.13836e-06
350 0.0321654 6.81428e-06
360 0.0331469 7.54014e-06
370 0.0340698 8.31778e-06
380 0.0349292 9.14904e-06
390 0.035722 1.00357e-05
400 0.0364465 1.09796e-05
410 0.0371021 1.19825e-05
420 0.0376889 1.3046e-05
430 0.0382077 1.4172e-05
440 0.0386594 1.53622e-05
450 0.0390452 1.66181e-05
460 0.0393663 1.79414e-05
470 0.0396241 1.93338e-05
480 0.0398199 2.07967e-05
490 0.039955 2.23317e-05
500 0.0400311 2.39404e-05
510 0.0400497 2.56242e-05
520 0.0400124 2.73844e-05
530 0.0399212 2.92226e-05
540 0.0397781 3.11401e-05
550 0.0395852 3.31381e-05
560 0.0393448 3.5218e-05
570 0.0390596 3.7381e-05
580 0.0387321 3.96283e-05
590 0.0383652 4.19611e-05
600 0.0379617 4.43804e-05
610 0.0375246 4.68874e-05
620 0.0370569 4.94831e-05
630 0.0365618 5.21685e-05
640 0.0360421 5.49446e-05
650 0.0355009 5.78122e-05
660 0.0349411 6.07722e-05
670 0.0343656 6.38255e-05
680 0.0337771 6.69728e-05
690 0.0331782 7.02149e-05
700 0.0325714 7.35526e-05
710 0.031959 7.69863e-05
720 0.0313432 8.05169e-05
730 0.030726 8.41448e-05
740 0.0301093 8.78705e-05
750 0.0294947 9.16947e-05
760 0.0288839 9.56177e-05
770 0.0282782 9.964e-05
780 0.0276789 0.000103762
790 0.027087 0.000107984
800 0.0265035 0.000112306
810 0.0259292 0.000116728
820 0.0253649 0.000121252
830 0.0248112 0.000125876
840 0.0242685 0.000130601
850 0.0237373 0.000135427
860 0.0232179 0.000140355
870 0.0227105 0.000145384
880 0.0222153 0.000150514
890 0.0217324 0.000155745
900 0.0212619 0.000161077
910 0.0208037 0.00016651
920 0.0203578 0.000172045
930 0.0199241 0.000177679
940 0.0195025 0.000183414
950 0.0190929 0.00018925
960 0.0186951 0.000195185
970 0.0183088 0.00020122
980 0.0179339 0.000207354
990 0.0175702 0.000213586
1000 0.0172174 0.000219918
1010 0.0168752 0.000226347
1020 0.0165435 0.000232874
1030 0.0162219 0.000239498
1040 0.0159102 0.000246218
1050 0.0156082 0.000253035
1060 0.0153155 0.000259947
1070 0.0150319 0.000266954
1080 0.0147572 0.000274055
1090 0.0144911 0.000281249
1100 0.0142333 0.000288537
1110 0.0139836 0.000295916
1120 0.0137418 0.000303387
1130 0.0135075 0.000310949
1140 0.0132806 0.000318601
1150 0.0130609 0.000326343
1160 0.0128481 0.000334172
1170 0.0126419 0.00034209
1180 0.0124422 0.000350094
1190 0.0122489 0.000358184
1200 0.0120615 0.000366359
1210 0.0118801 0.000374618
1220 0.0117043 0.000382961
1230 0.011534 0.000391386
1240 0.0113691 0.000399892
1250 0.0112093 0.000408479
1260 0.0110545 0.000417145
1270 0.0109045 0.00042589
1280 0.0107591 0.000434713
1290 0.0106183 0.000443612
1300 0.0104818 0.000452586
1310 0.0103495 0.000461636
1320 0.0102213 0.000470758
1330 0.0100971 0.000479954
1340 0.00997663 0.00048922
1350 0.00985988 0.000498557
1360 0.00974671 0.000507963
1370 0.00963699 0.000517438
1380 0.00953061 0.00052698
1390 0.00942746 0.000536587
1400 0.00932745 0.00054626
1410 0.00923045 0.000555996
1420 0.00913639 0.000565796
1430 0.00904516 0.000575657
1440 0.00895667 0.000585578
1450 0.00887084 0.000595559
1460 0.00878758 0.000605598
1470 0.0087068 0.000615694
1480 0.00862843 0.000625847
1490 0.00855239 0.000636054
1500 0.00847861 0.000646315
1510 0.00840701 0.000656628
1520 0.00833753 0.000666993
1530 0.0082701 0.000677409
1540 0.00820465 0.000687873
1550 0.00814113 0.000698386
1560 0.00807947 0.000708946
1570 0.00801961 0.000719551
1580 0.00796151 0.000730201
1590 0.0079051 0.000740895
1600 0.00785033 0.000751631
1610 0.00779716 0.000762408
1620 0.00774552 0.000773225
1630 0.00769539 0.000784081
1640 0.00764671 0.000794976
1650 0.00759943 0.000805907
1660 0.00755352 0.000816873
1670 0.00750893 0.000827874
1680 0.00746563 0.000838909
1690 0.00742357 0.000849975
1700 0.00738273 0.000861073
1710 0.00734305 0.000872201
1720 0.00730452 0.000883358
1730 0.00726709 0.000894542
1740 0.00723073 0.000905754
1750 0.00719541 0.000916991
1760 0.00716111 0.000928252
1770 0.00712779 0.000939537
1780 0.00709541 0.000950845
1790 0.00706397 0.000962174
1800 0.00703342 0.000973523
1810 0.00700375 0.000984891
1820 0.00697491 0.000996278
1830 0.0069469 0.00100768
1840 0.00691969 0.0010191
1850 0.00689325 0.00103054
1860 0.00686756 0.00104198
1870 0.0068426 0.00105344
1880 0.00681835 0.00106492
1890 0.00679478 0.0010764
1900 0.00677189 0.0010879
1910 0.00674964 0.0010994
1920 0.00672802 0.00111091
1930 0.00670702 0.00112243
1940 0.00668661 0.00113395
1950 0.00666678 0.00114548
1960 0.00664751 0.00115701
1970 0.00662879 0.00116854
1980 0.0066106 0.00118008
1990 0.00659292 0.00119162
2000 0.00657574 0.00120315
2010 0.00655905 0.00121469
2020 0.00654283 0.00122622
2030 0.00652706 0.00123775
2040 0.00651175 0.00124928
2050 0.00649686 0.0012608
2060 0.00648239 0.00127231
2070 0.00646833 0.00128382
2080 0.00645466 0.00129532
2090 0.00644138 0.00130682
2100 0.00642847 0.0013183
2110 0.00641591 0.00132977
2120 0.00640371 0.00134123
2130 0.00639184 0.00135267
2140 0.0063803 0.00136411
2150 0.00636908 0.00137553
2160 0.00635817 0.00138693
2170 0.00634755 0.00139832
2180 0.00633722 0.00140969
2190 0.00632717 0.00142104
2200 0.00631739 0.00143237
2210 0.00630787 0.00144368
2220 0.0062986 0.00145497
2230 0.00628957 0.00146624
2240 0.00628077 0.00147749
2250 0.0062722 0.00148871
2260 0.00626385 0.00149991
2270 0.0062557 0.00151108
2280 0.00624776 0.00152223
2290 0.00624001 0.00153335
2300 0.00623244 0.00154444
2310 0.00622506 0.0015555
2320 0.00621784 0.00156653
2330 0.00621079 0.00157753
2340 0.00620389 0.0015885
2350 0.00619714 0.00159943
2360 0.00619053 0.00161033
2370 0.00618406 0.0016212
2380 0.00617772 0.00163203
2390 0.0061715 0.00164282
2400 0.0061654 0.00165357
2410 0.00615941 0.00166429
2420 0.00615352 0.00167497
2430 0.00614773 0.00168561
2440 0.00614203 0.0016962
2450 0.00613641 0.00170676
2460 0.00613088 0.00171727
2470 0.00612542 0.00172773
2480 0.00612003 0.00173815
2490 0.0061147 0.00174853
2500 0.00610944 0.00175886
2510 0.00610422 0.00176914
2520 0.00609905 0.00177937
2530 0.00609393 0.00178955
2540 0.00608884 0.00179968
2550 0.00608379 0.00180976
2560 0.00607877 0.00181978
2570 0.00607376 0.00182976
2580 0.00606878 0.00183968
2590 0.00606381 0.00184954
2600 0.00605886 0.00185935
2610 0.00605391 0.00186909
2620 0.00604896 0.00187879
2630 0.006044 0.00188842
2640 0.00603905 0.00189799
2650 0.00603408 0.0019075
2660 0.00602909 0.00191695
2670 0.00602409 0.00192633
2680 0.00601907 0.00193565
2690 0.00601402 0.00194491
2700 0.00600894 0.0019541
2710 0.00600383 0.00196322
2720 0.00599868 0.00197228
2730 0.0059935 0.00198127
2740 0.00598827 0.00199018
2750 0.00598299 0.00199903
2760 0.00597767 0.00200781
2770 0.0059723 0.00201651
2780 0.00596686 0.00202514
2790 0.00596138 0.00203369
2800 0.00595583 0.00204217
2810 0.00595021 0.00205058
2820 0.00594454 0.00205891
2830 0.00593879 0.00206716
2840 0.00593297 0.00207533
2850 0.00592708 0.00208342
2860 0.00592111 0.00209143
2870 0.00591506 0.00209936
2880 0.00590893 0.0021072
2890 0.00590272 0.00211497
2900 0.00589643 0.00212265
2910 0.00589004 0.00213024
2920 0.00588357 0.00213775
2930 0.00587701 0.00214517
2940 0.00587035 0.00215251
2950 0.0058636 0.00215976
2960 0.00585675 0.00216691
2970 0.0058498 0.00217398
2980 0.00584276 0.00218096
2990 0.00583561 0.00218785
3000 0.00582836 0.00219464
3010 0.005821 0.00220135
3020 0.00581354 0.00220795
3030 0.00580597 0.00221447
3040 0.00579829 0.00222089
3050 0.0057905 0.00222721
3060 0.00578261 0.00223344
3070 0.00577459 0.00223957
3080 0.00576647 0.0022456
3090 0.00575823 0.00225154
3100 0.00574988 0.00225737
3110 0.00574141 0.00226311
3120 0.00573283 0.00226875
3130 0.00572412 0.00227428
3140 0.0057153 0.00227972
3150 0.00570636 0.00228505
3160 0.0056973 0.00229028
3170 0.00568812 0.00229541
3180 0.00567882 0.00230043
3190 0.0056694 0.00230535
3200 0.00565986 0.00231017
3210 0.00565019 0.00231488
3220 0.0056404 0.00231949
3230 0.00563049 0.00232399
3240 0.00562046 0.00232839
3250 0.00561031 0.00233268
3260 0.00560003 0.00233686
3270 0.00558963 0.00234094
3280 0.0055791 0.00234491
3290 0.00556846 0.00234877
3300 0.00555769 0.00235252
3310 0.0055468 0.00235617
3320 0.00553578 0.00235971
3330 0.00552464 0.00236314
3340 0.00551339 0.00236647
3350 0.005502 0.00236968
3360 0.0054905 0.00237279
3370 0.00547888 0.00237579
3380 0.00546714 0.00237867
3390 0.00545527 0.00238146
3400 0.00544329 0.00238413
3410 0.00543119 0.00238669
3420 0.00541896 0.00238915
3430 0.00540663 0.00239149
3440 0.00539417 0.00239373
3450 0.0053816 0.00239586
3460 0.00536891 0.00239788
3470 0.00535611 0.00239979
3480 0.00534319 0.0024016
3490 0.00533016 0.0024033
3500 0.00531702 0.00240489
3510 0.00530377 0.00240637
3520 0.0052904 0.00240774
3530 0.00527693 0.00240901
3540 0.00526335 0.00241018
3550 0.00524966 0.00241123
3560 0.00523586 0.00241218
3570 0.00522196 0.00241303
3580 0.00520796 0.00241377
3590 0.00519385 0.00241441
3600 0.00517965 0.00241494
3610 0.00516534 0.00241537
3620 0.00515093 0.00241569
3630 0.00513642 0.00241591
3640 0.00512182 0.00241603
3650 0.00510713 0.00241605
3660 0.00509234 0.00241597
3670 0.00507745 0.00241579
3680 0.00506248 0.00241551
3690 0.00504742 0.00241513
3700 0.00503227 0.00241465
3710 0.00501703 0.00241407
3720 0.00500171 0.00241339
3730 0.0049863 0.00241262
3740 0.00497081 0.00241176
3750 0.00495524 0.0024108
3760 0.00493959 0.00240974
3770 0.00492387 0.00240859
3780 0.00490807 0.00240735
3790 0.00489219 0.00240602
3800 0.00487624 0.00240459
3810 0.00486022 0.00240308
3820 0.00484413 0.00240147
3830 0.00482798 0.00239978
3840 0.00481175 0.002398
3850 0.00479547 0.00239613
3860 0.00477912 0.00239418
3870 0.00476271 0.00239214
3880 0.00474623 0.00239002
3890 0.0047297 0.00238782
3900 0.00471312 0.00238553
3910 0.00469648 0.00238316
3920 0.00467979 0.00238071
3930 0.00466304 0.00237819
3940 0.00464625 0.00237558
3950 0.00462941 0.0023729
3960 0.00461252 0.00237014
3970 0.00459559 0.00236731
3980 0.00457861 0.0023644
3990 0.0045616 0.00236142
4000 0.00454454 0.00235836
4010 0.00452745 0.00235524
4020 0.00451032 0.00235205
4030 0.00449315 0.00234878
4040 0.00447596 0.00234545
4050 0.00445873 0.00234205
4060 0.00444147 0.00233859
4070 0.00442418 0.00233506
4080 0.00440687 0.00233147
4090 0.00438953 0.00232781
4100 0.00437217 0.00232409
4110 0.00435479 0.00232031
4120 0.00433739 0.00231648
4130 0.00431997 0.00231258
4140 0.00430253 0.00230863
4150 0.00428508 0.00230462
4160 0.00426761 0.00230055
4170 0.00425013 0.00229643
4180 0.00423264 0.00229226
4190 0.00421514 0.00228803
4200 0.00419763 0.00228376
4210 0.00418012 0.00227943
4220 0.0041626 0.00227505
4230 0.00414507 0.00227063
4240 0.00412755 0.00226616
4250 0.00411002 0.00226164
4260 0.00409249 0.00225708
4270 0.00407497 0.00225247
4280 0.00405745 0.00224782
4290 0.00403993 0.00224313
4300 0.00402242 0.0022384
4310 0.00400491 0.00223362
4320 0.00398741 0.00222881
4330 0.00396992 0.00222396
4340 0.00395245 0.00221907
4350 0.00393498 0.00221415
4360 0.00391753 0.00220919
4370 0.00390009 0.00220419
4380 0.00388267 0.00219916
4390 0.00386526 0.0021941
4400 0.00384787 0.00218901
4410 0.0038305 0.00218389
4420 0.00381315 0.00217873
4430 0.00379582 0.00217355
4440 0.00377851 0.00216834
4450 0.00376122 0.0021631
4460 0.00374395 0.00215783
4470 0.00372672 0.00215254
4480 0.0037095 0.00214722
4490 0.00369231 0.00214188
4500 0.00367515 0.00213652
4510 0.00365802 0.00213113
4520 0.00364092 0.00212572
4530 0.00362384 0.00212028
4540 0.0036068 0.00211483
4550 0.00358979 0.00210936
4560 0.00357281 0.00210387
4570 0.00355586 0.00209836
4580 0.00353895 0.00209283
4590 0.00352207 0.00208729
4600 0.00350522 0.00208172
4610 0.00348841 0.00207615
4620 0.00347164 0.00207055
4630 0.0034549 0.00206495
4640 0.00343821 0.00205933
4650 0.00342155 0.00205369
4660 0.00340492 0.00204804
4670 0.00338834 0.00204238
4680 0.0033718 0.00203671
4690 0.0033553 0.00203103
4700 0.00333884 0.00202533
4710 0.00332242 0.00201963
4720 0.00330604 0.00201392
4730 0.0032897 0.00200819
4740 0.00327341 0.00200246
4750 0.00325716 0.00199672
4760 0.00324095 0.00199098
4770 0.00322479 0.00198522
4780 0.00320867 0.00197946
4790 0.0031926 0.00197369
4800 0.00317657 0.00196792
4810 0.00316059 0.00196214
4820 0.00314465 0.00195635
4830 0.00312876 0.00195056
4840 0.00311292 0.00194477
4850 0.00309712 0.00193897
4860 0.00308137 0.00193317
4870 0.00306567 0.00192737
4880 0.00305001 0.00192156
4890 0.00303441 0.00191575
4900 0.00301885 0.00190993
4910 0.00300334 0.00190412
4920 0.00298787 0.0018983
4930 0.00297246 0.00189248
4940 0.0029571 0.00188666
4950 0.00294178 0.00188084
4960 0.00292651 0.00187502
4970 0.0029113 0.00186919
4980 0.00289613 0.00186337
4990 0.00288101 0.00185755
5000 0.00286594 0.00185172
5010 0.00285093 0.0018459
5020 0.00283596 0.00184008
5030 0.00282104 0.00183426
5040 0.00280617 0.00182844
5050 0.00279136 0.00182262
5060 0.00277659 0.0018168
5070 0.00276188 0.00181098
5080 0.00274721 0.00180517
5090 0.0027326 0.00179935
5100 0.00271804 0.00179354
5110 0.00270353 0.00178773
5120 0.00268907 0.00178193
5130 0.00267466 0.00177612
5140 0.0026603 0.00177032
5150 0.00264599 0.00176452
5160 0.00263174 0.00175872
5170 0.00261753 0.00175293
5180 0.00260338 0.00174714
5190 0.00258928 0.00174135
5200 0.00257523 0.00173556
5210 0.00256123 0.00172978
5220 0.00254728 0.001724
5230 0.00253338 0.00171823
5240 0.00251954 0.00171246
5250 0.00250574 0.00170669
5260 0.002492 0.00170092
5270 0.00247831 0.00169516
5280 0.00246467 0.0016894
5290 0.00245108 0.00168365
5300 0.00243754 0.0016779
5310 0.00242406 0.00167215
5320 0.00241062 0.00166641
5330 0.00239724 0.00166067
5340 0.00238391 0.00165494
5350 0.00237063 0.00164921
5360 0.00235739 0.00164348
5370 0.00234422 0.00163776
5380 0.00233109 0.00163204
5390 0.00231801 0.00162632
5400 0.00230498 0.00162061
5410 0.00229201 0.00161491
5420 0.00227908 0.0016092
5430 0.00226621 0.00160351
5440 0.00225339 0.00159781
5450 0.00224061 0.00159212
5460 0.00222789 0.00158643
5470 0.00221522 0.00158075
5480 0.0022026 0.00157507
5490 0.00219003 0.0015694
5500 0.00217751 0.00156372
5510 0.00216504 0.00155806
5520 0.00215262 0.00155239
5530 0.00214025 0.00154673
5540 0.00212792 0.00154108
5550 0.00211565 0.00153543
5560 0.00210343 0.00152978
5570 0.00209126 0.00152413
5580 0.00207914 0.00151849
5590 0.00206706 0.00151285
5600 0.00205504 0.00150722
5610 0.00204306 0.00150159
5620 0.00203114 0.00149596
5630 0.00201926 0.00149034
5640 0.00200743 0.00148471
5650 0.00199565 0.0014791
5660 0.00198392 0.00147348
5670 0.00197223 0.00146787
5680 0.0019606 0.00146226
5690 0.00194901 0.00145665
5700 0.00193747 0.00145105
5710 0.00192597 0.00144545
5720 0.00191453 0.00143985
5730 0.00190313 0.00143425
5740 0.00189177 0.00142865
5750 0.00188047 0.00142306
5760 0.00186921 0.00141747
5770 0.001858 0.00141188
5780 0.00184683 0.00140629
5790 0.00183571 0.00140071
5800 0.00182464 0.00139512
5810 0.00181361 0.00138954
5820 0.00180262 0.00138396
5830 0.00179168 0.00137838
5840 0.00178079 0.0013728
5850 0.00176994 0.00136722
5860 0.00175913 0.00136164
5870 0.00174837 0.00135606
5880 0.00173765 0.00135048
5890 0.00172697 0.0013449
5900 0.00171634 0.00133932
5910 0.00170575 0.00133373
5920 0.0016952 0.00132815
5930 0.00168469 0.00132257
5940 0.00167423 0.00131698
5950 0.0016638 0.0013114
5960 0.00165342 0.00130581
5970 0.00164308 0.00130022
5980 0.00163278 0.00129463
5990 0.00162252 0.00128903
6000 0.0016123 0.00128343
6010 0.00160211 0.00127783
6020 0.00159197 0.00127223
6030 0.00158186 0.00126662
6040 0.00157179 0.00126101
6050 0.00156176 0.00125539
6060 0.00155177 0.00124977
6070 0.00154181 0.00124414
6080 0.00153189 0.00123851
6090 0.00152201 0.00123288
6100 0.00151216 0.00122723
6110 0.00150234 0.00122158
6120 0.00149256 0.00121593
6130 0.00148281 0.00121027
6140 0.0014731 0.0012046
6150 0.00146342 0.00119892
6160 0.00145377 0.00119323
6170 0.00144415 0.00118754
6180 0.00143456 0.00118184
6190 0.00142501 0.00117612
6200 0.00141548 0.0011704
6210 0.00140599 0.00116467
6220 0.00139652 0.00115893
6230 0.00138708 0.00115318
6240 0.00137767 0.00114741
6250 0.00136829 0.00114164
6260 0.00135894 0.00113585
6270 0.00134961 0.00113005
6280 0.00134031 0.00112424
6290 0.00133103 0.00111842
6300 0.00132177 0.00111258
6310 0.00131255 0.00110673
6320 0.00130334 0.00110086
6330 0.00129416 0.00109498
6340 0.001285 0.00108908
6350 0.00127586 0.00108317
6360 0.00126674 0.00107725
6370 0.00125765 0.0010713
6380 0.00124857 0.00106534
6390 0.00123952 0.00105937
6400 0.00123048 0.00105337
6410 0.00122146 0.00104736
6420 0.00121246 0.00104133
6430 0.00120348 0.00103529
6440 0.00119451 0.00102922
6450 0.00118556 0.00102314
6460 0.00117663 0.00101704
6470 0.00116772 0.00101091
6480 0.00115881 0.00100477
6490 0.00114993 0.000998611
6500 0.00114106 0.00099243
6510 0.0011322 0.000986229
6520 0.00112335 0.000980007
6530 0.00111452 0.000973765
6540 0.0011057 0.000967503
6550 0.0010969 0.00096122
6560 0.00108811 0.000954916
6570 0.00107933 0.000948592
6580 0.00107056 0.000942247
6590 0.0010618 0.000935881
6600 0.00105306 0.000929495
6610 0.00104432 0.000923089
6620 0.0010356 0.000916662
6630 0.00102689 0.000910214
6640 0.00101819 0.000903747
6650 0.0010095 0.00089726
6660 0.00100083 0.000890754
6670 0.000992162 0.000884228
6680 0.000983508 0.000877684
6690 0.000974867 0.000871121
6700 0.000966237 0.00086454
6710 0.00095762 0.000857942
6720 0.000949015 0.000851327
6730 0.000940423 0.000844695
6740 0.000931845 0.000838048
6750 0.00092328 0.000831386
6760 0.00091473 0.000824709
6770 0.000906194 0.000818019
6780 0.000897674 0.000811316
6790 0.000889169 0.000804601
6800 0.000880681 0.000797875
6810 0.000872211 0.000791139
6820 0.000863758 0.000784395
6830 0.000855325 0.000777642
6840 0.000846911 0.000770882
6850 0.000838518 0.000764117
6860 0.000830147 0.000757347
6870 0.000821798 0.000750574
6880 0.000813473 0.000743799
6890 0.000805173 0.000737024
6900 0.000796899 0.000730249
6910 0.000788652 0.000723476
6920 0.000780433 0.000716707
6930 0.000772243 0.000709943
6940 0.000764085 0.000703185
6950 0.000755958 0.000696436
6960 0.000747865 0.000689697
6970 0.000739806 0.000682969
6980 0.000731784 0.000676253
6990 0.000723799 0.000669553
7000 0.000715853 0.000662868
7010 0.000707948 0.000656202
7020 0.000700084 0.000649556
7030 0.000692264 0.00064293
7040 0.000684489 0.000636328
7050 0.000676759 0.000629751
7060 0.000669078 0.0006232
7070 0.000661446 0.000616678
7080 0.000653864 0.000610186
7090 0.000646335 0.000603725
7100 0.000638859 0.000597297
7110 0.000631438 0.000590905
7120 0.000624073 0.000584549
7130 0.000616767 0.000578232
7140 0.000609519 0.000571954
7150 0.000602331 0.000565718
7160 0.000595205 0.000559524
7170 0.000588142 0.000553375
7180 0.000581143 0.000547272
7190 0.00057421 0.000541216
7200 0.000567342 0.000535209
7210 0.000560542 0.000529251
7220 0.00055381 0.000523344
7230 0.000547148 0.00051749
7240 0.000540555 0.000511688
7250 0.000534033 0.000505941
7260 0.000527583 0.00050025
7270 0.000521206 0.000494614
7280 0.000514901 0.000489036
7290 0.00050867 0.000483515
7300 0.000502512 0.000478053
7310 0.000496429 0.00047265
7320 0.000490421 0.000467307
7330 0.000484487 0.000462024
7340 0.000478629 0.000456802
7350 0.000472846 0.00045164
7360 0.000467138 0.00044654
7370 0.000461505 0.000441501
7380 0.000455947 0.000436523
7390 0.000450464 0.000431607
7400 0.000445056 0.000426753
7410 0.000439723 0.00042196
7420 0.000434463 0.000417228
7430 0.000429276 0.000412557
7440 0.000424163 0.000407946
7450 0.000419122 0.000403396
7460 0.000414153 0.000398906
7470 0.000409255 0.000394475
7480 0.000404427 0.000390103
7490 0.000399669 0.000385789
7500 0.000394979 0.000381533
7510 0.000390357 0.000377334
7520 0.000385802 0.00037319
7530 0.000381313 0.000369102
7540 0.000376888 0.000365068
7550 0.000372527 0.000361088
7560 0.000368229 0.00035716
7570 0.000363992 0.000353285
7580 0.000359815 0.000349459
7590 0.000355697 0.000345684
7600 0.000351637 0.000341957
7610 0.000347634 0.000338277
7620 0.000343685 0.000334644
7630 0.000339791 0.000331056
7640 0.000335949 0.000327513
7650 0.000332159 0.000324012
7660 0.000328419 0.000320554
7670 0.000324728 0.000317136
7680 0.000321084 0.000313758
7690 0.000317486 0.000310418
7700 0.000313933 0.000307116
7710 0.000310423 0.00030385
7720 0.000306956 0.000300619
7730 0.000303529 0.000297421
7740 0.000300142 0.000294257
7750 0.000296793 0.000291124
7760 0.000293481 0.000288021
7770 0.000290204 0.000284948
7780 0.000286963 0.000281902
7790 0.000283754 0.000278884
7800 0.000280577 0.000275892
7810 0.000277431 0.000272926
7820 0.000274315 0.000269983
7830 0.000271228 0.000267063
7840 0.000268167 0.000264165
7850 0.000265133 0.000261288
7860 0.000262124 0.000258431
7870 0.000259139 0.000255593
7880 0.000256178 0.000252773
7890 0.000253238 0.000249971
7900 0.000250319 0.000247185
7910 0.000247421 0.000244414
7920 0.000244541 0.000241659
7930 0.00024168 0.000238917
7940 0.000238836 0.000236189
7950 0.000236009 0.000233473
7960 0.000233197 0.000230769
7970 0.0002304 0.000228076
7980 0.000227618 0.000225393
7990 0.000224848 0.000222719
8000 0.000222091 0.000220055
8010 0.000219346 0.000217399
8020 0.000216612 0.000214751
8030 0.000213888 0.00021211
8040 0.000211174 0.000209476
8050 0.000208469 0.000206848
8060 0.000205772 0.000204225
8070 0.000203083 0.000201607
8080 0.000200402 0.000198994
8090 0.000197727 0.000196385
8100 0.000195058 0.000193779
8110 0.000192395 0.000191176
8120 0.000189736 0.000188575
8130 0.000187082 0.000185977
8140 0.000184432 0.00018338
8150 0.000181784 0.000180784
8160 0.00017914 0.000178189
8170 0.000176498 0.000175594
8180 0.000173858 0.000172998
8190 0.000171219 0.000170402
8200 0.00016858 0.000167805
8210 0.000165941 0.000165206
8220 0.000163302 0.000162605
8230 0.000160662 0.000160001
8240 0.000158021 0.000157394
8250 0.000155377 0.000154783
8260 0.00015273 0.000152167
8270 0.000150079 0.000149547
8280 0.000147425 0.000146921
8290 0.000144765 0.000144289
8300 0.0001421 0.00014165
8310 0.000139428 0.000139003
8320 0.000136749 0.000136347
8330 0.000134061 0.000133682
8340 0.000131365 0.000131007
8350 0.000128658 0.000128321
8360 0.000125939 0.000125622
8370 0.000123209 0.000122909
8380 0.000120464 0.000120182
8390 0.000117704 0.000117439
8400 0.000114927 0.000114677
8410 0.000112131 0.000111897
8420 0.000109315 0.000109095
8430 0.000106491 0.000106285
8440 0.000103699 0.000103506
8450 0.000100942 0.000100761
8460 9.82201e-05 9.80498e-05
8470 9.55335e-05 9.5374e-05
8480 9.28829e-05 9.27337e-05
8490 9.02689e-05 9.01293e-05
8500 8.76917e-05 8.75612e-05
8510 8.5152e-05 8.50301e-05
8520 8.265e-05 8.25361e-05
8530 8.01861e-05 8.00799e-05
8540 7.77607e-05 7.76617e-05
8550 7.53742e-05 7.52819e-05
8560 7.30268e-05 7.29409e-05
8570 7.07189e-05 7.0639e-05
8580 6.84508e-05 6.83765e-05
8590 6.62227e-05 6.61537e-05
8600 6.40349e-05 6.39708e-05
8610 6.18876e-05 6.18281e-05
8620 5.97809e-05 5.97258e-05
8630 5.77151e-05 5.76641e-05
8640 5.56903e-05 5.56431e-05
8650 5.37066e-05 5.36629e-05
8660 5.17641e-05 5.17238e-05
8670 4.98629e-05 4.98257e-05
8680 4.80031e-05 4.79687e-05
8690 4.61846e-05 4.6153e-05
8700 4.44075e-05 4.43784e-05
8710 4.26718e-05 4.2645e-05
8720 4.09773e-05 4.09527e-05
8730 3.93241e-05 3.93015e-05
8740 3.7712e-05 3.76913e-05
8750 3.6141e-05 3.6122e-05
8760 3.46108e-05 3.45934e-05
8770 3.31213e-05 3.31054e-05
8780 3.16723e-05 3.16578e-05
8790 3.02637e-05 3.02504e-05
8800 2.88951e-05 2.8883e-05
8810 2.75663e-05 2.75553e-05
8820 2.6277e-05 2.6267e-05
8830 2.50269e-05 2.50178e-05
8840 2.38157e-05 2.38074e-05
8850 2.2643e-05 2.26355e-05
8860 2.15084e-05 2.15017e-05
8870 2.04116e-05 2.04055e-05
8880 1.93521e-05 1.93466e-05
8890 1.83296e-05 1.83246e-05
8900 1.73434e-05 1.73389e-05
8910 1.63932e-05 1.63892e-05
8920 1.54785e-05 1.54749e-05
8930 1.45987e-05 1.45954e-05
8940 1.37533e-05 1.37504e-05
8950 1.29417e-05 1.29391e-05
8960 1.21634e-05 1.21611e-05
8970 1.14178e-05 1.14157e-05
8980 1.07042e-05 1.07024e-05
8990 1.00221e-05 1.00205e-05
9000 9.3708e-06 9.36935e-06
9010 8.74961e-06 8.74834e-06
9020 8.1579e-06 8.15677e-06
9030 7.59496e-06 7.59397e-06
9040 7.0601e-06 7.05922e-06
9050 6.5526e-06 6.55183e-06
9060 6.07173e-06 6.07106e-06
9070 5.61676e-06 5.61617e-06
9080 5.18694e-06 5.18642e-06
9090 4.7815e-06 4.78105e-06
9100 4.39968e-06 4.39929e-06
9110 4.04071e-06 4.04037e-06
9120 3.70379e-06 3.7035e-06
9130 3.38814e-06 3.38789e-06
9140 3.09298e-06 3.09276e-06
9150 2.81749e-06 2.8173e-06
9160 2.56088e-06 2.56072e-06
9170 2.32236e-06 2.32223e-06
9180 2.10113e-06 2.10101e-06
9190 1.89638e-06 1.89628e-06
9200 1.70733e-06 1.70724e-06
9210 1.53319e-06 1.53312e-06
9220 1.37318e-06 1.37312e-06
9230 1.22654e-06 1.22649e-06
9240 1.0925e-06 1.09246e-06
9250 9.70317e-07 9.70282e-07
9260 8.59259e-07 8.59231e-07
9270 7.58611e-07 7.58587e-07
9280 6.67673e-07 6.67653e-07
9290 5.85765e-07 5.85749e-07
9300 5.1223e-07 5.12217e-07
9310 4.46432e-07 4.46421e-07
9320 3.87758e-07 3.8775e-07
9330 3.35622e-07 3.35615e-07
9340 2.89462e-07 2.89456e-07
9350 2.48746e-07 2.48741e-07
9360 2.12966e-07 2.12963e-07
9370 1.81648e-07 1.81645e-07
9380 1.54343e-07 1.5434e-07
9390 1.30632e-07 1.3063e-07
9400 1.10126e-07 1.10125e-07
9410 9.24666e-08 9.24654e-08
9420 7.73212e-08 7.73203e-08
9430 6.43871e-08 6.43864e-08
9440 5.33886e-08 5.3388e-08
9450 4.4076e-08 4.40756e-08
9460 3.6225e-08 3.62246e-08
9470 2.96349e-08 2.96346e-08
9480 2.41274e-08 2.41272e-08
9490 1.95451e-08 1.95449e-08
9500 1.57497e-08 1.57496e-08
9510 1.26206e-08 1.26205e-08
9520 1.00532e-08 1.00531e-08
9530 7.95706e-09 7.95699e-09
9540 6.25476e-09 6.25471e-09
9550 4.88007e-09 4.88003e-09
9560 3.7767e-09 3.77667e-09
9570 2.89699e-09 2.89697e-09
9580 2.20076e-09 2.20074e-09
9590 1.65419e-09 1.65418e-09
9600 1.229e-09 1.22899e-09
9610 9.01558e-10 9.01547e-10
9620 6.52209e-10 6.522e-10
9630 4.64697e-10 4.6469e-10
9640 3.25636e-10 3.2563e-10
9650 2.24087e-10 2.24082e-10
9660 1.51186e-10 1.51182e-10
9670 9.98276e-11 9.98247e-11
9680 6.43874e-11 6.43851e-11
9690 4.04817e-11 4.04799e-11
9700 2.47538e-11 2.47524e-11
9710 1.4685e-11 1.46839e-11
9720 8.42902e-12 8.42817e-12
9730 4.66717e-12 4.66653e-12
9740 2.48468e-12 2.4842e-12
9750 1.26719e-12 1.26683e-12
9760 6.16598e-13 6.16332e-13
9770 2.84964e-13 2.8477e-13
9780 1.24457e-13 1.24318e-13
9790 5.10824e-14 5.09842e-14
9800 1.95836e-14 1.95152e-14
9810 6.96746e-15 6.92071e-15
9820 2.28632e-15 2.25493e-15
9830 6.89262e-16 6.68617e-16
9840 1.9174e-16 1.78458e-16
9850 5.06806e-17 4.23407e-17
9860 1.39001e-17 8.8014e-18
9870 4.60323e-18 1.57626e-18
9880 1.97815e-18 2.38507e-19
9890 9.9427e-19 2.98025e-20
9900 5.16717e-19 2.99379e-21
9910 2.61904e-19 2.34222e-22
9920 1.26782e-19 1.37435e-23
9930 5.80487e-20 5.78148e-25
9940 2.4945e-20 1.65149e-26
9950 9.98028e-21 2.99928e-28
9960 3.68724e-21 3.19533e-30
9970 1.2498e-21 1.80848e-32
9980 3.8915e-22 4.80688e-35
9990 1.14196e-22 5.13919e-38
10000 3.42998e-23 1.81546e-41
10010 1.21593e-23 1.64569e-45
10020 5.44373e-24 2.75399e-50
10030 2.79789e-24 5.50517e-56
10040 1.47411e-24 7.32236e-63
10050 7.5555e-25 2.9079e-71
10060 3.6993e-25 1.12382e-81
10070 1.7138e-25 8.4747e-95
10080 7.44067e-26 1.1665e-111
10090 2.99126e-26 7.9217e-134
10100 1.09615e-26 8.67539e-164
10110 3.58499e-27 1.13161e-205
10120 1.01619e-27 9.17687e-267
10130 2.39264e-28 0
10140 4.38506e-29 0
10150 5.62411e-30 0
10160 4.18047e-31 0
10170 1.29255e-32 0
10180 0 0
10190 0 0
