0 0 0
10 0.603941 9.69844e-12
20 0.103214 1.2787e-10
30 0.156841 5.97483e-10
40 0.120923 1.80073e-09
50 0.097291 4.25105e-09
60 0.0807647 8.58539e-09
70 0.0687746 1.55568e-08
80 0.0599188 2.60271e-08
90 0.0533741 4.09602e-08
100 0.0485597 6.14151e-08
110 0.0448545 8.85395e-08
120 0.0415989 1.23564e-07
130 0.0384288 1.67795e-07
140 0.035359 2.2261e-07
150 0.0325239 2.89452e-07
160 0.0300082 3.69823e-07
170 0.0278399 4.65281e-07
180 0.0260219 5.77431e-07
190 0.024551 7.07926e-07
200 0.0234224 8.58456e-07
210 0.022629 1.03075e-06
220 0.0221588 1.22656e-06
230 0.0219933 1.44769e-06
240 0.0221072 1.69593e-06
250 0.0224695 1.97312e-06
260 0.0230446 2.2811e-06
270 0.0237952 2.62173e-06
280 0.0246834 2.99689e-06
290 0.025673 3.40843e-06
300 0.0267305 3.85825e-06
310 0.0278259 4.34822e-06
320 0.0289336 4.88021e-06
330 0.0300318 5.4561e-06
340 0.0311031 6.07774e-06
350 0.0321338 6.74699e-06
360 0.0331136 7.46569e-06
370 0.0340351 8.23566e-06
380 0.0348933 9.05873e-06
390 0.035685 9.93666e-06
400 0.0364085 1.08712e-05
410 0.0370634 1.18642e-05
420 0.0376496 1.29173e-05
430 0.038168 1.40322e-05
440 0.0386194 1.52107e-05
450 0.0390051 1.64542e-05
460 0.0393261 1.77645e-05
470 0.039584 1.91432e-05
480 0.0397799 2.05917e-05
490 0.0399154 2.21117e-05
500 0.0399919 2.37045e-05
510 0.040011 2.53717e-05
520 0.0399743 2.71147e-05
530 0.0398838 2.89348e-05
540 0.0397414 3.08334e-05
550 0.0395493 3.28118e-05
560 0.0393099 3.48713e-05
570 0.0390256 3.70131e-05
580 0.0386992 3.92383e-05
590 0.0383333 4.15482e-05
600 0.037931 4.39438e-05
610 0.0374951 4.64262e-05
620 0.0370287 4.89964e-05
630 0.0365348 5.16555e-05
640 0.0360164 5.44043e-05
650 0.0354766 5.72438e-05
660 0.0349182 6.01749e-05
670 0.034344 6.31982e-05
680 0.0337569 6.63147e-05
690 0.0331594 6.95251e-05
700 0.032554 7.28301e-05
710 0.031943 7.62302e-05
720 0.0313287 7.97262e-05
730 0.0307129 8.33186e-05
740 0.0300976 8.7008e-05
750 0.0294845 9.07947e-05
760 0.0288751 9.46794e-05
770 0.0282708 9.86623e-05
780 0.0276728 0.000102744
790 0.0270823 0.000106925
800 0.0265002 0.000111204
810 0.0259273 0.000115584
820 0.0253643 0.000120063
830 0.0248119 0.000124642
840 0.0242705 0.000129321
850 0.0237405 0.0001341
860 0.0232224 0.00013898
870 0.0227162 0.00014396
880 0.0222222 0.00014904
890 0.0217404 0.00015422
900 0.021271 0.0001595
910 0.0208139 0.000164881
920 0.0203691 0.000170361
930 0.0199365 0.000175941
940 0.019516 0.00018162
950 0.0191074 0.000187399
960 0.0187105 0.000193276
970 0.0183252 0.000199252
980 0.0179512 0.000205327
990 0.0175884 0.000211499
1000 0.0172364 0.000217769
1010 0.0168951 0.000224135
1020 0.0165642 0.000230599
1030 0.0162434 0.000237159
1040 0.0159324 0.000243814
1050 0.0156311 0.000250564
1060 0.0153391 0.000257409
1070 0.0150562 0.000264348
1080 0.0147821 0.00027138
1090 0.0145166 0.000278505
1100 0.0142594 0.000285722
1110 0.0140102 0.00029303
1120 0.0137689 0.000300429
1130 0.0135351 0.000307918
1140 0.0133087 0.000315496
1150 0.0130894 0.000323162
1160 0.012877 0.000330916
1170 0.0126712 0.000338757
1180 0.0124719 0.000346684
1190 0.0122789 0.000354696
1200 0.0120918 0.000362792
1210 0.0119107 0.000370972
1220 0.0117351 0.000379234
1230 0.0115651 0.000387577
1240 0.0114004 0.000396002
1250 0.0112407 0.000404506
1260 0.0110861 0.000413089
1270 0.0109362 0.00042175
1280 0.010791 0.000430487
1290 0.0106502 0.000439301
1300 0.0105138 0.000448189
1310 0.0103816 0.000457151
1320 0.0102534 0.000466186
1330 0.0101291 0.000475293
1340 0.0100087 0.000484471
1350 0.00989192 0.000493718
1360 0.0097787 0.000503034
1370 0.00966891 0.000512418
1380 0.00956244 0.000521868
1390 0.00945919 0.000531384
1400 0.00935905 0.000540964
1410 0.00926192 0.000550607
1420 0.00916771 0.000560312
1430 0.00907631 0.000570079
1440 0.00898764 0.000579905
1450 0.00890161 0.000589791
1460 0.00881814 0.000599734
1470 0.00873714 0.000609734
1480 0.00865854 0.000619789
1490 0.00858225 0.000629899
1500 0.00850821 0.000640062
1510 0.00843634 0.000650277
1520 0.00836658 0.000660543
1530 0.00829886 0.000670859
1540 0.00823312 0.000681224
1550 0.00816929 0.000691637
1560 0.00810731 0.000702096
1570 0.00804713 0.000712601
1580 0.00798869 0.000723149
1590 0.00793194 0.000733741
1600 0.00787683 0.000744375
1610 0.0078233 0.00075505
1620 0.00777131 0.000765765
1630 0.00772081 0.000776518
1640 0.00767176 0.000787309
1650 0.00762411 0.000798136
1660 0.00757782 0.000808999
1670 0.00753285 0.000819896
1680 0.00748917 0.000830826
1690 0.00744672 0.000841788
1700 0.00740548 0.000852781
1710 0.00736541 0.000863804
1720 0.00732648 0.000874855
1730 0.00728865 0.000885934
1740 0.00725189 0.00089704
1750 0.00721618 0.000908171
1760 0.00718147 0.000919326
1770 0.00714774 0.000930505
1780 0.00711497 0.000941706
1790 0.00708312 0.000952929
1800 0.00705217 0.000964171
1810 0.00702209 0.000975432
1820 0.00699286 0.000986712
1830 0.00696445 0.000998008
1840 0.00693684 0.00100932
1850 0.00691 0.00102065
1860 0.00688391 0.00103199
1870 0.00685856 0.00104334
1880 0.00683392 0.00105471
1890 0.00680996 0.00106609
1900 0.00678668 0.00107747
1910 0.00676405 0.00108887
1920 0.00674205 0.00110027
1930 0.00672067 0.00111168
1940 0.00669989 0.0011231
1950 0.00667969 0.00113452
1960 0.00666005 0.00114594
1970 0.00664097 0.00115737
1980 0.00662241 0.0011688
1990 0.00660438 0.00118023
2000 0.00658685 0.00119166
2010 0.00656981 0.00120308
2020 0.00655325 0.00121451
2030 0.00653715 0.00122593
2040 0.00652149 0.00123735
2050 0.00650628 0.00124877
2060 0.00649149 0.00126018
2070 0.00647711 0.00127158
2080 0.00646313 0.00128297
2090 0.00644953 0.00129436
2100 0.00643632 0.00130574
2110 0.00642347 0.0013171
2120 0.00641097 0.00132845
2130 0.00639882 0.0013398
2140 0.006387 0.00135112
2150 0.0063755 0.00136244
2160 0.00636431 0.00137374
2170 0.00635343 0.00138502
2180 0.00634284 0.00139629
2190 0.00633254 0.00140753
2200 0.00632251 0.00141876
2210 0.00631275 0.00142997
2220 0.00630324 0.00144116
2230 0.00629398 0.00145233
2240 0.00628496 0.00146347
2250 0.00627617 0.00147459
2260 0.00626761 0.00148569
2270 0.00625925 0.00149676
2280 0.00625111 0.0015078
2290 0.00624316 0.00151882
2300 0.00623541 0.00152981
2310 0.00622784 0.00154077
2320 0.00622045 0.0015517
2330 0.00621322 0.0015626
2340 0.00620616 0.00157347
2350 0.00619925 0.00158431
2360 0.00619249 0.00159511
2370 0.00618587 0.00160588
2380 0.00617939 0.00161661
2390 0.00617303 0.00162731
2400 0.0061668 0.00163796
2410 0.00616068 0.00164859
2420 0.00615467 0.00165917
2430 0.00614877 0.00166971
2440 0.00614296 0.00168021
2450 0.00613724 0.00169067
2460 0.00613161 0.00170109
2470 0.00612606 0.00171146
2480 0.00612058 0.00172179
2490 0.00611517 0.00173207
2500 0.00610983 0.00174231
2510 0.00610454 0.0017525
2520 0.00609931 0.00176264
2530 0.00609412 0.00177273
2540 0.00608898 0.00178277
2550 0.00608388 0.00179276
2560 0.00607881 0.0018027
2570 0.00607376 0.00181259
2580 0.00606875 0.00182242
2590 0.00606375 0.00183219
2600 0.00605876 0.00184191
2610 0.00605379 0.00185158
2620 0.00604882 0.00186119
2630 0.00604386 0.00187073
2640 0.00603889 0.00188022
2650 0.00603392 0.00188965
2660 0.00602893 0.00189902
2670 0.00602394 0.00190832
2680 0.00601892 0.00191756
2690 0.00601388 0.00192674
2700 0.00600882 0.00193585
2710 0.00600373 0.00194489
2720 0.00599861 0.00195387
2730 0.00599345 0.00196278
2740 0.00598826 0.00197162
2750 0.00598302 0.0019804
2760 0.00597773 0.0019891
2770 0.0059724 0.00199773
2780 0.00596702 0.00200628
2790 0.00596158 0.00201477
2800 0.00595608 0.00202318
2810 0.00595053 0.00203151
2820 0.00594491 0.00203977
2830 0.00593923 0.00204795
2840 0.00593347 0.00205605
2850 0.00592765 0.00206408
2860 0.00592176 0.00207202
2870 0.00591578 0.00207988
2880 0.00590974 0.00208767
2890 0.00590361 0.00209537
2900 0.00589739 0.00210298
2910 0.0058911 0.00211052
2920 0.00588471 0.00211796
2930 0.00587824 0.00212533
2940 0.00587168 0.0021326
2950 0.00586503 0.00213979
2960 0.00585828 0.00214689
2970 0.00585143 0.0021539
2980 0.00584449 0.00216083
2990 0.00583745 0.00216766
3000 0.00583031 0.0021744
3010 0.00582306 0.00218105
3020 0.00581571 0.00218761
3030 0.00580826 0.00219407
3040 0.0058007 0.00220044
3050 0.00579303 0.00220672
3060 0.00578525 0.00221289
3070 0.00577737 0.00221898
3080 0.00576937 0.00222497
3090 0.00576126 0.00223086
3100 0.00575303 0.00223665
3110 0.00574469 0.00224234
3120 0.00573624 0.00224794
3130 0.00572767 0.00225343
3140 0.00571898 0.00225883
3150 0.00571018 0.00226412
3160 0.00570126 0.00226931
3170 0.00569222 0.0022744
3180 0.00568306 0.00227939
3190 0.00567378 0.00228428
3200 0.00566438 0.00228906
3210 0.00565486 0.00229374
3220 0.00564521 0.00229832
3230 0.00563545 0.00230279
3240 0.00562557 0.00230716
3250 0.00561556 0.00231142
3260 0.00560543 0.00231557
3270 0.00559518 0.00231963
3280 0.00558481 0.00232357
3290 0.00557432 0.00232741
3300 0.0055637 0.00233114
3310 0.00555296 0.00233477
3320 0.00554211 0.00233829
3330 0.00553112 0.0023417
3340 0.00552002 0.002345
3350 0.0055088 0.0023482
3360 0.00549745 0.00235129
3370 0.00548599 0.00235427
3380 0.00547441 0.00235715
3390 0.0054627 0.00235992
3400 0.00545088 0.00236258
3410 0.00543894 0.00236513
3420 0.00542688 0.00236757
3430 0.0054147 0.00236991
3440 0.00540241 0.00237214
3450 0.00539 0.00237427
3460 0.00537747 0.00237628
3470 0.00536483 0.00237819
3480 0.00535208 0.00237999
3490 0.00533922 0.00238169
3500 0.00532624 0.00238328
3510 0.00531315 0.00238476
3520 0.00529995 0.00238613
3530 0.00528664 0.00238741
3540 0.00527323 0.00238857
3550 0.0052597 0.00238963
3560 0.00524607 0.00239059
3570 0.00523234 0.00239144
3580 0.0052185 0.00239219
3590 0.00520456 0.00239283
3600 0.00519051 0.00239337
3610 0.00517637 0.00239381
3620 0.00516213 0.00239415
3630 0.00514779 0.00239438
3640 0.00513335 0.00239451
3650 0.00511882 0.00239455
3660 0.0051042 0.00239448
3670 0.00508948 0.00239431
3680 0.00507467 0.00239405
3690 0.00505977 0.00239369
3700 0.00504478 0.00239323
3710 0.00502971 0.00239267
3720 0.00501455 0.00239201
3730 0.0049993 0.00239126
3740 0.00498398 0.00239042
3750 0.00496857 0.00238948
3760 0.00495308 0.00238845
3770 0.00493752 0.00238733
3780 0.00492188 0.00238611
3790 0.00490616 0.00238481
3800 0.00489037 0.00238341
3810 0.00487451 0.00238192
3820 0.00485858 0.00238035
3830 0.00484259 0.00237869
3840 0.00482652 0.00237694
3850 0.00481039 0.0023751
3860 0.0047942 0.00237319
3870 0.00477794 0.00237118
3880 0.00476163 0.0023691
3890 0.00474525 0.00236693
3900 0.00472882 0.00236468
3910 0.00471233 0.00236235
3920 0.00469579 0.00235994
3930 0.0046792 0.00235745
3940 0.00466256 0.00235488
3950 0.00464587 0.00235224
3960 0.00462913 0.00234952
3970 0.00461235 0.00234673
3980 0.00459552 0.00234387
3990 0.00457865 0.00234093
4000 0.00456174 0.00233792
4010 0.00454479 0.00233484
4020 0.00452781 0.00233169
4030 0.00451079 0.00232847
4040 0.00449374 0.00232519
4050 0.00447665 0.00232184
4060 0.00445953 0.00231842
4070 0.00444239 0.00231494
4080 0.00442522 0.0023114
4090 0.00440802 0.00230779
4100 0.00439079 0.00230412
4110 0.00437355 0.0023004
4120 0.00435628 0.00229661
4130 0.004339 0.00229277
4140 0.00432169 0.00228887
4150 0.00430437 0.00228491
4160 0.00428704 0.0022809
4170 0.00426969 0.00227683
4180 0.00425233 0.00227271
4190 0.00423496 0.00226854
4200 0.00421758 0.00226432
4210 0.00420019 0.00226005
4220 0.0041828 0.00225574
4230 0.0041654 0.00225137
4240 0.004148 0.00224696
4250 0.00413059 0.0022425
4260 0.00411319 0.00223799
4270 0.00409578 0.00223345
4280 0.00407838 0.00222886
4290 0.00406098 0.00222423
4300 0.00404359 0.00221955
4310 0.0040262 0.00221484
4320 0.00400882 0.00221009
4330 0.00399144 0.0022053
4340 0.00397408 0.00220048
4350 0.00395673 0.00219562
4360 0.00393939 0.00219072
4370 0.00392206 0.00218579
4380 0.00390474 0.00218083
4390 0.00388744 0.00217583
4400 0.00387016 0.0021708
4410 0.0038529 0.00216574
4420 0.00383565 0.00216066
4430 0.00381842 0.00215554
4440 0.00380121 0.00215039
4450 0.00378403 0.00214522
4460 0.00376686 0.00214002
4470 0.00374972 0.0021348
4480 0.00373261 0.00212955
4490 0.00371552 0.00212427
4500 0.00369845 0.00211898
4510 0.00368141 0.00211366
4520 0.0036644 0.00210832
4530 0.00364742 0.00210296
4540 0.00363047 0.00209757
4550 0.00361355 0.00209217
4560 0.00359666 0.00208675
4570 0.0035798 0.00208131
4580 0.00356297 0.00207586
4590 0.00354618 0.00207038
4600 0.00352942 0.00206489
4610 0.00351269 0.00205939
4620 0.003496 0.00205387
4630 0.00347935 0.00204833
4640 0.00346273 0.00204278
4650 0.00344615 0.00203722
4660 0.0034296 0.00203165
4670 0.0034131 0.00202606
4680 0.00339663 0.00202046
4690 0.0033802 0.00201486
4700 0.00336381 0.00200924
4710 0.00334747 0.00200361
4720 0.00333116 0.00199797
4730 0.00331489 0.00199232
4740 0.00329867 0.00198667
4750 0.00328249 0.00198101
4760 0.00326635 0.00197534
4770 0.00325025 0.00196966
4780 0.0032342 0.00196397
4790 0.00321819 0.00195828
4800 0.00320222 0.00195259
4810 0.0031863 0.00194689
4820 0.00317043 0.00194118
4830 0.0031546 0.00193547
4840 0.00313881 0.00192976
4850 0.00312307 0.00192404
4860 0.00310738 0.00191832
4870 0.00309173 0.00191259
4880 0.00307613 0.00190686
4890 0.00306057 0.00190113
4900 0.00304506 0.0018954
4910 0.0030296 0.00188967
4920 0.00301419 0.00188393
4930 0.00299883 0.0018782
4940 0.00298351 0.00187246
4950 0.00296824 0.00186672
4960 0.00295302 0.00186098
4970 0.00293785 0.00185524
4980 0.00292272 0.0018495
4990 0.00290765 0.00184377
5000 0.00289262 0.00183803
5010 0.00287764 0.00183229
5020 0.00286271 0.00182655
5030 0.00284784 0.00182082
5040 0.00283301 0.00181509
5050 0.00281823 0.00180936
5060 0.0028035 0.00180363
5070 0.00278882 0.0017979
5080 0.00277419 0.00179217
5090 0.0027596 0.00178645
5100 0.00274507 0.00178073
5110 0.00273059 0.00177501
5120 0.00271616 0.00176929
5130 0.00270178 0.00176358
5140 0.00268745 0.00175787
5150 0.00267317 0.00175217
5160 0.00265894 0.00174646
5170 0.00264477 0.00174077
5180 0.00263064 0.00173507
5190 0.00261656 0.00172938
5200 0.00260253 0.00172369
5210 0.00258855 0.001718
5220 0.00257463 0.00171232
5230 0.00256075 0.00170665
5240 0.00254693 0.00170098
5250 0.00253315 0.00169531
5260 0.00251943 0.00168965
5270 0.00250576 0.00168399
5280 0.00249214 0.00167833
5290 0.00247856 0.00167268
5300 0.00246504 0.00166704
5310 0.00245157 0.0016614
5320 0.00243815 0.00165576
5330 0.00242478 0.00165013
5340 0.00241147 0.0016445
5350 0.0023982 0.00163888
5360 0.00238498 0.00163327
5370 0.00237181 0.00162766
5380 0.0023587 0.00162205
5390 0.00234563 0.00161645
5400 0.00233262 0.00161085
5410 0.00231966 0.00160526
5420 0.00230674 0.00159968
5430 0.00229388 0.0015941
5440 0.00228107 0.00158852
5450 0.0022683 0.00158295
5460 0.00225559 0.00157739
5470 0.00224293 0.00157183
5480 0.00223032 0.00156628
5490 0.00221776 0.00156073
5500 0.00220525 0.00155519
5510 0.00219279 0.00154965
5520 0.00218038 0.00154412
5530 0.00216801 0.00153859
5540 0.0021557 0.00153307
5550 0.00214344 0.00152755
5560 0.00213123 0.00152204
5570 0.00211907 0.00151654
5580 0.00210696 0.00151104
5590 0.0020949 0.00150554
5600 0.00208289 0.00150005
5610 0.00207092 0.00149457
5620 0.00205901 0.00148909
5630 0.00204715 0.00148361
5640 0.00203533 0.00147815
5650 0.00202357 0.00147268
5660 0.00201185 0.00146722
5670 0.00200018 0.00146177
5680 0.00198856 0.00145632
5690 0.00197699 0.00145088
5700 0.00196547 0.00144544
5710 0.001954 0.00144001
5720 0.00194257 0.00143458
5730 0.0019312 0.00142916
5740 0.00191987 0.00142374
5750 0.00190859 0.00141832
5760 0.00189736 0.00141291
5770 0.00188617 0.00140751
5780 0.00187504 0.00140211
5790 0.00186395 0.00139671
5800 0.00185291 0.00139132
5810 0.00184191 0.00138593
5820 0.00183096 0.00138055
5830 0.00182006 0.00137517
5840 0.00180921 0.00136979
5850 0.0017984 0.00136442
5860 0.00178764 0.00135905
5870 0.00177692 0.00135368
5880 0.00176625 0.00134832
5890 0.00175563 0.00134296
5900 0.00174505 0.0013376
5910 0.00173452 0.00133225
5920 0.00172403 0.0013269
5930 0.00171358 0.00132155
5940 0.00170318 0.00131621
5950 0.00169283 0.00131086
5960 0.00168252 0.00130552
5970 0.00167225 0.00130018
5980 0.00166202 0.00129485
5990 0.00165184 0.00128951
6000 0.0016417 0.00128418
6010 0.00163161 0.00127884
6020 0.00162155 0.00127351
6030 0.00161154 0.00126818
6040 0.00160157 0.00126285
6050 0.00159164 0.00125751
6060 0.00158175 0.00125218
6070 0.0015719 0.00124685
6080 0.0015621 0.00124152
6090 0.00155233 0.00123619
6100 0.0015426 0.00123085
6110 0.00153291 0.00122552
6120 0.00152326 0.00122018
6130 0.00151365 0.00121484
6140 0.00150407 0.0012095
6150 0.00149453 0.00120416
6160 0.00148503 0.00119881
6170 0.00147557 0.00119347
6180 0.00146614 0.00118811
6190 0.00145675 0.00118276
6200 0.00144739 0.0011774
6210 0.00143807 0.00117203
6220 0.00142878 0.00116666
6230 0.00141953 0.00116129
6240 0.0014103 0.00115591
6250 0.00140112 0.00115052
6260 0.00139196 0.00114513
6270 0.00138284 0.00113973
6280 0.00137374 0.00113433
6290 0.00136468 0.00112891
6300 0.00135565 0.00112349
6310 0.00134665 0.00111807
6320 0.00133767 0.00111263
6330 0.00132873 0.00110718
6340 0.00131981 0.00110173
6350 0.00131092 0.00109626
6360 0.00130206 0.00109079
6370 0.00129322 0.0010853
6380 0.00128441 0.00107981
6390 0.00127563 0.0010743
6400 0.00126687 0.00106878
6410 0.00125813 0.00106325
6420 0.00124942 0.00105771
6430 0.00124073 0.00105215
6440 0.00123206 0.00104658
6450 0.00122342 0.001041
6460 0.00121479 0.0010354
6470 0.00120619 0.00102979
6480 0.00119761 0.00102417
6490 0.00118904 0.00101853
6500 0.0011805 0.00101287
6510 0.00117197 0.0010072
6520 0.00116347 0.00100151
6530 0.00115498 0.000995804
6540 0.0011465 0.000990082
6550 0.00113805 0.000984343
6560 0.00112961 0.000978587
6570 0.00112118 0.000972813
6580 0.00111277 0.000967021
6590 0.00110438 0.000961211
6600 0.001096 0.000955382
6610 0.00108763 0.000949535
6620 0.00107928 0.000943669
6630 0.00107094 0.000937785
6640 0.00106261 0.000931881
6650 0.0010543 0.000925957
6660 0.001046 0.000920015
6670 0.00103771 0.000914053
6680 0.00102943 0.000908071
6690 0.00102116 0.000902071
6700 0.0010129 0.00089605
6710 0.00100466 0.000890011
6720 0.000996425 0.000883951
6730 0.000988202 0.000877873
6740 0.000979989 0.000871776
6750 0.000971787 0.000865659
6760 0.000963596 0.000859524
6770 0.000955415 0.000853371
6780 0.000947245 0.000847199
6790 0.000939087 0.00084101
6800 0.000930939 0.000834803
6810 0.000922802 0.000828579
6820 0.000914677 0.000822338
6830 0.000906563 0.000816082
6840 0.000898462 0.00080981
6850 0.000890372 0.000803522
6860 0.000882296 0.000797221
6870 0.000874233 0.000790905
6880 0.000866183 0.000784577
6890 0.000858148 0.000778236
6900 0.000850127 0.000771884
6910 0.000842122 0.000765521
6920 0.000834133 0.000759149
6930 0.000826161 0.000752768
6940 0.000818206 0.000746379
6950 0.000810269 0.000739983
6960 0.000802351 0.000733581
6970 0.000794454 0.000727175
6980 0.000786577 0.000720765
6990 0.000778722 0.000714353
7000 0.000770889 0.000707939
7010 0.000763081 0.000701526
7020 0.000755297 0.000695114
7030 0.000747539 0.000688706
7040 0.000739808 0.000682301
7050 0.000732106 0.000675901
7060 0.000724433 0.000669509
7070 0.00071679 0.000663125
7080 0.000709179 0.00065675
7090 0.000701601 0.000650387
7100 0.000694057 0.000644037
7110 0.000686549 0.0006377
7120 0.000679078 0.00063138
7130 0.000671645 0.000625077
7140 0.000664251 0.000618793
7150 0.000656898 0.000612529
7160 0.000649588 0.000606288
7170 0.00064232 0.000600069
7180 0.000635097 0.000593876
7190 0.00062792 0.00058771
7200 0.000620791 0.000581571
7210 0.000613709 0.000575462
7220 0.000606678 0.000569384
7230 0.000599697 0.000563339
7240 0.000592769 0.000557327
7250 0.000585894 0.000551351
7260 0.000579073 0.000545412
7270 0.000572308 0.000539511
7280 0.0005656 0.000533649
7290 0.000558949 0.000527827
7300 0.000552357 0.000522048
7310 0.000545825 0.000516311
7320 0.000539353 0.000510618
7330 0.000532942 0.000504971
7340 0.000526593 0.00049937
7350 0.000520308 0.000493816
7360 0.000514086 0.00048831
7370 0.000507928 0.000482853
7380 0.000501834 0.000477446
7390 0.000495806 0.000472089
7400 0.000489844 0.000466783
7410 0.000483948 0.000461529
7420 0.000478118 0.000456327
7430 0.000472355 0.000451178
7440 0.000466658 0.000446082
7450 0.000461029 0.00044104
7460 0.000455467 0.000436051
7470 0.000449971 0.000431116
7480 0.000444543 0.000426236
7490 0.000439182 0.000421409
7500 0.000433887 0.000416637
7510 0.000428659 0.000411919
7520 0.000423497 0.000407256
7530 0.000418401 0.000402646
7540 0.000413371 0.00039809
7550 0.000408405 0.000393587
7560 0.000403504 0.000389138
7570 0.000398667 0.000384742
7580 0.000393893 0.000380398
7590 0.000389182 0.000376105
7600 0.000384532 0.000371865
7610 0.000379944 0.000367675
7620 0.000375416 0.000363536
7630 0.000370948 0.000359446
7640 0.000366539 0.000355405
7650 0.000362187 0.000351413
7660 0.000357892 0.000347468
7670 0.000353654 0.00034357
7680 0.00034947 0.000339717
7690 0.000345341 0.00033591
7700 0.000341264 0.000332148
7710 0.000337239 0.000328429
7720 0.000333266 0.000324752
7730 0.000329342 0.000321117
7740 0.000325467 0.000317523
7750 0.00032164 0.000313969
7760 0.000317859 0.000310454
7770 0.000314124 0.000306977
7780 0.000310433 0.000303537
7790 0.000306786 0.000300133
7800 0.000303181 0.000296764
7810 0.000299617 0.00029343
7820 0.000296093 0.000290129
7830 0.000292609 0.00028686
7840 0.000289162 0.000283623
7850 0.000285752 0.000280416
7860 0.000282378 0.000277239
7870 0.000279039 0.000274091
7880 0.000275733 0.000270971
7890 0.00027246 0.000267878
7900 0.000269219 0.000264811
7910 0.000266009 0.000261769
7920 0.000262829 0.000258752
7930 0.000259677 0.000255758
7940 0.000256554 0.000252787
7950 0.000253457 0.000249839
7960 0.000250387 0.000246911
7970 0.000247341 0.000244005
7980 0.000244321 0.000241118
7990 0.000241324 0.00023825
8000 0.000238349 0.000235401
8010 0.000235397 0.000232569
8020 0.000232466 0.000229754
8030 0.000229555 0.000226956
8040 0.000226664 0.000224174
8050 0.000223792 0.000221407
8060 0.000220939 0.000218655
8070 0.000218103 0.000215916
8080 0.000215284 0.000213192
8090 0.000212482 0.00021048
8100 0.000209695 0.000207781
8110 0.000206924 0.000205093
8120 0.000204167 0.000202417
8130 0.000201424 0.000199752
8140 0.000198694 0.000197098
8150 0.000195978 0.000194453
8160 0.000193273 0.000191819
8170 0.000190581 0.000189193
8180 0.0001879 0.000186576
8190 0.00018523 0.000183968
8200 0.00018257 0.000181367
8210 0.00017992 0.000178774
8220 0.000177279 0.000176188
8230 0.000174648 0.000173609
8240 0.000172024 0.000171036
8250 0.000169409 0.000168469
8260 0.000166801 0.000165907
8270 0.000164201 0.00016335
8280 0.000161606 0.000160799
8290 0.000159018 0.000158251
8300 0.000156436 0.000155707
8310 0.000153858 0.000153167
8320 0.000151285 0.00015063
8330 0.000148717 0.000148095
8340 0.000146151 0.000145562
8350 0.000143589 0.000143031
8360 0.000141029 0.000140501
8370 0.000138471 0.000137971
8380 0.000135914 0.000135441
8390 0.000133357 0.00013291
8400 0.0001308 0.000130377
8410 0.000128242 0.000127843
8420 0.000125682 0.000125305
8430 0.00012312 0.000122764
8440 0.000120554 0.000120218
8450 0.000117984 0.000117667
8460 0.000115408 0.000115109
8470 0.000112825 0.000112544
8480 0.000110234 0.00010997
8490 0.000107634 0.000107385
8500 0.000105023 0.000104789
8510 0.0001024 0.00010218
8520 9.97634e-05 9.95568e-05
8530 9.7124e-05 9.69301e-05
8540 9.45181e-05 9.43361e-05
8550 9.19481e-05 9.17775e-05
8560 8.94143e-05 8.92544e-05
8570 8.6917e-05 8.67673e-05
8580 8.44565e-05 8.43164e-05
8590 8.20331e-05 8.1902e-05
8600 7.9647e-05 7.95244e-05
8610 7.72985e-05 7.7184e-05
8620 7.49878e-05 7.48809e-05
8630 7.27151e-05 7.26154e-05
8640 7.04806e-05 7.03876e-05
8650 6.82845e-05 6.81979e-05
8660 6.6127e-05 6.60463e-05
8670 6.40081e-05 6.39331e-05
8680 6.19281e-05 6.18583e-05
8690 5.9887e-05 5.98222e-05
8700 5.78848e-05 5.78247e-05
8710 5.59218e-05 5.5866e-05
8720 5.39979e-05 5.39462e-05
8730 5.21131e-05 5.20652e-05
8740 5.02675e-05 5.02232e-05
8750 4.8461e-05 4.84201e-05
8760 4.66937e-05 4.66558e-05
8770 4.49655e-05 4.49305e-05
8780 4.32762e-05 4.3244e-05
8790 4.16259e-05 4.15962e-05
8800 4.00144e-05 3.9987e-05
8810 3.84415e-05 3.84164e-05
8820 3.69072e-05 3.68841e-05
8830 3.54113e-05 3.53901e-05
8840 3.39536e-05 3.39342e-05
8850 3.2534e-05 3.25161e-05
8860 3.1152e-05 3.11357e-05
8870 2.98077e-05 2.97927e-05
8880 2.85006e-05 2.8487e-05
8890 2.72305e-05 2.72181e-05
8900 2.59972e-05 2.59859e-05
8910 2.48003e-05 2.479e-05
8920 2.36395e-05 2.36301e-05
8930 2.25144e-05 2.25059e-05
8940 2.14248e-05 2.1417e-05
8950 2.03701e-05 2.03631e-05
8960 1.93501e-05 1.93437e-05
8970 1.83643e-05 1.83586e-05
8980 1.74123e-05 1.74071e-05
8990 1.64936e-05 1.6489e-05
9000 1.56079e-05 1.56037e-05
9010 1.47546e-05 1.47508e-05
9020 1.39333e-05 1.39299e-05
9030 1.31434e-05 1.31403e-05
9040 1.23844e-05 1.23817e-05
9050 1.16559e-05 1.16535e-05
9060 1.09572e-05 1.09551e-05
9070 1.02879e-05 1.0286e-05
9080 9.64735e-06 9.64563e-06
9090 9.03497e-06 9.03345e-06
9100 8.45019e-06 8.44884e-06
9110 7.89241e-06 7.89121e-06
9120 7.361e-06 7.35995e-06
9130 6.85536e-06 6.85443e-06
9140 6.37484e-06 6.37402e-06
9150 5.91879e-06 5.91807e-06
9160 5.48658e-06 5.48595e-06
9170 5.07752e-06 5.07697e-06
9180 4.69096e-06 4.69048e-06
9190 4.32621e-06 4.32579e-06
9200 3.98259e-06 3.98223e-06
9210 3.65941e-06 3.65909e-06
9220 3.35596e-06 3.35569e-06
9230 3.07155e-06 3.07131e-06
9240 2.80547e-06 2.80527e-06
9250 2.55702e-06 2.55684e-06
9260 2.32547e-06 2.32532e-06
9270 2.11014e-06 2.11001e-06
9280 1.9103e-06 1.91019e-06
9290 1.72524e-06 1.72515e-06
9300 1.55428e-06 1.5542e-06
9310 1.3967e-06 1.39663e-06
9320 1.25182e-06 1.25176e-06
9330 1.11895e-06 1.1189e-06
9340 9.97411e-07 9.97372e-07
9350 8.86547e-07 8.86515e-07
9360 7.85703e-07 7.85676e-07
9370 6.94241e-07 6.94219e-07
9380 6.11537e-07 6.11518e-07
9390 5.36984e-07 5.36969e-07
9400 4.69996e-07 4.69983e-07
9410 4.10002e-07 4.09992e-07
9420 3.56456e-07 3.56448e-07
9430 3.08831e-07 3.08824e-07
9440 2.66624e-07 2.66619e-07
9450 2.29357e-07 2.29352e-07
9460 1.96575e-07 1.96571e-07
9470 1.67849e-07 1.67846e-07
9480 1.42775e-07 1.42773e-07
9490 1.20978e-07 1.20976e-07
9500 1.02105e-07 1.02104e-07
9510 8.58311e-08 8.583e-08
9520 7.18568e-08 7.18559e-08
9530 5.99074e-08 5.99067e-08
9540 4.97327e-08 4.97322e-08
9550 4.11061e-08 4.11057e-08
9560 3.38234e-08 3.38231e-08
9570 2.77019e-08 2.77016e-08
9580 2.25788e-08 2.25787e-08
9590 1.83105e-08 1.83103e-08
9600 1.47702e-08 1.47701e-08
9610 1.18475e-08 1.18474e-08
9620 9.44621e-09 9.44613e-09
9630 7.48321e-09 7.48315e-09
9640 5.88706e-09 5.88702e-09
9650 4.5966e-09 4.59656e-09
9660 3.55972e-09 3.55969e-09
9670 2.7322e-09 2.73217e-09
9680 2.07667e-09 2.07665e-09
9690 1.56165e-09 1.56163e-09
9700 1.16071e-09 1.1607e-09
9710 8.5175e-10 8.5174e-10
9720 6.16353e-10 6.16345e-10
9730 4.39253e-10 4.39246e-10
9740 3.07866e-10 3.0786e-10
9750 2.11891e-10 2.11887e-10
9760 1.42976e-10 1.42972e-10
9770 9.44154e-11 9.44126e-11
9780 6.09011e-11 6.08989e-11
9790 3.8292e-11 3.82903e-11
9800 2.34158e-11 2.34145e-11
9810 1.38917e-11 1.38907e-11
9820 7.97385e-12 7.97306e-12
9830 4.41522e-12 4.41462e-12
9840 2.35058e-12 2.35013e-12
9850 1.19881e-12 1.19847e-12
9860 5.83329e-13 5.8308e-13
9870 2.6959e-13 2.69408e-13
9880 1.17743e-13 1.17613e-13
9890 4.83266e-14 4.82344e-14
9900 1.85269e-14 1.84628e-14
9910 6.5914e-15 6.54752e-15
9920 2.16281e-15 2.13335e-15
9930 6.51946e-16 6.32571e-16
9940 1.81304e-16 1.68838e-16
9950 4.7886e-17 4.00586e-17
9960 1.31127e-17 8.32706e-18
9970 4.33249e-18 1.49132e-18
9980 1.85857e-18 2.25656e-19
9990 9.33517e-19 2.81969e-20
10000 4.85061e-19 2.83252e-21
10010 2.45853e-19 2.21607e-22
10020 1.19011e-19 1.30033e-23
10030 5.44896e-20 5.47016e-25
10040 2.34141e-20 1.56258e-26
10050 9.36643e-21 2.83782e-28
10060 3.45937e-21 3.02334e-30
10070 1.17177e-21 1.71115e-32
10080 3.64295e-22 4.54822e-35
10090 1.06538e-22 4.86269e-38
10100 3.17868e-23 1.7178e-41
10110 1.1168e-23 1.55717e-45
10120 4.96793e-24 2.60588e-50
10130 2.54714e-24 5.20916e-56
10140 1.34119e-24 6.9287e-63
10150 6.87319e-25 2.75159e-71
10160 3.36496e-25 1.06342e-81
10170 1.55878e-25 8.01931e-95
10180 6.76709e-26 1.10383e-111
10190 2.72024e-26 7.49616e-134
10200 9.96749e-27 8.20945e-164
10210 3.25965e-27 1.07084e-205
10220 9.23908e-28 8.68417e-267
10230 2.17524e-28 0
10240 3.98654e-29 0
10250 5.1132e-30 0
10260 3.80131e-31 0
10270 1.17563e-32 0
10280 0 0
10290 0 0
