0 0 0
10 0.603423 9.03765e-12
20 0.105607 1.19179e-10
30 0.159387 5.56951e-10
40 0.123465 1.67879e-09
50 0.0997779 3.96364e-09
60 0.0831917 8.00589e-09
70 0.0711505 1.45084e-08
80 0.0622536 2.42759e-08
90 0.0556754 3.82085e-08
100 0.0508326 5.72957e-08
110 0.0471015 8.261e-08
120 0.0438165 1.15302e-07
130 0.0405992 1.56593e-07
140 0.0374472 2.07772e-07
150 0.0344802 2.70189e-07
160 0.031772 3.4525e-07
170 0.0293427 4.34413e-07
180 0.0271901 5.39183e-07
190 0.0253088 6.61108e-07
200 0.023696 8.01773e-07
210 0.02235 9.62798e-07
220 0.0212677 1.14583e-06
230 0.0204417 1.35255e-06
240 0.0198596 1.58466e-06
250 0.0195036 1.84387e-06
260 0.0193516 2.13192e-06
270 0.0193782 2.45055e-06
280 0.0195567 2.80153e-06
290 0.0198603 3.18661e-06
300 0.020263 3.60756e-06
310 0.0207408 4.06616e-06
320 0.0212723 4.56416e-06
330 0.0218387 5.10333e-06
340 0.0224241 5.68542e-06
350 0.0230151 6.31219e-06
360 0.0236012 6.98538e-06
370 0.0241737 7.7067e-06
380 0.0247263 8.47786e-06
390 0.0252538 9.30057e-06
400 0.0257528 1.01765e-05
410 0.0262205 1.11073e-05
420 0.0266551 1.20946e-05
430 0.0270554 1.314e-05
440 0.0274206 1.42451e-05
450 0.0277501 1.54115e-05
460 0.0280437 1.66407e-05
470 0.0283012 1.79343e-05
480 0.0285227 1.92936e-05
490 0.0287084 2.07201e-05
500 0.0288584 2.22153e-05
510 0.0289732 2.37805e-05
520 0.0290531 2.54171e-05
530 0.0290989 2.71265e-05
540 0.0291113 2.89098e-05
550 0.029091 3.07684e-05
560 0.0290392 3.27034e-05
570 0.0289568 3.47161e-05
580 0.0288452 3.68076e-05
590 0.0287058 3.8979e-05
600 0.0285398 4.12313e-05
610 0.0283489 4.35656e-05
620 0.0281347 4.59829e-05
630 0.0278987 4.84842e-05
640 0.0276427 5.10703e-05
650 0.0273683 5.37422e-05
660 0.0270773 5.65006e-05
670 0.0267712 5.93464e-05
680 0.0264518 6.22804e-05
690 0.0261206 6.53033e-05
700 0.0257792 6.84157e-05
710 0.025429 7.16183e-05
720 0.0250716 7.49118e-05
730 0.0247082 7.82967e-05
740 0.0243402 8.17734e-05
750 0.0239687 8.53427e-05
760 0.0235949 8.90048e-05
770 0.0232198 9.27602e-05
780 0.0228444 9.66093e-05
790 0.0224695 0.000100552
800 0.022096 0.00010459
810 0.0217245 0.000108722
820 0.0213559 0.000112949
830 0.0209906 0.000117271
840 0.0206292 0.000121688
850 0.0202721 0.000126201
860 0.0199198 0.000130809
870 0.0195726 0.000135512
880 0.0192309 0.000140312
890 0.0188949 0.000145206
900 0.0185648 0.000150196
910 0.0182407 0.000155282
920 0.017923 0.000160463
930 0.0176116 0.000165739
940 0.0173066 0.00017111
950 0.0170082 0.000176576
960 0.0167163 0.000182137
970 0.0164309 0.000187792
980 0.0161521 0.000193541
990 0.0158799 0.000199384
1000 0.0156141 0.00020532
1010 0.0153547 0.000211349
1020 0.0151017 0.000217471
1030 0.0148551 0.000223685
1040 0.0146146 0.000229991
1050 0.0143802 0.000236389
1060 0.0141519 0.000242877
1070 0.0139295 0.000249455
1080 0.013713 0.000256124
1090 0.0135021 0.000262881
1100 0.0132968 0.000269727
1110 0.0130971 0.000276661
1120 0.0129026 0.000283683
1130 0.0127135 0.000290791
1140 0.0125295 0.000297986
1150 0.0123505 0.000305265
1160 0.0121763 0.00031263
1170 0.012007 0.000320078
1180 0.0118423 0.00032761
1190 0.0116822 0.000335224
1200 0.0115265 0.000342919
1210 0.0113751 0.000350696
1220 0.011228 0.000358553
1230 0.0110849 0.000366488
1240 0.0109458 0.000374503
1250 0.0108106 0.000382595
1260 0.0106792 0.000390763
1270 0.0105514 0.000399007
1280 0.0104273 0.000407327
1290 0.0103066 0.00041572
1300 0.0101893 0.000424187
1310 0.0100752 0.000432725
1320 0.00996442 0.000441335
1330 0.00985669 0.000450015
1340 0.00975198 0.000458765
1350 0.0096502 0.000467583
1360 0.00955128 0.000476468
1370 0.00945511 0.00048542
1380 0.00936164 0.000494437
1390 0.00927077 0.000503519
1400 0.00918244 0.000512665
1410 0.00909656 0.000521872
1420 0.00901308 0.000531142
1430 0.00893192 0.000540471
1440 0.00885301 0.000549861
1450 0.00877628 0.000559308
1460 0.00870168 0.000568813
1470 0.00862914 0.000578375
1480 0.00855859 0.000587992
1490 0.00848999 0.000597663
1500 0.00842327 0.000607387
1510 0.00835839 0.000617163
1520 0.00829527 0.000626991
1530 0.00823388 0.000636869
1540 0.00817417 0.000646796
1550 0.00811607 0.000656771
1560 0.00805956 0.000666793
1570 0.00800457 0.000676861
1580 0.00795107 0.000686974
1590 0.00789901 0.000697131
1600 0.00784835 0.000707331
1610 0.00779904 0.000717572
1620 0.00775106 0.000727854
1630 0.00770436 0.000738176
1640 0.0076589 0.000748537
1650 0.00761465 0.000758935
1660 0.00757157 0.00076937
1670 0.00752964 0.00077984
1680 0.00748881 0.000790345
1690 0.00744905 0.000800883
1700 0.00741034 0.000811454
1710 0.00737265 0.000822057
1720 0.00733594 0.000832689
1730 0.00730019 0.000843352
1740 0.00726537 0.000854042
1750 0.00723146 0.00086476
1760 0.00719842 0.000875504
1770 0.00716625 0.000886274
1780 0.0071349 0.000897068
1790 0.00710436 0.000907886
1800 0.00707461 0.000918726
1810 0.00704561 0.000929587
1820 0.00701735 0.000940469
1830 0.00698979 0.00095137
1840 0.00696293 0.00096229
1850 0.00693673 0.000973227
1860 0.00691119 0.00098418
1870 0.00688627 0.00099515
1880 0.00686197 0.00100613
1890 0.00683826 0.00101713
1900 0.00681512 0.00102814
1910 0.00679255 0.00103916
1920 0.00677052 0.0010502
1930 0.00674901 0.00106124
1940 0.00672802 0.00107229
1950 0.00670753 0.00108335
1960 0.00668753 0.00109442
1970 0.006668 0.00110549
1980 0.00664892 0.00111657
1990 0.00663029 0.00112765
2000 0.0066121 0.00113873
2010 0.00659433 0.00114982
2020 0.00657697 0.00116091
2030 0.00656001 0.001172
2040 0.00654344 0.00118309
2050 0.00652725 0.00119418
2060 0.00651143 0.00120526
2070 0.00649597 0.00121635
2080 0.00648086 0.00122743
2090 0.00646609 0.0012385
2100 0.00645165 0.00124957
2110 0.00643754 0.00126063
2120 0.00642374 0.00127169
2130 0.00641025 0.00128273
2140 0.00639705 0.00129377
2150 0.00638415 0.0013048
2160 0.00637153 0.00131582
2170 0.00635919 0.00132682
2180 0.00634711 0.00133781
2190 0.0063353 0.00134879
2200 0.00632374 0.00135975
2210 0.00631242 0.0013707
2220 0.00630135 0.00138163
2230 0.00629052 0.00139255
2240 0.00627991 0.00140344
2250 0.00626952 0.00141432
2260 0.00625935 0.00142518
2270 0.00624938 0.00143602
2280 0.00623962 0.00144683
2290 0.00623006 0.00145763
2300 0.00622069 0.0014684
2310 0.00621151 0.00147914
2320 0.00620251 0.00148986
2330 0.00619368 0.00150056
2340 0.00618502 0.00151123
2350 0.00617652 0.00152187
2360 0.00616819 0.00153248
2370 0.00616 0.00154306
2380 0.00615197 0.00155361
2390 0.00614408 0.00156414
2400 0.00613633 0.00157462
2410 0.00612871 0.00158508
2420 0.00612122 0.0015955
2430 0.00611385 0.00160589
2440 0.0061066 0.00161624
2450 0.00609947 0.00162656
2460 0.00609245 0.00163683
2470 0.00608553 0.00164707
2480 0.00607871 0.00165727
2490 0.00607198 0.00166743
2500 0.00606535 0.00167755
2510 0.0060588 0.00168763
2520 0.00605234 0.00169766
2530 0.00604595 0.00170765
2540 0.00603964 0.00171759
2550 0.00603339 0.00172749
2560 0.00602721 0.00173735
2570 0.0060211 0.00174715
2580 0.00601503 0.00175691
2590 0.00600903 0.00176661
2600 0.00600307 0.00177627
2610 0.00599715 0.00178588
2620 0.00599127 0.00179543
2630 0.00598543 0.00180493
2640 0.00597963 0.00181438
2650 0.00597385 0.00182377
2660 0.0059681 0.00183311
2670 0.00596237 0.00184239
2680 0.00595666 0.00185161
2690 0.00595096 0.00186077
2700 0.00594527 0.00186988
2710 0.00593959 0.00187892
2720 0.00593391 0.0018879
2730 0.00592823 0.00189682
2740 0.00592255 0.00190568
2750 0.00591686 0.00191447
2760 0.00591117 0.0019232
2770 0.00590546 0.00193187
2780 0.00589973 0.00194046
2790 0.00589398 0.00194899
2800 0.00588821 0.00195745
2810 0.00588242 0.00196584
2820 0.00587659 0.00197416
2830 0.00587074 0.0019824
2840 0.00586485 0.00199058
2850 0.00585892 0.00199868
2860 0.00585295 0.00200671
2870 0.00584694 0.00201467
2880 0.00584088 0.00202255
2890 0.00583478 0.00203035
2900 0.00582863 0.00203807
2910 0.00582242 0.00204572
2920 0.00581615 0.00205329
2930 0.00580983 0.00206077
2940 0.00580345 0.00206818
2950 0.00579701 0.00207551
2960 0.0057905 0.00208275
2970 0.00578392 0.00208991
2980 0.00577727 0.00209699
2990 0.00577056 0.00210398
3000 0.00576377 0.00211089
3010 0.0057569 0.00211771
3020 0.00574996 0.00212444
3030 0.00574294 0.00213108
3040 0.00573584 0.00213764
3050 0.00572866 0.00214411
3060 0.00572139 0.00215049
3070 0.00571404 0.00215678
3080 0.0057066 0.00216297
3090 0.00569907 0.00216908
3100 0.00569145 0.00217509
3110 0.00568374 0.00218101
3120 0.00567594 0.00218684
3130 0.00566805 0.00219257
3140 0.00566006 0.00219821
3150 0.00565197 0.00220375
3160 0.00564379 0.0022092
3170 0.0056355 0.00221455
3180 0.00562712 0.0022198
3190 0.00561864 0.00222496
3200 0.00561006 0.00223001
3210 0.00560137 0.00223497
3220 0.00559259 0.00223983
3230 0.0055837 0.00224459
3240 0.0055747 0.00224926
3250 0.0055656 0.00225382
3260 0.0055564 0.00225828
3270 0.00554709 0.00226264
3280 0.00553767 0.0022669
3290 0.00552815 0.00227106
3300 0.00551852 0.00227511
3310 0.00550879 0.00227907
3320 0.00549894 0.00228292
3330 0.00548899 0.00228667
3340 0.00547893 0.00229032
3350 0.00546877 0.00229387
3360 0.00545849 0.00229731
3370 0.00544811 0.00230065
3380 0.00543762 0.00230388
3390 0.00542702 0.00230702
3400 0.00541632 0.00231005
3410 0.0054055 0.00231297
3420 0.00539458 0.0023158
3430 0.00538356 0.00231852
3440 0.00537242 0.00232113
3450 0.00536118 0.00232365
3460 0.00534984 0.00232606
3470 0.00533839 0.00232837
3480 0.00532683 0.00233057
3490 0.00531517 0.00233267
3500 0.0053034 0.00233467
3510 0.00529154 0.00233657
3520 0.00527956 0.00233836
3530 0.00526749 0.00234005
3540 0.00525532 0.00234164
3550 0.00524304 0.00234313
3560 0.00523067 0.00234452
3570 0.00521819 0.0023458
3580 0.00520562 0.00234699
3590 0.00519295 0.00234808
3600 0.00518018 0.00234906
3610 0.00516732 0.00234995
3620 0.00515436 0.00235074
3630 0.00514131 0.00235142
3640 0.00512817 0.00235201
3650 0.00511493 0.00235251
3660 0.00510161 0.0023529
3670 0.00508819 0.0023532
3680 0.00507469 0.0023534
3690 0.00506109 0.00235351
3700 0.00504742 0.00235352
3710 0.00503365 0.00235344
3720 0.00501981 0.00235327
3730 0.00500588 0.002353
3740 0.00499187 0.00235264
3750 0.00497778 0.00235218
3760 0.00496361 0.00235164
3770 0.00494936 0.002351
3780 0.00493504 0.00235028
3790 0.00492064 0.00234947
3800 0.00490617 0.00234856
3810 0.00489163 0.00234757
3820 0.00487702 0.0023465
3830 0.00486233 0.00234534
3840 0.00484758 0.00234409
3850 0.00483276 0.00234276
3860 0.00481788 0.00234134
3870 0.00480294 0.00233985
3880 0.00478793 0.00233827
3890 0.00477286 0.00233661
3900 0.00475773 0.00233487
3910 0.00474254 0.00233305
3920 0.0047273 0.00233115
3930 0.004712 0.00232918
3940 0.00469665 0.00232713
3950 0.00468124 0.002325
3960 0.00466579 0.0023228
3970 0.00465028 0.00232053
3980 0.00463473 0.00231818
3990 0.00461913 0.00231576
4000 0.00460349 0.00231327
4010 0.0045878 0.00231071
4020 0.00457207 0.00230809
4030 0.00455631 0.00230539
4040 0.0045405 0.00230263
4050 0.00452465 0.0022998
4060 0.00450877 0.00229691
4070 0.00449286 0.00229395
4080 0.00447691 0.00229093
4090 0.00446093 0.00228785
4100 0.00444492 0.0022847
4110 0.00442888 0.0022815
4120 0.00441282 0.00227824
4130 0.00439672 0.00227492
4140 0.00438061 0.00227154
4150 0.00436447 0.00226811
4160 0.00434831 0.00226462
4170 0.00433212 0.00226108
4180 0.00431592 0.00225749
4190 0.00429971 0.00225384
4200 0.00428347 0.00225014
4210 0.00426722 0.0022464
4220 0.00425096 0.0022426
4230 0.00423468 0.00223875
4240 0.00421839 0.00223486
4250 0.0042021 0.00223093
4260 0.00418579 0.00222694
4270 0.00416948 0.00222292
4280 0.00415316 0.00221885
4290 0.00413683 0.00221473
4300 0.00412051 0.00221058
4310 0.00410417 0.00220638
4320 0.00408784 0.00220215
4330 0.00407151 0.00219788
4340 0.00405518 0.00219357
4350 0.00403885 0.00218922
4360 0.00402252 0.00218484
4370 0.0040062 0.00218042
4380 0.00398988 0.00217597
4390 0.00397357 0.00217148
4400 0.00395727 0.00216696
4410 0.00394097 0.00216241
4420 0.00392468 0.00215783
4430 0.00390841 0.00215322
4440 0.00389214 0.00214858
4450 0.00387589 0.00214391
4460 0.00385965 0.00213922
4470 0.00384342 0.00213449
4480 0.00382721 0.00212974
4490 0.00381101 0.00212497
4500 0.00379484 0.00212017
4510 0.00377867 0.00211535
4520 0.00376253 0.0021105
4530 0.0037464 0.00210564
4540 0.0037303 0.00210075
4550 0.00371422 0.00209584
4560 0.00369815 0.00209091
4570 0.00368211 0.00208595
4580 0.00366609 0.00208099
4590 0.0036501 0.002076
4600 0.00363412 0.00207099
4610 0.00361818 0.00206597
4620 0.00360226 0.00206093
4630 0.00358636 0.00205588
4640 0.00357049 0.00205081
4650 0.00355465 0.00204572
4660 0.00353884 0.00204062
4670 0.00352305 0.00203551
4680 0.00350729 0.00203039
4690 0.00349157 0.00202525
4700 0.00347587 0.0020201
4710 0.0034602 0.00201494
4720 0.00344456 0.00200977
4730 0.00342896 0.00200458
4740 0.00341339 0.00199939
4750 0.00339784 0.00199419
4760 0.00338234 0.00198898
4770 0.00336686 0.00198376
4780 0.00335142 0.00197853
4790 0.00333601 0.00197329
4800 0.00332064 0.00196805
4810 0.0033053 0.0019628
4820 0.00328999 0.00195754
4830 0.00327472 0.00195228
4840 0.00325949 0.00194701
4850 0.00324429 0.00194173
4860 0.00322913 0.00193645
4870 0.003214 0.00193117
4880 0.00319892 0.00192588
4890 0.00318386 0.00192058
4900 0.00316885 0.00191528
4910 0.00315387 0.00190998
4920 0.00313894 0.00190468
4930 0.00312404 0.00189937
4940 0.00310917 0.00189406
4950 0.00309435 0.00188874
4960 0.00307956 0.00188343
4970 0.00306482 0.00187811
4980 0.00305011 0.00187279
4990 0.00303544 0.00186747
5000 0.00302082 0.00186215
5010 0.00300623 0.00185682
5020 0.00299168 0.0018515
5030 0.00297717 0.00184617
5040 0.0029627 0.00184085
5050 0.00294827 0.00183552
5060 0.00293388 0.00183019
5070 0.00291954 0.00182486
5080 0.00290523 0.00181954
5090 0.00289096 0.00181421
5100 0.00287674 0.00180888
5110 0.00286255 0.00180356
5120 0.00284841 0.00179823
5130 0.00283431 0.00179291
5140 0.00282025 0.00178758
5150 0.00280623 0.00178226
5160 0.00279225 0.00177694
5170 0.00277831 0.00177162
5180 0.00276441 0.0017663
5190 0.00275056 0.00176098
5200 0.00273675 0.00175567
5210 0.00272298 0.00175035
5220 0.00270925 0.00174504
5230 0.00269556 0.00173973
5240 0.00268192 0.00173442
5250 0.00266831 0.00172911
5260 0.00265475 0.00172381
5270 0.00264123 0.0017185
5280 0.00262776 0.0017132
5290 0.00261432 0.0017079
5300 0.00260093 0.0017026
5310 0.00258758 0.00169731
5320 0.00257427 0.00169202
5330 0.00256101 0.00168673
5340 0.00254778 0.00168144
5350 0.0025346 0.00167615
5360 0.00252146 0.00167087
5370 0.00250836 0.00166559
5380 0.00249531 0.00166031
5390 0.0024823 0.00165503
5400 0.00246933 0.00164976
5410 0.0024564 0.00164449
5420 0.00244351 0.00163922
5430 0.00243067 0.00163395
5440 0.00241787 0.00162868
5450 0.00240511 0.00162342
5460 0.0023924 0.00161816
5470 0.00237972 0.0016129
5480 0.00236709 0.00160765
5490 0.0023545 0.0016024
5500 0.00234196 0.00159715
5510 0.00232945 0.0015919
5520 0.00231699 0.00158665
5530 0.00230457 0.00158141
5540 0.00229219 0.00157616
5550 0.00227985 0.00157092
5560 0.00226756 0.00156569
5570 0.00225531 0.00156045
5580 0.0022431 0.00155521
5590 0.00223093 0.00154998
5600 0.0022188 0.00154475
5610 0.00220672 0.00153952
5620 0.00219467 0.00153429
5630 0.00218267 0.00152907
5640 0.00217071 0.00152384
5650 0.00215879 0.00151862
5660 0.00214692 0.0015134
5670 0.00213508 0.00150818
5680 0.00212329 0.00150296
5690 0.00211153 0.00149774
5700 0.00209982 0.00149252
5710 0.00208815 0.00148731
5720 0.00207652 0.00148209
5730 0.00206493 0.00147687
5740 0.00205338 0.00147166
5750 0.00204187 0.00146644
5760 0.0020304 0.00146123
5770 0.00201897 0.00145601
5780 0.00200758 0.0014508
5790 0.00199623 0.00144558
5800 0.00198492 0.00144037
5810 0.00197365 0.00143515
5820 0.00196242 0.00142993
5830 0.00195123 0.00142471
5840 0.00194008 0.00141949
5850 0.00192896 0.00141427
5860 0.00191789 0.00140905
5870 0.00190685 0.00140382
5880 0.00189585 0.0013986
5890 0.00188489 0.00139337
5900 0.00187397 0.00138814
5910 0.00186308 0.0013829
5920 0.00185224 0.00137767
5930 0.00184142 0.00137243
5940 0.00183065 0.00136718
5950 0.00181991 0.00136194
5960 0.00180921 0.00135668
5970 0.00179854 0.00135143
5980 0.00178791 0.00134617
5990 0.00177731 0.00134091
6000 0.00176675 0.00133564
6010 0.00175622 0.00133036
6020 0.00174573 0.00132508
6030 0.00173527 0.00131979
6040 0.00172484 0.0013145
6050 0.00171445 0.0013092
6060 0.00170409 0.0013039
6070 0.00169376 0.00129858
6080 0.00168346 0.00129326
6090 0.0016732 0.00128793
6100 0.00166297 0.00128259
6110 0.00165276 0.00127725
6120 0.00164259 0.00127189
6130 0.00163245 0.00126653
6140 0.00162233 0.00126115
6150 0.00161225 0.00125576
6160 0.00160219 0.00125037
6170 0.00159216 0.00124496
6180 0.00158216 0.00123954
6190 0.00157219 0.00123411
6200 0.00156224 0.00122867
6210 0.00155232 0.00122321
6220 0.00154242 0.00121774
6230 0.00153255 0.00121226
6240 0.0015227 0.00120676
6250 0.00151288 0.00120125
6260 0.00150308 0.00119572
6270 0.0014933 0.00119018
6280 0.00148355 0.00118462
6290 0.00147381 0.00117905
6300 0.0014641 0.00117346
6310 0.00145441 0.00116785
6320 0.00144474 0.00116222
6330 0.00143509 0.00115658
6340 0.00142546 0.00115091
6350 0.00141584 0.00114523
6360 0.00140625 0.00113953
6370 0.00139667 0.00113381
6380 0.00138711 0.00112807
6390 0.00137756 0.0011223
6400 0.00136803 0.00111652
6410 0.00135852 0.00111071
6420 0.00134902 0.00110489
6430 0.00133954 0.00109904
6440 0.00133007 0.00109316
6450 0.00132061 0.00108727
6460 0.00131116 0.00108135
6470 0.00130173 0.00107541
6480 0.00129231 0.00106944
6490 0.0012829 0.00106345
6500 0.00127351 0.00105743
6510 0.00126412 0.00105139
6520 0.00125474 0.00104533
6530 0.00124538 0.00103923
6540 0.00123602 0.00103312
6550 0.00122667 0.00102697
6560 0.00121734 0.00102081
6570 0.00120801 0.00101461
6580 0.00119869 0.00100839
6590 0.00118938 0.00100215
6600 0.00118007 0.000995875
6610 0.00117078 0.000989577
6620 0.00116149 0.000983253
6630 0.00115221 0.000976904
6640 0.00114294 0.000970529
6650 0.00113368 0.000964128
6660 0.00112443 0.000957702
6670 0.00111518 0.000951251
6680 0.00110594 0.000944775
6690 0.00109671 0.000938276
6700 0.00108749 0.000931752
6710 0.00107828 0.000925205
6720 0.00106908 0.000918634
6730 0.00105989 0.000912042
6740 0.00105071 0.000905427
6750 0.00104154 0.000898792
6760 0.00103238 0.000892136
6770 0.00102323 0.00088546
6780 0.00101409 0.000878766
6790 0.00100497 0.000872053
6800 0.000995859 0.000865324
6810 0.000986765 0.000858578
6820 0.000977686 0.000851817
6830 0.000968623 0.000845043
6840 0.000959578 0.000838255
6850 0.00095055 0.000831455
6860 0.000941542 0.000824646
6870 0.000932555 0.000817826
6880 0.000923588 0.000811
6890 0.000914645 0.000804166
6900 0.000905725 0.000797328
6910 0.00089683 0.000790486
6920 0.000887962 0.000783642
6930 0.000879122 0.000776798
6940 0.00087031 0.000769954
6950 0.00086153 0.000763114
6960 0.000852782 0.000756278
6970 0.000844067 0.000749449
6980 0.000835387 0.000742627
6990 0.000826745 0.000735815
7000 0.00081814 0.000729015
7010 0.000809576 0.000722228
7020 0.000801053 0.000715456
7030 0.000792573 0.000708701
7040 0.000784138 0.000701966
7050 0.00077575 0.000695251
7060 0.00076741 0.000688559
7070 0.00075912 0.000681891
7080 0.000750881 0.00067525
7090 0.000742695 0.000668638
7100 0.000734565 0.000662056
7110 0.00072649 0.000655505
7120 0.000718474 0.000648989
7130 0.000710517 0.000642509
7140 0.000702622 0.000636066
7150 0.000694789 0.000629662
7160 0.000687021 0.000623299
7170 0.000679318 0.000616979
7180 0.000671682 0.000610703
7190 0.000664115 0.000604473
7200 0.000656617 0.000598291
7210 0.000649191 0.000592158
7220 0.000641836 0.000586074
7230 0.000634555 0.000580043
7240 0.000627349 0.000574065
7250 0.000620218 0.000568141
7260 0.000613163 0.000562272
7270 0.000606186 0.00055646
7280 0.000599286 0.000550705
7290 0.000592466 0.00054501
7300 0.000585725 0.000539373
7310 0.000579064 0.000533797
7320 0.000572483 0.000528282
7330 0.000565984 0.000522828
7340 0.000559566 0.000517437
7350 0.000553229 0.000512109
7360 0.000546975 0.000506843
7370 0.000540802 0.000501641
7380 0.000534711 0.000496503
7390 0.000528703 0.000491429
7400 0.000522775 0.000486418
7410 0.00051693 0.000481472
7420 0.000511166 0.00047659
7430 0.000505483 0.000471772
7440 0.00049988 0.000467017
7450 0.000494357 0.000462325
7460 0.000488914 0.000457697
7470 0.00048355 0.000453131
7480 0.000478263 0.000448627
7490 0.000473055 0.000444185
7500 0.000467922 0.000439804
7510 0.000462866 0.000435483
7520 0.000457884 0.000431221
7530 0.000452975 0.000427019
7540 0.00044814 0.000422874
7550 0.000443376 0.000418787
7560 0.000438683 0.000414756
7570 0.000434059 0.00041078
7580 0.000429503 0.000406858
7590 0.000425014 0.000402989
7600 0.00042059 0.000399173
7610 0.000416231 0.000395408
7620 0.000411935 0.000391692
7630 0.000407701 0.000388026
7640 0.000403527 0.000384407
7650 0.000399412 0.000380834
7660 0.000395355 0.000377307
7670 0.000391353 0.000373824
7680 0.000387407 0.000370384
7690 0.000383513 0.000366985
7700 0.000379672 0.000363627
7710 0.000375881 0.000360307
7720 0.000372139 0.000357026
7730 0.000368444 0.000353781
7740 0.000364796 0.000350572
7750 0.000361193 0.000347397
7760 0.000357633 0.000344255
7770 0.000354115 0.000341145
7780 0.000350637 0.000338066
7790 0.000347199 0.000335016
7800 0.000343799 0.000331994
7810 0.000340435 0.000328999
7820 0.000337107 0.000326031
7830 0.000333813 0.000323087
7840 0.000330551 0.000320167
7850 0.000327321 0.000317269
7860 0.000324122 0.000314394
7870 0.000320951 0.000311539
7880 0.000317808 0.000308703
7890 0.000314693 0.000305886
7900 0.000311602 0.000303087
7910 0.000308536 0.000300305
7920 0.000305494 0.000297538
7930 0.000302474 0.000294786
7940 0.000299476 0.000292048
7950 0.000296497 0.000289323
7960 0.000293539 0.000286611
7970 0.000290598 0.00028391
7980 0.000287675 0.00028122
7990 0.000284769 0.00027854
8000 0.000281879 0.000275869
8010 0.000279003 0.000273207
8020 0.000276141 0.000270552
8030 0.000273293 0.000267905
8040 0.000270457 0.000265264
8050 0.000267633 0.000262629
8060 0.000264819 0.000259999
8070 0.000262016 0.000257374
8080 0.000259222 0.000254752
8090 0.000256437 0.000252134
8100 0.000253659 0.000249519
8110 0.00025089 0.000246907
8120 0.000248126 0.000244296
8130 0.000245369 0.000241686
8140 0.000242617 0.000239076
8150 0.00023987 0.000236467
8160 0.000237126 0.000233858
8170 0.000234386 0.000231247
8180 0.000231649 0.000228635
8190 0.000228913 0.00022602
8200 0.000226179 0.000223403
8210 0.000223446 0.000220783
8220 0.000220713 0.000218158
8230 0.000217978 0.00021553
8240 0.000215243 0.000212896
8250 0.000212505 0.000210256
8260 0.000209763 0.00020761
8270 0.000207018 0.000204956
8280 0.000204269 0.000202295
8290 0.000201513 0.000199625
8300 0.000198751 0.000196944
8310 0.000195981 0.000194254
8320 0.000193202 0.000191551
8330 0.000190413 0.000188835
8340 0.000187613 0.000186106
8350 0.0001848 0.000183361
8360 0.000181973 0.000180599
8370 0.00017913 0.000177819
8380 0.000176269 0.000175019
8390 0.000173389 0.000172197
8400 0.000170487 0.000169351
8410 0.00016756 0.000166479
8420 0.000164607 0.000163577
8430 0.000161636 0.000160656
8440 0.000158676 0.000157743
8450 0.00015573 0.000154843
8460 0.000152798 0.000151954
8470 0.000149881 0.000149079
8480 0.00014698 0.000146218
8490 0.000144095 0.000143372
8500 0.000141226 0.00014054
8510 0.000138376 0.000137725
8520 0.000135543 0.000134926
8530 0.000132729 0.000132144
8540 0.000129934 0.00012938
8550 0.00012716 0.000126635
8560 0.000124406 0.000123909
8570 0.000121673 0.000121203
8580 0.000118962 0.000118518
8590 0.000116273 0.000115853
8600 0.000113607 0.000113211
8610 0.000110965 0.000110591
8620 0.000108348 0.000107995
8630 0.000105755 0.000105422
8640 0.000103187 0.000102873
8650 0.000100645 0.00010035
8660 9.81295e-05 9.78516e-05
8670 9.56411e-05 9.53796e-05
8680 9.31801e-05 9.29342e-05
8690 9.0747e-05 9.05161e-05
8700 8.83425e-05 8.81256e-05
8710 8.5967e-05 8.57634e-05
8720 8.36209e-05 8.343e-05
8730 8.13047e-05 8.11258e-05
8740 7.90188e-05 7.88513e-05
8750 7.67638e-05 7.6607e-05
8760 7.45399e-05 7.43932e-05
8770 7.23476e-05 7.22105e-05
8780 7.01873e-05 7.00593e-05
8790 6.80593e-05 6.79398e-05
8800 6.5964e-05 6.58526e-05
8810 6.39017e-05 6.37979e-05
8820 6.18728e-05 6.17761e-05
8830 5.98775e-05 5.97875e-05
8840 5.79161e-05 5.78325e-05
8850 5.59889e-05 5.59113e-05
8860 5.40961e-05 5.40241e-05
8870 5.2238e-05 5.21712e-05
8880 5.04148e-05 5.03529e-05
8890 4.86267e-05 4.85694e-05
8900 4.68737e-05 4.68207e-05
8910 4.51562e-05 4.51072e-05
8920 4.34742e-05 4.3429e-05
8930 4.18278e-05 4.17861e-05
8940 4.02172e-05 4.01788e-05
8950 3.86423e-05 3.8607e-05
8960 3.71034e-05 3.70709e-05
8970 3.56004e-05 3.55705e-05
8980 3.41333e-05 3.41059e-05
8990 3.27021e-05 3.2677e-05
9000 3.13068e-05 3.12839e-05
9010 2.99474e-05 2.99265e-05
9020 2.86239e-05 2.86047e-05
9030 2.7336e-05 2.73185e-05
9040 2.60837e-05 2.60678e-05
9050 2.4867e-05 2.48525e-05
9060 2.36856e-05 2.36725e-05
9070 2.25394e-05 2.25275e-05
9080 2.14282e-05 2.14174e-05
9090 2.03518e-05 2.0342e-05
9100 1.931e-05 1.93012e-05
9110 1.83025e-05 1.82945e-05
9120 1.7329e-05 1.73218e-05
9130 1.63893e-05 1.63828e-05
9140 1.5483e-05 1.54772e-05
9150 1.46098e-05 1.46046e-05
9160 1.37693e-05 1.37647e-05
9170 1.29613e-05 1.29571e-05
9180 1.21851e-05 1.21814e-05
9190 1.14405e-05 1.14372e-05
9200 1.07269e-05 1.0724e-05
9210 1.0044e-05 1.00414e-05
9220 9.39109e-06 9.38879e-06
9230 8.76781e-06 8.76578e-06
9240 8.17356e-06 8.17177e-06
9250 7.60779e-06 7.60622e-06
9260 7.06991e-06 7.06852e-06
9270 6.5593e-06 6.55809e-06
9280 6.07534e-06 6.07428e-06
9290 5.61737e-06 5.61644e-06
9300 5.18472e-06 5.18392e-06
9310 4.77671e-06 4.77601e-06
9320 4.3926e-06 4.392e-06
9330 4.03168e-06 4.03116e-06
9340 3.6932e-06 3.69275e-06
9350 3.37639e-06 3.376e-06
9360 3.08047e-06 3.08014e-06
9370 2.80465e-06 2.80436e-06
9380 2.54813e-06 2.54788e-06
9390 2.31008e-06 2.30987e-06
9400 2.0897e-06 2.08952e-06
9410 1.88615e-06 1.886e-06
9420 1.6986e-06 1.69847e-06
9430 1.52622e-06 1.52611e-06
9440 1.36819e-06 1.3681e-06
9450 1.22368e-06 1.2236e-06
9460 1.09187e-06 1.0918e-06
9470 9.71964e-07 9.71907e-07
9480 8.63169e-07 8.63121e-07
9490 7.64712e-07 7.64672e-07
9500 6.75843e-07 6.75809e-07
9510 5.95832e-07 5.95803e-07
9520 5.23978e-07 5.23953e-07
9530 4.59606e-07 4.59585e-07
9540 4.02076e-07 4.02058e-07
9550 3.50779e-07 3.50763e-07
9560 3.05143e-07 3.0513e-07
9570 2.64632e-07 2.6462e-07
9580 2.28746e-07 2.28736e-07
9590 1.97026e-07 1.97017e-07
9600 1.69049e-07 1.6904e-07
9610 1.44427e-07 1.4442e-07
9620 1.22811e-07 1.22805e-07
9630 1.03886e-07 1.0388e-07
9640 8.7365e-08 8.73598e-08
9650 7.29946e-08 7.299e-08
9660 6.05461e-08 6.05418e-08
9670 4.98144e-08 4.98106e-08
9680 4.06157e-08 4.06123e-08
9690 3.27837e-08 3.27806e-08
9700 2.61674e-08 2.61646e-08
9710 2.06286e-08 2.06261e-08
9720 1.60401e-08 1.60378e-08
9730 1.2284e-08 1.22819e-08
9740 9.25076e-09 9.24891e-09
9750 6.83854e-09 6.83687e-09
9760 4.95295e-09 4.95146e-09
9770 3.50721e-09 3.50588e-09
9780 2.42236e-09 2.42117e-09
9790 1.62764e-09 1.62659e-09
9800 1.06086e-09 1.05993e-09
9810 6.68522e-10 6.67699e-10
9820 4.05825e-10 4.05101e-10
9830 2.36341e-10 2.35706e-10
9840 1.3144e-10 1.30884e-10
9850 6.94575e-11 6.8974e-11
9860 3.46932e-11 3.42741e-11
9870 1.63017e-11 1.594e-11
9880 7.189e-12 6.87828e-12
9890 2.99162e-12 2.72603e-12
9900 1.20631e-12 9.80529e-13
9910 5.06458e-13 3.15605e-13
9920 2.4973e-13 8.93924e-14
9930 1.55652e-13 2.18388e-14
9940 1.15376e-13 4.49205e-15
9950 9.19359e-14 7.55516e-16
9960 7.44556e-14 1.00252e-16
9970 6.00978e-14 1.00429e-17
9980 4.80807e-14 7.19014e-19
9990 3.80572e-14 3.43427e-20
10000 2.97666e-14 1.00273e-21
10010 2.29772e-14 1.59951e-23
10020 1.74784e-14 1.20417e-25
10030 1.30794e-14 3.52577e-28
10040 9.60867e-15 3.0956e-31
10050 6.91281e-15 5.70798e-35
10060 4.85575e-15 1.34303e-39
10070 3.31786e-15 1.97417e-45
10080 2.19504e-15 6.32494e-53
10090 1.39778e-15 8.8745e-63
10100 8.50138e-16 4.28467e-76
10110 4.88764e-16 1.03779e-94
10120 2.61848e-16 7.31351e-122
10130 1.28049e-16 1.07351e-163
10140 5.5393e-17 4.49667e-233
10150 2.01388e-17 0
10160 5.60679e-18 0
10170 9.78379e-19 0
10180 5.78962e-20 0
10190 0 0
