0 0 0
10 0.695203 1.06909e-11
20 0.383102 1.41064e-10
30 0.221168 6.59608e-10
40 0.145068 1.98936e-09
50 0.107318 4.69962e-09
60 0.0851517 9.49789e-09
70 0.0706699 1.72221e-08
80 0.0604946 2.8833e-08
90 0.0529597 4.54072e-08
100 0.0471554 6.81296e-08
110 0.0425454 9.8287e-08
120 0.0387938 1.37262e-07
130 0.03568 1.86524e-07
140 0.0330528 2.47628e-07
150 0.0308057 3.22204e-07
160 0.0288609 4.11953e-07
170 0.0271607 5.18642e-07
180 0.0256612 6.44098e-07
190 0.0243283 7.90204e-07
200 0.0231353 9.58893e-07
210 0.0220609 1.15214e-06
220 0.021088 1.37197e-06
230 0.0202024 1.62043e-06
240 0.0193926 1.89961e-06
250 0.0186491 2.21162e-06
260 0.0179636 2.55861e-06
270 0.0173295 2.94274e-06
280 0.016741 3.36617e-06
290 0.0161931 3.8311e-06
300 0.0156814 4.33973e-06
310 0.0152025 4.89426e-06
320 0.0147529 5.49691e-06
330 0.0143301 6.14987e-06
340 0.0139314 6.85537e-06
350 0.0135548 7.6156e-06
360 0.0131983 8.43275e-06
370 0.0128602 9.30902e-06
380 0.0125391 1.02466e-05
390 0.0122336 1.12476e-05
400 0.0119426 1.23141e-05
410 0.0116649 1.34484e-05
420 0.0113996 1.46525e-05
430 0.0111458 1.59285e-05
440 0.0109027 1.72784e-05
450 0.0106697 1.87043e-05
460 0.0104461 2.02081e-05
470 0.0102313 2.17919e-05
480 0.0100248 2.34576e-05
490 0.00982613 2.52071e-05
500 0.00963482 2.70422e-05
510 0.00945048 2.89649e-05
520 0.00927276 3.09768e-05
530 0.0091013 3.30799e-05
540 0.00893581 3.52758e-05
550 0.00877601 3.75662e-05
560 0.00862163 3.99529e-05
570 0.00847244 4.24373e-05
580 0.00832821 4.5021e-05
590 0.00818874 4.77057e-05
600 0.00805384 5.04928e-05
610 0.00792334 5.33838e-05
620 0.00779708 5.638e-05
630 0.0076749 5.94829e-05
640 0.00755666 6.26937e-05
650 0.00744223 6.60138e-05
660 0.00733149 6.94444e-05
670 0.00722433 7.29866e-05
680 0.00712064 7.66416e-05
690 0.00702032 8.04106e-05
700 0.00692327 8.42945e-05
710 0.00682941 8.82945e-05
720 0.00673864 9.24114e-05
730 0.0066509 9.66461e-05
740 0.0065661 0.000101
750 0.00648417 0.000105473
760 0.00640505 0.000110066
770 0.00632867 0.000114781
780 0.00625497 0.000119618
790 0.00618389 0.000124577
800 0.00611537 0.000129659
810 0.00604935 0.000134865
820 0.00598579 0.000140195
830 0.00592463 0.00014565
840 0.00586582 0.000151229
850 0.00580932 0.000156935
860 0.00575507 0.000162766
870 0.00570304 0.000168724
880 0.00565317 0.000174808
890 0.00560543 0.000181019
900 0.00555976 0.000187356
910 0.00551614 0.000193821
920 0.00547452 0.000200413
930 0.00543485 0.000207133
940 0.00539711 0.000213979
950 0.00536124 0.000220953
960 0.00532721 0.000228054
970 0.00529499 0.000235283
980 0.00526454 0.000242638
990 0.00523581 0.00025012
1000 0.00520877 0.00025773
1010 0.00518339 0.000265465
1020 0.00515962 0.000273327
1030 0.00513744 0.000281315
1040 0.00511681 0.000289429
1050 0.00509768 0.000297668
1060 0.00508004 0.000306032
1070 0.00506383 0.00031452
1080 0.00504903 0.000323133
1090 0.00503561 0.000331869
1100 0.00502352 0.000340729
1110 0.00501273 0.000349711
1120 0.00500322 0.000358815
1130 0.00499494 0.00036804
1140 0.00498786 0.000377387
1150 0.00498195 0.000386853
1160 0.00497718 0.000396439
1170 0.00497351 0.000406144
1180 0.00497091 0.000415968
1190 0.00496935 0.000425908
1200 0.0049688 0.000435965
1210 0.00496922 0.000446138
1220 0.00497058 0.000456427
1230 0.00497286 0.000466829
1240 0.00497601 0.000477345
1250 0.00498001 0.000487973
1260 0.00498483 0.000498713
1270 0.00499044 0.000509564
1280 0.0049968 0.000520524
1290 0.0050039 0.000531594
1300 0.00501169 0.000542771
1310 0.00502015 0.000554055
1320 0.00502925 0.000565446
1330 0.00503897 0.000576941
1340 0.00504927 0.00058854
1350 0.00506012 0.000600242
1360 0.00507151 0.000612046
1370 0.00508339 0.000623951
1380 0.00509576 0.000635956
1390 0.00510857 0.000648059
1400 0.0051218 0.00066026
1410 0.00513544 0.000672558
1420 0.00514945 0.00068495
1430 0.00516381 0.000697437
1440 0.00517849 0.000710018
1450 0.00519348 0.00072269
1460 0.00520874 0.000735453
1470 0.00522426 0.000748305
1480 0.00524002 0.000761246
1490 0.00525599 0.000774275
1500 0.00527215 0.000787389
1510 0.00528848 0.000800589
1520 0.00530496 0.000813872
1530 0.00532158 0.000827238
1540 0.0053383 0.000840686
1550 0.00535512 0.000854213
1560 0.00537202 0.00086782
1570 0.00538897 0.000881504
1580 0.00540597 0.000895265
1590 0.00542299 0.000909101
1600 0.00544002 0.000923012
1610 0.00545704 0.000936995
1620 0.00547404 0.00095105
1630 0.005491 0.000965176
1640 0.00550792 0.00097937
1650 0.00552477 0.000993633
1660 0.00554154 0.00100796
1670 0.00555823 0.00102236
1680 0.00557481 0.00103682
1690 0.00559128 0.00105134
1700 0.00560763 0.00106592
1710 0.00562384 0.00108057
1720 0.00563992 0.00109527
1730 0.00565583 0.00111004
1740 0.00567159 0.00112485
1750 0.00568718 0.00113973
1760 0.00570259 0.00115466
1770 0.00571781 0.00116964
1780 0.00573284 0.00118468
1790 0.00574766 0.00119976
1800 0.00576228 0.0012149
1810 0.00577669 0.00123008
1820 0.00579088 0.00124531
1830 0.00580485 0.00126059
1840 0.00581859 0.00127591
1850 0.0058321 0.00129128
1860 0.00584537 0.00130669
1870 0.0058584 0.00132213
1880 0.00587118 0.00133762
1890 0.00588372 0.00135315
1900 0.00589601 0.00136872
1910 0.00590805 0.00138432
1920 0.00591983 0.00139995
1930 0.00593136 0.00141562
1940 0.00594263 0.00143133
1950 0.00595364 0.00144706
1960 0.00596439 0.00146283
1970 0.00597488 0.00147862
1980 0.00598511 0.00149444
1990 0.00599507 0.00151029
2000 0.00600478 0.00152617
2010 0.00601422 0.00154207
2020 0.00602339 0.00155799
2030 0.00603231 0.00157394
2040 0.00604096 0.0015899
2050 0.00604935 0.00160589
2060 0.00605749 0.00162189
2070 0.00606536 0.00163791
2080 0.00607297 0.00165395
2090 0.00608033 0.00167001
2100 0.00608743 0.00168607
2110 0.00609428 0.00170215
2120 0.00610087 0.00171824
2130 0.00610721 0.00173435
2140 0.0061133 0.00175046
2150 0.00611914 0.00176658
2160 0.00612473 0.0017827
2170 0.00613008 0.00179884
2180 0.00613519 0.00181497
2190 0.00614006 0.00183111
2200 0.00614468 0.00184725
2210 0.00614907 0.0018634
2220 0.00615322 0.00187954
2230 0.00615714 0.00189568
2240 0.00616083 0.00191182
2250 0.00616429 0.00192796
2260 0.00616752 0.00194409
2270 0.00617053 0.00196022
2280 0.00617331 0.00197633
2290 0.00617588 0.00199244
2300 0.00617822 0.00200854
2310 0.00618035 0.00202463
2320 0.00618226 0.00204071
2330 0.00618396 0.00205677
2340 0.00618545 0.00207282
2350 0.00618673 0.00208885
2360 0.00618781 0.00210487
2370 0.00618868 0.00212087
2380 0.00618935 0.00213685
2390 0.00618982 0.00215281
2400 0.00619009 0.00216874
2410 0.00619017 0.00218466
2420 0.00619005 0.00220055
2430 0.00618974 0.00221641
2440 0.00618924 0.00223225
2450 0.00618855 0.00224806
2460 0.00618767 0.00226384
2470 0.00618661 0.00227958
2480 0.00618537 0.0022953
2490 0.00618395 0.00231099
2500 0.00618234 0.00232663
2510 0.00618056 0.00234225
2520 0.00617861 0.00235782
2530 0.00617648 0.00237336
2540 0.00617417 0.00238886
2550 0.0061717 0.00240432
2560 0.00616906 0.00241973
2570 0.00616625 0.0024351
2580 0.00616327 0.00245043
2590 0.00616013 0.0024657
2600 0.00615683 0.00248094
2610 0.00615337 0.00249612
2620 0.00614975 0.00251125
2630 0.00614597 0.00252633
2640 0.00614203 0.00254135
2650 0.00613793 0.00255633
2660 0.00613369 0.00257124
2670 0.00612929 0.0025861
2680 0.00612474 0.0026009
2690 0.00612003 0.00261564
2700 0.00611519 0.00263031
2710 0.00611019 0.00264493
2720 0.00610505 0.00265948
2730 0.00609976 0.00267396
2740 0.00609433 0.00268837
2750 0.00608876 0.00270272
2760 0.00608304 0.002717
2770 0.00607719 0.0027312
2780 0.0060712 0.00274533
2790 0.00606507 0.00275939
2800 0.0060588 0.00277337
2810 0.0060524 0.00278728
2820 0.00604586 0.0028011
2830 0.00603919 0.00281484
2840 0.00603239 0.0028285
2850 0.00602546 0.00284208
2860 0.0060184 0.00285558
2870 0.00601121 0.00286898
2880 0.00600389 0.0028823
2890 0.00599645 0.00289553
2900 0.00598888 0.00290867
2910 0.00598118 0.00292172
2920 0.00597336 0.00293467
2930 0.00596542 0.00294752
2940 0.00595735 0.00296028
2950 0.00594917 0.00297295
2960 0.00594086 0.00298551
2970 0.00593243 0.00299797
2980 0.00592389 0.00301033
2990 0.00591523 0.00302258
3000 0.00590645 0.00303473
3010 0.00589755 0.00304677
3020 0.00588854 0.0030587
3030 0.00587942 0.00307052
3040 0.00587018 0.00308223
3050 0.00586082 0.00309382
3060 0.00585136 0.0031053
3070 0.00584178 0.00311667
3080 0.00583209 0.00312791
3090 0.0058223 0.00313904
3100 0.00581239 0.00315005
3110 0.00580237 0.00316093
3120 0.00579225 0.0031717
3130 0.00578201 0.00318233
3140 0.00577167 0.00319284
3150 0.00576123 0.00320322
3160 0.00575068 0.00321347
3170 0.00574002 0.00322359
3180 0.00572926 0.00323358
3190 0.00571839 0.00324344
3200 0.00570742 0.00325316
3210 0.00569634 0.00326274
3220 0.00568517 0.00327218
3230 0.00567389 0.00328149
3240 0.00566251 0.00329065
3250 0.00565102 0.00329967
3260 0.00563944 0.00330855
3270 0.00562775 0.00331728
3280 0.00561596 0.00332586
3290 0.00560408 0.0033343
3300 0.00559209 0.00334258
3310 0.00558 0.00335072
3320 0.00556781 0.0033587
3330 0.00555553 0.00336652
3340 0.00554314 0.0033742
3350 0.00553066 0.00338171
3360 0.00551807 0.00338907
3370 0.00550539 0.00339627
3380 0.00549261 0.0034033
3390 0.00547972 0.00341017
3400 0.00546674 0.00341688
3410 0.00545367 0.00342343
3420 0.00544049 0.0034298
3430 0.00542721 0.00343601
3440 0.00541384 0.00344205
3450 0.00540036 0.00344791
3460 0.00538679 0.00345361
3470 0.00537311 0.00345913
3480 0.00535934 0.00346447
3490 0.00534546 0.00346964
3500 0.00533149 0.00347462
3510 0.00531741 0.00347943
3520 0.00530324 0.00348406
3530 0.00528896 0.0034885
3540 0.00527458 0.00349275
3550 0.0052601 0.00349682
3560 0.00524551 0.00350071
3570 0.00523082 0.0035044
3580 0.00521603 0.0035079
3590 0.00520113 0.00351121
3600 0.00518613 0.00351432
3610 0.00517102 0.00351724
3620 0.0051558 0.00351996
3630 0.00514048 0.00352248
3640 0.00512504 0.0035248
3650 0.0051095 0.00352692
3660 0.00509384 0.00352883
3670 0.00507808 0.00353054
3680 0.0050622 0.00353204
3690 0.00504621 0.00353333
3700 0.0050301 0.0035344
3710 0.00501388 0.00353526
3720 0.00499754 0.00353591
3730 0.00498108 0.00353634
3740 0.0049645 0.00353655
3750 0.0049478 0.00353654
3760 0.00493097 0.0035363
3770 0.00491402 0.00353584
3780 0.00489695 0.00353515
3790 0.00487975 0.00353423
3800 0.00486242 0.00353308
3810 0.00484496 0.0035317
3820 0.00482736 0.00353008
3830 0.00480963 0.00352822
3840 0.00479177 0.00352612
3850 0.00477376 0.00352377
3860 0.00475562 0.00352119
3870 0.00473733 0.00351835
3880 0.0047189 0.00351526
3890 0.00470032 0.00351192
3900 0.0046816 0.00350833
3910 0.00466272 0.00350447
3920 0.00464369 0.00350036
3930 0.00462451 0.00349598
3940 0.00460516 0.00349134
3950 0.00458566 0.00348643
3960 0.004566 0.00348125
3970 0.00454617 0.0034758
3980 0.00452617 0.00347007
3990 0.004506 0.00346406
4000 0.00448566 0.00345777
4010 0.00446514 0.0034512
4020 0.00444445 0.00344434
4030 0.00442357 0.00343719
4040 0.00440252 0.00342974
4050 0.00438127 0.00342201
4060 0.00435984 0.00341397
4070 0.00433822 0.00340563
4080 0.0043164 0.00339699
4090 0.00429439 0.00338805
4100 0.00427218 0.00337879
4110 0.00424976 0.00336922
4120 0.00422715 0.00335934
4130 0.00420432 0.00334915
4140 0.00418128 0.00333863
4150 0.00415804 0.00332779
4160 0.00413457 0.00331663
4170 0.0041109 0.00330514
4180 0.004087 0.00329332
4190 0.00406288 0.00328117
4200 0.00403853 0.00326869
4210 0.00401396 0.00325587
4220 0.00398916 0.00324271
4230 0.00396413 0.00322921
4240 0.00393887 0.00321538
4250 0.00391338 0.0032012
4260 0.00388765 0.00318668
4270 0.00386168 0.00317181
4280 0.00383547 0.00315659
4290 0.00380903 0.00314103
4300 0.00378234 0.00312512
4310 0.00375542 0.00310886
4320 0.00372825 0.00309225
4330 0.00370084 0.00307529
4340 0.00367319 0.00305798
4350 0.00364529 0.00304032
4360 0.00361715 0.00302231
4370 0.00358878 0.00300396
4380 0.00356016 0.00298525
4390 0.0035313 0.0029662
4400 0.0035022 0.00294681
4410 0.00347286 0.00292707
4420 0.00344329 0.00290699
4430 0.00341348 0.00288658
4440 0.00338345 0.00286582
4450 0.00335318 0.00284474
4460 0.00332269 0.00282332
4470 0.00329198 0.00280158
4480 0.00326105 0.00277952
4490 0.00322991 0.00275714
4500 0.00319855 0.00273445
4510 0.00316699 0.00271145
4520 0.00313524 0.00268815
4530 0.00310328 0.00266455
4540 0.00307114 0.00264066
4550 0.00303881 0.00261648
4560 0.00300631 0.00259203
4570 0.00297364 0.00256731
4580 0.0029408 0.00254233
4590 0.00290781 0.00251709
4600 0.00287468 0.00249161
4610 0.0028414 0.00246589
4620 0.00280799 0.00243994
4630 0.00277446 0.00241377
4640 0.00274082 0.00238739
4650 0.00270708 0.00236081
4660 0.00267324 0.00233404
4670 0.00263932 0.0023071
4680 0.00260533 0.00227998
4690 0.00257128 0.00225271
4700 0.00253717 0.00222529
4710 0.00250302 0.00219773
4720 0.00246884 0.00217006
4730 0.00243465 0.00214227
4740 0.00240045 0.00211438
4750 0.00236625 0.00208641
4760 0.00233207 0.00205836
4770 0.00229792 0.00203026
4780 0.00226382 0.0020021
4790 0.00222976 0.00197391
4800 0.00219578 0.00194569
4810 0.00216187 0.00191747
4820 0.00212805 0.00188924
4830 0.00209433 0.00186104
4840 0.00206073 0.00183286
4850 0.00202726 0.00180472
4860 0.00199393 0.00177664
4870 0.00196075 0.00174862
4880 0.00192773 0.00172068
4890 0.00189488 0.00169283
4900 0.00186223 0.00166509
4910 0.00182977 0.00163746
4920 0.00179752 0.00160997
4930 0.0017655 0.00158261
4940 0.0017337 0.0015554
4950 0.00170215 0.00152835
4960 0.00167085 0.00150148
4970 0.00163981 0.00147479
4980 0.00160904 0.0014483
4990 0.00157856 0.001422
5000 0.00154837 0.00139593
5010 0.00151847 0.00137008
5020 0.00148889 0.00134446
5030 0.00145962 0.00131908
5040 0.00143067 0.00129395
5050 0.00140206 0.00126908
5060 0.00137378 0.00124447
5070 0.00134585 0.00122014
5080 0.00131826 0.00119609
5090 0.00129104 0.00117233
5100 0.00126418 0.00114885
5110 0.00123768 0.00112568
5120 0.00121156 0.00110281
5130 0.00118581 0.00108025
5140 0.00116044 0.001058
5150 0.00113546 0.00103607
5160 0.00111086 0.00101446
5170 0.00108665 0.000993175
5180 0.00106284 0.00097222
5190 0.00103941 0.000951596
5200 0.00101639 0.000931306
5210 0.000993759 0.000911352
5220 0.000971529 0.000891735
5230 0.000949697 0.000872457
5240 0.000928264 0.00085352
5250 0.000907231 0.000834923
5260 0.000886597 0.000816668
5270 0.000866362 0.000798756
5280 0.000846525 0.000781185
5290 0.000827084 0.000763956
5300 0.000808039 0.000747067
5310 0.000789388 0.00073052
5320 0.00077113 0.000714311
5330 0.000753261 0.000698441
5340 0.000735781 0.000682907
5350 0.000718686 0.000667708
5360 0.000701974 0.000652843
5370 0.000685642 0.000638309
5380 0.000669688 0.000624103
5390 0.000654108 0.000610225
5400 0.000638899 0.00059667
5410 0.000624057 0.000583437
5420 0.000609579 0.000570523
5430 0.000595462 0.000557925
5440 0.000581702 0.00054564
5450 0.000568294 0.000533665
5460 0.000555235 0.000521997
5470 0.000542522 0.000510632
5480 0.000530149 0.000499568
5490 0.000518113 0.0004888
5500 0.00050641 0.000478327
5510 0.000495036 0.000468143
5520 0.000483985 0.000458246
5530 0.000473255 0.000448632
5540 0.000462841 0.000439298
5550 0.000452738 0.00043024
5560 0.000442943 0.000421455
5570 0.00043345 0.000412938
5580 0.000424256 0.000404687
5590 0.000415357 0.000396698
5600 0.000406748 0.000388967
5610 0.000398425 0.000381491
5620 0.000390383 0.000374267
5630 0.00038262 0.00036729
5640 0.00037513 0.000360559
5650 0.00036791 0.000354068
5660 0.000360955 0.000347815
5670 0.000354262 0.000341797
5680 0.000347827 0.000336011
5690 0.000341645 0.000330453
5700 0.000335714 0.00032512
5710 0.000330029 0.000320009
5720 0.000324587 0.000315117
5730 0.000319385 0.000310442
5740 0.000314418 0.00030598
5750 0.000309683 0.000301729
5760 0.000305178 0.000297685
5770 0.000300899 0.000293847
5780 0.000296842 0.000290212
5790 0.000293005 0.000286777
5800 0.000289385 0.000283541
5810 0.000285979 0.0002805
5820 0.000282784 0.000277653
5830 0.000279797 0.000274997
5840 0.000277017 0.000272531
5850 0.00027444 0.000270252
5860 0.000272064 0.000268159
5870 0.000269887 0.00026625
5880 0.000267906 0.000264524
5890 0.000266121 0.000262979
5900 0.000264528 0.000261613
5910 0.000263126 0.000260426
5920 0.000261914 0.000259415
5930 0.000260889 0.000258581
5940 0.000260051 0.000257922
5950 0.000259399 0.000257438
5960 0.00025893 0.000257127
5970 0.000258645 0.00025699
5980 0.000258542 0.000257025
5990 0.00025862 0.000257233
6000 0.00025888 0.000257613
6010 0.000259321 0.000258166
6020 0.000259942 0.000258892
6030 0.000260744 0.000259791
6040 0.000261726 0.000260864
6050 0.00026289 0.000262112
6060 0.000264237 0.000263535
6070 0.000265765 0.000265135
6080 0.000267478 0.000266913
6090 0.000269377 0.000268871
6100 0.000271462 0.000271012
6110 0.000273737 0.000273336
6120 0.000276203 0.000275848
6130 0.000278863 0.00027855
6140 0.000281721 0.000281445
6150 0.000284779 0.000284538
6160 0.000288042 0.000287831
6170 0.000291515 0.000291332
6180 0.000295202 0.000295044
6190 0.00029911 0.000298973
6200 0.000303245 0.000303128
6210 0.000307614 0.000307514
6220 0.000312226 0.000312141
6230 0.00031709 0.000317019
6240 0.000322217 0.000322158
6250 0.000327619 0.00032757
6260 0.00033331 0.00033327
6270 0.000339306 0.000339273
6280 0.000345624 0.000345597
6290 0.000352285 0.000352264
6300 0.000359314 0.000359297
6310 0.000366738 0.000366724
6320 0.000374589 0.000374579
6330 0.000382906 0.000382898
6340 0.000391735 0.000391729
6350 0.00040113 0.000401126
6360 0.000411159 0.000411156
6370 0.000421903 0.000421901
6380 0.000433465 0.000433463
6390 0.000445975 0.000445974
6400 0.000459602 0.000459602
6410 0.000474574 0.000474573
6420 0.0004912 0.000491199
6430 0.000509924 0.000509924
6440 0.000531416 0.000531416
6450 0.00055675 0.00055675
6460 0.000587829 0.000587829
6470 0.000628522 0.000628522
6480 0.00068807 0.00068807
6490 0.00069561 0.00069561
6500 0.000396391 0.000396391
6510 2.1369e-05 2.1369e-05
