0 0 0
10 0.695197 1.07241e-11
20 0.383081 1.41503e-10
30 0.221158 6.61657e-10
40 0.145062 1.99555e-09
50 0.107315 4.71423e-09
60 0.0851494 9.52741e-09
70 0.0706682 1.72756e-08
80 0.0604933 2.89227e-08
90 0.0529586 4.55484e-08
100 0.0471545 6.83415e-08
110 0.0425445 9.85928e-08
120 0.038793 1.37689e-07
130 0.0356792 1.87105e-07
140 0.0330521 2.48399e-07
150 0.0308049 3.23207e-07
160 0.0288601 4.13236e-07
170 0.0271599 5.20258e-07
180 0.0256603 6.46105e-07
190 0.0243274 7.92667e-07
200 0.0231343 9.61882e-07
210 0.0220598 1.15573e-06
220 0.0210868 1.37625e-06
230 0.0202011 1.62548e-06
240 0.0193913 1.90553e-06
250 0.0186476 2.21852e-06
260 0.0179621 2.5666e-06
270 0.017328 2.95192e-06
280 0.0167393 3.37668e-06
290 0.0161913 3.84307e-06
300 0.0156796 4.35329e-06
310 0.0152005 4.90956e-06
320 0.0147509 5.51409e-06
330 0.014328 6.1691e-06
340 0.0139292 6.87681e-06
350 0.0135525 7.63942e-06
360 0.0131959 8.45913e-06
370 0.0128578 9.33815e-06
380 0.0125367 1.02786e-05
390 0.0122311 1.12828e-05
400 0.01194 1.23527e-05
410 0.0116623 1.34905e-05
420 0.0113969 1.46984e-05
430 0.0111431 1.59784e-05
440 0.0109 1.73325e-05
450 0.010667 1.87629e-05
460 0.0104434 2.02715e-05
470 0.0102285 2.18603e-05
480 0.010022 2.35312e-05
490 0.00982334 2.52862e-05
500 0.00963203 2.71271e-05
510 0.0094477 2.90558e-05
520 0.00926998 3.10741e-05
530 0.00909854 3.31838e-05
540 0.00893308 3.53866e-05
550 0.0087733 3.76843e-05
560 0.00861895 4.00784e-05
570 0.0084698 4.25707e-05
580 0.00832561 4.51626e-05
590 0.00818619 4.78558e-05
600 0.00805134 5.06517e-05
610 0.0079209 5.35518e-05
620 0.0077947 5.65575e-05
630 0.00767258 5.96701e-05
640 0.00755442 6.28911e-05
650 0.00744007 6.62217e-05
660 0.00732941 6.96631e-05
670 0.00722234 7.32166e-05
680 0.00711873 7.68832e-05
690 0.00701851 8.06641e-05
700 0.00692155 8.45603e-05
710 0.00682779 8.85729e-05
720 0.00673713 9.27029e-05
730 0.00664949 9.69511e-05
740 0.00656481 0.000101319
750 0.006483 0.000105806
760 0.006404 0.000110414
770 0.00632774 0.000115144
780 0.00625416 0.000119996
790 0.00618321 0.00012497
800 0.00611482 0.000130069
810 0.00604893 0.000135291
820 0.00598551 0.000140638
830 0.00592449 0.00014611
840 0.00586582 0.000151708
850 0.00580946 0.000157432
860 0.00575536 0.000163282
870 0.00570347 0.000169258
880 0.00565375 0.000175362
890 0.00560616 0.000181592
900 0.00556065 0.00018795
910 0.00551718 0.000194436
920 0.00547571 0.000201049
930 0.0054362 0.00020779
940 0.00539861 0.000214658
950 0.0053629 0.000221654
960 0.00532904 0.000228778
970 0.00529698 0.00023603
980 0.00526668 0.000243409
990 0.00523811 0.000250915
1000 0.00521124 0.000258549
1010 0.00518602 0.000266309
1020 0.00516242 0.000274196
1030 0.0051404 0.00028221
1040 0.00511993 0.00029035
1050 0.00510097 0.000298615
1060 0.00508348 0.000307006
1070 0.00506744 0.000315522
1080 0.0050528 0.000324162
1090 0.00503954 0.000332927
1100 0.00502761 0.000341815
1110 0.00501699 0.000350825
1120 0.00500763 0.000359959
1130 0.00499951 0.000369214
1140 0.0049926 0.000378591
1150 0.00498685 0.000388088
1160 0.00498224 0.000397705
1170 0.00497872 0.000407441
1180 0.00497628 0.000417296
1190 0.00497488 0.000427269
1200 0.00497448 0.000437359
1210 0.00497505 0.000447565
1220 0.00497657 0.000457886
1230 0.00497899 0.000468322
1240 0.00498229 0.000478872
1250 0.00498644 0.000489535
1260 0.00499141 0.000500309
1270 0.00499716 0.000511195
1280 0.00500367 0.000522192
1290 0.00501091 0.000533297
1300 0.00501884 0.000544511
1310 0.00502744 0.000555832
1320 0.00503668 0.000567259
1330 0.00504652 0.000578792
1340 0.00505696 0.000590429
1350 0.00506794 0.000602169
1360 0.00507945 0.000614012
1370 0.00509147 0.000625955
1380 0.00510395 0.000637999
1390 0.00511689 0.000650142
1400 0.00513025 0.000662383
1410 0.005144 0.00067472
1420 0.00515812 0.000687154
1430 0.0051726 0.000699681
1440 0.00518739 0.000712303
1450 0.00520249 0.000725016
1460 0.00521786 0.000737821
1470 0.00523348 0.000750716
1480 0.00524934 0.000763699
1490 0.00526541 0.000776771
1500 0.00528167 0.000789928
1510 0.00529809 0.000803171
1520 0.00531467 0.000816498
1530 0.00533137 0.000829908
1540 0.00534818 0.0008434
1550 0.00536509 0.000856972
1560 0.00538207 0.000870623
1570 0.0053991 0.000884353
1580 0.00541617 0.000898159
1590 0.00543327 0.000912041
1600 0.00545037 0.000925997
1610 0.00546746 0.000940027
1620 0.00548452 0.000954128
1630 0.00550155 0.000968301
1640 0.00551852 0.000982542
1650 0.00553543 0.000996852
1660 0.00555226 0.00101123
1670 0.005569 0.00102567
1680 0.00558563 0.00104018
1690 0.00560215 0.00105475
1700 0.00561855 0.00106938
1710 0.0056348 0.00108408
1720 0.00565091 0.00109883
1730 0.00566687 0.00111364
1740 0.00568266 0.00112851
1750 0.00569828 0.00114343
1760 0.00571372 0.00115841
1770 0.00572897 0.00117345
1780 0.00574402 0.00118853
1790 0.00575887 0.00120367
1800 0.00577351 0.00121885
1810 0.00578793 0.00123409
1820 0.00580214 0.00124937
1830 0.00581612 0.0012647
1840 0.00582987 0.00128007
1850 0.00584338 0.00129549
1860 0.00585665 0.00131095
1870 0.00586969 0.00132645
1880 0.00588247 0.00134199
1890 0.00589501 0.00135757
1900 0.00590729 0.00137319
1910 0.00591933 0.00138884
1920 0.0059311 0.00140453
1930 0.00594262 0.00142025
1940 0.00595387 0.00143601
1950 0.00596487 0.0014518
1960 0.0059756 0.00146762
1970 0.00598607 0.00148346
1980 0.00599628 0.00149934
1990 0.00600622 0.00151524
2000 0.00601589 0.00153117
2010 0.00602531 0.00154712
2020 0.00603445 0.0015631
2030 0.00604334 0.0015791
2040 0.00605196 0.00159512
2050 0.00606032 0.00161116
2060 0.00606841 0.00162722
2070 0.00607625 0.0016433
2080 0.00608382 0.00165939
2090 0.00609114 0.0016755
2100 0.0060982 0.00169162
2110 0.006105 0.00170775
2120 0.00611154 0.0017239
2130 0.00611784 0.00174006
2140 0.00612388 0.00175622
2150 0.00612967 0.0017724
2160 0.00613521 0.00178858
2170 0.00614051 0.00180477
2180 0.00614556 0.00182096
2190 0.00615037 0.00183715
2200 0.00615494 0.00185335
2210 0.00615928 0.00186955
2220 0.00616337 0.00188575
2230 0.00616723 0.00190195
2240 0.00617086 0.00191814
2250 0.00617426 0.00193433
2260 0.00617743 0.00195052
2270 0.00618037 0.0019667
2280 0.00618309 0.00198287
2290 0.00618559 0.00199904
2300 0.00618787 0.00201519
2310 0.00618993 0.00203134
2320 0.00619178 0.00204747
2330 0.00619341 0.00206359
2340 0.00619483 0.00207969
2350 0.00619604 0.00209578
2360 0.00619705 0.00211185
2370 0.00619785 0.00212791
2380 0.00619845 0.00214394
2390 0.00619885 0.00215995
2400 0.00619905 0.00217595
2410 0.00619905 0.00219191
2420 0.00619886 0.00220786
2430 0.00619848 0.00222378
2440 0.00619791 0.00223967
2450 0.00619715 0.00225553
2460 0.0061962 0.00227137
2470 0.00619506 0.00228717
2480 0.00619375 0.00230294
2490 0.00619225 0.00231868
2500 0.00619057 0.00233438
2510 0.00618872 0.00235005
2520 0.00618669 0.00236568
2530 0.00618449 0.00238127
2540 0.00618211 0.00239682
2550 0.00617956 0.00241233
2560 0.00617685 0.0024278
2570 0.00617396 0.00244322
2580 0.00617092 0.0024586
2590 0.0061677 0.00247393
2600 0.00616433 0.00248922
2610 0.00616079 0.00250445
2620 0.0061571 0.00251963
2630 0.00615324 0.00253476
2640 0.00614923 0.00254984
2650 0.00614507 0.00256487
2660 0.00614075 0.00257983
2670 0.00613628 0.00259474
2680 0.00613166 0.00260959
2690 0.00612689 0.00262438
2700 0.00612197 0.00263911
2710 0.0061169 0.00265377
2720 0.00611169 0.00266837
2730 0.00610633 0.0026829
2740 0.00610084 0.00269737
2750 0.0060952 0.00271176
2760 0.00608942 0.00272609
2770 0.0060835 0.00274034
2780 0.00607744 0.00275452
2790 0.00607124 0.00276863
2800 0.00606491 0.00278265
2810 0.00605845 0.0027966
2820 0.00605185 0.00281047
2830 0.00604512 0.00282426
2840 0.00603825 0.00283797
2850 0.00603126 0.00285159
2860 0.00602414 0.00286513
2870 0.00601689 0.00287858
2880 0.00600951 0.00289195
2890 0.00600201 0.00290522
2900 0.00599438 0.0029184
2910 0.00598663 0.00293149
2920 0.00597875 0.00294448
2930 0.00597075 0.00295738
2940 0.00596263 0.00297018
2950 0.00595439 0.00298288
2960 0.00594603 0.00299549
2970 0.00593755 0.00300798
2980 0.00592895 0.00302038
2990 0.00592024 0.00303267
3000 0.0059114 0.00304486
3010 0.00590246 0.00305693
3020 0.0058934 0.0030689
3030 0.00588422 0.00308076
3040 0.00587493 0.0030925
3050 0.00586553 0.00310413
3060 0.00585602 0.00311565
3070 0.0058464 0.00312704
3080 0.00583666 0.00313832
3090 0.00582682 0.00314948
3100 0.00581687 0.00316052
3110 0.00580681 0.00317143
3120 0.00579664 0.00318222
3130 0.00578636 0.00319289
3140 0.00577598 0.00320342
3150 0.00576549 0.00321383
3160 0.0057549 0.00322411
3170 0.0057442 0.00323425
3180 0.00573339 0.00324427
3190 0.00572249 0.00325414
3200 0.00571147 0.00326388
3210 0.00570036 0.00327349
3220 0.00568914 0.00328295
3230 0.00567782 0.00329227
3240 0.0056664 0.00330145
3250 0.00565488 0.00331049
3260 0.00564326 0.00331938
3270 0.00563153 0.00332812
3280 0.00561971 0.00333672
3290 0.00560778 0.00334517
3300 0.00559576 0.00335346
3310 0.00558363 0.00336161
3320 0.00557141 0.0033696
3330 0.00555908 0.00337743
3340 0.00554666 0.00338511
3350 0.00553414 0.00339263
3360 0.00552151 0.00339999
3370 0.00550879 0.00340718
3380 0.00549597 0.00341422
3390 0.00548305 0.00342109
3400 0.00547003 0.00342779
3410 0.00545692 0.00343433
3420 0.0054437 0.0034407
3430 0.00543038 0.0034469
3440 0.00541697 0.00345293
3450 0.00540345 0.00345878
3460 0.00538983 0.00346446
3470 0.00537612 0.00346996
3480 0.0053623 0.00347529
3490 0.00534838 0.00348043
3500 0.00533437 0.0034854
3510 0.00532025 0.00349018
3520 0.00530602 0.00349478
3530 0.0052917 0.0034992
3540 0.00527727 0.00350342
3550 0.00526274 0.00350746
3560 0.00524811 0.00351131
3570 0.00523337 0.00351497
3580 0.00521852 0.00351843
3590 0.00520357 0.00352169
3600 0.00518851 0.00352476
3610 0.00517334 0.00352764
3620 0.00515807 0.00353031
3630 0.00514268 0.00353278
3640 0.00512719 0.00353504
3650 0.00511158 0.0035371
3660 0.00509587 0.00353896
3670 0.00508003 0.0035406
3680 0.00506409 0.00354203
3690 0.00504802 0.00354325
3700 0.00503185 0.00354425
3710 0.00501555 0.00354504
3720 0.00499913 0.00354561
3730 0.00498259 0.00354596
3740 0.00496593 0.00354608
3750 0.00494915 0.00354598
3760 0.00493224 0.00354566
3770 0.0049152 0.0035451
3780 0.00489804 0.00354431
3790 0.00488074 0.00354329
3800 0.00486332 0.00354204
3810 0.00484575 0.00354054
3820 0.00482806 0.00353881
3830 0.00481022 0.00353683
3840 0.00479225 0.00353461
3850 0.00477414 0.00353214
3860 0.00475588 0.00352943
3870 0.00473747 0.00352646
3880 0.00471892 0.00352323
3890 0.00470022 0.00351975
3900 0.00468137 0.00351601
3910 0.00466236 0.00351201
3920 0.00464319 0.00350774
3930 0.00462387 0.0035032
3940 0.00460438 0.0034984
3950 0.00458473 0.00349332
3960 0.00456492 0.00348797
3970 0.00454493 0.00348234
3980 0.00452478 0.00347642
3990 0.00450445 0.00347023
4000 0.00448394 0.00346375
4010 0.00446325 0.00345698
4020 0.00444238 0.00344991
4030 0.00442133 0.00344256
4040 0.00440009 0.0034349
4050 0.00437866 0.00342695
4060 0.00435703 0.00341869
4070 0.00433521 0.00341013
4080 0.0043132 0.00340125
4090 0.00429098 0.00339207
4100 0.00426856 0.00338257
4110 0.00424593 0.00337276
4120 0.00422309 0.00336263
4130 0.00420004 0.00335217
4140 0.00417678 0.00334139
4150 0.0041533 0.00333029
4160 0.0041296 0.00331885
4170 0.00410568 0.00330709
4180 0.00408154 0.00329499
4190 0.00405717 0.00328255
4200 0.00403257 0.00326977
4210 0.00400774 0.00325666
4220 0.00398268 0.0032432
4230 0.00395739 0.0032294
4240 0.00393186 0.00321526
4250 0.00390609 0.00320076
4260 0.00388008 0.00318592
4270 0.00385383 0.00317073
4280 0.00382734 0.00315519
4290 0.00380061 0.0031393
4300 0.00377364 0.00312306
4310 0.00374642 0.00310646
4320 0.00371896 0.00308951
4330 0.00369125 0.00307221
4340 0.0036633 0.00305456
4350 0.0036351 0.00303655
4360 0.00360666 0.00301819
4370 0.00357797 0.00299949
4380 0.00354905 0.00298043
4390 0.00351988 0.00296103
4400 0.00349047 0.00294128
4410 0.00346082 0.00292118
4420 0.00343094 0.00290075
4430 0.00340083 0.00287997
4440 0.00337048 0.00285886
4450 0.00333991 0.00283742
4460 0.00330911 0.00281565
4470 0.0032781 0.00279356
4480 0.00324686 0.00277114
4490 0.00321541 0.00274841
4500 0.00318376 0.00272537
4510 0.0031519 0.00270202
4520 0.00311985 0.00267837
4530 0.0030876 0.00265443
4540 0.00305517 0.0026302
4550 0.00302257 0.0026057
4560 0.00298978 0.00258092
4570 0.00295684 0.00255587
4580 0.00292374 0.00253057
4590 0.00289048 0.00250502
4600 0.00285709 0.00247922
4610 0.00282356 0.0024532
4620 0.00278991 0.00242696
4630 0.00275615 0.0024005
4640 0.00272228 0.00237384
4650 0.00268832 0.00234699
4660 0.00265427 0.00231995
4670 0.00262014 0.00229275
4680 0.00258595 0.00226538
4690 0.00255171 0.00223787
4700 0.00251742 0.00221022
4710 0.00248311 0.00218244
4720 0.00244877 0.00215455
4730 0.00241443 0.00212657
4740 0.00238009 0.00209849
4750 0.00234577 0.00207033
4760 0.00231147 0.00204212
4770 0.00227722 0.00201385
4780 0.00224301 0.00198555
4790 0.00220888 0.00195722
4800 0.00217482 0.00192887
4810 0.00214084 0.00190053
4820 0.00210698 0.00187221
4830 0.00207322 0.00184391
4840 0.00203959 0.00181564
4850 0.0020061 0.00178744
4860 0.00197276 0.00175929
4870 0.00193959 0.00173123
4880 0.00190659 0.00170326
4890 0.00187377 0.00167538
4900 0.00184115 0.00164763
4910 0.00180875 0.00162
4920 0.00177656 0.00159251
4930 0.0017446 0.00156517
4940 0.00171289 0.00153799
4950 0.00168143 0.00151098
4960 0.00165023 0.00148416
4970 0.0016193 0.00145753
4980 0.00158865 0.00143111
4990 0.0015583 0.00140489
5000 0.00152824 0.00137891
5010 0.0014985 0.00135315
5020 0.00146907 0.00132764
5030 0.00143996 0.00130237
5040 0.00141119 0.00127737
5050 0.00138275 0.00125262
5060 0.00135466 0.00122816
5070 0.00132692 0.00120397
5080 0.00129954 0.00118007
5090 0.00127252 0.00115646
5100 0.00124587 0.00113315
5110 0.00121959 0.00111015
5120 0.00119369 0.00108745
5130 0.00116816 0.00106507
5140 0.00114303 0.001043
5150 0.00111828 0.00102126
5160 0.00109392 0.000999848
5170 0.00106996 0.000978762
5180 0.00104639 0.000958008
5190 0.00102321 0.000937588
5200 0.00100044 0.000917504
5210 0.000978063 0.000897759
5220 0.000956088 0.000878354
5230 0.000934513 0.00085929
5240 0.000913339 0.000840568
5250 0.000892566 0.000822189
5260 0.000872192 0.000804153
5270 0.000852218 0.000786459
5280 0.000832641 0.000769108
5290 0.000813462 0.000752099
5300 0.000794678 0.000735432
5310 0.000776287 0.000719104
5320 0.000758289 0.000703116
5330 0.000740679 0.000687466
5340 0.000723457 0.000672152
5350 0.000706618 0.000657172
5360 0.000690162 0.000642524
5370 0.000674084 0.000628206
5380 0.000658382 0.000614216
5390 0.000643052 0.000600552
5400 0.00062809 0.000587209
5410 0.000613495 0.000574187
5420 0.000599261 0.000561482
5430 0.000585385 0.000549091
5440 0.000571863 0.000537011
5450 0.000558692 0.000525239
5460 0.000545866 0.000513772
5470 0.000533384 0.000502605
5480 0.000521239 0.000491737
5490 0.000509428 0.000481164
5500 0.000497947 0.000470881
5510 0.000486792 0.000460886
5520 0.000475957 0.000451176
5530 0.00046544 0.000441746
5540 0.000455236 0.000432592
5550 0.000445339 0.000423713
5560 0.000435747 0.000415103
5570 0.000426455 0.00040676
5580 0.000417459 0.000398679
5590 0.000408753 0.000390858
5600 0.000400335 0.000383292
5610 0.000392199 0.000375979
5620 0.000384342 0.000368914
5630 0.00037676 0.000362095
5640 0.000369449 0.000355517
5650 0.000362403 0.000349179
5660 0.000355621 0.000343076
5670 0.000349097 0.000337204
5680 0.000342827 0.000331562
5690 0.000336809 0.000326146
5700 0.000331038 0.000320952
5710 0.00032551 0.000315979
5720 0.000320222 0.000311222
5730 0.000315171 0.000306679
5740 0.000310353 0.000302347
5750 0.000305765 0.000298224
5760 0.000301403 0.000294306
5770 0.000297265 0.000290592
5780 0.000293347 0.000287079
5790 0.000289646 0.000283764
5800 0.00028616 0.000280645
5810 0.000282885 0.000277721
5820 0.00027982 0.000274988
5830 0.00027696 0.000272445
5840 0.000274305 0.00027009
5850 0.000271851 0.000267921
5860 0.000269596 0.000265936
5870 0.000267538 0.000264134
5880 0.000265676 0.000262513
5890 0.000264006 0.000261072
5900 0.000262528 0.00025981
5910 0.000261239 0.000258725
5920 0.000260139 0.000257816
5930 0.000259225 0.000257082
5940 0.000258497 0.000256523
5950 0.000257952 0.000256138
5960 0.000257592 0.000255926
5970 0.000257413 0.000255886
5980 0.000257416 0.00025602
5990 0.000257601 0.000256326
6000 0.000257966 0.000256804
6010 0.000258511 0.000257455
6020 0.000259238 0.000258279
6030 0.000260145 0.000259277
6040 0.000261233 0.000260449
6050 0.000262504 0.000261797
6060 0.000263956 0.000263321
6070 0.000265593 0.000265024
6080 0.000267415 0.000266906
6090 0.000269424 0.00026897
6100 0.000271621 0.000271218
6110 0.00027401 0.000273652
6120 0.000276592 0.000276277
6130 0.000279371 0.000279094
6140 0.00028235 0.000282107
6150 0.000285534 0.000285322
6160 0.000288926 0.000288742
6170 0.000292533 0.000292373
6180 0.000296359 0.000296222
6190 0.000300411 0.000300294
6200 0.000304697 0.000304597
6210 0.000309225 0.00030914
6220 0.000314003 0.000313932
6230 0.000319044 0.000318984
6240 0.000324358 0.000324308
6250 0.000329959 0.000329918
6260 0.000335864 0.00033583
6270 0.000342089 0.000342062
6280 0.000348655 0.000348633
6290 0.000355586 0.000355569
6300 0.000362909 0.000362896
6310 0.000370657 0.000370647
6320 0.000378868 0.00037886
6330 0.000387586 0.00038758
6340 0.000396867 0.000396862
6350 0.000406775 0.000406772
6360 0.000417392 0.00041739
6370 0.00042882 0.000428819
6380 0.000441188 0.000441187
6390 0.000454662 0.000454661
6400 0.000469467 0.000469466
6410 0.000485908 0.000485908
6420 0.000504427 0.000504427
6430 0.000525681 0.000525681
6440 0.000550734 0.000550734
6450 0.000581464 0.000581464
6460 0.000621686 0.000621686
6470 0.000680496 0.000680496
6480 0.000687709 0.000687709
6490 0.000391809 0.000391809
6500 2.15069e-05 2.15069e-05
