0 0 0
10 0.695246 1.04004e-11
20 0.383286 1.37231e-10
30 0.22126 6.41678e-10
40 0.145115 1.93528e-09
50 0.107347 4.57182e-09
60 0.0851714 9.23955e-09
70 0.0706845 1.67536e-08
80 0.0605061 2.80485e-08
90 0.0529691 4.41714e-08
100 0.0471635 6.6275e-08
110 0.0425525 9.5611e-08
120 0.0388004 1.33524e-07
130 0.0356863 1.81443e-07
140 0.0330591 2.40882e-07
150 0.0308121 3.13424e-07
160 0.0288676 4.00725e-07
170 0.0271678 5.04503e-07
180 0.0256687 6.26536e-07
190 0.0243363 7.68654e-07
200 0.023144 9.32737e-07
210 0.0220703 1.12071e-06
220 0.021098 1.33453e-06
230 0.0202132 1.5762e-06
240 0.0194042 1.84775e-06
250 0.0186614 2.15123e-06
260 0.0179768 2.48873e-06
270 0.0173436 2.86235e-06
280 0.0167558 3.27419e-06
290 0.0162087 3.7264e-06
300 0.0156979 4.2211e-06
310 0.0152197 4.76045e-06
320 0.0147709 5.34658e-06
330 0.0143488 5.98165e-06
340 0.0139508 6.66781e-06
350 0.0135749 7.4072e-06
360 0.013219 8.20194e-06
370 0.0128816 9.05416e-06
380 0.0125611 9.96598e-06
390 0.0122561 1.09395e-05
400 0.0119656 1.19768e-05
410 0.0116883 1.30799e-05
420 0.0114234 1.42509e-05
430 0.01117 1.54918e-05
440 0.0109273 1.68046e-05
450 0.0106946 1.81913e-05
460 0.0104712 1.96538e-05
470 0.0102566 2.1194e-05
480 0.0100503 2.28138e-05
490 0.00985166 2.45151e-05
500 0.00966039 2.62997e-05
510 0.00947605 2.81694e-05
520 0.00929827 3.01259e-05
530 0.00912671 3.2171e-05
540 0.00896107 3.43064e-05
550 0.00880107 3.65336e-05
560 0.00864645 3.88543e-05
570 0.00849696 4.12702e-05
580 0.0083524 4.37826e-05
590 0.00821254 4.63931e-05
600 0.00807722 4.91032e-05
610 0.00794624 5.19143e-05
620 0.00781946 5.48277e-05
630 0.00769671 5.78447e-05
640 0.00757787 6.09667e-05
650 0.0074628 6.41949e-05
660 0.00735138 6.75305e-05
670 0.00724349 7.09746e-05
680 0.00713904 7.45283e-05
690 0.00703791 7.81928e-05
700 0.00694002 8.19691e-05
710 0.00684528 8.58581e-05
720 0.00675361 8.98608e-05
730 0.00666492 9.3978e-05
740 0.00657915 9.82107e-05
750 0.00649622 0.00010256
760 0.00641606 0.000107026
770 0.00633861 0.000111609
780 0.00626382 0.000116311
790 0.00619161 0.000121132
800 0.00612194 0.000126073
810 0.00605476 0.000131134
820 0.00599 0.000136316
830 0.00592762 0.000141619
840 0.00586757 0.000147043
850 0.0058098 0.000152589
860 0.00575427 0.000158258
870 0.00570094 0.00016405
880 0.00564976 0.000169964
890 0.00560068 0.000176001
900 0.00555367 0.000182162
910 0.00550868 0.000188446
920 0.00546568 0.000194854
930 0.00542463 0.000201385
940 0.00538549 0.00020804
950 0.00534821 0.000214819
960 0.00531276 0.000221722
970 0.00527912 0.000228748
980 0.00524722 0.000235897
990 0.00521705 0.00024317
1000 0.00518857 0.000250565
1010 0.00516174 0.000258084
1020 0.00513652 0.000265725
1030 0.00511288 0.000273489
1040 0.00509078 0.000281375
1050 0.0050702 0.000289382
1060 0.00505109 0.000297511
1070 0.00503342 0.000305761
1080 0.00501716 0.000314132
1090 0.00500227 0.000322622
1100 0.00498873 0.000331232
1110 0.00497649 0.000339961
1120 0.00496553 0.000348808
1130 0.0049558 0.000357774
1140 0.00494729 0.000366857
1150 0.00493994 0.000376056
1160 0.00493375 0.000385371
1170 0.00492866 0.000394802
1180 0.00492465 0.000404348
1190 0.00492169 0.000414008
1200 0.00491974 0.00042378
1210 0.00491878 0.000433665
1220 0.00491877 0.000443662
1230 0.00491969 0.00045377
1240 0.00492149 0.000463988
1250 0.00492415 0.000474315
1260 0.00492765 0.00048475
1270 0.00493195 0.000495293
1280 0.00493701 0.000505943
1290 0.00494282 0.000516698
1300 0.00494935 0.000527557
1310 0.00495656 0.000538521
1320 0.00496442 0.000549587
1330 0.00497291 0.000560756
1340 0.004982 0.000572025
1350 0.00499167 0.000583393
1360 0.00500188 0.000594861
1370 0.00501262 0.000606426
1380 0.00502384 0.000618089
1390 0.00503554 0.000629847
1400 0.00504768 0.000641699
1410 0.00506023 0.000653645
1420 0.00507318 0.000665684
1430 0.0050865 0.000677814
1440 0.00510016 0.000690034
1450 0.00511415 0.000702343
1460 0.00512843 0.00071474
1470 0.005143 0.000727225
1480 0.00515781 0.000739795
1490 0.00517287 0.000752449
1500 0.00518813 0.000765188
1510 0.00520359 0.000778008
1520 0.00521922 0.00079091
1530 0.00523501 0.000803891
1540 0.00525093 0.000816952
1550 0.00526697 0.00083009
1560 0.0052831 0.000843305
1570 0.00529932 0.000856595
1580 0.0053156 0.000869959
1590 0.00533193 0.000883396
1600 0.00534829 0.000896905
1610 0.00536466 0.000910485
1620 0.00538104 0.000924134
1630 0.00539741 0.000937851
1640 0.00541374 0.000951635
1650 0.00543004 0.000965484
1660 0.00544629 0.000979399
1670 0.00546247 0.000993377
1680 0.00547857 0.00100742
1690 0.00549458 0.00102152
1700 0.00551049 0.00103568
1710 0.0055263 0.0010499
1720 0.00554198 0.00106418
1730 0.00555753 0.00107851
1740 0.00557295 0.0010929
1750 0.00558821 0.00110734
1760 0.00560333 0.00112183
1770 0.00561827 0.00113638
1780 0.00563305 0.00115098
1790 0.00564765 0.00116562
1800 0.00566206 0.00118032
1810 0.00567629 0.00119506
1820 0.00569032 0.00120984
1830 0.00570414 0.00122467
1840 0.00571776 0.00123954
1850 0.00573117 0.00125446
1860 0.00574436 0.00126942
1870 0.00575734 0.00128441
1880 0.00577009 0.00129945
1890 0.00578261 0.00131452
1900 0.00579491 0.00132962
1910 0.00580697 0.00134477
1920 0.0058188 0.00135994
1930 0.00583039 0.00137515
1940 0.00584174 0.00139039
1950 0.00585285 0.00140566
1960 0.00586373 0.00142097
1970 0.00587435 0.00143629
1980 0.00588474 0.00145165
1990 0.00589488 0.00146703
2000 0.00590477 0.00148244
2010 0.00591442 0.00149786
2020 0.00592382 0.00151332
2030 0.00593298 0.00152879
2040 0.00594189 0.00154428
2050 0.00595056 0.00155979
2060 0.00595898 0.00157532
2070 0.00596715 0.00159087
2080 0.00597509 0.00160643
2090 0.00598278 0.00162201
2100 0.00599022 0.00163759
2110 0.00599743 0.0016532
2120 0.0060044 0.00166881
2130 0.00601113 0.00168443
2140 0.00601762 0.00170006
2150 0.00602387 0.0017157
2160 0.00602989 0.00173134
2170 0.00603568 0.00174699
2180 0.00604124 0.00176265
2190 0.00604656 0.00177831
2200 0.00605166 0.00179397
2210 0.00605653 0.00180963
2220 0.00606117 0.00182528
2230 0.00606559 0.00184094
2240 0.00606979 0.0018566
2250 0.00607377 0.00187225
2260 0.00607753 0.0018879
2270 0.00608107 0.00190354
2280 0.0060844 0.00191917
2290 0.00608752 0.0019348
2300 0.00609042 0.00195041
2310 0.00609312 0.00196601
2320 0.00609561 0.00198161
2330 0.00609789 0.00199719
2340 0.00609997 0.00201275
2350 0.00610184 0.0020283
2360 0.00610352 0.00204383
2370 0.00610499 0.00205935
2380 0.00610627 0.00207485
2390 0.00610735 0.00209032
2400 0.00610825 0.00210578
2410 0.00610894 0.00212121
2420 0.00610945 0.00213662
2430 0.00610977 0.002152
2440 0.0061099 0.00216736
2450 0.00610985 0.00218269
2460 0.00610961 0.00219799
2470 0.00610919 0.00221326
2480 0.0061086 0.0022285
2490 0.00610782 0.00224371
2500 0.00610686 0.00225889
2510 0.00610573 0.00227402
2520 0.00610442 0.00228913
2530 0.00610294 0.00230419
2540 0.00610129 0.00231922
2550 0.00609947 0.00233421
2560 0.00609748 0.00234916
2570 0.00609532 0.00236406
2580 0.00609299 0.00237892
2590 0.0060905 0.00239374
2600 0.00608785 0.00240851
2610 0.00608503 0.00242323
2620 0.00608206 0.0024379
2630 0.00607892 0.00245252
2640 0.00607562 0.00246709
2650 0.00607217 0.00248161
2660 0.00606856 0.00249607
2670 0.0060648 0.00251048
2680 0.00606088 0.00252483
2690 0.00605681 0.00253913
2700 0.00605259 0.00255336
2710 0.00604821 0.00256753
2720 0.00604369 0.00258164
2730 0.00603902 0.00259569
2740 0.0060342 0.00260967
2750 0.00602924 0.00262359
2760 0.00602413 0.00263744
2770 0.00601888 0.00265121
2780 0.00601348 0.00266492
2790 0.00600795 0.00267856
2800 0.00600227 0.00269212
2810 0.00599645 0.00270561
2820 0.00599049 0.00271902
2830 0.00598439 0.00273236
2840 0.00597816 0.00274562
2850 0.00597179 0.00275879
2860 0.00596529 0.00277189
2870 0.00595865 0.0027849
2880 0.00595188 0.00279783
2890 0.00594497 0.00281067
2900 0.00593794 0.00282343
2910 0.00593077 0.00283609
2920 0.00592348 0.00284867
2930 0.00591605 0.00286116
2940 0.0059085 0.00287355
2950 0.00590082 0.00288585
2960 0.00589301 0.00289805
2970 0.00588508 0.00291016
2980 0.00587703 0.00292217
2990 0.00586885 0.00293408
3000 0.00586054 0.00294589
3010 0.00585212 0.00295759
3020 0.00584357 0.0029692
3030 0.00583491 0.00298069
3040 0.00582612 0.00299209
3050 0.00581722 0.00300337
3060 0.00580819 0.00301454
3070 0.00579905 0.00302561
3080 0.0057898 0.00303656
3090 0.00578043 0.0030474
3100 0.00577094 0.00305813
3110 0.00576134 0.00306874
3120 0.00575162 0.00307923
3130 0.00574179 0.0030896
3140 0.00573185 0.00309986
3150 0.0057218 0.00310999
3160 0.00571164 0.00312
3170 0.00570137 0.00312989
3180 0.00569099 0.00313965
3190 0.0056805 0.00314929
3200 0.0056699 0.0031588
3210 0.0056592 0.00316818
3220 0.00564838 0.00317743
3230 0.00563747 0.00318655
3240 0.00562644 0.00319553
3250 0.00561531 0.00320439
3260 0.00560408 0.0032131
3270 0.00559275 0.00322169
3280 0.00558131 0.00323013
3290 0.00556976 0.00323844
3300 0.00555812 0.0032466
3310 0.00554637 0.00325463
3320 0.00553453 0.00326251
3330 0.00552258 0.00327025
3340 0.00551053 0.00327784
3350 0.00549838 0.00328529
3360 0.00548613 0.00329259
3370 0.00547379 0.00329975
3380 0.00546134 0.00330675
3390 0.0054488 0.00331361
3400 0.00543616 0.00332031
3410 0.00542342 0.00332686
3420 0.00541059 0.00333326
3430 0.00539765 0.0033395
3440 0.00538462 0.00334558
3450 0.0053715 0.00335151
3460 0.00535828 0.00335728
3470 0.00534496 0.00336289
3480 0.00533155 0.00336834
3490 0.00531804 0.00337362
3500 0.00530443 0.00337874
3510 0.00529073 0.0033837
3520 0.00527694 0.0033885
3530 0.00526305 0.00339312
3540 0.00524906 0.00339758
3550 0.00523498 0.00340187
3560 0.0052208 0.00340599
3570 0.00520653 0.00340994
3580 0.00519216 0.00341372
3590 0.0051777 0.00341732
3600 0.00516314 0.00342075
3610 0.00514848 0.003424
3620 0.00513373 0.00342707
3630 0.00511888 0.00342997
3640 0.00510393 0.00343269
3650 0.00508889 0.00343522
3660 0.00507375 0.00343757
3670 0.00505851 0.00343974
3680 0.00504317 0.00344173
3690 0.00502773 0.00344352
3700 0.00501219 0.00344513
3710 0.00499655 0.00344655
3720 0.00498081 0.00344779
3730 0.00496497 0.00344882
3740 0.00494903 0.00344967
3750 0.00493298 0.00345032
3760 0.00491683 0.00345077
3770 0.00490058 0.00345103
3780 0.00488421 0.00345109
3790 0.00486775 0.00345094
3800 0.00485117 0.0034506
3810 0.00483448 0.00345005
3820 0.00481769 0.00344929
3830 0.00480078 0.00344833
3840 0.00478376 0.00344716
3850 0.00476663 0.00344578
3860 0.00474938 0.00344418
3870 0.00473201 0.00344237
3880 0.00471453 0.00344034
3890 0.00469693 0.0034381
3900 0.00467921 0.00343563
3910 0.00466136 0.00343295
3920 0.0046434 0.00343004
3930 0.0046253 0.0034269
3940 0.00460708 0.00342354
3950 0.00458873 0.00341994
3960 0.00457025 0.00341612
3970 0.00455163 0.00341206
3980 0.00453288 0.00340776
3990 0.004514 0.00340322
4000 0.00449497 0.00339844
4010 0.0044758 0.00339342
4020 0.0044565 0.00338816
4030 0.00443704 0.00338264
4040 0.00441744 0.00337688
4050 0.00439769 0.00337086
4060 0.00437779 0.00336459
4070 0.00435773 0.00335805
4080 0.00433752 0.00335126
4090 0.00431715 0.00334421
4100 0.00429661 0.00333689
4110 0.00427592 0.00332931
4120 0.00425505 0.00332145
4130 0.00423402 0.00331332
4140 0.00421282 0.00330492
4150 0.00419144 0.00329624
4160 0.00416989 0.00328727
4170 0.00414816 0.00327803
4180 0.00412625 0.0032685
4190 0.00410416 0.00325868
4200 0.00408188 0.00324857
4210 0.00405941 0.00323817
4220 0.00403675 0.00322748
4230 0.0040139 0.00321648
4240 0.00399085 0.00320519
4250 0.0039676 0.0031936
4260 0.00394416 0.0031817
4270 0.00392051 0.00316949
4280 0.00389666 0.00315698
4290 0.0038726 0.00314416
4300 0.00384833 0.00313102
4310 0.00382386 0.00311757
4320 0.00379917 0.00310381
4330 0.00377427 0.00308972
4340 0.00374915 0.00307532
4350 0.00372381 0.0030606
4360 0.00369826 0.00304556
4370 0.00367249 0.00303019
4380 0.0036465 0.00301451
4390 0.00362028 0.0029985
4400 0.00359385 0.00298216
4410 0.00356719 0.0029655
4420 0.00354031 0.00294852
4430 0.00351321 0.00293121
4440 0.00348588 0.00291358
4450 0.00345834 0.00289562
4460 0.00343057 0.00287734
4470 0.00340258 0.00285874
4480 0.00337437 0.00283982
4490 0.00334594 0.00282058
4500 0.0033173 0.00280103
4510 0.00328844 0.00278115
4520 0.00325936 0.00276097
4530 0.00323008 0.00274047
4540 0.00320059 0.00271967
4550 0.00317089 0.00269857
4560 0.00314099 0.00267716
4570 0.0031109 0.00265546
4580 0.00308061 0.00263346
4590 0.00305013 0.00261118
4600 0.00301946 0.00258862
4610 0.00298861 0.00256578
4620 0.00295759 0.00254267
4630 0.00292641 0.00251929
4640 0.00289505 0.00249566
4650 0.00286354 0.00247177
4660 0.00283188 0.00244763
4670 0.00280008 0.00242326
4680 0.00276814 0.00239866
4690 0.00273607 0.00237383
4700 0.00270388 0.00234879
4710 0.00267158 0.00232355
4720 0.00263917 0.00229811
4730 0.00260667 0.00227248
4740 0.00257408 0.00224667
4750 0.00254142 0.0022207
4760 0.00250869 0.00219456
4770 0.0024759 0.00216828
4780 0.00244307 0.00214187
4790 0.0024102 0.00211533
4800 0.0023773 0.00208867
4810 0.00234439 0.00206191
4820 0.00231147 0.00203505
4830 0.00227856 0.00200812
4840 0.00224567 0.00198112
4850 0.00221281 0.00195406
4860 0.00217999 0.00192695
4870 0.00214723 0.00189982
4880 0.00211452 0.00187266
4890 0.0020819 0.00184549
4900 0.00204936 0.00181833
4910 0.00201692 0.00179119
4920 0.00198459 0.00176407
4930 0.00195239 0.00173699
4940 0.00192032 0.00170997
4950 0.00188839 0.00168301
4960 0.00185663 0.00165613
4970 0.00182503 0.00162934
4980 0.00179361 0.00160264
4990 0.00176239 0.00157607
5000 0.00173136 0.00154961
5010 0.00170055 0.00152329
5020 0.00166996 0.00149711
5030 0.0016396 0.0014711
5040 0.00160949 0.00144525
5050 0.00157963 0.00141957
5060 0.00155004 0.00139409
5070 0.00152071 0.0013688
5080 0.00149166 0.00134372
5090 0.00146291 0.00131886
5100 0.00143445 0.00129422
5110 0.00140629 0.00126982
5120 0.00137845 0.00124566
5130 0.00135093 0.00122174
5140 0.00132373 0.00119809
5150 0.00129687 0.0011747
5160 0.00127034 0.00115158
5170 0.00124416 0.00112873
5180 0.00121833 0.00110617
5190 0.00119286 0.00108391
5200 0.00116775 0.00106193
5210 0.001143 0.00104026
5220 0.00111861 0.00101889
5230 0.0010946 0.000997823
5240 0.00107097 0.000977073
5250 0.00104771 0.00095664
5260 0.00102483 0.000936525
5270 0.00100233 0.000916732
5280 0.000980219 0.000897264
5290 0.000958492 0.000878122
5300 0.000937151 0.000859309
5310 0.000916198 0.000840826
5320 0.000895632 0.000822675
5330 0.000875455 0.000804855
5340 0.000855665 0.000787368
5350 0.000836263 0.000770215
5360 0.000817248 0.000753395
5370 0.00079862 0.000736907
5380 0.000780376 0.000720753
5390 0.000762515 0.000704931
5400 0.000745037 0.000689439
5410 0.000727938 0.000674278
5420 0.000711218 0.000659446
5430 0.000694873 0.000644941
5440 0.000678902 0.000630761
5450 0.000663302 0.000616905
5460 0.00064807 0.000603371
5470 0.000633202 0.000590156
5480 0.000618697 0.000577258
5490 0.000604551 0.000564675
5500 0.00059076 0.000552405
5510 0.000577322 0.000540443
5520 0.000564232 0.000528788
5530 0.000551487 0.000517437
5540 0.000539084 0.000506387
5550 0.000527018 0.000495634
5560 0.000515285 0.000485176
5570 0.000503883 0.000475009
5580 0.000492806 0.000465131
5590 0.000482051 0.000455537
5600 0.000471614 0.000446224
5610 0.00046149 0.00043719
5620 0.000451677 0.000428431
5630 0.000442169 0.000419943
5640 0.000432962 0.000411723
5650 0.000424053 0.000403768
5660 0.000415437 0.000396074
5670 0.000407111 0.000388638
5680 0.000399069 0.000381456
5690 0.000391309 0.000374525
5700 0.000383827 0.000367842
5710 0.000376617 0.000361404
5720 0.000369677 0.000355207
5730 0.000363002 0.000349248
5740 0.000356589 0.000343524
5750 0.000350434 0.000338032
5760 0.000344533 0.000332769
5770 0.000338883 0.000327731
5780 0.000333479 0.000322915
5790 0.000328319 0.00031832
5800 0.000323398 0.000313941
5810 0.000318714 0.000309777
5820 0.000314264 0.000305824
5830 0.000310043 0.000302079
5840 0.000306049 0.000298541
5850 0.000302278 0.000295207
5860 0.000298728 0.000292074
5870 0.000295396 0.00028914
5880 0.000292279 0.000286402
5890 0.000289374 0.000283859
5900 0.000286679 0.000281509
5910 0.000284191 0.000279349
5920 0.000281907 0.000277377
5930 0.000279825 0.000275592
5940 0.000277944 0.000273992
5950 0.00027626 0.000272576
5960 0.000274772 0.000271341
5970 0.000273478 0.000270287
5980 0.000272376 0.000269412
5990 0.000271465 0.000268715
6000 0.000270742 0.000268194
6010 0.000270207 0.00026785
6020 0.000269858 0.00026768
6030 0.000269694 0.000267685
6040 0.000269713 0.000267863
6050 0.000269916 0.000268215
6060 0.000270301 0.000268739
6070 0.000270867 0.000269436
6080 0.000271615 0.000270306
6090 0.000272543 0.000271348
6100 0.000273652 0.000272563
6110 0.000274942 0.000273952
6120 0.000276413 0.000275515
6130 0.000278065 0.000277252
6140 0.0002799 0.000279165
6150 0.000281918 0.000281256
6160 0.00028412 0.000283525
6170 0.000286507 0.000285974
6180 0.000289082 0.000288606
6190 0.000291847 0.000291422
6200 0.000294803 0.000294425
6210 0.000297954 0.000297619
6220 0.000301301 0.000301006
6230 0.00030485 0.000304591
6240 0.000308604 0.000308377
6250 0.000312568 0.000312369
6260 0.000316746 0.000316573
6270 0.000321144 0.000320994
6280 0.000325769 0.00032564
6290 0.000330627 0.000330517
6300 0.000335728 0.000335634
6310 0.00034108 0.000341
6320 0.000346693 0.000346626
6330 0.00035258 0.000352524
6340 0.000358754 0.000358707
6350 0.000365229 0.00036519
6360 0.000372023 0.000371991
6370 0.000379155 0.00037913
6380 0.000386649 0.000386628
6390 0.00039453 0.000394514
6400 0.000402829 0.000402816
6410 0.000411582 0.000411572
6420 0.00042083 0.000420823
6430 0.000430625 0.000430619
6440 0.000441026 0.000441022
6450 0.000452106 0.000452103
6460 0.000463956 0.000463954
6470 0.000476689 0.000476688
6480 0.000490449 0.000490448
6490 0.000505423 0.000505422
6500 0.00052186 0.00052186
6510 0.000540106 0.000540106
6520 0.000560652 0.000560652
6530 0.000584241 0.000584241
6540 0.00061207 0.00061207
6550 0.000646266 0.000646266
6560 0.000691173 0.000691173
6570 0.000757361 0.000757361
6580 0.000767735 0.000767735
6590 0.000438136 0.000438136
6600 2.01664e-05 2.01664e-05
