0 0 0
10 1.33234 1.55905e-11
20 0.338839 2.05569e-10
30 0.219569 9.60536e-10
40 0.16454 2.89487e-09
50 0.128464 6.83383e-09
60 0.102483 1.38011e-08
70 0.0834615 2.50068e-08
80 0.0696152 4.18359e-08
90 0.0595227 6.5837e-08
100 0.0519812 9.87113e-08
110 0.0461635 1.42303e-07
120 0.04155 1.98588e-07
130 0.0378067 2.69665e-07
140 0.0347109 3.57746e-07
150 0.0321088 4.65149e-07
160 0.0298916 5.94285e-07
170 0.0279796 7.47655e-07
180 0.0263137 9.27838e-07
190 0.0248491 1.13748e-06
200 0.0235509 1.37931e-06
210 0.0223921 1.65609e-06
220 0.0213508 1.97065e-06
230 0.0204098 2.32585e-06
240 0.0195549 2.72459e-06
250 0.0187745 3.16982e-06
260 0.0180589 3.6645e-06
270 0.0174001 4.21161e-06
280 0.0167913 4.81415e-06
290 0.0162268 5.47513e-06
300 0.0157018 6.19755e-06
310 0.0152119 6.98444e-06
320 0.0147536 7.8388e-06
330 0.0143238 8.76363e-06
340 0.0139197 9.76193e-06
350 0.013539 1.08367e-05
360 0.0131795 1.19908e-05
370 0.0128394 1.32272e-05
380 0.0125171 1.45489e-05
390 0.0122111 1.59587e-05
400 0.0119201 1.74595e-05
410 0.011643 1.9054e-05
420 0.0113788 2.0745e-05
430 0.0111265 2.25353e-05
440 0.0108853 2.44275e-05
450 0.0106545 2.64243e-05
460 0.0104334 2.85284e-05
470 0.0102213 3.07421e-05
480 0.0100178 3.30681e-05
490 0.00982234 3.55088e-05
500 0.00963442 3.80665e-05
510 0.00945367 4.07437e-05
520 0.00927969 4.35425e-05
530 0.00911214 4.64653e-05
540 0.0089507 4.95141e-05
550 0.00879508 5.26912e-05
560 0.00864501 5.59984e-05
570 0.00850025 5.94378e-05
580 0.00836056 6.30114e-05
590 0.00822575 6.6721e-05
600 0.00809561 7.05683e-05
610 0.00796996 7.45551e-05
620 0.00784864 7.86831e-05
630 0.0077315 8.29538e-05
640 0.00761838 8.73689e-05
650 0.00750917 9.19297e-05
660 0.00740372 9.66376e-05
670 0.00730192 0.000101494
680 0.00720367 0.0001065
690 0.00710885 0.000111657
700 0.00701738 0.000116967
710 0.00692915 0.000122429
720 0.00684409 0.000128046
730 0.00676211 0.000133818
740 0.00668314 0.000139745
750 0.00660709 0.00014583
760 0.0065339 0.000152072
770 0.0064635 0.000158473
780 0.00639583 0.000165032
790 0.00633082 0.000171751
800 0.00626842 0.000178629
810 0.00620856 0.000185668
820 0.00615119 0.000192868
830 0.00609627 0.000200229
840 0.00604372 0.000207751
850 0.00599351 0.000215434
860 0.00594559 0.00022328
870 0.00589991 0.000231287
880 0.00585641 0.000239455
890 0.00581506 0.000247785
900 0.00577581 0.000256277
910 0.00573861 0.000264931
920 0.00570342 0.000273745
930 0.0056702 0.000282721
940 0.00563891 0.000291857
950 0.00560951 0.000301154
960 0.00558194 0.00031061
970 0.00555618 0.000320226
980 0.00553218 0.000330001
990 0.00550991 0.000339934
1000 0.00548931 0.000350025
1010 0.00547036 0.000360274
1020 0.00545302 0.000370678
1030 0.00543724 0.000381239
1040 0.00542299 0.000391954
1050 0.00541023 0.000402824
1060 0.00539892 0.000413847
1070 0.00538903 0.000425022
1080 0.00538051 0.000436349
1090 0.00537334 0.000447826
1100 0.00536747 0.000459452
1110 0.00536286 0.000471227
1120 0.00535949 0.000483149
1130 0.00535731 0.000495218
1140 0.00535629 0.000507431
1150 0.00535639 0.000519788
1160 0.00535757 0.000532288
1170 0.00535982 0.000544929
1180 0.00536307 0.00055771
1190 0.00536731 0.00057063
1200 0.0053725 0.000583688
1210 0.0053786 0.000596881
1220 0.00538558 0.00061021
1230 0.00539341 0.000623671
1240 0.00540205 0.000637264
1250 0.00541147 0.000650988
1260 0.00542164 0.000664841
1270 0.00543252 0.000678821
1280 0.00544408 0.000692926
1290 0.0054563 0.000707157
1300 0.00546913 0.00072151
1310 0.00548256 0.000735984
1320 0.00549654 0.000750577
1330 0.00551106 0.000765289
1340 0.00552607 0.000780117
1350 0.00554155 0.00079506
1360 0.00555747 0.000810115
1370 0.00557381 0.000825282
1380 0.00559053 0.000840559
1390 0.0056076 0.000855944
1400 0.00562501 0.000871435
1410 0.00564272 0.000887031
1420 0.00566072 0.000902729
1430 0.00567896 0.000918529
1440 0.00569743 0.000934428
1450 0.00571611 0.000950424
1460 0.00573496 0.000966517
1470 0.00575397 0.000982703
1480 0.00577312 0.000998982
1490 0.00579238 0.00101535
1500 0.00581172 0.00103181
1510 0.00583114 0.00104836
1520 0.00585061 0.00106499
1530 0.0058701 0.0010817
1540 0.00588961 0.0010985
1550 0.0059091 0.00111537
1560 0.00592857 0.00113232
1570 0.005948 0.00114935
1580 0.00596736 0.00116646
1590 0.00598664 0.00118364
1600 0.00600583 0.00120088
1610 0.00602492 0.0012182
1620 0.00604387 0.00123559
1630 0.00606269 0.00125304
1640 0.00608136 0.00127055
1650 0.00609987 0.00128813
1660 0.0061182 0.00130576
1670 0.00613634 0.00132346
1680 0.00615428 0.00134121
1690 0.00617201 0.00135902
1700 0.00618952 0.00137687
1710 0.0062068 0.00139479
1720 0.00622384 0.00141275
1730 0.00624063 0.00143076
1740 0.00625717 0.00144881
1750 0.00627344 0.00146691
1760 0.00628945 0.00148505
1770 0.00630517 0.00150323
1780 0.00632062 0.00152146
1790 0.00633577 0.00153972
1800 0.00635063 0.00155801
1810 0.00636519 0.00157634
1820 0.00637944 0.0015947
1830 0.00639339 0.0016131
1840 0.00640703 0.00163152
1850 0.00642035 0.00164997
1860 0.00643335 0.00166845
1870 0.00644603 0.00168694
1880 0.00645839 0.00170547
1890 0.00647042 0.00172401
1900 0.00648213 0.00174257
1910 0.00649351 0.00176115
1920 0.00650456 0.00177975
1930 0.00651528 0.00179836
1940 0.00652567 0.00181698
1950 0.00653574 0.00183561
1960 0.00654547 0.00185426
1970 0.00655487 0.00187291
1980 0.00656394 0.00189157
1990 0.00657268 0.00191023
2000 0.0065811 0.00192889
2010 0.00658919 0.00194756
2020 0.00659695 0.00196623
2030 0.00660438 0.00198489
2040 0.0066115 0.00200355
2050 0.00661829 0.00202221
2060 0.00662477 0.00204086
2070 0.00663092 0.0020595
2080 0.00663677 0.00207814
2090 0.00664229 0.00209676
2100 0.00664751 0.00211537
2110 0.00665242 0.00213397
2120 0.00665702 0.00215255
2130 0.00666132 0.00217111
2140 0.00666532 0.00218966
2150 0.00666902 0.00220819
2160 0.00667242 0.00222669
2170 0.00667553 0.00224517
2180 0.00667835 0.00226363
2190 0.00668089 0.00228206
2200 0.00668314 0.00230046
2210 0.0066851 0.00231884
2220 0.00668679 0.00233718
2230 0.00668821 0.00235549
2240 0.00668935 0.00237377
2250 0.00669022 0.00239201
2260 0.00669082 0.00241022
2270 0.00669117 0.00242838
2280 0.00669125 0.00244651
2290 0.00669107 0.0024646
2300 0.00669064 0.00248264
2310 0.00668995 0.00250064
2320 0.00668902 0.0025186
2330 0.00668784 0.00253651
2340 0.00668642 0.00255436
2350 0.00668476 0.00257217
2360 0.00668286 0.00258993
2370 0.00668073 0.00260763
2380 0.00667836 0.00262528
2390 0.00667577 0.00264287
2400 0.00667295 0.00266041
2410 0.00666991 0.00267788
2420 0.00666664 0.00269529
2430 0.00666316 0.00271265
2440 0.00665947 0.00272993
2450 0.00665556 0.00274715
2460 0.00665145 0.00276431
2470 0.00664712 0.00278139
2480 0.00664259 0.0027984
2490 0.00663786 0.00281535
2500 0.00663293 0.00283221
2510 0.0066278 0.00284901
2520 0.00662248 0.00286572
2530 0.00661697 0.00288236
2540 0.00661126 0.00289892
2550 0.00660537 0.00291539
2560 0.00659929 0.00293179
2570 0.00659303 0.00294809
2580 0.00658658 0.00296431
2590 0.00657996 0.00298045
2600 0.00657316 0.00299649
2610 0.00656618 0.00301244
2620 0.00655904 0.00302829
2630 0.00655172 0.00304405
2640 0.00654423 0.00305972
2650 0.00653657 0.00307528
2660 0.00652875 0.00309075
2670 0.00652076 0.00310611
2680 0.00651261 0.00312137
2690 0.00650431 0.00313653
2700 0.00649584 0.00315157
2710 0.00648721 0.00316651
2720 0.00647843 0.00318133
2730 0.0064695 0.00319605
2740 0.00646041 0.00321065
2750 0.00645118 0.00322513
2760 0.00644179 0.00323949
2770 0.00643225 0.00325374
2780 0.00642257 0.00326786
2790 0.00641274 0.00328185
2800 0.00640277 0.00329573
2810 0.00639265 0.00330947
2820 0.00638239 0.00332309
2830 0.00637199 0.00333657
2840 0.00636145 0.00334992
2850 0.00635077 0.00336313
2860 0.00633995 0.00337621
2870 0.006329 0.00338915
2880 0.00631791 0.00340194
2890 0.00630668 0.0034146
2900 0.00629532 0.00342711
2910 0.00628382 0.00343947
2920 0.00627219 0.00345168
2930 0.00626043 0.00346374
2940 0.00624853 0.00347564
2950 0.00623651 0.0034874
2960 0.00622435 0.00349899
2970 0.00621206 0.00351042
2980 0.00619964 0.0035217
2990 0.00618709 0.0035328
3000 0.00617441 0.00354375
3010 0.00616161 0.00355452
3020 0.00614867 0.00356512
3030 0.0061356 0.00357555
3040 0.00612241 0.00358581
3050 0.00610908 0.00359589
3060 0.00609563 0.00360579
3070 0.00608205 0.0036155
3080 0.00606834 0.00362504
3090 0.0060545 0.00363439
3100 0.00604053 0.00364354
3110 0.00602643 0.00365251
3120 0.0060122 0.00366129
3130 0.00599784 0.00366987
3140 0.00598335 0.00367825
3150 0.00596873 0.00368643
3160 0.00595397 0.00369441
3170 0.00593909 0.00370218
3180 0.00592407 0.00370975
3190 0.00590892 0.0037171
3200 0.00589363 0.00372424
3210 0.00587821 0.00373117
3220 0.00586265 0.00373788
3230 0.00584696 0.00374436
3240 0.00583113 0.00375063
3250 0.00581515 0.00375667
3260 0.00579904 0.00376248
3270 0.00578279 0.00376806
3280 0.0057664 0.0037734
3290 0.00574986 0.00377851
3300 0.00573318 0.00378338
3310 0.00571635 0.003788
3320 0.00569937 0.00379238
3330 0.00568225 0.00379652
3340 0.00566497 0.0038004
3350 0.00564754 0.00380403
3360 0.00562996 0.0038074
3370 0.00561222 0.00381051
3380 0.00559433 0.00381336
3390 0.00557627 0.00381594
3400 0.00555806 0.00381825
3410 0.00553968 0.00382029
3420 0.00552114 0.00382206
3430 0.00550243 0.00382355
3440 0.00548355 0.00382475
3450 0.0054645 0.00382568
3460 0.00544527 0.00382631
3470 0.00542587 0.00382665
3480 0.00540629 0.0038267
3490 0.00538653 0.00382645
3500 0.00536659 0.00382589
3510 0.00534646 0.00382504
3520 0.00532614 0.00382387
3530 0.00530563 0.00382239
3540 0.00528493 0.0038206
3550 0.00526403 0.00381849
3560 0.00524294 0.00381606
3570 0.00522164 0.0038133
3580 0.00520014 0.00381022
3590 0.00517843 0.0038068
3600 0.00515651 0.00380304
3610 0.00513438 0.00379895
3620 0.00511203 0.00379451
3630 0.00508946 0.00378973
3640 0.00506667 0.00378459
3650 0.00504366 0.00377911
3660 0.00502041 0.00377326
3670 0.00499694 0.00376706
3680 0.00497324 0.00376049
3690 0.00494929 0.00375355
3700 0.00492511 0.00374625
3710 0.00490069 0.00373856
3720 0.00487602 0.00373051
3730 0.0048511 0.00372207
3740 0.00482593 0.00371324
3750 0.0048005 0.00370403
3760 0.00477482 0.00369443
3770 0.00474888 0.00368444
3780 0.00472268 0.00367405
3790 0.00469621 0.00366326
3800 0.00466947 0.00365207
3810 0.00464247 0.00364048
3820 0.00461519 0.00362848
3830 0.00458764 0.00361607
3840 0.00455982 0.00360325
3850 0.00453171 0.00359001
3860 0.00450333 0.00357636
3870 0.00447466 0.0035623
3880 0.00444571 0.00354781
3890 0.00441648 0.00353291
3900 0.00438696 0.00351758
3910 0.00435715 0.00350183
3920 0.00432706 0.00348566
3930 0.00429668 0.00346906
3940 0.00426601 0.00345204
3950 0.00423505 0.0034346
3960 0.0042038 0.00341673
3970 0.00417227 0.00339844
3980 0.00414044 0.00337973
3990 0.00410834 0.00336059
4000 0.00407594 0.00334104
4010 0.00404327 0.00332107
4020 0.00401031 0.00330068
4030 0.00397707 0.00327987
4040 0.00394355 0.00325865
4050 0.00390976 0.00323703
4060 0.0038757 0.003215
4070 0.00384138 0.00319257
4080 0.00380678 0.00316974
4090 0.00377193 0.00314651
4100 0.00373682 0.0031229
4110 0.00370147 0.00309891
4120 0.00366586 0.00307454
4130 0.00363002 0.0030498
4140 0.00359395 0.00302469
4150 0.00355765 0.00299922
4160 0.00352113 0.00297341
4170 0.0034844 0.00294725
4180 0.00344746 0.00292075
4190 0.00341033 0.00289393
4200 0.003373 0.00286679
4210 0.0033355 0.00283935
4220 0.00329783 0.0028116
4230 0.00326 0.00278356
4240 0.00322202 0.00275525
4250 0.00318389 0.00272667
4260 0.00314564 0.00269783
4270 0.00310727 0.00266875
4280 0.00306879 0.00263943
4290 0.00303021 0.00260989
4300 0.00299155 0.00258014
4310 0.00295282 0.0025502
4320 0.00291403 0.00252007
4330 0.00287519 0.00248977
4340 0.00283631 0.00245932
4350 0.00279742 0.00242872
4360 0.00275851 0.00239799
4370 0.00271961 0.00236714
4380 0.00268073 0.0023362
4390 0.00264188 0.00230516
4400 0.00260308 0.00227406
4410 0.00256433 0.00224289
4420 0.00252566 0.00221168
4430 0.00248707 0.00218044
4440 0.00244859 0.00214918
4450 0.00241022 0.00211793
4460 0.00237197 0.00208669
4470 0.00233387 0.00205547
4480 0.00229593 0.0020243
4490 0.00225815 0.00199318
4500 0.00222055 0.00196214
4510 0.00218315 0.00193117
4520 0.00214596 0.00190031
4530 0.00210898 0.00186956
4540 0.00207224 0.00183893
4550 0.00203574 0.00180844
4560 0.0019995 0.0017781
4570 0.00196353 0.00174792
4580 0.00192784 0.00171792
4590 0.00189244 0.00168811
4600 0.00185734 0.00165849
4610 0.00182255 0.00162908
4620 0.00178808 0.00159989
4630 0.00175395 0.00157094
4640 0.00172015 0.00154222
4650 0.00168671 0.00151376
4660 0.00165362 0.00148555
4670 0.0016209 0.00145762
4680 0.00158855 0.00142996
4690 0.00155658 0.00140259
4700 0.00152499 0.00137551
4710 0.0014938 0.00134873
4720 0.00146301 0.00132226
4730 0.00143262 0.0012961
4740 0.00140265 0.00127026
4750 0.00137308 0.00124474
4760 0.00134394 0.00121956
4770 0.00131522 0.00119471
4780 0.00128692 0.0011702
4790 0.00125905 0.00114604
4800 0.00123161 0.00112222
4810 0.0012046 0.00109875
4820 0.00117803 0.00107563
4830 0.00115189 0.00105287
4840 0.0011262 0.00103046
4850 0.00110093 0.00100842
4860 0.00107611 0.000986733
4870 0.00105172 0.000965408
4880 0.00102778 0.000944445
4890 0.00100426 0.000923844
4900 0.000981188 0.000903605
4910 0.000958546 0.000883729
4920 0.000936337 0.000864213
4930 0.000914559 0.000845058
4940 0.000893209 0.000826262
4950 0.000872286 0.000807825
4960 0.000851787 0.000789744
4970 0.000831709 0.000772018
4980 0.00081205 0.000754645
4990 0.000792804 0.000737622
5000 0.000773971 0.000720948
5010 0.000755545 0.00070462
5020 0.000737523 0.000688635
5030 0.000719901 0.00067299
5040 0.000702676 0.000657682
5050 0.000685842 0.000642709
5060 0.000669397 0.000628066
5070 0.000653334 0.000613751
5080 0.00063765 0.00059976
5090 0.00062234 0.00058609
5100 0.0006074 0.000572737
5110 0.000592825 0.000559696
5120 0.000578609 0.000546966
5130 0.000564749 0.000534541
5140 0.000551239 0.000522417
5150 0.000538075 0.000510592
5160 0.00052525 0.00049906
5170 0.000512762 0.000487819
5180 0.000500603 0.000476863
5190 0.00048877 0.00046619
5200 0.000477258 0.000455794
5210 0.000466061 0.000445673
5220 0.000455175 0.000435821
5230 0.000444594 0.000426236
5240 0.000434314 0.000416913
5250 0.00042433 0.000407848
5260 0.000414637 0.000399037
5270 0.000405231 0.000390477
5280 0.000396105 0.000382164
5290 0.000387257 0.000374094
5300 0.000378681 0.000366263
5310 0.000370372 0.000358667
5320 0.000362327 0.000351304
5330 0.00035454 0.000344169
5340 0.000347008 0.000337259
5350 0.000339725 0.00033057
5360 0.000332689 0.0003241
5370 0.000325894 0.000317844
5380 0.000319337 0.000311801
5390 0.000313013 0.000305966
5400 0.000306919 0.000300336
5410 0.000301052 0.000294909
5420 0.000295407 0.000289682
5430 0.000289981 0.000284652
5440 0.00028477 0.000279817
5450 0.000279772 0.000275173
5460 0.000274982 0.000270718
5470 0.000270399 0.000266451
5480 0.000266018 0.000262368
5490 0.000261837 0.000258467
5500 0.000257853 0.000254748
5510 0.000254064 0.000251206
5520 0.000250467 0.000247842
5530 0.00024706 0.000244652
5540 0.00024384 0.000241636
5550 0.000240806 0.000238792
5560 0.000237956 0.000236119
5570 0.000235287 0.000233616
5580 0.000232799 0.000231281
5590 0.00023049 0.000229115
5600 0.000228359 0.000227116
5610 0.000226405 0.000225284
5620 0.000224627 0.000223618
5630 0.000223024 0.000222119
5640 0.000221597 0.000220787
5650 0.000220345 0.000219622
5660 0.000219268 0.000218626
5670 0.000218368 0.000217798
5680 0.000217644 0.00021714
5690 0.000217098 0.000216654
5700 0.000216731 0.000216342
5710 0.000216546 0.000216207
5720 0.000216546 0.00021625
5730 0.000216732 0.000216476
5740 0.000217109 0.000216888
5750 0.00021768 0.000217491
5760 0.000218452 0.00021829
5770 0.000219429 0.000219292
5780 0.00022062 0.000220504
5790 0.000222031 0.000221934
5800 0.000223672 0.000223592
5810 0.000225555 0.000225489
5820 0.000227692 0.000227638
5830 0.0002301 0.000230056
5840 0.000232795 0.00023276
5850 0.000235801 0.000235773
5860 0.000239143 0.000239121
5870 0.000242853 0.000242836
5880 0.000246971 0.000246958
5890 0.000251546 0.000251536
5900 0.00025664 0.000256633
5910 0.000262332 0.000262327
5920 0.00026873 0.000268726
5930 0.000275976 0.000275973
5940 0.000284273 0.000284272
5950 0.000293921 0.00029392
5960 0.000305388 0.000305387
5970 0.000319468 0.000319468
5980 0.000337682 0.000337681
5990 0.000360331 0.000360331
6000 0.000378538 0.000378538
6010 0.000387465 0.000387465
6020 0.000382383 0.000382383
6030 0.000359406 0.000359406
6040 0.000315012 0.000315012
6050 0.000237856 0.000237856
6060 0.000106245 0.000106245
6070 1.30573e-06 1.30573e-06
6080 0 0
