0 1.63e-20 8.72147e-23 0
10 4.89e-20 9.17869e-23 1.21221e-24
20 8.15002e-20 9.65854e-23 6.06105e-25
30 1.14101e-19 1.01621e-22 4.04072e-25
40 1.46702e-19 1.06904e-22 3.03056e-25
50 1.79303e-19 1.12446e-22 2.42447e-25
60 2.11905e-19 1.18259e-22 2.02041e-25
70 2.44508e-19 1.24355e-22 1.7318e-25
80 2.77112e-19 1.30748e-22 1.51534e-25
90 3.09717e-19 1.3745e-22 1.34699e-25
100 3.42324e-19 1.44476e-22 1.21231e-25
110 3.74931e-19 1.51839e-22 1.10212e-25
120 4.0754e-19 1.59556e-22 1.0103e-25
130 4.40151e-19 1.67642e-22 9.32604e-26
140 4.72763e-19 1.76114e-22 8.6601e-26
150 5.05377e-19 1.84988e-22 8.08296e-26
160 5.37993e-19 1.94282e-22 7.57798e-26
170 5.70612e-19 2.04015e-22 7.13242e-26
180 6.03232e-19 2.14206e-22 6.73638e-26
190 6.35855e-19 2.24874e-22 6.38204e-26
200 6.6848e-19 2.36042e-22 6.06314e-26
210 7.01107e-19 2.47729e-22 5.77463e-26
220 7.33738e-19 2.5996e-22 5.51235e-26
230 7.66371e-19 2.72756e-22 5.27289e-26
240 7.99007e-19 2.86143e-22 5.05339e-26
250 8.31647e-19 3.00145e-22 4.85146e-26
260 8.64289e-19 3.14789e-22 4.66508e-26
270 8.96935e-19 3.30102e-22 4.4925e-26
280 9.29584e-19 3.46112e-22 4.33226e-26
290 9.62237e-19 3.62847e-22 4.18308e-26
300 9.94894e-19 3.8034e-22 4.04385e-26
310 1.02755e-18 3.9862e-22 3.91362e-26
320 1.06022e-18 4.17722e-22 3.79152e-26
330 1.09289e-18 4.37678e-22 3.67684e-26
340 1.12556e-18 4.58524e-22 3.5689e-26
350 1.15824e-18 4.80296e-22 3.46714e-26
360 1.19092e-18 5.03033e-22 3.37104e-26
370 1.22361e-18 5.26773e-22 3.28014e-26
380 1.2563e-18 5.51557e-22 3.19403e-26
390 1.28899e-18 5.77427e-22 3.11234e-26
400 1.32169e-18 6.04427e-22 3.03474e-26
410 1.3544e-18 6.32602e-22 2.96093e-26
420 1.38711e-18 6.61998e-22 2.89064e-26
430 1.41983e-18 6.92665e-22 2.82363e-26
440 1.45255e-18 7.24652e-22 2.75966e-26
450 1.48528e-18 7.58011e-22 2.69854e-26
460 1.51801e-18 7.92797e-22 2.64009e-26
470 1.55075e-18 8.29063e-22 2.58413e-26
480 1.58349e-18 8.66869e-22 2.5305e-26
490 1.61625e-18 9.06273e-22 2.47907e-26
500 1.649e-18 9.47338e-22 2.4297e-26
510 1.68177e-18 9.90126e-22 2.38226e-26
520 1.71454e-18 1.0347e-21 2.33666e-26
530 1.74731e-18 1.08114e-21 2.29278e-26
540 1.7801e-18 1.1295e-21 2.25053e-26
550 1.81289e-18 1.17986e-21 2.20982e-26
560 1.84569e-18 1.2323e-21 2.17057e-26
570 1.87849e-18 1.28689e-21 2.1327e-26
580 1.9113e-18 1.34371e-21 2.09614e-26
590 1.94412e-18 1.40285e-21 2.06082e-26
600 1.97695e-18 1.46438e-21 2.02669e-26
610 2.00979e-18 1.52841e-21 1.99367e-26
620 2.04263e-18 1.59501e-21 1.96173e-26
630 2.07548e-18 1.66429e-21 1.9308e-26
640 2.10834e-18 1.73633e-21 1.90084e-26
650 2.14121e-18 1.81124e-21 1.87181e-26
660 2.17408e-18 1.88912e-21 1.84366e-26
670 2.20696e-18 1.97008e-21 1.81635e-26
680 2.23986e-18 2.05422e-21 1.78985e-26
690 2.27276e-18 2.14166e-21 1.76412e-26
700 2.30567e-18 2.23251e-21 1.73913e-26
710 2.33858e-18 2.3269e-21 1.71485e-26
720 2.37151e-18 2.42494e-21 1.69124e-26
730 2.40445e-18 2.52676e-21 1.66828e-26
740 2.4374e-18 2.63249e-21 1.64595e-26
750 2.47035e-18 2.74226e-21 1.62421e-26
760 2.50332e-18 2.85622e-21 1.60305e-26
770 2.53629e-18 2.9745e-21 1.58245e-26
780 2.56928e-18 3.09726e-21 1.56237e-26
790 2.60227e-18 3.22463e-21 1.5428e-26
800 2.63528e-18 3.35677e-21 1.52373e-26
810 2.66829e-18 3.49385e-21 1.50513e-26
820 2.70132e-18 3.63602e-21 1.48699e-26
830 2.73435e-18 3.78345e-21 1.46928e-26
840 2.7674e-18 3.93632e-21 1.452e-26
850 2.80046e-18 4.09479e-21 1.43513e-26
860 2.83352e-18 4.25906e-21 1.41866e-26
870 2.8666e-18 4.4293e-21 1.40256e-26
880 2.89969e-18 4.60571e-21 1.38683e-26
890 2.9328e-18 4.78848e-21 1.37146e-26
900 2.96591e-18 4.97782e-21 1.35644e-26
910 2.99903e-18 5.17392e-21 1.34174e-26
920 3.03217e-18 5.37701e-21 1.32737e-26
930 3.06532e-18 5.5873e-21 1.31331e-26
940 3.09848e-18 5.80501e-21 1.29955e-26
950 3.13165e-18 6.03036e-21 1.28608e-26
960 3.16484e-18 6.2636e-21 1.2729e-26
970 3.19803e-18 6.50496e-21 1.25999e-26
980 3.23124e-18 6.75468e-21 1.24734e-26
990 3.26446e-18 7.01302e-21 1.23496e-26
1000 3.2977e-18 7.28023e-21 1.22282e-26
1010 3.33094e-18 7.55658e-21 1.21093e-26
1020 3.36421e-18 7.84233e-21 1.19927e-26
1030 3.39748e-18 8.13776e-21 1.18784e-26
1040 3.43077e-18 8.44315e-21 1.17663e-26
1050 3.46407e-18 8.75879e-21 1.16563e-26
1060 3.49738e-18 9.08497e-21 1.15485e-26
1070 3.53071e-18 9.42199e-21 1.14427e-26
1080 3.56405e-18 9.77017e-21 1.13389e-26
1090 3.5974e-18 1.01298e-20 1.1237e-26
1100 3.63077e-18 1.05012e-20 1.1137e-26
1110 3.66415e-18 1.08848e-20 1.10388e-26
1120 3.69755e-18 1.12807e-20 1.09423e-26
1130 3.73096e-18 1.16895e-20 1.08476e-26
1140 3.76439e-18 1.21114e-20 1.07546e-26
1150 3.79783e-18 1.25468e-20 1.06632e-26
1160 3.83129e-18 1.29961e-20 1.05734e-26
1170 3.86476e-18 1.34595e-20 1.04852e-26
1180 3.89825e-18 1.39376e-20 1.03985e-26
1190 3.93175e-18 1.44307e-20 1.03132e-26
1200 3.96526e-18 1.49391e-20 1.02294e-26
1210 3.9988e-18 1.54633e-20 1.0147e-26
1220 4.03235e-18 1.60037e-20 1.0066e-26
1230 4.06591e-18 1.65606e-20 9.98631e-27
1240 4.09949e-18 1.71346e-20 9.90792e-27
1250 4.13308e-18 1.77261e-20 9.8308e-27
1260 4.1667e-18 1.83354e-20 9.75492e-27
1270 4.20033e-18 1.8963e-20 9.68025e-27
1280 4.23397e-18 1.96094e-20 9.60677e-27
1290 4.26763e-18 2.0275e-20 9.53445e-27
1300 4.30131e-18 2.09603e-20 9.46325e-27
1310 4.33501e-18 2.16658e-20 9.39316e-27
1320 4.36872e-18 2.23919e-20 9.32415e-27
1330 4.40245e-18 2.31391e-20 9.25619e-27
1340 4.43619e-18 2.3908e-20 9.18926e-27
1350 4.46996e-18 2.4699e-20 9.12334e-27
1360 4.50374e-18 2.55127e-20 9.05841e-27
1370 4.53754e-18 2.63495e-20 8.99444e-27
1380 4.57136e-18 2.721e-20 8.93142e-27
1390 4.60519e-18 2.80946e-20 8.86932e-27
1400 4.63904e-18 2.90041e-20 8.80812e-27
1410 4.67292e-18 2.99388e-20 8.74781e-27
1420 4.70681e-18 3.08994e-20 8.68836e-27
1430 4.74071e-18 3.18864e-20 8.62976e-27
1440 4.77464e-18 3.29004e-20 8.57199e-27
1450 4.80859e-18 3.39419e-20 8.51503e-27
1460 4.84255e-18 3.50115e-20 8.45886e-27
1470 4.87654e-18 3.61099e-20 8.40348e-27
1480 4.91054e-18 3.72375e-20 8.34886e-27
1490 4.94456e-18 3.83951e-20 8.29499e-27
1500 4.9786e-18 3.95831e-20 8.24185e-27
1510 5.01267e-18 4.08023e-20 8.18944e-27
1520 5.04675e-18 4.20532e-20 8.13772e-27
1530 5.08085e-18 4.33365e-20 8.0867e-27
1540 5.11497e-18 4.46527e-20 8.03636e-27
1550 5.14911e-18 4.60025e-20 7.98668e-27
1560 5.18328e-18 4.73866e-20 7.93765e-27
1570 5.21746e-18 4.88056e-20 7.88926e-27
1580 5.25166e-18 5.02601e-20 7.8415e-27
1590 5.28589e-18 5.17508e-20 7.79435e-27
1600 5.32013e-18 5.32783e-20 7.74781e-27
1610 5.3544e-18 5.48433e-20 7.70186e-27
1620 5.38868e-18 5.64465e-20 7.65649e-27
1630 5.42299e-18 5.80885e-20 7.61169e-27
1640 5.45732e-18 5.977e-20 7.56745e-27
1650 5.49167e-18 6.14917e-20 7.52376e-27
1660 5.52605e-18 6.32542e-20 7.48062e-27
1670 5.56044e-18 6.50582e-20 7.438e-27
1680 5.59486e-18 6.69044e-20 7.39591e-27
1690 5.6293e-18 6.87934e-20 7.35432e-27
1700 5.66376e-18 7.07261e-20 7.31325e-27
1710 5.69825e-18 7.27029e-20 7.27266e-27
1720 5.73275e-18 7.47247e-20 7.23256e-27
1730 5.76728e-18 7.6792e-20 7.19294e-27
1740 5.80184e-18 7.89056e-20 7.15378e-27
1750 5.83641e-18 8.10662e-20 7.11509e-27
1760 5.87101e-18 8.32744e-20 7.07685e-27
1770 5.90563e-18 8.5531e-20 7.03906e-27
1780 5.94028e-18 8.78365e-20 7.0017e-27
1790 5.97495e-18 9.01916e-20 6.96478e-27
1800 6.00964e-18 9.25971e-20 6.92828e-27
1810 6.04436e-18 9.50536e-20 6.89219e-27
1820 6.0791e-18 9.75618e-20 6.85651e-27
1830 6.11387e-18 1.00122e-19 6.82124e-27
1840 6.14866e-18 1.02736e-19 6.78636e-27
1850 6.18347e-18 1.05403e-19 6.75188e-27
1860 6.21831e-18 1.08124e-19 6.71778e-27
1870 6.25317e-18 1.10901e-19 6.68405e-27
1880 6.28806e-18 1.13732e-19 6.6507e-27
1890 6.32298e-18 1.1662e-19 6.61771e-27
1900 6.35792e-18 1.19565e-19 6.58508e-27
1910 6.39288e-18 1.22567e-19 6.55281e-27
1920 6.42787e-18 1.25628e-19 6.52088e-27
1930 6.46289e-18 1.28746e-19 6.4893e-27
1940 6.49793e-18 1.31924e-19 6.45806e-27
1950 6.533e-18 1.35162e-19 6.42715e-27
1960 6.56809e-18 1.3846e-19 6.39656e-27
1970 6.60321e-18 1.41819e-19 6.3663e-27
1980 6.63836e-18 1.45239e-19 6.33636e-27
1990 6.67353e-18 1.48721e-19 6.30673e-27
2000 6.70873e-18 1.52265e-19 6.27741e-27
2010 6.74396e-18 1.55873e-19 6.2484e-27
2020 6.77922e-18 1.59543e-19 6.21968e-27
2030 6.8145e-18 1.63278e-19 6.19126e-27
2040 6.84981e-18 1.67077e-19 6.16313e-27
2050 6.88514e-18 1.7094e-19 6.13528e-27
2060 6.92051e-18 1.74869e-19 6.10772e-27
2070 6.9559e-18 1.78863e-19 6.08043e-27
2080 6.99132e-18 1.82924e-19 6.05342e-27
2090 7.02677e-18 1.8705e-19 6.02668e-27
2100 7.06224e-18 1.91243e-19 6.00021e-27
2110 7.09775e-18 1.95503e-19 5.974e-27
2120 7.13328e-18 1.9983e-19 5.94805e-27
2130 7.16885e-18 2.04225e-19 5.92235e-27
2140 7.20444e-18 2.08688e-19 5.89691e-27
2150 7.24006e-18 2.13218e-19 5.87171e-27
2160 7.27571e-18 2.17817e-19 5.84676e-27
2170 7.31139e-18 2.22484e-19 5.82205e-27
2180 7.34709e-18 2.2722e-19 5.79758e-27
2190 7.38283e-18 2.32024e-19 5.77334e-27
2200 7.4186e-18 2.36897e-19 5.74934e-27
2210 7.4544e-18 2.41839e-19 5.72556e-27
2220 7.49023e-18 2.4685e-19 5.70201e-27
2230 7.52609e-18 2.5193e-19 5.67868e-27
2240 7.56197e-18 2.57079e-19 5.65557e-27
2250 7.59789e-18 2.62297e-19 5.63268e-27
2260 7.63385e-18 2.67583e-19 5.61e-27
2270 7.66983e-18 2.72939e-19 5.58754e-27
2280 7.70584e-18 2.78363e-19 5.56528e-27
2290 7.74188e-18 2.83855e-19 5.54323e-27
2300 7.77796e-18 2.89416e-19 5.52138e-27
2310 7.81407e-18 2.95045e-19 5.49973e-27
2320 7.8502e-18 3.00742e-19 5.47827e-27
2330 7.88638e-18 3.06507e-19 5.45702e-27
2340 7.92258e-18 3.12338e-19 5.43595e-27
2350 7.95881e-18 3.18237e-19 5.41508e-27
2360 7.99508e-18 3.24202e-19 5.39439e-27
2370 8.03138e-18 3.30233e-19 5.37389e-27
2380 8.06771e-18 3.3633e-19 5.35357e-27
2390 8.10408e-18 3.42492e-19 5.33344e-27
2400 8.14048e-18 3.48719e-19 5.31348e-27
2410 8.17691e-18 3.55009e-19 5.2937e-27
2420 8.21338e-18 3.61363e-19 5.27409e-27
2430 8.24987e-18 3.6778e-19 5.25466e-27
2440 8.28641e-18 3.7426e-19 5.23539e-27
2450 8.32297e-18 3.808e-19 5.21629e-27
2460 8.35957e-18 3.87401e-19 5.19736e-27
2470 8.39621e-18 3.94062e-19 5.1786e-27
2480 8.43288e-18 4.00783e-19 5.15999e-27
2490 8.46958e-18 4.07561e-19 5.14155e-27
2500 8.50632e-18 4.14397e-19 5.12326e-27
2510 8.54309e-18 4.21289e-19 5.10513e-27
2520 8.5799e-18 4.28236e-19 5.08715e-27
2530 8.61675e-18 4.35238e-19 5.06933e-27
2540 8.65362e-18 4.42293e-19 5.05166e-27
2550 8.69054e-18 4.494e-19 5.03413e-27
2560 8.72749e-18 4.56558e-19 5.01676e-27
2570 8.76448e-18 4.63766e-19 4.99953e-27
2580 8.8015e-18 4.71022e-19 4.98244e-27
2590 8.83856e-18 4.78326e-19 4.96549e-27
2600 8.87565e-18 4.85676e-19 4.94869e-27
2610 8.91278e-18 4.9307e-19 4.93203e-27
2620 8.94995e-18 5.00508e-19 4.9155e-27
2630 8.98716e-18 5.07988e-19 4.89911e-27
2640 9.0244e-18 5.15508e-19 4.88285e-27
2650 9.06168e-18 5.23067e-19 4.86673e-27
2660 9.099e-18 5.30663e-19 4.85074e-27
2670 9.13635e-18 5.38296e-19 4.83487e-27
2680 9.17374e-18 5.45962e-19 4.81914e-27
2690 9.21117e-18 5.53661e-19 4.80353e-27
2700 9.24864e-18 5.61391e-19 4.78805e-27
2710 9.28615e-18 5.6915e-19 4.7727e-27
2720 9.32369e-18 5.76937e-19 4.75746e-27
2730 9.36128e-18 5.84749e-19 4.74235e-27
2740 9.3989e-18 5.92584e-19 4.72736e-27
2750 9.43656e-18 6.00442e-19 4.71249e-27
2760 9.47426e-18 6.0832e-19 4.69774e-27
2770 9.512e-18 6.16215e-19 4.6831e-27
2780 9.54978e-18 6.24127e-19 4.66858e-27
2790 9.5876e-18 6.32053e-19 4.65417e-27
2800 9.62546e-18 6.39991e-19 4.63987e-27
2810 9.66336e-18 6.47939e-19 4.62569e-27
2820 9.7013e-18 6.55895e-19 4.61162e-27
2830 9.73928e-18 6.63856e-19 4.59766e-27
2840 9.7773e-18 6.71822e-19 4.5838e-27
2850 9.81537e-18 6.79788e-19 4.57005e-27
2860 9.85347e-18 6.87754e-19 4.55641e-27
2870 9.89161e-18 6.95717e-19 4.54287e-27
2880 9.9298e-18 7.03675e-19 4.52944e-27
2890 9.96803e-18 7.11626e-19 4.51611e-27
2900 1.00063e-17 7.19566e-19 4.50288e-27
2910 1.00446e-17 7.27495e-19 4.48975e-27
2920 1.0083e-17 7.35409e-19 4.47673e-27
2930 1.01214e-17 7.43307e-19 4.4638e-27
2940 1.01598e-17 7.51185e-19 4.45097e-27
2950 1.01983e-17 7.59041e-19 4.43823e-27
2960 1.02368e-17 7.66874e-19 4.42559e-27
2970 1.02754e-17 7.7468e-19 4.41305e-27
2980 1.0314e-17 7.82458e-19 4.4006e-27
2990 1.03526e-17 7.90204e-19 4.38824e-27
3000 1.03913e-17 7.97916e-19 4.37598e-27
3010 1.04301e-17 8.05592e-19 4.3638e-27
3020 1.04688e-17 8.1323e-19 4.35172e-27
3030 1.05077e-17 8.20826e-19 4.33973e-27
3040 1.05465e-17 8.28378e-19 4.32782e-27
3050 1.05855e-17 8.35884e-19 4.316e-27
3060 1.06244e-17 8.43342e-19 4.30427e-27
3070 1.06634e-17 8.50748e-19 4.29263e-27
3080 1.07025e-17 8.58101e-19 4.28107e-27
3090 1.07416e-17 8.65397e-19 4.26959e-27
3100 1.07807e-17 8.72635e-19 4.2582e-27
3110 1.08199e-17 8.79811e-19 4.24689e-27
3120 1.08591e-17 8.86924e-19 4.23567e-27
3130 1.08984e-17 8.9397e-19 4.22452e-27
3140 1.09377e-17 9.00948e-19 4.21346e-27
3150 1.09771e-17 9.07854e-19 4.20247e-27
3160 1.10165e-17 9.14687e-19 4.19157e-27
3170 1.1056e-17 9.21444e-19 4.18074e-27
3180 1.10955e-17 9.28122e-19 4.16999e-27
3190 1.11351e-17 9.34719e-19 4.15932e-27
3200 1.11747e-17 9.41233e-19 4.14872e-27
3210 1.12143e-17 9.47661e-19 4.1382e-27
3220 1.1254e-17 9.54001e-19 4.12776e-27
3230 1.12938e-17 9.6025e-19 4.11738e-27
3240 1.13336e-17 9.66406e-19 4.10709e-27
3250 1.13734e-17 9.72468e-19 4.09686e-27
3260 1.14133e-17 9.78432e-19 4.08671e-27
3270 1.14533e-17 9.84296e-19 4.07663e-27
3280 1.14933e-17 9.90059e-19 4.06661e-27
3290 1.15333e-17 9.95717e-19 4.05667e-27
3300 1.15734e-17 1.00127e-18 4.0468e-27
3310 1.16136e-17 1.00671e-18 4.037e-27
3320 1.16537e-17 1.01205e-18 4.02727e-27
3330 1.1694e-17 1.01727e-18 4.0176e-27
3340 1.17343e-17 1.02237e-18 4.008e-27
3350 1.17746e-17 1.02736e-18 3.99847e-27
3360 1.1815e-17 1.03223e-18 3.98901e-27
3370 1.18555e-17 1.03698e-18 3.97961e-27
3380 1.1896e-17 1.04161e-18 3.97027e-27
3390 1.19365e-17 1.04612e-18 3.961e-27
3400 1.19771e-17 1.0505e-18 3.9518e-27
3410 1.20178e-17 1.05475e-18 3.94265e-27
3420 1.20585e-17 1.05887e-18 3.93357e-27
3430 1.20992e-17 1.06286e-18 3.92455e-27
3440 1.214e-17 1.06671e-18 3.9156e-27
3450 1.21809e-17 1.07044e-18 3.9067e-27
3460 1.22218e-17 1.07403e-18 3.89787e-27
3470 1.22628e-17 1.07748e-18 3.8891e-27
3480 1.23038e-17 1.08079e-18 3.88038e-27
3490 1.23448e-17 1.08396e-18 3.87173e-27
3500 1.2386e-17 1.08699e-18 3.86313e-27
3510 1.24271e-17 1.08988e-18 3.85459e-27
3520 1.24684e-17 1.09263e-18 3.84611e-27
3530 1.25097e-17 1.09523e-18 3.83769e-27
3540 1.2551e-17 1.09768e-18 3.82932e-27
3550 1.25924e-17 1.09999e-18 3.82101e-27
3560 1.26339e-17 1.10215e-18 3.81276e-27
3570 1.26754e-17 1.10417e-18 3.80456e-27
3580 1.27169e-17 1.10603e-18 3.79642e-27
3590 1.27585e-17 1.10774e-18 3.78833e-27
3600 1.28002e-17 1.1093e-18 3.7803e-27
3610 1.28419e-17 1.11071e-18 3.77232e-27
3620 1.28837e-17 1.11197e-18 3.76439e-27
3630 1.29256e-17 1.11308e-18 3.75652e-27
3640 1.29675e-17 1.11403e-18 3.7487e-27
3650 1.30094e-17 1.11483e-18 3.74093e-27
3660 1.30514e-17 1.11548e-18 3.73321e-27
3670 1.30935e-17 1.11597e-18 3.72554e-27
3680 1.31356e-17 1.1163e-18 3.71793e-27
3690 1.31778e-17 1.11649e-18 3.71036e-27
3700 1.32201e-17 1.11652e-18 3.70285e-27
3710 1.32624e-17 1.11639e-18 3.69539e-27
3720 1.33047e-17 1.11611e-18 3.68797e-27
3730 1.33471e-17 1.11568e-18 3.6806e-27
3740 1.33896e-17 1.11509e-18 3.67329e-27
3750 1.34322e-17 1.11434e-18 3.66602e-27
3760 1.34748e-17 1.11345e-18 3.65879e-27
3770 1.35174e-17 1.1124e-18 3.65162e-27
3780 1.35601e-17 1.1112e-18 3.64449e-27
3790 1.36029e-17 1.10984e-18 3.63741e-27
3800 1.36457e-17 1.10834e-18 3.63038e-27
3810 1.36886e-17 1.10668e-18 3.62339e-27
3820 1.37316e-17 1.10488e-18 3.61645e-27
3830 1.37746e-17 1.10292e-18 3.60956e-27
3840 1.38177e-17 1.10081e-18 3.60271e-27
3850 1.38608e-17 1.09856e-18 3.5959e-27
3860 1.3904e-17 1.09616e-18 3.58914e-27
3870 1.39473e-17 1.09362e-18 3.58242e-27
3880 1.39906e-17 1.09093e-18 3.57575e-27
3890 1.4034e-17 1.08809e-18 3.56912e-27
3900 1.40775e-17 1.08512e-18 3.56253e-27
3910 1.4121e-17 1.082e-18 3.55599e-27
3920 1.41646e-17 1.07874e-18 3.54949e-27
3930 1.42082e-17 1.07534e-18 3.54303e-27
3940 1.42519e-17 1.07181e-18 3.53661e-27
3950 1.42957e-17 1.06814e-18 3.53024e-27
3960 1.43395e-17 1.06434e-18 3.5239e-27
3970 1.43834e-17 1.0604e-18 3.51761e-27
3980 1.44274e-17 1.05633e-18 3.51136e-27
3990 1.44714e-17 1.05213e-18 3.50515e-27
4000 1.45155e-17 1.04781e-18 3.49898e-27
4010 1.45597e-17 1.04336e-18 3.49285e-27
4020 1.46039e-17 1.03878e-18 3.48675e-27
4030 1.46482e-17 1.03408e-18 3.4807e-27
4040 1.46925e-17 1.02926e-18 3.47469e-27
4050 1.4737e-17 1.02433e-18 3.46872e-27
4060 1.47815e-17 1.01927e-18 3.46278e-27
4070 1.4826e-17 1.0141e-18 3.45689e-27
4080 1.48706e-17 1.00882e-18 3.45103e-27
4090 1.49153e-17 1.00343e-18 3.44521e-27
4100 1.49601e-17 9.97929e-19 3.43943e-27
4110 1.50049e-17 9.92323e-19 3.43368e-27
4120 1.50498e-17 9.86612e-19 3.42797e-27
4130 1.50948e-17 9.80799e-19 3.4223e-27
4140 1.51398e-17 9.74886e-19 3.41667e-27
4150 1.51849e-17 9.68876e-19 3.41107e-27
4160 1.52301e-17 9.62771e-19 3.40551e-27
4170 1.52753e-17 9.56574e-19 3.39998e-27
4180 1.53206e-17 9.50286e-19 3.39449e-27
4190 1.5366e-17 9.4391e-19 3.38904e-27
4200 1.54115e-17 9.37449e-19 3.38362e-27
4210 1.5457e-17 9.30904e-19 3.37824e-27
4220 1.55026e-17 9.24279e-19 3.37289e-27
4230 1.55482e-17 9.17576e-19 3.36757e-27
4240 1.5594e-17 9.10797e-19 3.36229e-27
4250 1.56398e-17 9.03945e-19 3.35705e-27
4260 1.56857e-17 8.97022e-19 3.35183e-27
4270 1.57316e-17 8.90031e-19 3.34665e-27
4280 1.57776e-17 8.82975e-19 3.34151e-27
4290 1.58237e-17 8.75855e-19 3.3364e-27
4300 1.58699e-17 8.68676e-19 3.33132e-27
4310 1.59161e-17 8.61438e-19 3.32627e-27
4320 1.59625e-17 8.54145e-19 3.32126e-27
4330 1.60088e-17 8.468e-19 3.31628e-27
4340 1.60553e-17 8.39404e-19 3.31133e-27
4350 1.61018e-17 8.31961e-19 3.30642e-27
4360 1.61485e-17 8.24473e-19 3.30153e-27
4370 1.61951e-17 8.16943e-19 3.29668e-27
4380 1.62419e-17 8.09373e-19 3.29186e-27
4390 1.62887e-17 8.01766e-19 3.28707e-27
4400 1.63357e-17 7.94124e-19 3.28231e-27
4410 1.63826e-17 7.86451e-19 3.27758e-27
4420 1.64297e-17 7.78748e-19 3.27289e-27
4430 1.64769e-17 7.71019e-19 3.26822e-27
4440 1.65241e-17 7.63266e-19 3.26359e-27
4450 1.65714e-17 7.55491e-19 3.25898e-27
4460 1.66187e-17 7.47697e-19 3.25441e-27
4470 1.66662e-17 7.39886e-19 3.24986e-27
4480 1.67137e-17 7.32062e-19 3.24534e-27
4490 1.67613e-17 7.24226e-19 3.24086e-27
4500 1.6809e-17 7.16382e-19 3.2364e-27
4510 1.68568e-17 7.08531e-19 3.23197e-27
4520 1.69046e-17 7.00676e-19 3.22758e-27
4530 1.69526e-17 6.9282e-19 3.22321e-27
4540 1.70006e-17 6.84965e-19 3.21887e-27
4550 1.70486e-17 6.77113e-19 3.21455e-27
4560 1.70968e-17 6.69267e-19 3.21027e-27
4570 1.71451e-17 6.61429e-19 3.20601e-27
4580 1.71934e-17 6.53602e-19 3.20179e-27
4590 1.72418e-17 6.45789e-19 3.19759e-27
4600 1.72903e-17 6.3799e-19 3.19342e-27
4610 1.73389e-17 6.30209e-19 3.18927e-27
4620 1.73875e-17 6.22448e-19 3.18515e-27
4630 1.74363e-17 6.1471e-19 3.18107e-27
4640 1.74851e-17 6.06995e-19 3.177e-27
4650 1.7534e-17 5.99308e-19 3.17297e-27
4660 1.7583e-17 5.9165e-19 3.16896e-27
4670 1.7632e-17 5.84022e-19 3.16498e-27
4680 1.76812e-17 5.76428e-19 3.16102e-27
4690 1.77304e-17 5.6887e-19 3.1571e-27
4700 1.77797e-17 5.61349e-19 3.15319e-27
4710 1.78292e-17 5.53867e-19 3.14932e-27
4720 1.78787e-17 5.46428e-19 3.14547e-27
4730 1.79282e-17 5.39032e-19 3.14164e-27
4740 1.79779e-17 5.31682e-19 3.13784e-27
4750 1.80276e-17 5.24379e-19 3.13407e-27
4760 1.80775e-17 5.17127e-19 3.13032e-27
4770 1.81274e-17 5.09926e-19 3.1266e-27
4780 1.81774e-17 5.02778e-19 3.12291e-27
4790 1.82275e-17 4.95687e-19 3.11924e-27
4800 1.82777e-17 4.88652e-19 3.11559e-27
4810 1.8328e-17 4.81677e-19 3.11197e-27
4820 1.83784e-17 4.74763e-19 3.10837e-27
4830 1.84288e-17 4.67912e-19 3.1048e-27
4840 1.84794e-17 4.61126e-19 3.10125e-27
4850 1.853e-17 4.54406e-19 3.09773e-27
4860 1.85807e-17 4.47754e-19 3.09423e-27
4870 1.86315e-17 4.41173e-19 3.09075e-27
4880 1.86824e-17 4.34662e-19 3.0873e-27
4890 1.87334e-17 4.28226e-19 3.08387e-27
4900 1.87845e-17 4.21864e-19 3.08047e-27
4910 1.88357e-17 4.15579e-19 3.07709e-27
4920 1.8887e-17 4.09372e-19 3.07374e-27
4930 1.89383e-17 4.03245e-19 3.0704e-27
4940 1.89898e-17 3.97199e-19 3.06709e-27
4950 1.90413e-17 3.91237e-19 3.06381e-27
4960 1.9093e-17 3.85359e-19 3.06054e-27
4970 1.91447e-17 3.79568e-19 3.0573e-27
4980 1.91965e-17 3.73864e-19 3.05409e-27
4990 1.92484e-17 3.68249e-19 3.05089e-27
5000 1.93005e-17 3.62726e-19 3.04772e-27
5010 1.93526e-17 3.57294e-19 3.04457e-27
5020 1.94048e-17 3.51956e-19 3.04145e-27
5030 1.94571e-17 3.46714e-19 3.03834e-27
5040 1.95095e-17 3.41568e-19 3.03526e-27
5050 1.9562e-17 3.36521e-19 3.0322e-27
5060 1.96146e-17 3.31573e-19 3.02916e-27
5070 1.96672e-17 3.26727e-19 3.02615e-27
5080 1.972e-17 3.21983e-19 3.02315e-27
5090 1.97729e-17 3.17344e-19 3.02018e-27
5100 1.98259e-17 3.12809e-19 3.01723e-27
5110 1.9879e-17 3.08382e-19 3.0143e-27
5120 1.99322e-17 3.04064e-19 3.01139e-27
5130 1.99854e-17 2.99855e-19 3.00851e-27
5140 2.00388e-17 2.95758e-19 3.00564e-27
5150 2.00923e-17 2.91774e-19 3.0028e-27
5160 2.01459e-17 2.87904e-19 2.99998e-27
5170 2.01995e-17 2.8415e-19 2.99717e-27
5180 2.02533e-17 2.80514e-19 2.99439e-27
5190 2.03072e-17 2.76996e-19 2.99163e-27
5200 2.03612e-17 2.73599e-19 2.9889e-27
5210 2.04153e-17 2.70324e-19 2.98618e-27
5220 2.04695e-17 2.67172e-19 2.98348e-27
5230 2.05238e-17 2.64145e-19 2.9808e-27
5240 2.05782e-17 2.61246e-19 2.97815e-27
5250 2.06327e-17 2.58474e-19 2.97551e-27
5260 2.06873e-17 2.55832e-19 2.97289e-27
5270 2.0742e-17 2.53322e-19 2.9703e-27
5280 2.07968e-17 2.50944e-19 2.96772e-27
5290 2.08517e-17 2.48702e-19 2.96517e-27
5300 2.09067e-17 2.46596e-19 2.96263e-27
5310 2.09618e-17 2.44629e-19 2.96011e-27
5320 2.10171e-17 2.42802e-19 2.95762e-27
5330 2.10724e-17 2.41116e-19 2.95514e-27
5340 2.11279e-17 2.39574e-19 2.95268e-27
5350 2.11834e-17 2.38178e-19 2.95025e-27
5360 2.12391e-17 2.36929e-19 2.94783e-27
5370 2.12949e-17 2.35829e-19 2.94543e-27
5380 2.13508e-17 2.34881e-19 2.94305e-27
5390 2.14067e-17 2.34086e-19 2.94069e-27
5400 2.14629e-17 2.33446e-19 2.93835e-27
5410 2.15191e-17 2.32963e-19 2.93603e-27
5420 2.15754e-17 2.3264e-19 2.93373e-27
5430 2.16318e-17 2.32479e-19 2.93144e-27
5440 2.16884e-17 2.32481e-19 2.92918e-27
5450 2.1745e-17 2.32649e-19 2.92693e-27
5460 2.18018e-17 2.32986e-19 2.92471e-27
5470 2.18587e-17 2.33493e-19 2.9225e-27
5480 2.19157e-17 2.34173e-19 2.92031e-27
5490 2.19728e-17 2.35028e-19 2.91814e-27
5500 2.203e-17 2.36061e-19 2.91598e-27
5510 2.20873e-17 2.37274e-19 2.91385e-27
5520 2.21448e-17 2.3867e-19 2.91173e-27
5530 2.22023e-17 2.40251e-19 2.90964e-27
5540 2.226e-17 2.42021e-19 2.90756e-27
5550 2.23178e-17 2.43981e-19 2.9055e-27
5560 2.23757e-17 2.46135e-19 2.90345e-27
5570 2.24338e-17 2.48485e-19 2.90143e-27
5580 2.24919e-17 2.51034e-19 2.89942e-27
5590 2.25502e-17 2.53786e-19 2.89743e-27
5600 2.26085e-17 2.56742e-19 2.89546e-27
5610 2.2667e-17 2.59906e-19 2.89351e-27
5620 2.27257e-17 2.63282e-19 2.89157e-27
5630 2.27844e-17 2.66872e-19 2.88966e-27
5640 2.28433e-17 2.70679e-19 2.88776e-27
5650 2.29022e-17 2.74707e-19 2.88587e-27
5660 2.29613e-17 2.78959e-19 2.88401e-27
5670 2.30206e-17 2.83438e-19 2.88216e-27
5680 2.30799e-17 2.88148e-19 2.88033e-27
5690 2.31394e-17 2.93092e-19 2.87852e-27
5700 2.31989e-17 2.98274e-19 2.87672e-27
5710 2.32586e-17 3.03697e-19 2.87494e-27
5720 2.33185e-17 3.09365e-19 2.87318e-27
5730 2.33784e-17 3.15282e-19 2.87144e-27
5740 2.34385e-17 3.21451e-19 2.86971e-27
5750 2.34987e-17 3.27877e-19 2.868e-27
5760 2.35591e-17 3.34562e-19 2.86631e-27
5770 2.36195e-17 3.41511e-19 2.86464e-27
5780 2.36801e-17 3.48729e-19 2.86298e-27
5790 2.37408e-17 3.56218e-19 2.86134e-27
5800 2.38016e-17 3.63983e-19 2.85971e-27
5810 2.38626e-17 3.72028e-19 2.8581e-27
5820 2.39237e-17 3.80358e-19 2.85651e-27
5830 2.39849e-17 3.88976e-19 2.85494e-27
5840 2.40463e-17 3.97887e-19 2.85338e-27
5850 2.41077e-17 4.07095e-19 2.85184e-27
5860 2.41693e-17 4.16604e-19 2.85031e-27
5870 2.42311e-17 4.26419e-19 2.8488e-27
5880 2.42929e-17 4.36544e-19 2.84731e-27
5890 2.4355e-17 4.46985e-19 2.84584e-27
5900 2.44171e-17 4.57744e-19 2.84438e-27
5910 2.44793e-17 4.68828e-19 2.84293e-27
5920 2.45417e-17 4.80239e-19 2.84151e-27
5930 2.46043e-17 4.91984e-19 2.8401e-27
5940 2.46669e-17 5.04067e-19 2.8387e-27
5950 2.47297e-17 5.16492e-19 2.83733e-27
5960 2.47927e-17 5.29265e-19 2.83596e-27
5970 2.48557e-17 5.42389e-19 2.83462e-27
5980 2.4919e-17 5.5587e-19 2.83329e-27
5990 2.49823e-17 5.69713e-19 2.83198e-27
6000 2.50458e-17 5.83923e-19 2.83068e-27
6010 2.51094e-17 5.98503e-19 2.8294e-27
6020 2.51731e-17 6.1346e-19 2.82813e-27
6030 2.5237e-17 6.28797e-19 2.82688e-27
6040 2.53011e-17 6.44521e-19 2.82565e-27
6050 2.53652e-17 6.60635e-19 2.82443e-27
6060 2.54295e-17 6.77145e-19 2.82323e-27
6070 2.5494e-17 6.94056e-19 2.82204e-27
