0 0 0
10 1.33234 1.56396e-11
20 0.338837 2.06217e-10
30 0.219561 9.63564e-10
40 0.16453 2.904e-09
50 0.128454 6.85538e-09
60 0.102474 1.38447e-08
70 0.0834544 2.50857e-08
80 0.0696093 4.1968e-08
90 0.0595179 6.60448e-08
100 0.0519772 9.9023e-08
110 0.04616 1.42752e-07
120 0.041547 1.99215e-07
130 0.0378041 2.70517e-07
140 0.0347084 3.58877e-07
150 0.0321065 4.66619e-07
160 0.0298894 5.96164e-07
170 0.0279775 7.5002e-07
180 0.0263117 9.30773e-07
190 0.024847 1.14108e-06
200 0.0235489 1.38368e-06
210 0.02239 1.66133e-06
220 0.0213487 1.97689e-06
230 0.0204077 2.33321e-06
240 0.0195527 2.73322e-06
250 0.0187722 3.17987e-06
260 0.0180566 3.67612e-06
270 0.0173977 4.22497e-06
280 0.0167889 4.82942e-06
290 0.0162244 5.49249e-06
300 0.0156993 6.21721e-06
310 0.0152094 7.0066e-06
320 0.0147511 7.86368e-06
330 0.0143212 8.79146e-06
340 0.0139171 9.79293e-06
350 0.0135363 1.08711e-05
360 0.0131767 1.20289e-05
370 0.0128366 1.32693e-05
380 0.0125142 1.45952e-05
390 0.0122082 1.60095e-05
400 0.0119172 1.7515e-05
410 0.0116401 1.91146e-05
420 0.0113759 2.0811e-05
430 0.0111236 2.2607e-05
440 0.0108824 2.45053e-05
450 0.0106516 2.65085e-05
460 0.0104305 2.86193e-05
470 0.0102184 3.08401e-05
480 0.0100149 3.31735e-05
490 0.00981948 3.5622e-05
500 0.0096316 3.81879e-05
510 0.00945088 4.08737e-05
520 0.00927694 4.36815e-05
530 0.00910944 4.66136e-05
540 0.00894805 4.96722e-05
550 0.00879248 5.28594e-05
560 0.00864248 5.61773e-05
570 0.00849778 5.96278e-05
580 0.00835817 6.32128e-05
590 0.00822343 6.69343e-05
600 0.00809337 7.0794e-05
610 0.00796781 7.47936e-05
620 0.00784658 7.89349e-05
630 0.00772954 8.32194e-05
640 0.00761652 8.76486e-05
650 0.00750741 9.22241e-05
660 0.00740207 9.69472e-05
670 0.00730038 0.000101819
680 0.00720224 0.000106842
690 0.00710755 0.000112015
700 0.0070162 0.000117342
710 0.0069281 0.000122822
720 0.00684317 0.000128457
730 0.00676132 0.000134247
740 0.00668248 0.000140194
750 0.00660657 0.000146298
760 0.00653353 0.000152561
770 0.00646327 0.000158982
780 0.00639575 0.000165562
790 0.00633089 0.000172303
800 0.00626864 0.000179204
810 0.00620893 0.000186266
820 0.00615173 0.000193489
830 0.00609695 0.000200873
840 0.00604457 0.00020842
850 0.00599452 0.000216128
860 0.00594676 0.000223999
870 0.00590124 0.000232032
880 0.00585791 0.000240227
890 0.00581673 0.000248585
900 0.00577765 0.000257104
910 0.00574062 0.000265786
920 0.0057056 0.000274629
930 0.00567255 0.000283634
940 0.00564143 0.0002928
950 0.0056122 0.000302127
960 0.0055848 0.000311614
970 0.00555922 0.000321262
980 0.00553539 0.000331068
990 0.00551329 0.000341034
1000 0.00549287 0.000351158
1010 0.00547409 0.00036144
1020 0.00545692 0.000371879
1030 0.00544131 0.000382474
1040 0.00542723 0.000393225
1050 0.00541464 0.00040413
1060 0.0054035 0.000415189
1070 0.00539378 0.000426401
1080 0.00538543 0.000437764
1090 0.00537843 0.000449279
1100 0.00537272 0.000460944
1110 0.00536828 0.000472757
1120 0.00536507 0.000484719
1130 0.00536306 0.000496827
1140 0.0053622 0.000509081
1150 0.00536246 0.000521478
1160 0.00536381 0.00053402
1170 0.00536621 0.000546702
1180 0.00536962 0.000559526
1190 0.00537402 0.000572488
1200 0.00537936 0.000585589
1210 0.00538561 0.000598826
1220 0.00539274 0.000612198
1230 0.00540072 0.000625705
1240 0.00540951 0.000639343
1250 0.00541907 0.000653112
1260 0.00542938 0.000667011
1270 0.0054404 0.000681037
1280 0.0054521 0.00069519
1290 0.00546445 0.000709467
1300 0.00547742 0.000723868
1310 0.00549098 0.00073839
1320 0.00550509 0.000753032
1330 0.00551973 0.000767793
1340 0.00553487 0.00078267
1350 0.00555047 0.000797662
1360 0.00556651 0.000812768
1370 0.00558296 0.000827986
1380 0.00559979 0.000843314
1390 0.00561698 0.00085875
1400 0.0056345 0.000874293
1410 0.00565231 0.000889941
1420 0.00567041 0.000905692
1430 0.00568875 0.000921544
1440 0.00570732 0.000937496
1450 0.00572608 0.000953546
1460 0.00574503 0.000969693
1470 0.00576413 0.000985934
1480 0.00578336 0.00100227
1490 0.0058027 0.00101869
1500 0.00582212 0.00103521
1510 0.00584162 0.00105181
1520 0.00586116 0.00106849
1530 0.00588072 0.00108526
1540 0.00590029 0.00110212
1550 0.00591985 0.00111905
1560 0.00593938 0.00113606
1570 0.00595886 0.00115315
1580 0.00597827 0.00117031
1590 0.00599761 0.00118754
1600 0.00601685 0.00120485
1610 0.00603597 0.00122223
1620 0.00605497 0.00123967
1630 0.00607383 0.00125718
1640 0.00609253 0.00127475
1650 0.00611107 0.00129239
1660 0.00612942 0.00131008
1670 0.00614759 0.00132784
1680 0.00616555 0.00134565
1690 0.0061833 0.00136352
1700 0.00620083 0.00138144
1710 0.00621812 0.00139941
1720 0.00623517 0.00141743
1730 0.00625197 0.0014355
1740 0.00626852 0.00145362
1750 0.00628479 0.00147178
1760 0.00630079 0.00148998
1770 0.00631652 0.00150823
1780 0.00633195 0.00152651
1790 0.0063471 0.00154483
1800 0.00636194 0.00156319
1810 0.00637649 0.00158159
1820 0.00639072 0.00160001
1830 0.00640465 0.00161847
1840 0.00641826 0.00163695
1850 0.00643156 0.00165547
1860 0.00644453 0.001674
1870 0.00645718 0.00169257
1880 0.00646951 0.00171115
1890 0.00648151 0.00172976
1900 0.00649318 0.00174839
1910 0.00650452 0.00176703
1920 0.00651553 0.00178569
1930 0.00652621 0.00180436
1940 0.00653655 0.00182305
1950 0.00654657 0.00184175
1960 0.00655625 0.00186046
1970 0.0065656 0.00187917
1980 0.00657462 0.00189789
1990 0.0065833 0.00191662
2000 0.00659166 0.00193535
2010 0.00659969 0.00195408
2020 0.00660739 0.00197281
2030 0.00661477 0.00199154
2040 0.00662182 0.00201027
2050 0.00662854 0.00202899
2060 0.00663495 0.0020477
2070 0.00664104 0.00206641
2080 0.00664681 0.00208511
2090 0.00665227 0.0021038
2100 0.00665742 0.00212247
2110 0.00666225 0.00214113
2120 0.00666678 0.00215978
2130 0.006671 0.00217841
2140 0.00667492 0.00219702
2150 0.00667855 0.00221561
2160 0.00668187 0.00223418
2170 0.0066849 0.00225272
2180 0.00668764 0.00227124
2190 0.0066901 0.00228974
2200 0.00669227 0.0023082
2210 0.00669415 0.00232664
2220 0.00669576 0.00234505
2230 0.00669709 0.00236342
2240 0.00669814 0.00238176
2250 0.00669893 0.00240007
2260 0.00669945 0.00241834
2270 0.00669971 0.00243657
2280 0.0066997 0.00245476
2290 0.00669944 0.00247291
2300 0.00669892 0.00249101
2310 0.00669815 0.00250908
2320 0.00669713 0.00252709
2330 0.00669587 0.00254506
2340 0.00669436 0.00256298
2350 0.00669261 0.00258085
2360 0.00669062 0.00259867
2370 0.0066884 0.00261643
2380 0.00668595 0.00263414
2390 0.00668327 0.00265179
2400 0.00668037 0.00266938
2410 0.00667724 0.00268692
2420 0.00667389 0.00270439
2430 0.00667033 0.0027218
2440 0.00666655 0.00273914
2450 0.00666255 0.00275642
2460 0.00665835 0.00277363
2470 0.00665394 0.00279078
2480 0.00664933 0.00280785
2490 0.00664451 0.00282485
2500 0.0066395 0.00284177
2510 0.00663429 0.00285862
2520 0.00662888 0.00287539
2530 0.00662329 0.00289208
2540 0.0066175 0.00290869
2550 0.00661152 0.00292522
2560 0.00660536 0.00294167
2570 0.00659902 0.00295803
2580 0.0065925 0.0029743
2590 0.0065858 0.00299048
2600 0.00657892 0.00300658
2610 0.00657186 0.00302258
2620 0.00656464 0.00303848
2630 0.00655724 0.00305429
2640 0.00654968 0.00307001
2650 0.00654194 0.00308562
2660 0.00653405 0.00310113
2670 0.00652599 0.00311654
2680 0.00651777 0.00313185
2690 0.00650938 0.00314705
2700 0.00650085 0.00316214
2710 0.00649215 0.00317712
2720 0.0064833 0.00319199
2730 0.00647429 0.00320674
2740 0.00646514 0.00322138
2750 0.00645583 0.0032359
2760 0.00644637 0.00325031
2770 0.00643677 0.00326459
2780 0.00642702 0.00327875
2790 0.00641712 0.00329278
2800 0.00640708 0.00330669
2810 0.0063969 0.00332047
2820 0.00638658 0.00333412
2830 0.00637611 0.00334763
2840 0.00636551 0.00336101
2850 0.00635477 0.00337426
2860 0.00634388 0.00338736
2870 0.00633287 0.00340033
2880 0.00632171 0.00341315
2890 0.00631042 0.00342583
2900 0.006299 0.00343837
2910 0.00628744 0.00345075
2920 0.00627575 0.00346298
2930 0.00626393 0.00347506
2940 0.00625197 0.00348699
2950 0.00623989 0.00349876
2960 0.00622767 0.00351037
2970 0.00621532 0.00352182
2980 0.00620284 0.0035331
2990 0.00619024 0.00354422
3000 0.0061775 0.00355517
3010 0.00616463 0.00356595
3020 0.00615163 0.00357656
3030 0.00613851 0.003587
3040 0.00612525 0.00359726
3050 0.00611187 0.00360734
3060 0.00609836 0.00361724
3070 0.00608471 0.00362695
3080 0.00607094 0.00363648
3090 0.00605704 0.00364582
3100 0.00604301 0.00365497
3110 0.00602885 0.00366393
3120 0.00601456 0.00367269
3130 0.00600014 0.00368125
3140 0.00598558 0.00368962
3150 0.0059709 0.00369778
3160 0.00595608 0.00370573
3170 0.00594113 0.00371348
3180 0.00592604 0.00372102
3190 0.00591082 0.00372834
3200 0.00589547 0.00373545
3210 0.00587998 0.00374235
3220 0.00586435 0.00374902
3230 0.00584858 0.00375546
3240 0.00583268 0.00376168
3250 0.00581663 0.00376768
3260 0.00580044 0.00377344
3270 0.00578411 0.00377896
3280 0.00576764 0.00378425
3290 0.00575102 0.0037893
3300 0.00573426 0.00379411
3310 0.00571735 0.00379867
3320 0.00570028 0.00380298
3330 0.00568307 0.00380704
3340 0.0056657 0.00381085
3350 0.00564818 0.0038144
3360 0.00563051 0.00381769
3370 0.00561267 0.00382071
3380 0.00559468 0.00382347
3390 0.00557652 0.00382596
3400 0.0055582 0.00382817
3410 0.00553972 0.00383011
3420 0.00552106 0.00383177
3430 0.00550224 0.00383315
3440 0.00548324 0.00383424
3450 0.00546408 0.00383504
3460 0.00544473 0.00383555
3470 0.0054252 0.00383577
3480 0.0054055 0.00383568
3490 0.00538561 0.00383529
3500 0.00536553 0.0038346
3510 0.00534526 0.0038336
3520 0.0053248 0.00383228
3530 0.00530415 0.00383065
3540 0.0052833 0.00382869
3550 0.00526225 0.00382642
3560 0.005241 0.00382381
3570 0.00521954 0.00382088
3580 0.00519787 0.00381761
3590 0.00517599 0.00381401
3600 0.0051539 0.00381006
3610 0.00513159 0.00380577
3620 0.00510906 0.00380113
3630 0.00508631 0.00379614
3640 0.00506333 0.00379079
3650 0.00504013 0.00378509
3660 0.00501669 0.00377902
3670 0.00499301 0.00377258
3680 0.0049691 0.00376578
3690 0.00494494 0.0037586
3700 0.00492054 0.00375105
3710 0.0048959 0.00374311
3720 0.004871 0.0037348
3730 0.00484585 0.0037261
3740 0.00482045 0.003717
3750 0.00479479 0.00370752
3760 0.00476886 0.00369764
3770 0.00474267 0.00368736
3780 0.00471622 0.00367668
3790 0.00468949 0.0036656
3800 0.0046625 0.0036541
3810 0.00463523 0.0036422
3820 0.00460768 0.00362989
3830 0.00457986 0.00361717
3840 0.00455175 0.00360402
3850 0.00452336 0.00359046
3860 0.00449469 0.00357648
3870 0.00446574 0.00356208
3880 0.00443649 0.00354725
3890 0.00440696 0.003532
3900 0.00437714 0.00351633
3910 0.00434703 0.00350023
3920 0.00431663 0.0034837
3930 0.00428594 0.00346674
3940 0.00425496 0.00344936
3950 0.00422369 0.00343155
3960 0.00419213 0.00341332
3970 0.00416027 0.00339465
3980 0.00412813 0.00337557
3990 0.0040957 0.00335606
4000 0.00406299 0.00333612
4010 0.00402999 0.00331577
4020 0.00399671 0.003295
4030 0.00396314 0.00327382
4040 0.00392931 0.00325222
4050 0.00389519 0.00323021
4060 0.00386081 0.0032078
4070 0.00382616 0.00318499
4080 0.00379125 0.00316178
4090 0.00375608 0.00313818
4100 0.00372065 0.00311419
4110 0.00368498 0.00308982
4120 0.00364907 0.00306508
4130 0.00361292 0.00303996
4140 0.00357655 0.00301449
4150 0.00353995 0.00298866
4160 0.00350313 0.00296249
4170 0.00346611 0.00293597
4180 0.00342889 0.00290913
4190 0.00339148 0.00288197
4200 0.00335388 0.00285449
4210 0.00331611 0.00282671
4220 0.00327818 0.00279864
4230 0.0032401 0.00277029
4240 0.00320187 0.00274166
4250 0.00316351 0.00271278
4260 0.00312503 0.00268364
4270 0.00308644 0.00265427
4280 0.00304775 0.00262468
4290 0.00300897 0.00259487
4300 0.00297012 0.00256486
4310 0.0029312 0.00253467
4320 0.00289224 0.0025043
4330 0.00285324 0.00247377
4340 0.00281421 0.00244309
4350 0.00277518 0.00241229
4360 0.00273615 0.00238136
4370 0.00269713 0.00235033
4380 0.00265814 0.00231921
4390 0.0026192 0.00228801
4400 0.00258031 0.00225676
4410 0.0025415 0.00222545
4420 0.00250276 0.00219411
4430 0.00246413 0.00216276
4440 0.00242561 0.0021314
4450 0.00238722 0.00210005
4460 0.00234897 0.00206873
4470 0.00231087 0.00203745
4480 0.00227294 0.00200622
4490 0.00223518 0.00197506
4500 0.00219762 0.00194399
4510 0.00216027 0.001913
4520 0.00212314 0.00188213
4530 0.00208624 0.00185139
4540 0.00204958 0.00182077
4550 0.00201318 0.00179031
4560 0.00197704 0.00176001
4570 0.00194119 0.00172988
4580 0.00190562 0.00169994
4590 0.00187036 0.00167019
4600 0.00183541 0.00164065
4610 0.00180077 0.00161134
4620 0.00176647 0.00158225
4630 0.00173251 0.0015534
4640 0.0016989 0.0015248
4650 0.00166564 0.00149646
4660 0.00163275 0.00146839
4670 0.00160024 0.0014406
4680 0.0015681 0.00141309
4690 0.00153635 0.00138587
4700 0.001505 0.00135896
4710 0.00147404 0.00133235
4720 0.00144349 0.00130605
4730 0.00141335 0.00128007
4740 0.00138362 0.00125442
4750 0.00135431 0.0012291
4760 0.00132542 0.00120411
4770 0.00129696 0.00117947
4780 0.00126893 0.00115516
4790 0.00124133 0.00113121
4800 0.00121416 0.0011076
4810 0.00118743 0.00108435
4820 0.00116114 0.00106145
4830 0.00113528 0.00103891
4840 0.00110986 0.00101673
4850 0.00108489 0.000994909
4860 0.00106034 0.00097345
4870 0.00103624 0.000952354
4880 0.00101258 0.00093162
4890 0.000989352 0.000911249
4900 0.00096656 0.000891241
4910 0.000944202 0.000871594
4920 0.000922277 0.000852309
4930 0.000900782 0.000833385
4940 0.000879714 0.000814819
4950 0.000859071 0.000796611
4960 0.000838851 0.000778758
4970 0.000819051 0.00076126
4980 0.000799666 0.000744113
4990 0.000780695 0.000727315
5000 0.000762132 0.000710864
5010 0.000743975 0.000694757
5020 0.00072622 0.000678992
5030 0.000708862 0.000663564
5040 0.000691897 0.000648472
5050 0.000675322 0.000633712
5060 0.000659131 0.000619281
5070 0.00064332 0.000605175
5080 0.000627885 0.00059139
5090 0.000612821 0.000577923
5100 0.000598123 0.000564771
5110 0.000583787 0.000551929
5120 0.000569807 0.000539394
5130 0.000556179 0.000527161
5140 0.000542897 0.000515228
5150 0.000529957 0.00050359
5160 0.000517354 0.000492242
5170 0.000505083 0.000481182
5180 0.000493139 0.000470405
5190 0.000481516 0.000459907
5200 0.000470211 0.000449684
5210 0.000459217 0.000439732
5220 0.00044853 0.000430047
5230 0.000438145 0.000420625
5240 0.000428057 0.000411463
5250 0.000418262 0.000402556
5260 0.000408754 0.0003939
5270 0.000399528 0.000385492
5280 0.000390581 0.000377328
5290 0.000381907 0.000369404
5300 0.000373502 0.000361717
5310 0.000365361 0.000354262
5320 0.000357479 0.000347037
5330 0.000349853 0.000340038
5340 0.000342478 0.000333261
5350 0.00033535 0.000326703
5360 0.000328465 0.00032036
5370 0.000321818 0.000314231
5380 0.000315406 0.00030831
5390 0.000309224 0.000302596
5400 0.00030327 0.000297085
5410 0.000297539 0.000291775
5420 0.000292028 0.000286663
5430 0.000286732 0.000281745
5440 0.00028165 0.00027702
5450 0.000276778 0.000272484
5460 0.000272112 0.000268137
5470 0.000267649 0.000263974
5480 0.000263387 0.000259994
5490 0.000259323 0.000256196
5500 0.000255453 0.000252576
5510 0.000251777 0.000249134
5520 0.000248291 0.000245867
5530 0.000244993 0.000242774
5540 0.000241881 0.000239853
5550 0.000238953 0.000237104
5560 0.000236207 0.000234524
5570 0.000233642 0.000232114
5580 0.000231256 0.000229871
5590 0.000229049 0.000227797
5600 0.000227018 0.000225889
5610 0.000225164 0.000224148
5620 0.000223485 0.000222574
5630 0.000221982 0.000221166
5640 0.000220654 0.000219926
5650 0.000219501 0.000218854
5660 0.000218524 0.000217951
5670 0.000217724 0.000217217
5680 0.000217102 0.000216655
5690 0.000216659 0.000216267
5700 0.000216397 0.000216055
5710 0.000216319 0.000216021
5720 0.000216427 0.000216169
5730 0.000216725 0.000216503
5740 0.000217218 0.000217027
5750 0.00021791 0.000217747
5760 0.000218807 0.000218669
5770 0.000219915 0.000219799
5780 0.000221244 0.000221146
5790 0.000222801 0.00022272
5800 0.000224599 0.000224532
5810 0.000226649 0.000226595
5820 0.000228968 0.000228924
5830 0.000231573 0.000231537
5840 0.000234485 0.000234457
5850 0.000237731 0.000237709
5860 0.000241343 0.000241326
5870 0.000245358 0.000245345
5880 0.000249826 0.000249816
5890 0.000254808 0.0002548
5900 0.000260382 0.000260377
5910 0.000266653 0.000266649
5920 0.000273763 0.000273761
5930 0.000281913 0.000281911
5940 0.000291396 0.000291395
5950 0.000302674 0.000302673
5960 0.00031653 0.00031653
5970 0.000334459 0.000334459
5980 0.000356741 0.000356741
5990 0.0003746 0.000374599
6000 0.000383257 0.000383257
6010 0.000378053 0.000378053
6020 0.000355174 0.000355174
6030 0.000311182 0.000311182
6040 0.000234907 0.000234907
6050 0.000104915 0.000104915
6060 1.28925e-06 1.28925e-06
6070 0 0
