0 1.25534e-20 2.21754e-23 0
10 3.76604e-20 2.33842e-23 9.33577e-25
20 6.27674e-20 2.46554e-23 4.6679e-25
30 8.78747e-20 2.59921e-23 3.11194e-25
40 1.12982e-19 2.73975e-23 2.33397e-25
50 1.3809e-19 2.88749e-23 1.86719e-25
60 1.63199e-19 3.04278e-23 1.556e-25
70 1.88308e-19 3.20597e-23 1.33373e-25
80 2.13418e-19 3.37745e-23 1.16703e-25
90 2.38528e-19 3.55761e-23 1.03737e-25
100 2.63639e-19 3.74686e-23 9.33648e-26
110 2.88752e-19 3.94563e-23 8.48785e-26
120 3.13865e-19 4.15437e-23 7.78066e-26
130 3.38979e-19 4.37355e-23 7.18229e-26
140 3.64095e-19 4.60365e-23 6.66941e-26
150 3.89212e-19 4.84519e-23 6.22492e-26
160 4.1433e-19 5.0987e-23 5.836e-26
170 4.39449e-19 5.36473e-23 5.49285e-26
180 4.64571e-19 5.64386e-23 5.18783e-26
190 4.89694e-19 5.93669e-23 4.91492e-26
200 5.14818e-19 6.24384e-23 4.66932e-26
210 5.39945e-19 6.56598e-23 4.44711e-26
220 5.65073e-19 6.90379e-23 4.24511e-26
230 5.90203e-19 7.25797e-23 4.06068e-26
240 6.15336e-19 7.62927e-23 3.89163e-26
250 6.4047e-19 8.01844e-23 3.7361e-26
260 6.65607e-19 8.42631e-23 3.59255e-26
270 6.90746e-19 8.8537e-23 3.45963e-26
280 7.15888e-19 9.30147e-23 3.33621e-26
290 7.41032e-19 9.77054e-23 3.22131e-26
300 7.66179e-19 1.02618e-22 3.11408e-26
310 7.91328e-19 1.07764e-22 3.01376e-26
320 8.16481e-19 1.13151e-22 2.91973e-26
330 8.41636e-19 1.18792e-22 2.83139e-26
340 8.66794e-19 1.24696e-22 2.74826e-26
350 8.91955e-19 1.30875e-22 2.66988e-26
360 9.17119e-19 1.37342e-22 2.59586e-26
370 9.42287e-19 1.44109e-22 2.52584e-26
380 9.67458e-19 1.51188e-22 2.45951e-26
390 9.92632e-19 1.58592e-22 2.39659e-26
400 1.01781e-18 1.66337e-22 2.33682e-26
410 1.04299e-18 1.74435e-22 2.27996e-26
420 1.06818e-18 1.82902e-22 2.22582e-26
430 1.09337e-18 1.91754e-22 2.1742e-26
440 1.11856e-18 2.01006e-22 2.12493e-26
450 1.14375e-18 2.10676e-22 2.07785e-26
460 1.16896e-18 2.2078e-22 2.03282e-26
470 1.19416e-18 2.31337e-22 1.98971e-26
480 1.21937e-18 2.42365e-22 1.9484e-26
490 1.24458e-18 2.53884e-22 1.90878e-26
500 1.2698e-18 2.65913e-22 1.87075e-26
510 1.29502e-18 2.78474e-22 1.83421e-26
520 1.32025e-18 2.91587e-22 1.79908e-26
530 1.34548e-18 3.05276e-22 1.76528e-26
540 1.37072e-18 3.19563e-22 1.73273e-26
550 1.39596e-18 3.34473e-22 1.70137e-26
560 1.42121e-18 3.5003e-22 1.67113e-26
570 1.44646e-18 3.6626e-22 1.64195e-26
580 1.47171e-18 3.83189e-22 1.61379e-26
590 1.49697e-18 4.00845e-22 1.58658e-26
600 1.52224e-18 4.19257e-22 1.56028e-26
610 1.54751e-18 4.38453e-22 1.53484e-26
620 1.57279e-18 4.58466e-22 1.51023e-26
630 1.59807e-18 4.79325e-22 1.4864e-26
640 1.62336e-18 5.01064e-22 1.46332e-26
650 1.64866e-18 5.23716e-22 1.44095e-26
660 1.67396e-18 5.47317e-22 1.41926e-26
670 1.69926e-18 5.71902e-22 1.39822e-26
680 1.72458e-18 5.97509e-22 1.3778e-26
690 1.7499e-18 6.24176e-22 1.35798e-26
700 1.77522e-18 6.51943e-22 1.33872e-26
710 1.80055e-18 6.80851e-22 1.32001e-26
720 1.82589e-18 7.10942e-22 1.30182e-26
730 1.85123e-18 7.4226e-22 1.28413e-26
740 1.87658e-18 7.74851e-22 1.26692e-26
750 1.90194e-18 8.08761e-22 1.25017e-26
760 1.9273e-18 8.44038e-22 1.23387e-26
770 1.95267e-18 8.80732e-22 1.21799e-26
780 1.97805e-18 9.18894e-22 1.20251e-26
790 2.00344e-18 9.58576e-22 1.18744e-26
800 2.02883e-18 9.99834e-22 1.17274e-26
810 2.05423e-18 1.04272e-21 1.1584e-26
820 2.07963e-18 1.0873e-21 1.14442e-26
830 2.10505e-18 1.13363e-21 1.13078e-26
840 2.13047e-18 1.18177e-21 1.11746e-26
850 2.1559e-18 1.23178e-21 1.10445e-26
860 2.18133e-18 1.28373e-21 1.09176e-26
870 2.20678e-18 1.33769e-21 1.07935e-26
880 2.23223e-18 1.39372e-21 1.06723e-26
890 2.25769e-18 1.4519e-21 1.05538e-26
900 2.28316e-18 1.51229e-21 1.0438e-26
910 2.30863e-18 1.57498e-21 1.03247e-26
920 2.33412e-18 1.64005e-21 1.0214e-26
930 2.35961e-18 1.70756e-21 1.01056e-26
940 2.38511e-18 1.77761e-21 9.99951e-27
950 2.41062e-18 1.85027e-21 9.8957e-27
960 2.43614e-18 1.92564e-21 9.79406e-27
970 2.46166e-18 2.0038e-21 9.69453e-27
980 2.4872e-18 2.08484e-21 9.59706e-27
990 2.51274e-18 2.16887e-21 9.50156e-27
1000 2.5383e-18 2.25596e-21 9.40799e-27
1010 2.56386e-18 2.34623e-21 9.31629e-27
1020 2.58943e-18 2.43978e-21 9.2264e-27
1030 2.61501e-18 2.5367e-21 9.13827e-27
1040 2.6406e-18 2.63711e-21 9.05185e-27
1050 2.6662e-18 2.74111e-21 8.96708e-27
1060 2.69181e-18 2.84882e-21 8.88394e-27
1070 2.71742e-18 2.96035e-21 8.80236e-27
1080 2.74305e-18 3.07582e-21 8.7223e-27
1090 2.76869e-18 3.19536e-21 8.64373e-27
1100 2.79434e-18 3.31908e-21 8.5666e-27
1110 2.82e-18 3.44711e-21 8.49087e-27
1120 2.84566e-18 3.57959e-21 8.41651e-27
1130 2.87134e-18 3.71665e-21 8.34348e-27
1140 2.89703e-18 3.85841e-21 8.27174e-27
1150 2.92273e-18 4.00503e-21 8.20127e-27
1160 2.94844e-18 4.15665e-21 8.13202e-27
1170 2.97416e-18 4.31341e-21 8.06396e-27
1180 2.99989e-18 4.47547e-21 7.99708e-27
1190 3.02563e-18 4.64296e-21 7.93133e-27
1200 3.05138e-18 4.81606e-21 7.86669e-27
1210 3.07714e-18 4.99493e-21 7.80313e-27
1220 3.10291e-18 5.17971e-21 7.74062e-27
1230 3.1287e-18 5.3706e-21 7.67915e-27
1240 3.15449e-18 5.56774e-21 7.61867e-27
1250 3.1803e-18 5.77132e-21 7.55918e-27
1260 3.20612e-18 5.98152e-21 7.50064e-27
1270 3.23195e-18 6.19852e-21 7.44304e-27
1280 3.25779e-18 6.4225e-21 7.38635e-27
1290 3.28364e-18 6.65365e-21 7.33055e-27
1300 3.30951e-18 6.89217e-21 7.27561e-27
1310 3.33538e-18 7.13825e-21 7.22153e-27
1320 3.36127e-18 7.39209e-21 7.16828e-27
1330 3.38717e-18 7.6539e-21 7.11585e-27
1340 3.41309e-18 7.92388e-21 7.0642e-27
1350 3.43901e-18 8.20226e-21 7.01334e-27
1360 3.46495e-18 8.48924e-21 6.96323e-27
1370 3.4909e-18 8.78504e-21 6.91386e-27
1380 3.51686e-18 9.08989e-21 6.86523e-27
1390 3.54283e-18 9.40402e-21 6.8173e-27
1400 3.56882e-18 9.72766e-21 6.77007e-27
1410 3.59482e-18 1.0061e-20 6.72351e-27
1420 3.62084e-18 1.04044e-20 6.67763e-27
1430 3.64686e-18 1.0758e-20 6.6324e-27
1440 3.6729e-18 1.11221e-20 6.5878e-27
1450 3.69895e-18 1.14969e-20 6.54384e-27
1460 3.72502e-18 1.18827e-20 6.50048e-27
1470 3.7511e-18 1.22797e-20 6.45773e-27
1480 3.77719e-18 1.26883e-20 6.41556e-27
1490 3.8033e-18 1.31086e-20 6.37397e-27
1500 3.82942e-18 1.3541e-20 6.33294e-27
1510 3.85555e-18 1.39857e-20 6.29247e-27
1520 3.8817e-18 1.4443e-20 6.25254e-27
1530 3.90786e-18 1.49132e-20 6.21315e-27
1540 3.93404e-18 1.53965e-20 6.17427e-27
1550 3.96023e-18 1.58934e-20 6.13591e-27
1560 3.98643e-18 1.6404e-20 6.09805e-27
1570 4.01265e-18 1.69287e-20 6.06068e-27
1580 4.03888e-18 1.74677e-20 6.02379e-27
1590 4.06513e-18 1.80214e-20 5.98738e-27
1600 4.09139e-18 1.859e-20 5.95143e-27
1610 4.11767e-18 1.9174e-20 5.91594e-27
1620 4.14396e-18 1.97736e-20 5.8809e-27
1630 4.17027e-18 2.03891e-20 5.84629e-27
1640 4.19659e-18 2.10208e-20 5.81212e-27
1650 4.22293e-18 2.16691e-20 5.77837e-27
1660 4.24928e-18 2.23344e-20 5.74504e-27
1670 4.27565e-18 2.30168e-20 5.71211e-27
1680 4.30203e-18 2.37168e-20 5.67959e-27
1690 4.32843e-18 2.44348e-20 5.64746e-27
1700 4.35484e-18 2.5171e-20 5.61572e-27
1710 4.38127e-18 2.59257e-20 5.58436e-27
1720 4.40772e-18 2.66995e-20 5.55337e-27
1730 4.43418e-18 2.74925e-20 5.52276e-27
1740 4.46066e-18 2.83051e-20 5.4925e-27
1750 4.48715e-18 2.91377e-20 5.46259e-27
1760 4.51366e-18 2.99907e-20 5.43304e-27
1770 4.54019e-18 3.08643e-20 5.40383e-27
1780 4.56673e-18 3.17591e-20 5.37495e-27
1790 4.59329e-18 3.26752e-20 5.34641e-27
1800 4.61987e-18 3.36131e-20 5.31819e-27
1810 4.64646e-18 3.45731e-20 5.2903e-27
1820 4.67307e-18 3.55557e-20 5.26271e-27
1830 4.6997e-18 3.65611e-20 5.23544e-27
1840 4.72634e-18 3.75897e-20 5.20848e-27
1850 4.753e-18 3.86419e-20 5.18181e-27
1860 4.77968e-18 3.97181e-20 5.15544e-27
1870 4.80638e-18 4.08186e-20 5.12936e-27
1880 4.83309e-18 4.19438e-20 5.10357e-27
1890 4.85982e-18 4.3094e-20 5.07806e-27
1900 4.88657e-18 4.42696e-20 5.05282e-27
1910 4.91334e-18 4.54711e-20 5.02786e-27
1920 4.94012e-18 4.66986e-20 5.00317e-27
1930 4.96692e-18 4.79527e-20 4.97874e-27
1940 4.99375e-18 4.92336e-20 4.95457e-27
1950 5.02058e-18 5.05418e-20 4.93065e-27
1960 5.04744e-18 5.18775e-20 4.90699e-27
1970 5.07432e-18 5.32412e-20 4.88358e-27
1980 5.10121e-18 5.46331e-20 4.86041e-27
1990 5.12812e-18 5.60537e-20 4.83749e-27
2000 5.15505e-18 5.75033e-20 4.8148e-27
2010 5.182e-18 5.89822e-20 4.79234e-27
2020 5.20897e-18 6.04907e-20 4.77012e-27
2030 5.23596e-18 6.20292e-20 4.74812e-27
2040 5.26297e-18 6.35981e-20 4.72635e-27
2050 5.28999e-18 6.51976e-20 4.70479e-27
2060 5.31704e-18 6.68281e-20 4.68346e-27
2070 5.34411e-18 6.84899e-20 4.66233e-27
2080 5.37119e-18 7.01833e-20 4.64142e-27
2090 5.39829e-18 7.19087e-20 4.62072e-27
2100 5.42542e-18 7.36662e-20 4.60022e-27
2110 5.45256e-18 7.54562e-20 4.57993e-27
2120 5.47973e-18 7.72791e-20 4.55983e-27
2130 5.50691e-18 7.9135e-20 4.53993e-27
2140 5.53412e-18 8.10243e-20 4.52022e-27
2150 5.56134e-18 8.29472e-20 4.50071e-27
2160 5.58859e-18 8.4904e-20 4.48138e-27
2170 5.61585e-18 8.6895e-20 4.46224e-27
2180 5.64314e-18 8.89203e-20 4.44328e-27
2190 5.67045e-18 9.09802e-20 4.42451e-27
2200 5.69777e-18 9.30749e-20 4.40591e-27
2210 5.72512e-18 9.52048e-20 4.38749e-27
2220 5.75249e-18 9.73698e-20 4.36924e-27
2230 5.77988e-18 9.95703e-20 4.35116e-27
2240 5.8073e-18 1.01807e-19 4.33325e-27
2250 5.83473e-18 1.04078e-19 4.31551e-27
2260 5.86219e-18 1.06386e-19 4.29793e-27
2270 5.88966e-18 1.08731e-19 4.28052e-27
2280 5.91716e-18 1.11111e-19 4.26326e-27
2290 5.94468e-18 1.13528e-19 4.24617e-27
2300 5.97223e-18 1.15981e-19 4.22922e-27
2310 5.99979e-18 1.18471e-19 4.21244e-27
2320 6.02738e-18 1.20997e-19 4.1958e-27
2330 6.05499e-18 1.23561e-19 4.17932e-27
2340 6.08262e-18 1.26161e-19 4.16298e-27
2350 6.11027e-18 1.28798e-19 4.14679e-27
2360 6.13795e-18 1.31472e-19 4.13075e-27
2370 6.16565e-18 1.34183e-19 4.11484e-27
2380 6.19337e-18 1.36931e-19 4.09908e-27
2390 6.22111e-18 1.39716e-19 4.08346e-27
2400 6.24888e-18 1.42537e-19 4.06798e-27
2410 6.27667e-18 1.45396e-19 4.05263e-27
2420 6.30449e-18 1.48291e-19 4.03741e-27
2430 6.33233e-18 1.51224e-19 4.02233e-27
2440 6.36019e-18 1.54192e-19 4.00737e-27
2450 6.38807e-18 1.57198e-19 3.99255e-27
2460 6.41598e-18 1.60239e-19 3.97786e-27
2470 6.44392e-18 1.63317e-19 3.96329e-27
2480 6.47187e-18 1.66431e-19 3.94884e-27
2490 6.49985e-18 1.69581e-19 3.93452e-27
2500 6.52786e-18 1.72767e-19 3.92032e-27
2510 6.55589e-18 1.75988e-19 3.90624e-27
2520 6.58394e-18 1.79244e-19 3.89228e-27
2530 6.61202e-18 1.82536e-19 3.87843e-27
2540 6.64012e-18 1.85862e-19 3.86471e-27
2550 6.66825e-18 1.89222e-19 3.85109e-27
2560 6.6964e-18 1.92617e-19 3.83759e-27
2570 6.72458e-18 1.96045e-19 3.8242e-27
2580 6.75279e-18 1.99507e-19 3.81093e-27
2590 6.78101e-18 2.03002e-19 3.79776e-27
2600 6.80927e-18 2.06529e-19 3.7847e-27
2610 6.83755e-18 2.10089e-19 3.77175e-27
2620 6.86585e-18 2.1368e-19 3.7589e-27
2630 6.89418e-18 2.17303e-19 3.74616e-27
2640 6.92254e-18 2.20956e-19 3.73352e-27
2650 6.95092e-18 2.2464e-19 3.72098e-27
2660 6.97933e-18 2.28354e-19 3.70854e-27
2670 7.00776e-18 2.32097e-19 3.69621e-27
2680 7.03622e-18 2.35868e-19 3.68397e-27
2690 7.06471e-18 2.39668e-19 3.67183e-27
2700 7.09322e-18 2.43495e-19 3.65979e-27
2710 7.12176e-18 2.4735e-19 3.64784e-27
2720 7.15033e-18 2.5123e-19 3.63599e-27
2730 7.17892e-18 2.55136e-19 3.62423e-27
2740 7.20754e-18 2.59067e-19 3.61256e-27
2750 7.23619e-18 2.63022e-19 3.60099e-27
2760 7.26487e-18 2.67e-19 3.5895e-27
2770 7.29357e-18 2.71001e-19 3.57811e-27
2780 7.3223e-18 2.75024e-19 3.5668e-27
2790 7.35106e-18 2.79068e-19 3.55558e-27
2800 7.37984e-18 2.83132e-19 3.54445e-27
2810 7.40866e-18 2.87216e-19 3.5334e-27
2820 7.4375e-18 2.91318e-19 3.52244e-27
2830 7.46637e-18 2.95438e-19 3.51156e-27
2840 7.49527e-18 2.99575e-19 3.50077e-27
2850 7.52419e-18 3.03728e-19 3.49006e-27
2860 7.55315e-18 3.07895e-19 3.47942e-27
2870 7.58213e-18 3.12077e-19 3.46887e-27
2880 7.61114e-18 3.16272e-19 3.4584e-27
2890 7.64018e-18 3.20478e-19 3.44801e-27
2900 7.66925e-18 3.24696e-19 3.4377e-27
2910 7.69835e-18 3.28924e-19 3.42746e-27
2920 7.72748e-18 3.3316e-19 3.41731e-27
2930 7.75664e-18 3.37405e-19 3.40722e-27
2940 7.78583e-18 3.41656e-19 3.39721e-27
2950 7.81504e-18 3.45913e-19 3.38728e-27
2960 7.84429e-18 3.50174e-19 3.37742e-27
2970 7.87356e-18 3.54439e-19 3.36763e-27
2980 7.90287e-18 3.58706e-19 3.35792e-27
2990 7.93221e-18 3.62975e-19 3.34827e-27
3000 7.96157e-18 3.67243e-19 3.3387e-27
3010 7.99097e-18 3.7151e-19 3.32919e-27
3020 8.0204e-18 3.75775e-19 3.31976e-27
3030 8.04986e-18 3.80036e-19 3.31039e-27
3040 8.07935e-18 3.84292e-19 3.3011e-27
3050 8.10887e-18 3.88542e-19 3.29187e-27
3060 8.13842e-18 3.92784e-19 3.2827e-27
3070 8.168e-18 3.97018e-19 3.27361e-27
3080 8.19761e-18 4.01242e-19 3.26457e-27
3090 8.22726e-18 4.05455e-19 3.25561e-27
3100 8.25693e-18 4.09656e-19 3.2467e-27
3110 8.28664e-18 4.13843e-19 3.23786e-27
3120 8.31638e-18 4.18014e-19 3.22909e-27
3130 8.34615e-18 4.22169e-19 3.22037e-27
3140 8.37595e-18 4.26307e-19 3.21172e-27
3150 8.40579e-18 4.30425e-19 3.20313e-27
3160 8.43566e-18 4.34523e-19 3.1946e-27
3170 8.46556e-18 4.386e-19 3.18613e-27
3180 8.49549e-18 4.42653e-19 3.17771e-27
3190 8.52546e-18 4.46682e-19 3.16936e-27
3200 8.55546e-18 4.50686e-19 3.16107e-27
3210 8.58549e-18 4.54662e-19 3.15283e-27
3220 8.61555e-18 4.5861e-19 3.14465e-27
3230 8.64565e-18 4.62528e-19 3.13653e-27
3240 8.67578e-18 4.66415e-19 3.12847e-27
3250 8.70595e-18 4.7027e-19 3.12046e-27
3260 8.73615e-18 4.74091e-19 3.1125e-27
3270 8.76638e-18 4.77876e-19 3.1046e-27
3280 8.79665e-18 4.81626e-19 3.09676e-27
3290 8.82695e-18 4.85337e-19 3.08897e-27
3300 8.85728e-18 4.8901e-19 3.08123e-27
3310 8.88765e-18 4.92642e-19 3.07354e-27
3320 8.91805e-18 4.96232e-19 3.06591e-27
3330 8.94849e-18 4.99779e-19 3.05833e-27
3340 8.97897e-18 5.03283e-19 3.0508e-27
3350 9.00947e-18 5.0674e-19 3.04332e-27
3360 9.04002e-18 5.10151e-19 3.0359e-27
3370 9.07059e-18 5.13513e-19 3.02852e-27
3380 9.10121e-18 5.16826e-19 3.02119e-27
3390 9.13186e-18 5.20089e-19 3.01391e-27
3400 9.16254e-18 5.23299e-19 3.00668e-27
3410 9.19326e-18 5.26457e-19 2.9995e-27
3420 9.22402e-18 5.2956e-19 2.99237e-27
3430 9.25481e-18 5.32608e-19 2.98528e-27
3440 9.28564e-18 5.356e-19 2.97825e-27
3450 9.3165e-18 5.38533e-19 2.97126e-27
3460 9.3474e-18 5.41408e-19 2.96431e-27
3470 9.37834e-18 5.44223e-19 2.95741e-27
3480 9.40932e-18 5.46976e-19 2.95056e-27
3490 9.44033e-18 5.49668e-19 2.94375e-27
3500 9.47137e-18 5.52296e-19 2.93699e-27
3510 9.50246e-18 5.5486e-19 2.93027e-27
3520 9.53358e-18 5.57359e-19 2.9236e-27
3530 9.56474e-18 5.59792e-19 2.91697e-27
3540 9.59594e-18 5.62157e-19 2.91038e-27
3550 9.62718e-18 5.64454e-19 2.90384e-27
3560 9.65845e-18 5.66682e-19 2.89734e-27
3570 9.68976e-18 5.68841e-19 2.89088e-27
3580 9.72111e-18 5.70928e-19 2.88447e-27
3590 9.7525e-18 5.72944e-19 2.87809e-27
3600 9.78393e-18 5.74887e-19 2.87176e-27
3610 9.81539e-18 5.76757e-19 2.86547e-27
3620 9.84689e-18 5.78554e-19 2.85922e-27
3630 9.87844e-18 5.80275e-19 2.85301e-27
3640 9.91002e-18 5.81921e-19 2.84684e-27
3650 9.94164e-18 5.83491e-19 2.84071e-27
3660 9.9733e-18 5.84984e-19 2.83462e-27
3670 1.0005e-17 5.864e-19 2.82856e-27
3680 1.00367e-17 5.87738e-19 2.82255e-27
3690 1.00685e-17 5.88997e-19 2.81658e-27
3700 1.01003e-17 5.90178e-19 2.81064e-27
3710 1.01322e-17 5.91279e-19 2.80474e-27
3720 1.01641e-17 5.923e-19 2.79888e-27
3730 1.0196e-17 5.9324e-19 2.79306e-27
3740 1.0228e-17 5.941e-19 2.78727e-27
3750 1.026e-17 5.94879e-19 2.78152e-27
3760 1.02921e-17 5.95577e-19 2.77581e-27
3770 1.03242e-17 5.96192e-19 2.77014e-27
3780 1.03564e-17 5.96726e-19 2.7645e-27
3790 1.03885e-17 5.97178e-19 2.75889e-27
3800 1.04208e-17 5.97547e-19 2.75332e-27
3810 1.0453e-17 5.97834e-19 2.74779e-27
3820 1.04853e-17 5.98038e-19 2.74229e-27
3830 1.05177e-17 5.98159e-19 2.73682e-27
3840 1.05501e-17 5.98198e-19 2.73139e-27
3850 1.05825e-17 5.98154e-19 2.726e-27
3860 1.0615e-17 5.98027e-19 2.72064e-27
3870 1.06475e-17 5.97817e-19 2.71531e-27
3880 1.06801e-17 5.97525e-19 2.71001e-27
3890 1.07127e-17 5.9715e-19 2.70475e-27
3900 1.07454e-17 5.96693e-19 2.69952e-27
3910 1.07781e-17 5.96154e-19 2.69433e-27
3920 1.08108e-17 5.95533e-19 2.68916e-27
3930 1.08436e-17 5.9483e-19 2.68403e-27
3940 1.08764e-17 5.94046e-19 2.67893e-27
3950 1.09093e-17 5.9318e-19 2.67387e-27
3960 1.09422e-17 5.92235e-19 2.66883e-27
3970 1.09751e-17 5.91208e-19 2.66382e-27
3980 1.10081e-17 5.90102e-19 2.65885e-27
3990 1.10412e-17 5.88917e-19 2.65391e-27
4000 1.10743e-17 5.87652e-19 2.64899e-27
4010 1.11074e-17 5.86309e-19 2.64411e-27
4020 1.11406e-17 5.84888e-19 2.63926e-27
4030 1.11738e-17 5.8339e-19 2.63444e-27
4040 1.12071e-17 5.81815e-19 2.62965e-27
4050 1.12404e-17 5.80165e-19 2.62488e-27
4060 1.12738e-17 5.78439e-19 2.62015e-27
4070 1.13072e-17 5.76638e-19 2.61545e-27
4080 1.13407e-17 5.74763e-19 2.61077e-27
4090 1.13742e-17 5.72815e-19 2.60613e-27
4100 1.14077e-17 5.70795e-19 2.60151e-27
4110 1.14413e-17 5.68704e-19 2.59692e-27
4120 1.14749e-17 5.66541e-19 2.59236e-27
4130 1.15086e-17 5.64309e-19 2.58783e-27
4140 1.15424e-17 5.62008e-19 2.58332e-27
4150 1.15761e-17 5.59639e-19 2.57884e-27
4160 1.161e-17 5.57202e-19 2.57439e-27
4170 1.16439e-17 5.547e-19 2.56997e-27
4180 1.16778e-17 5.52132e-19 2.56558e-27
4190 1.17118e-17 5.49501e-19 2.56121e-27
4200 1.17458e-17 5.46806e-19 2.55687e-27
4210 1.17798e-17 5.4405e-19 2.55255e-27
4220 1.1814e-17 5.41232e-19 2.54826e-27
4230 1.18481e-17 5.38355e-19 2.544e-27
4240 1.18823e-17 5.35419e-19 2.53976e-27
4250 1.19166e-17 5.32425e-19 2.53555e-27
4260 1.19509e-17 5.29375e-19 2.53136e-27
4270 1.19853e-17 5.26269e-19 2.5272e-27
4280 1.20197e-17 5.2311e-19 2.52307e-27
4290 1.20542e-17 5.19898e-19 2.51896e-27
4300 1.20887e-17 5.16634e-19 2.51488e-27
4310 1.21232e-17 5.1332e-19 2.51082e-27
4320 1.21579e-17 5.09956e-19 2.50678e-27
4330 1.21925e-17 5.06545e-19 2.50277e-27
4340 1.22272e-17 5.03087e-19 2.49879e-27
4350 1.2262e-17 4.99583e-19 2.49483e-27
4360 1.22968e-17 4.96036e-19 2.49089e-27
4370 1.23317e-17 4.92446e-19 2.48698e-27
4380 1.23666e-17 4.88814e-19 2.48309e-27
4390 1.24016e-17 4.85142e-19 2.47922e-27
4400 1.24366e-17 4.81432e-19 2.47538e-27
4410 1.24717e-17 4.77684e-19 2.47156e-27
4420 1.25068e-17 4.739e-19 2.46776e-27
4430 1.2542e-17 4.70081e-19 2.46399e-27
4440 1.25772e-17 4.66229e-19 2.46024e-27
4450 1.26125e-17 4.62344e-19 2.45651e-27
4460 1.26478e-17 4.58429e-19 2.45281e-27
4470 1.26832e-17 4.54485e-19 2.44913e-27
4480 1.27186e-17 4.50512e-19 2.44547e-27
4490 1.27541e-17 4.46513e-19 2.44183e-27
4500 1.27897e-17 4.42488e-19 2.43822e-27
4510 1.28253e-17 4.3844e-19 2.43462e-27
4520 1.2861e-17 4.34369e-19 2.43105e-27
4530 1.28967e-17 4.30277e-19 2.4275e-27
4540 1.29324e-17 4.26165e-19 2.42398e-27
4550 1.29683e-17 4.22034e-19 2.42047e-27
4560 1.30041e-17 4.17886e-19 2.41698e-27
4570 1.30401e-17 4.13722e-19 2.41352e-27
4580 1.3076e-17 4.09544e-19 2.41008e-27
4590 1.31121e-17 4.05353e-19 2.40666e-27
4600 1.31482e-17 4.0115e-19 2.40326e-27
4610 1.31843e-17 3.96936e-19 2.39988e-27
4620 1.32205e-17 3.92713e-19 2.39652e-27
4630 1.32568e-17 3.88482e-19 2.39318e-27
4640 1.32931e-17 3.84244e-19 2.38986e-27
4650 1.33295e-17 3.80001e-19 2.38656e-27
4660 1.33659e-17 3.75754e-19 2.38328e-27
4670 1.34024e-17 3.71504e-19 2.38003e-27
4680 1.3439e-17 3.67253e-19 2.37679e-27
4690 1.34756e-17 3.63001e-19 2.37357e-27
4700 1.35122e-17 3.5875e-19 2.37037e-27
4710 1.3549e-17 3.54501e-19 2.36719e-27
4720 1.35857e-17 3.50256e-19 2.36403e-27
4730 1.36226e-17 3.46015e-19 2.36089e-27
4740 1.36595e-17 3.41779e-19 2.35777e-27
4750 1.36964e-17 3.37551e-19 2.35467e-27
4760 1.37334e-17 3.3333e-19 2.35159e-27
4770 1.37705e-17 3.29118e-19 2.34852e-27
4780 1.38076e-17 3.24917e-19 2.34548e-27
4790 1.38448e-17 3.20727e-19 2.34245e-27
4800 1.38821e-17 3.16549e-19 2.33945e-27
4810 1.39194e-17 3.12385e-19 2.33646e-27
4820 1.39568e-17 3.08235e-19 2.33349e-27
4830 1.39942e-17 3.04101e-19 2.33054e-27
4840 1.40317e-17 2.99984e-19 2.3276e-27
4850 1.40692e-17 2.95884e-19 2.32469e-27
4860 1.41069e-17 2.91802e-19 2.32179e-27
4870 1.41445e-17 2.87741e-19 2.31891e-27
4880 1.41823e-17 2.83699e-19 2.31605e-27
4890 1.42201e-17 2.79679e-19 2.31321e-27
4900 1.42579e-17 2.75682e-19 2.31038e-27
4910 1.42958e-17 2.71708e-19 2.30757e-27
4920 1.43338e-17 2.67758e-19 2.30478e-27
4930 1.43719e-17 2.63833e-19 2.30201e-27
4940 1.441e-17 2.59934e-19 2.29925e-27
4950 1.44481e-17 2.56062e-19 2.29651e-27
4960 1.44864e-17 2.52217e-19 2.29379e-27
4970 1.45247e-17 2.48401e-19 2.29109e-27
4980 1.4563e-17 2.44614e-19 2.2884e-27
4990 1.46015e-17 2.40857e-19 2.28573e-27
5000 1.46399e-17 2.37131e-19 2.28308e-27
5010 1.46785e-17 2.33436e-19 2.28044e-27
5020 1.47171e-17 2.29773e-19 2.27782e-27
5030 1.47558e-17 2.26143e-19 2.27522e-27
5040 1.47945e-17 2.22547e-19 2.27263e-27
5050 1.48334e-17 2.18985e-19 2.27006e-27
5060 1.48722e-17 2.15458e-19 2.2675e-27
5070 1.49112e-17 2.11966e-19 2.26497e-27
5080 1.49502e-17 2.08511e-19 2.26244e-27
5090 1.49893e-17 2.05092e-19 2.25994e-27
5100 1.50284e-17 2.01711e-19 2.25745e-27
5110 1.50676e-17 1.98368e-19 2.25497e-27
5120 1.51069e-17 1.95064e-19 2.25252e-27
5130 1.51462e-17 1.91798e-19 2.25007e-27
5140 1.51856e-17 1.88573e-19 2.24765e-27
5150 1.52251e-17 1.85388e-19 2.24524e-27
5160 1.52646e-17 1.82243e-19 2.24284e-27
5170 1.53043e-17 1.7914e-19 2.24046e-27
5180 1.53439e-17 1.76079e-19 2.2381e-27
5190 1.53837e-17 1.7306e-19 2.23575e-27
5200 1.54235e-17 1.70084e-19 2.23341e-27
5210 1.54634e-17 1.67151e-19 2.2311e-27
5220 1.55033e-17 1.64262e-19 2.22879e-27
5230 1.55434e-17 1.61417e-19 2.22651e-27
5240 1.55835e-17 1.58617e-19 2.22423e-27
5250 1.56236e-17 1.55862e-19 2.22197e-27
5260 1.56638e-17 1.53153e-19 2.21973e-27
5270 1.57042e-17 1.5049e-19 2.2175e-27
5280 1.57445e-17 1.47873e-19 2.21529e-27
5290 1.5785e-17 1.45304e-19 2.21309e-27
5300 1.58255e-17 1.42781e-19 2.21091e-27
5310 1.58661e-17 1.40307e-19 2.20874e-27
5320 1.59067e-17 1.3788e-19 2.20658e-27
5330 1.59475e-17 1.35502e-19 2.20444e-27
5340 1.59883e-17 1.33174e-19 2.20231e-27
5350 1.60291e-17 1.30894e-19 2.2002e-27
5360 1.60701e-17 1.28665e-19 2.1981e-27
5370 1.61111e-17 1.26486e-19 2.19602e-27
5380 1.61522e-17 1.24357e-19 2.19395e-27
5390 1.61934e-17 1.2228e-19 2.19189e-27
5400 1.62346e-17 1.20254e-19 2.18985e-27
5410 1.62759e-17 1.18281e-19 2.18782e-27
5420 1.63173e-17 1.1636e-19 2.18581e-27
5430 1.63588e-17 1.14491e-19 2.18381e-27
5440 1.64003e-17 1.12676e-19 2.18183e-27
5450 1.64419e-17 1.10915e-19 2.17985e-27
5460 1.64836e-17 1.09208e-19 2.17789e-27
5470 1.65254e-17 1.07556e-19 2.17595e-27
5480 1.65672e-17 1.05959e-19 2.17402e-27
5490 1.66091e-17 1.04418e-19 2.1721e-27
5500 1.66511e-17 1.02933e-19 2.1702e-27
5510 1.66932e-17 1.01505e-19 2.1683e-27
5520 1.67353e-17 1.00134e-19 2.16643e-27
5530 1.67775e-17 9.88214e-20 2.16456e-27
5540 1.68198e-17 9.75668e-20 2.16271e-27
5550 1.68622e-17 9.63713e-20 2.16087e-27
5560 1.69047e-17 9.52353e-20 2.15905e-27
5570 1.69472e-17 9.41594e-20 2.15724e-27
5580 1.69898e-17 9.31445e-20 2.15544e-27
5590 1.70325e-17 9.2191e-20 2.15365e-27
5600 1.70753e-17 9.12996e-20 2.15188e-27
5610 1.71181e-17 9.0471e-20 2.15012e-27
5620 1.71611e-17 8.97061e-20 2.14837e-27
5630 1.72041e-17 8.90054e-20 2.14664e-27
5640 1.72471e-17 8.83697e-20 2.14492e-27
5650 1.72903e-17 8.77998e-20 2.14321e-27
5660 1.73336e-17 8.72966e-20 2.14151e-27
5670 1.73769e-17 8.68609e-20 2.13983e-27
5680 1.74203e-17 8.64935e-20 2.13816e-27
5690 1.74638e-17 8.61953e-20 2.1365e-27
5700 1.75074e-17 8.59672e-20 2.13485e-27
5710 1.7551e-17 8.58102e-20 2.13322e-27
5720 1.75947e-17 8.57252e-20 2.1316e-27
5730 1.76386e-17 8.57133e-20 2.12999e-27
5740 1.76825e-17 8.57755e-20 2.12839e-27
5750 1.77265e-17 8.59129e-20 2.12681e-27
5760 1.77705e-17 8.61266e-20 2.12524e-27
5770 1.78147e-17 8.64177e-20 2.12368e-27
5780 1.78589e-17 8.67873e-20 2.12213e-27
5790 1.79032e-17 8.72368e-20 2.12059e-27
5800 1.79476e-17 8.77674e-20 2.11907e-27
5810 1.79921e-17 8.83802e-20 2.11756e-27
5820 1.80367e-17 8.90768e-20 2.11606e-27
5830 1.80814e-17 8.98584e-20 2.11457e-27
5840 1.81261e-17 9.07263e-20 2.11309e-27
5850 1.81709e-17 9.16822e-20 2.11163e-27
5860 1.82159e-17 9.27274e-20 2.11018e-27
5870 1.82609e-17 9.38635e-20 2.10874e-27
5880 1.8306e-17 9.50921e-20 2.10731e-27
5890 1.83512e-17 9.64147e-20 2.10589e-27
5900 1.83964e-17 9.7833e-20 2.10448e-27
5910 1.84418e-17 9.93487e-20 2.10309e-27
5920 1.84872e-17 1.00964e-19 2.10171e-27
5930 1.85328e-17 1.02679e-19 2.10034e-27
5940 1.85784e-17 1.04498e-19 2.09898e-27
5950 1.86241e-17 1.06421e-19 2.09763e-27
5960 1.86699e-17 1.08451e-19 2.09629e-27
5970 1.87158e-17 1.1059e-19 2.09497e-27
5980 1.87618e-17 1.12839e-19 2.09366e-27
5990 1.88078e-17 1.152e-19 2.09235e-27
6000 1.8854e-17 1.17677e-19 2.09106e-27
6010 1.89003e-17 1.2027e-19 2.08978e-27
6020 1.89466e-17 1.22983e-19 2.08851e-27
6030 1.8993e-17 1.25817e-19 2.08726e-27
6040 1.90396e-17 1.28775e-19 2.08601e-27
6050 1.90862e-17 1.31859e-19 2.08478e-27
6060 1.91329e-17 1.35072e-19 2.08355e-27
6070 1.91797e-17 1.38415e-19 2.08234e-27
6080 1.92266e-17 1.41892e-19 2.08114e-27
6090 1.92736e-17 1.45506e-19 2.07995e-27
6100 1.93207e-17 1.49258e-19 2.07877e-27
6110 1.93679e-17 1.53151e-19 2.0776e-27
6120 1.94151e-17 1.57189e-19 2.07644e-27
6130 1.94625e-17 1.61374e-19 2.07529e-27
6140 1.951e-17 1.65708e-19 2.07416e-27
6150 1.95575e-17 1.70195e-19 2.07303e-27
6160 1.96052e-17 1.74838e-19 2.07192e-27
6170 1.9653e-17 1.7964e-19 2.07081e-27
6180 1.97008e-17 1.84603e-19 2.06972e-27
6190 1.97488e-17 1.8973e-19 2.06864e-27
6200 1.97968e-17 1.95026e-19 2.06757e-27
6210 1.9845e-17 2.00493e-19 2.06651e-27
6220 1.98932e-17 2.06134e-19 2.06545e-27
6230 1.99415e-17 2.11952e-19 2.06442e-27
6240 1.999e-17 2.17952e-19 2.06339e-27
6250 2.00385e-17 2.24135e-19 2.06237e-27
6260 2.00872e-17 2.30507e-19 2.06136e-27
6270 2.01359e-17 2.3707e-19 2.06036e-27
6280 2.01847e-17 2.43827e-19 2.05937e-27
6290 2.02337e-17 2.50783e-19 2.0584e-27
6300 2.02827e-17 2.5794e-19 2.05743e-27
6310 2.03319e-17 2.65303e-19 2.05648e-27
6320 2.03811e-17 2.72876e-19 2.05553e-27
6330 2.04305e-17 2.80661e-19 2.0546e-27
6340 2.04799e-17 2.88663e-19 2.05367e-27
6350 2.05294e-17 2.96886e-19 2.05276e-27
6360 2.05791e-17 3.05333e-19 2.05185e-27
6370 2.06289e-17 3.14009e-19 2.05096e-27
6380 2.06787e-17 3.22917e-19 2.05007e-27
6390 2.07287e-17 3.32061e-19 2.0492e-27
6400 2.07788e-17 3.41445e-19 2.04834e-27
6410 2.08289e-17 3.51074e-19 2.04748e-27
6420 2.08792e-17 3.60951e-19 2.04664e-27
6430 2.09296e-17 3.7108e-19 2.04581e-27
6440 2.09801e-17 3.81466e-19 2.04499e-27
6450 2.10307e-17 3.92113e-19 2.04417e-27
6460 2.10814e-17 4.03024e-19 2.04337e-27
6470 2.11322e-17 4.14204e-19 2.04258e-27
6480 2.11831e-17 4.25658e-19 2.04179e-27
6490 2.12341e-17 4.37389e-19 2.04102e-27
6500 2.12853e-17 4.49402e-19 2.04026e-27
6510 2.13365e-17 4.61701e-19 2.03951e-27
6520 2.13879e-17 4.7429e-19 2.03876e-27
6530 2.14393e-17 4.87173e-19 2.03803e-27
6540 2.14909e-17 5.00355e-19 2.03731e-27
6550 2.15426e-17 5.13841e-19 2.0366e-27
6560 2.15944e-17 5.27633e-19 2.03589e-27
6570 2.16463e-17 5.41737e-19 2.0352e-27
6580 2.16983e-17 5.56157e-19 2.03452e-27
6590 2.17504e-17 5.70898e-19 2.03384e-27
6600 2.18027e-17 5.85962e-19 2.03318e-27
6610 2.1855e-17 6.01356e-19 2.03252e-27
6620 2.19075e-17 6.17082e-19 2.03188e-27
6630 2.19601e-17 6.33145e-19 2.03125e-27
6640 2.20128e-17 6.4955e-19 2.03062e-27
6650 2.20656e-17 6.663e-19 2.03001e-27
6660 2.21185e-17 6.834e-19 2.0294e-27
6670 2.21716e-17 7.00854e-19 2.0288e-27
6680 2.22247e-17 7.18666e-19 2.02822e-27
6690 2.2278e-17 7.36839e-19 2.02764e-27
6700 2.23314e-17 7.55379e-19 2.02708e-27
6710 2.23849e-17 7.74289e-19 2.02652e-27
6720 2.24385e-17 7.93572e-19 2.02597e-27
6730 2.24922e-17 8.13233e-19 2.02543e-27
6740 2.25461e-17 8.33276e-19 2.0249e-27
6750 2.26001e-17 8.53705e-19 2.02439e-27
6760 2.26541e-17 8.74522e-19 2.02388e-27
6770 2.27084e-17 8.95733e-19 2.02338e-27
6780 2.27627e-17 9.17339e-19 2.02289e-27
6790 2.28171e-17 9.39346e-19 2.02241e-27
6800 2.28717e-17 9.61756e-19 2.02193e-27
6810 2.29264e-17 9.84573e-19 2.02147e-27
6820 2.29812e-17 1.0078e-18 2.02102e-27
6830 2.30362e-17 1.03144e-18 2.02058e-27
6840 2.30912e-17 1.0555e-18 2.02014e-27
6850 2.31464e-17 1.07997e-18 2.01972e-27
6860 2.32017e-17 1.10487e-18 2.01931e-27
6870 2.32571e-17 1.13019e-18 2.0189e-27
6880 2.33127e-17 1.15594e-18 2.01851e-27
6890 2.33684e-17 1.18212e-18 2.01812e-27
6900 2.34242e-17 1.20874e-18 2.01774e-27
6910 2.34801e-17 1.23579e-18 2.01738e-27
6920 2.35362e-17 1.26328e-18 2.01702e-27
6930 2.35923e-17 1.2912e-18 2.01667e-27
6940 2.36486e-17 1.31957e-18 2.01633e-27
6950 2.37051e-17 1.34839e-18 2.016e-27
6960 2.37616e-17 1.37764e-18 2.01568e-27
6970 2.38183e-17 1.40735e-18 2.01537e-27
6980 2.38752e-17 1.4375e-18 2.01506e-27
6990 2.39321e-17 1.46811e-18 2.01477e-27
7000 2.39892e-17 1.49916e-18 2.01449e-27
7010 2.40464e-17 1.53067e-18 2.01421e-27
7020 2.41037e-17 1.56263e-18 2.01395e-27
7030 2.41612e-17 1.59504e-18 2.01369e-27
7040 2.42188e-17 1.62791e-18 2.01345e-27
7050 2.42765e-17 1.66124e-18 2.01321e-27
7060 2.43344e-17 1.69501e-18 2.01298e-27
7070 2.43924e-17 1.72925e-18 2.01276e-27
7080 2.44506e-17 1.76393e-18 2.01255e-27
7090 2.45088e-17 1.79907e-18 2.01235e-27
7100 2.45672e-17 1.83467e-18 2.01216e-27
7110 2.46258e-17 1.87072e-18 2.01198e-27
7120 2.46844e-17 1.90722e-18 2.01181e-27
7130 2.47432e-17 1.94417e-18 2.01164e-27
7140 2.48022e-17 1.98157e-18 2.01149e-27
7150 2.48613e-17 2.01942e-18 2.01134e-27
7160 2.49205e-17 2.05772e-18 2.01121e-27
7170 2.49798e-17 2.09646e-18 2.01108e-27
7180 2.50393e-17 2.13565e-18 2.01096e-27
7190 2.5099e-17 2.17527e-18 2.01085e-27
7200 2.51588e-17 2.21534e-18 2.01075e-27
7210 2.52187e-17 2.25583e-18 2.01066e-27
7220 2.52787e-17 2.29676e-18 2.01058e-27
7230 2.53389e-17 2.33812e-18 2.01051e-27
7240 2.53993e-17 2.37991e-18 2.01045e-27
7250 2.54597e-17 2.42211e-18 2.0104e-27
7260 2.55204e-17 2.46474e-18 2.01035e-27
7270 2.55811e-17 2.50778e-18 2.01032e-27
7280 2.5642e-17 2.55122e-18 2.01029e-27
7290 2.57031e-17 2.59508e-18 2.01027e-27
7300 2.57643e-17 2.63933e-18 2.01026e-27
7310 2.58256e-17 2.68398e-18 2.01026e-27
7320 2.58871e-17 2.72902e-18 2.01027e-27
7330 2.59488e-17 2.77444e-18 2.01029e-27
7340 2.60105e-17 2.82025e-18 2.01032e-27
7350 2.60725e-17 2.86642e-18 2.01036e-27
7360 2.61345e-17 2.91296e-18 2.01041e-27
7370 2.61968e-17 2.95987e-18 2.01046e-27
7380 2.62591e-17 3.00712e-18 2.01053e-27
7390 2.63217e-17 3.05473e-18 2.0106e-27
7400 2.63843e-17 3.10267e-18 2.01068e-27
7410 2.64472e-17 3.15095e-18 2.01078e-27
7420 2.65102e-17 3.19955e-18 2.01088e-27
7430 2.65733e-17 3.24846e-18 2.01099e-27
7440 2.66366e-17 3.29769e-18 2.01111e-27
7450 2.67e-17 3.34722e-18 2.01123e-27
7460 2.67636e-17 3.39704e-18 2.01137e-27
7470 2.68273e-17 3.44714e-18 2.01152e-27
7480 2.68912e-17 3.49752e-18 2.01167e-27
7490 2.69553e-17 3.54816e-18 2.01184e-27
7500 2.70195e-17 3.59906e-18 2.01201e-27
7510 2.70839e-17 3.6502e-18 2.0122e-27
7520 2.71484e-17 3.70158e-18 2.01239e-27
7530 2.72131e-17 3.75319e-18 2.01259e-27
7540 2.72779e-17 3.80501e-18 2.0128e-27
7550 2.73429e-17 3.85704e-18 2.01302e-27
7560 2.7408e-17 3.90927e-18 2.01325e-27
7570 2.74734e-17 3.96168e-18 2.01349e-27
7580 2.75388e-17 4.01426e-18 2.01373e-27
7590 2.76045e-17 4.06701e-18 2.01399e-27
7600 2.76703e-17 4.1199e-18 2.01425e-27
7610 2.77362e-17 4.17294e-18 2.01453e-27
7620 2.78024e-17 4.2261e-18 2.01481e-27
7630 2.78687e-17 4.27937e-18 2.0151e-27
7640 2.79351e-17 4.33275e-18 2.0154e-27
7650 2.80017e-17 4.38622e-18 2.01572e-27
7660 2.80685e-17 4.43977e-18 2.01603e-27
7670 2.81355e-17 4.49339e-18 2.01636e-27
7680 2.82026e-17 4.54706e-18 2.0167e-27
7690 2.82699e-17 4.60077e-18 2.01705e-27
7700 2.83373e-17 4.6545e-18 2.01741e-27
7710 2.84049e-17 4.70825e-18 2.01777e-27
7720 2.84727e-17 4.762e-18 2.01815e-27
7730 2.85407e-17 4.81574e-18 2.01853e-27
7740 2.86088e-17 4.86945e-18 2.01892e-27
7750 2.86771e-17 4.92312e-18 2.01932e-27
7760 2.87456e-17 4.97674e-18 2.01974e-27
7770 2.88142e-17 5.0303e-18 2.02016e-27
7780 2.8883e-17 5.08377e-18 2.02059e-27
7790 2.8952e-17 5.13714e-18 2.02102e-27
7800 2.90212e-17 5.19041e-18 2.02147e-27
7810 2.90905e-17 5.24356e-18 2.02193e-27
7820 2.91601e-17 5.29656e-18 2.0224e-27
7830 2.92298e-17 5.34942e-18 2.02287e-27
7840 2.92996e-17 5.40211e-18 2.02336e-27
7850 2.93697e-17 5.45462e-18 2.02385e-27
7860 2.94399e-17 5.50694e-18 2.02435e-27
7870 2.95103e-17 5.55905e-18 2.02487e-27
7880 2.95809e-17 5.61094e-18 2.02539e-27
7890 2.96517e-17 5.66259e-18 2.02592e-27
7900 2.97226e-17 5.71399e-18 2.02646e-27
7910 2.97938e-17 5.76512e-18 2.02701e-27
7920 2.98651e-17 5.81598e-18 2.02757e-27
7930 2.99366e-17 5.86654e-18 2.02814e-27
7940 3.00082e-17 5.9168e-18 2.02872e-27
7950 3.00801e-17 5.96673e-18 2.0293e-27
7960 3.01522e-17 6.01633e-18 2.0299e-27
7970 3.02244e-17 6.06558e-18 2.03051e-27
7980 3.02968e-17 6.11447e-18 2.03112e-27
7990 3.03694e-17 6.16298e-18 2.03175e-27
8000 3.04422e-17 6.2111e-18 2.03238e-27
8010 3.05152e-17 6.25881e-18 2.03302e-27
