0 0 0
10 3.61832e-09 2.98193e-12
20 4.60183e-08 3.94606e-11
30 2.07184e-07 1.85e-10
40 6.02281e-07 5.59368e-10
50 1.3701e-06 1.32472e-09
60 2.66661e-06 2.68384e-09
70 4.65689e-06 4.87841e-09
80 7.50954e-06 8.1873e-09
90 1.14244e-05 1.2925e-08
100 1.65123e-05 1.94399e-08
110 2.29485e-05 2.81129e-08
120 3.09134e-05 3.93557e-08
130 0.00369303 5.36096e-08
140 5.17667e-05 7.13436e-08
150 0.204162 9.30535e-08
160 8.02079e-05 1.1926e-07
170 9.72931e-05 1.50509e-07
180 0.00325906 1.87366e-07
190 0.000137608 2.30422e-07
200 0.102017 2.80283e-07
210 0.0369234 3.3758e-07
220 0.00021408 4.02956e-07
230 0.000243604 4.77074e-07
240 0.000275127 5.60612e-07
250 0.000308594 6.54261e-07
260 0.0031188 7.58727e-07
270 0.14597 8.74728e-07
280 0.00042105 1.00299e-06
290 0.000461631 1.14426e-06
300 0.00050587 1.29929e-06
310 0.00298659 1.46882e-06
320 0.00529019 1.65363e-06
330 0.00262778 1.85449e-06
340 0.085165 2.07218e-06
350 0.000741931 2.30748e-06
360 0.00579705 2.56119e-06
370 0.00540872 2.83409e-06
380 0.0241642 3.12697e-06
390 0.00158635 3.44065e-06
400 0.00101019 3.77591e-06
410 0.00194454 4.13356e-06
420 0.00111571 4.5144e-06
430 0.00116864 4.91923e-06
440 0.00122155 5.34886e-06
450 0.0052468 5.80407e-06
460 0.0340066 6.28566e-06
470 0.00141445 6.79444e-06
480 0.0014666 7.33119e-06
490 0.00578726 7.8967e-06
500 0.0123437 8.49176e-06
510 0.00163788 9.11714e-06
520 0.00168828 9.77362e-06
530 0.00358464 1.0462e-05
540 0.0018054 1.1183e-05
550 0.00202541 1.19373e-05
560 0.00380546 1.27258e-05
570 0.00250114 1.35492e-05
580 0.0188667 1.44083e-05
590 0.00261512 1.53037e-05
600 0.048157 1.62361e-05
610 0.0240047 1.72064e-05
620 0.00442802 1.82151e-05
630 0.00452149 1.9263e-05
640 0.0175513 2.03509e-05
650 0.00295617 2.14792e-05
660 0.0165685 2.26489e-05
670 0.00305052 2.38603e-05
680 0.00309571 2.51144e-05
690 0.00313959 2.64116e-05
700 0.00324519 2.77526e-05
710 0.00427212 2.9138e-05
720 0.00339328 3.05685e-05
730 0.00696515 3.20446e-05
740 0.00353439 3.35669e-05
750 0.00357029 3.5136e-05
760 0.00707547 3.67525e-05
770 0.00598481 3.84168e-05
780 0.00487422 4.01297e-05
790 0.00392357 4.18914e-05
800 0.00492206 4.37027e-05
810 0.00438374 4.5564e-05
820 0.00620531 4.74758e-05
830 0.00420739 4.94385e-05
840 0.00579064 5.14527e-05
850 0.00440207 5.35188e-05
860 0.00426841 5.56372e-05
870 0.00688686 5.78084e-05
880 0.00430215 6.00328e-05
890 0.0178436 6.23109e-05
900 0.00433054 6.46429e-05
910 0.00448212 6.70293e-05
920 0.0128741 6.94705e-05
930 0.00436355 7.19668e-05
940 0.00624963 7.45185e-05
950 0.00492236 7.71261e-05
960 0.0112196 7.97898e-05
970 0.00529237 8.25099e-05
980 0.00439491 8.52868e-05
990 0.0057988 8.81207e-05
1000 0.00495623 9.10119e-05
1010 0.00586854 9.39606e-05
1020 0.00645429 9.69672e-05
1030 0.00947799 0.000100032
1040 0.00577523 0.000103155
1050 0.00439599 0.000106336
1060 0.00439267 0.000109576
1070 0.00531944 0.000112875
1080 0.0117244 0.000116233
1090 0.00437832 0.00011965
1100 0.00437219 0.000123127
1110 0.00436544 0.000126663
1120 0.0043581 0.000130259
1130 0.0108765 0.000133914
1140 0.00465086 0.00013763
1150 0.0083678 0.000141405
1160 0.0062653 0.000145241
1170 0.00515581 0.000149136
1180 0.00508387 0.000153092
1190 0.00999451 0.000157108
1200 0.00513641 0.000161185
1210 0.00510897 0.000165322
1220 0.0150114 0.000169519
1230 0.00505426 0.000173777
1240 0.016077 0.000178095
1250 0.00499987 0.000182473
1260 0.00497283 0.000186912
1270 0.00931523 0.000191411
1280 0.00558004 0.000195971
1290 0.00632112 0.000200591
1300 0.00486602 0.000205271
1310 0.0048397 0.000210011
1320 0.0125744 0.000214811
1330 0.00630832 0.000219671
1340 0.0171599 0.000224591
1350 0.00705839 0.000229571
1360 0.0107407 0.000234611
1370 0.00607384 0.000239711
1380 0.00601791 0.000244869
1390 0.0079509 0.000250087
1400 0.0123583 0.000255365
1410 0.00916901 0.000260701
1420 0.00649501 0.000266096
1430 0.00708341 0.00027155
1440 0.00636264 0.000277063
1450 0.00629848 0.000282634
1460 0.00729666 0.000288263
1470 0.00720979 0.00029395
1480 0.00712489 0.000299695
1490 0.0148484 0.000305498
1500 0.00847579 0.000311358
1510 0.00776132 0.000317275
1520 0.008223 0.000323249
1530 0.00755943 0.00032928
1540 0.00849308 0.000335367
1550 0.00807731 0.00034151
1560 0.00727522 0.00034771
1570 0.00718512 0.000353965
1580 0.0070972 0.000360276
1590 0.00701139 0.000366641
1600 0.00692761 0.000373062
1610 0.0068458 0.000379537
1620 0.00676588 0.000386067
1630 0.00668779 0.000392651
1640 0.00661146 0.000399288
1650 0.00653683 0.000405979
1660 0.00646384 0.000412723
1670 0.00639244 0.00041952
1680 0.010514 0.00042637
1690 0.00625416 0.000433271
1700 0.00861188 0.000440225
1710 0.00847671 0.00044723
1720 0.010105 0.000454287
1730 0.00992984 0.000461394
1740 0.0108841 0.000468552
1750 0.00959472 0.00047576
1760 0.00943445 0.000483018
1770 0.00927879 0.000490326
1780 0.00912758 0.000497683
1790 0.0116056 0.000505089
1800 0.0113923 0.000512543
1810 0.0111855 0.000520045
1820 0.0109849 0.000527595
1830 0.0107902 0.000535193
1840 0.0106013 0.000542837
1850 0.0125948 0.000550529
1860 0.0102398 0.000558266
1870 0.0100669 0.000566049
1880 0.00989885 0.000573878
1890 0.00973557 0.000581752
1900 0.0114445 0.000589671
1910 0.0129852 0.000597634
1920 0.0127373 0.000605641
1930 0.0124968 0.000613692
1940 0.014693 0.000621785
1950 0.0120376 0.000629922
1960 0.0118181 0.000638101
1970 0.014071 0.000646322
1980 0.0113984 0.000654584
1990 0.0111976 0.000662888
2000 0.0110024 0.000671232
2010 0.0108128 0.000679617
2020 0.0109814 0.000688042
2030 0.0104492 0.000696506
2040 0.0125239 0.000705009
2050 0.0101049 0.000713551
2060 0.0106042 0.000722131
2070 0.0104239 0.000730749
2080 0.0102485 0.000739404
2090 0.0100777 0.000748097
2100 0.0099114 0.000756826
2110 0.00974939 0.000765591
2120 0.0095915 0.000774391
2130 0.00943759 0.000783227
2140 0.00928749 0.000792098
2150 0.00914107 0.000801003
2160 0.0089982 0.000809942
2170 0.00885874 0.000818914
2180 0.00872257 0.00082792
2190 0.00858958 0.000836958
2200 0.00845966 0.000846028
2210 0.0083327 0.00085513
2220 0.0082086 0.000864263
2230 0.00808728 0.000873427
2240 0.00796865 0.000882621
2250 0.00785262 0.000891845
2260 0.00773911 0.000901098
2270 0.00762806 0.00091038
2280 0.0075194 0.000919691
2290 0.00741306 0.00092903
2300 0.00730897 0.000938396
2310 0.00720709 0.000947789
2320 0.00710735 0.000957209
2330 0.00700971 0.000966654
2340 0.00691412 0.000976126
2350 0.00682052 0.000985622
2360 0.00672888 0.000995143
2370 0.00663915 0.00100469
2380 0.0065513 0.00101426
2390 0.00646528 0.00102385
2400 0.00638106 0.00103346
2410 0.0062986 0.0010431
2420 0.00621787 0.00105276
2430 0.00613884 0.00106244
2440 0.00606147 0.00107214
2450 0.00598574 0.00108186
2460 0.00591161 0.0010916
2470 0.00583905 0.00110135
2480 0.00576804 0.00111113
2490 0.00569855 0.00112093
2500 0.00563054 0.00113074
2510 0.005564 0.00114057
2520 0.0054989 0.00115041
2530 0.00543521 0.00116028
2540 0.0053729 0.00117015
2550 0.00531195 0.00118004
2560 0.00525233 0.00118995
2570 0.00519403 0.00119987
2580 0.005137 0.0012098
2590 0.00508124 0.00121975
2600 0.0050267 0.0012297
2610 0.00497338 0.00123967
2620 0.00492125 0.00124965
2630 0.00487028 0.00125964
2640 0.00482045 0.00126964
2650 0.00477174 0.00127964
2660 0.00472413 0.00128966
2670 0.00467758 0.00129968
2680 0.00463209 0.00130972
2690 0.00458762 0.00131975
2700 0.00454416 0.0013298
2710 0.00450168 0.00133985
2720 0.00446017 0.0013499
2730 0.0044196 0.00135996
2740 0.00437995 0.00137002
2750 0.00434121 0.00138008
2760 0.00430334 0.00139015
2770 0.00426635 0.00140022
2780 0.00423019 0.00141029
2790 0.00419486 0.00142036
2800 0.00416034 0.00143043
2810 0.0041266 0.0014405
2820 0.00409364 0.00145057
2830 0.00406143 0.00146063
2840 0.00402996 0.0014707
2850 0.00399921 0.00148075
2860 0.00396916 0.00149081
2870 0.00393979 0.00150086
2880 0.0039111 0.0015109
2890 0.00388307 0.00152094
2900 0.00385567 0.00153097
2910 0.0038289 0.001541
2920 0.00380275 0.00155101
2930 0.00377719 0.00156102
2940 0.00375221 0.00157102
2950 0.00372781 0.00158101
2960 0.00370397 0.00159098
2970 0.00368066 0.00160095
2980 0.0036579 0.0016109
2990 0.00363565 0.00162084
3000 0.00361391 0.00163077
3010 0.00359266 0.00164068
3020 0.0035719 0.00165057
3030 0.00355162 0.00166046
3040 0.0035318 0.00167032
3050 0.00351243 0.00168017
3060 0.0034935 0.00169
3070 0.00347501 0.00169981
3080 0.00345693 0.0017096
3090 0.00343927 0.00171937
3100 0.00342202 0.00172912
3110 0.00340515 0.00173885
3120 0.00338868 0.00174856
3130 0.00337258 0.00175824
3140 0.00335684 0.00176791
3150 0.00334147 0.00177754
3160 0.00332645 0.00178716
3170 0.00331177 0.00179674
3180 0.00329743 0.0018063
3190 0.00328342 0.00181584
3200 0.00326973 0.00182534
3210 0.00325635 0.00183482
3220 0.00324328 0.00184427
3230 0.00323051 0.00185369
3240 0.00321804 0.00186308
3250 0.00320585 0.00187244
3260 0.00319394 0.00188177
3270 0.00318231 0.00189106
3280 0.00317095 0.00190032
3290 0.00315985 0.00190955
3300 0.00314901 0.00191875
3310 0.00313841 0.00192791
3320 0.00312807 0.00193703
3330 0.00311796 0.00194612
3340 0.00310809 0.00195517
3350 0.00309846 0.00196418
3360 0.00308904 0.00197316
3370 0.00307985 0.0019821
3380 0.00307087 0.00199099
3390 0.00306211 0.00199985
3400 0.00305355 0.00200867
3410 0.00304519 0.00201745
3420 0.00303703 0.00202618
3430 0.00302907 0.00203487
3440 0.00302129 0.00204353
3450 0.0030137 0.00205213
3460 0.0030063 0.0020607
3470 0.00299907 0.00206922
3480 0.00299201 0.00207769
3490 0.00298513 0.00208612
3500 0.00297841 0.0020945
3510 0.00297185 0.00210284
3520 0.00296546 0.00211113
3530 0.00295922 0.00211938
3540 0.00295313 0.00212757
3550 0.0029472 0.00213572
3560 0.00294141 0.00214382
3570 0.00293577 0.00215187
3580 0.00293026 0.00215987
3590 0.0029249 0.00216782
3600 0.00291967 0.00217572
3610 0.00291457 0.00218357
3620 0.0029096 0.00219136
3630 0.00290476 0.00219911
3640 0.00290005 0.00220681
3650 0.00289545 0.00221445
3660 0.00289098 0.00222204
3670 0.00288662 0.00222958
3680 0.00288238 0.00223706
3690 0.00287824 0.00224449
3700 0.00287422 0.00225187
3710 0.00287031 0.00225919
3720 0.0028665 0.00226646
3730 0.0028628 0.00227367
3740 0.00285919 0.00228083
3750 0.00285569 0.00228794
3760 0.00285228 0.00229499
3770 0.00284897 0.00230198
3780 0.00284575 0.00230892
3790 0.00284262 0.0023158
3800 0.00283958 0.00232263
3810 0.00283663 0.0023294
3820 0.00283377 0.00233611
3830 0.00283099 0.00234277
3840 0.00282829 0.00234937
3850 0.00282567 0.00235592
3860 0.00282314 0.0023624
3870 0.00282068 0.00236883
3880 0.00281829 0.00237521
3890 0.00281599 0.00238152
3900 0.00281375 0.00238778
3910 0.00281159 0.00239399
3920 0.00280949 0.00240013
3930 0.00280747 0.00240622
3940 0.00280551 0.00241225
3950 0.00280362 0.00241823
3960 0.00280179 0.00242415
3970 0.00280003 0.00243001
3980 0.00279833 0.00243581
3990 0.00279669 0.00244156
4000 0.00279511 0.00244725
4010 0.00279359 0.00245288
4020 0.00279212 0.00245846
4030 0.00279071 0.00246398
4040 0.00278936 0.00246945
4050 0.00278806 0.00247485
4060 0.00278681 0.00248021
4070 0.00278562 0.0024855
4080 0.00278448 0.00249074
4090 0.00278338 0.00249593
4100 0.00278234 0.00250105
4110 0.00278134 0.00250613
4120 0.00278039 0.00251115
4130 0.00277948 0.00251611
4140 0.00277862 0.00252102
4150 0.0027778 0.00252587
4160 0.00277703 0.00253067
4170 0.0027763 0.00253542
4180 0.00277561 0.00254011
4190 0.00277496 0.00254475
4200 0.00277435 0.00254934
4210 0.00277378 0.00255387
4220 0.00277324 0.00255835
4230 0.00277275 0.00256278
4240 0.00277228 0.00256715
4250 0.00277186 0.00257148
4260 0.00277147 0.00257575
4270 0.00277111 0.00257997
4280 0.00277079 0.00258414
4290 0.0027705 0.00258826
4300 0.00277024 0.00259233
4310 0.00277001 0.00259635
4320 0.00276982 0.00260032
4330 0.00276965 0.00260424
4340 0.00276951 0.00260811
4350 0.0027694 0.00261193
4360 0.00276932 0.00261571
4370 0.00276926 0.00261943
4380 0.00276924 0.00262311
4390 0.00276923 0.00262675
4400 0.00276926 0.00263033
4410 0.0027693 0.00263387
4420 0.00276937 0.00263736
4430 0.00276947 0.00264081
4440 0.00276959 0.00264421
4450 0.00276973 0.00264757
4460 0.00276989 0.00265088
4470 0.00277007 0.00265415
4480 0.00277027 0.00265738
4490 0.0027705 0.00266056
4500 0.00277074 0.0026637
4510 0.002771 0.0026668
4520 0.00277128 0.00266985
4530 0.00277158 0.00267286
4540 0.0027719 0.00267583
4550 0.00277223 0.00267877
4560 0.00277258 0.00268165
4570 0.00277295 0.0026845
4580 0.00277333 0.00268731
4590 0.00277373 0.00269009
4600 0.00277414 0.00269282
4610 0.00277456 0.00269551
4620 0.002775 0.00269817
4630 0.00277545 0.00270078
4640 0.00277592 0.00270336
4650 0.0027764 0.00270591
4660 0.00277689 0.00270841
4670 0.00277739 0.00271088
4680 0.0027779 0.00271332
4690 0.00277842 0.00271572
4700 0.00277896 0.00271808
4710 0.0027795 0.00272041
4720 0.00278005 0.00272271
4730 0.00278061 0.00272497
4740 0.00278118 0.0027272
4750 0.00278176 0.00272939
4760 0.00278235 0.00273155
4770 0.00278294 0.00273369
4780 0.00278355 0.00273578
4790 0.00278416 0.00273785
4800 0.00278477 0.00273989
4810 0.00278539 0.00274189
4820 0.00278602 0.00274387
4830 0.00278665 0.00274581
4840 0.00278729 0.00274773
4850 0.00278794 0.00274962
4860 0.00278858 0.00275147
4870 0.00278924 0.0027533
4880 0.00278989 0.00275511
4890 0.00279055 0.00275688
4900 0.00279122 0.00275863
4910 0.00279189 0.00276035
4920 0.00279256 0.00276204
4930 0.00279323 0.00276371
4940 0.00279391 0.00276535
4950 0.00279458 0.00276696
4960 0.00279526 0.00276855
4970 0.00279595 0.00277012
4980 0.00279663 0.00277166
4990 0.00279731 0.00277318
5000 0.002798 0.00277468
5010 0.00279869 0.00277615
5020 0.00279937 0.0027776
5030 0.00280006 0.00277902
5040 0.00280075 0.00278043
5050 0.00280144 0.00278181
5060 0.00280213 0.00278317
5070 0.00280282 0.00278451
5080 0.00280351 0.00278583
5090 0.0028042 0.00278713
5100 0.00280489 0.00278841
5110 0.00280558 0.00278968
5120 0.00280626 0.00279092
5130 0.00280695 0.00279214
5140 0.00280764 0.00279335
5150 0.00280833 0.00279454
5160 0.00280901 0.00279571
5170 0.0028097 0.00279686
5180 0.00281038 0.002798
5190 0.00281106 0.00279912
5200 0.00281175 0.00280023
5210 0.00281243 0.00280132
5220 0.00281311 0.0028024
5230 0.00281379 0.00280346
5240 0.00281447 0.00280451
5250 0.00281515 0.00280555
5260 0.00281583 0.00280657
5270 0.00281651 0.00280758
5280 0.00281719 0.00280858
5290 0.00281787 0.00280957
5300 0.00281855 0.00281054
5310 0.00281923 0.00281151
5320 0.00281991 0.00281247
5330 0.00282059 0.00281341
5340 0.00282127 0.00281435
5350 0.00282195 0.00281528
5360 0.00282264 0.00281621
5370 0.00282332 0.00281712
5380 0.00282401 0.00281803
5390 0.0028247 0.00281894
5400 0.0028254 0.00281983
5410 0.00282609 0.00282073
5420 0.00282679 0.00282162
5430 0.0028275 0.00282251
5440 0.00282821 0.00282339
5450 0.00282892 0.00282427
5460 0.00282964 0.00282515
5470 0.00283036 0.00282603
5480 0.00283109 0.00282691
5490 0.00283183 0.0028278
5500 0.00283257 0.00282868
5510 0.00283333 0.00282956
5520 0.00283409 0.00283045
5530 0.00283485 0.00283135
5540 0.00283563 0.00283225
5550 0.00283642 0.00283315
5560 0.00283722 0.00283406
5570 0.00283804 0.00283498
5580 0.00283886 0.00283591
5590 0.0028397 0.00283684
5600 0.00284055 0.00283779
5610 0.00284142 0.00283875
5620 0.0028423 0.00283972
5630 0.0028432 0.0028407
5640 0.00284412 0.0028417
5650 0.00284506 0.00284271
5660 0.00284601 0.00284374
5670 0.00284699 0.00284479
5680 0.00284799 0.00284586
5690 0.00284901 0.00284695
5700 0.00285005 0.00284806
5710 0.00285112 0.00284919
5720 0.00285222 0.00285034
5730 0.00285334 0.00285153
5740 0.00285449 0.00285273
5750 0.00285567 0.00285397
5760 0.00285689 0.00285523
5770 0.00285813 0.00285653
5780 0.00285941 0.00285786
5790 0.00286073 0.00285922
5800 0.00286208 0.00286061
5810 0.00286347 0.00286205
5820 0.0028649 0.00286352
5830 0.00286637 0.00286503
5840 0.00286789 0.00286658
5850 0.00286944 0.00286818
5860 0.00287105 0.00286982
5870 0.0028727 0.00287151
5880 0.00287441 0.00287324
5890 0.00287616 0.00287503
5900 0.00287797 0.00287687
5910 0.00287983 0.00287876
5920 0.00288175 0.00288071
5930 0.00288373 0.00288272
5940 0.00288577 0.00288478
5950 0.00288787 0.00288691
5960 9.35702e-07 0
5970 0.00169002 0.0016891
5980 8.88225e-07 0
5990 0.00171539 0.00171453
6000 8.44056e-07 0
6010 8.2314e-07 0
6020 8.02966e-07 0
6030 7.83508e-07 0
6040 0.00355973 0.00355896
6050 7.46637e-07 0
6060 7.29173e-07 0
6070 0.00182013 0.00181942
6080 6.96069e-07 0
6090 6.80383e-07 0
6100 6.65246e-07 0
6110 0.00374832 0.00374767
6120 6.36528e-07 0
6130 6.22907e-07 0
6140 6.09751e-07 0
6150 5.97042e-07 0
6160 0.00194433 0.00194374
6170 5.72888e-07 0
6180 5.61408e-07 0
6190 5.50302e-07 0
6200 5.39555e-07 0
6210 5.29151e-07 0
6220 5.19074e-07 0
6230 0.00204577 0.00204526
6240 4.9984e-07 0
6250 0.00207555 0.00207506
6260 4.81739e-07 0
6270 0.0021057 0.00210523
6280 4.64664e-07 0
6290 4.5648e-07 0
6300 4.48515e-07 0
6310 0.00433376 0.00433332
6320 4.33199e-07 0
6330 0.00219836 0.00219793
6340 4.1863e-07 0
6350 4.116e-07 0
6360 4.04727e-07 0
6370 3.98002e-07 0
6380 3.91418e-07 0
6390 3.84964e-07 0
6400 3.78634e-07 0
6410 0.00232721 0.00232684
6420 3.66317e-07 0
6430 3.60315e-07 0
6440 3.54409e-07 0
6450 3.48593e-07 0
6460 0.00241093 0.00241058
6470 3.3721e-07 0
6480 3.31632e-07 0
6490 0.00246236 0.00246204
6500 3.20683e-07 0
6510 3.15302e-07 0
6520 6.62576e-05 6.59476e-05
6530 3.04714e-07 0
6540 2.99499e-07 0
6550 2.94334e-07 0
6560 2.89216e-07 0
6570 2.84143e-07 0
6580 0.00262226 0.00262198
6590 2.74122e-07 0
6600 2.69171e-07 0
6610 2.64257e-07 0
6620 2.59379e-07 0
6630 2.54536e-07 0
6640 2.49726e-07 0
6650 0.00275261 0.00275237
6660 0.00277167 0.00277143
6670 2.35488e-07 0
6680 2.30804e-07 0
6690 0.00282953 0.0028293
6700 2.21525e-07 0
6710 2.16931e-07 0
6720 0.00288841 0.0028882
6730 0.00581632 0.00581612
6740 2.03328e-07 0
6750 1.98854e-07 0
6760 1.94412e-07 0
6770 0.00597752 0.00597733
6780 1.85622e-07 0
6790 1.81277e-07 0
6800 1.76965e-07 0
6810 1.72688e-07 0
6820 1.68446e-07 0
6830 1.6424e-07 0
6840 1.60072e-07 0
6850 1.55942e-07 0
6860 1.51852e-07 0
6870 1.47802e-07 0
6880 1.43793e-07 0
6890 1.39827e-07 0
6900 1.35905e-07 0
6910 1.32027e-07 0
6920 1.28196e-07 0
6930 1.24411e-07 0
6940 1.20675e-07 0
6950 1.16987e-07 0
6960 1.1335e-07 0
6970 1.09765e-07 0
6980 1.06231e-07 0
6990 1.02751e-07 0
7000 9.93254e-08 0
7010 9.59549e-08 0
7020 9.26406e-08 0
7030 8.93833e-08 0
7040 8.61838e-08 0
7050 8.30431e-08 0
7060 7.99617e-08 0
7070 7.69405e-08 0
7080 7.39801e-08 0
7090 0.00370506 0.00370499
7100 6.82441e-08 0
7110 6.54696e-08 0
7120 0.00377917 0.0037791
7130 6.01103e-08 0
7140 5.75262e-08 0
7150 5.50063e-08 0
7160 5.25508e-08 0
7170 5.01599e-08 0
7180 4.78336e-08 0
7190 4.55721e-08 0
7200 4.33754e-08 0
7210 4.12432e-08 0
7220 3.91756e-08 0
7230 3.71722e-08 0
7240 3.52328e-08 0
7250 3.33571e-08 0
7260 3.15447e-08 0
7270 0.00416919 0.00416916
7280 0.00419638 0.00419635
7290 2.64833e-08 0
7300 2.49198e-08 0
7310 2.3417e-08 0
7320 2.19745e-08 0
7330 2.05914e-08 0
7340 1.9267e-08 0
7350 0.00439108 0.00439106
7360 1.67906e-08 0
7370 1.56369e-08 0
7380 1.45382e-08 0
7390 1.34935e-08 0
7400 1.25017e-08 0
7410 0.00456416 0.00456415
7420 1.06723e-08 0
7430 9.83229e-09 0
7440 9.04044e-09 0
7450 8.29546e-09 0
7460 7.59596e-09 0
7470 6.94055e-09 0
7480 6.32776e-09 0
7490 5.75608e-09 0
7500 5.22395e-09 0
7510 4.72979e-09 0
7520 4.27199e-09 0
7530 3.84891e-09 0
7540 3.45888e-09 0
7550 3.10025e-09 0
7560 2.77135e-09 0
7570 2.4705e-09 0
7580 2.19605e-09 0
7590 1.94637e-09 0
7600 1.71984e-09 0
7610 1.5149e-09 0
7620 1.33e-09 0
7630 1.16368e-09 0
7640 1.01451e-09 0
7650 0.00531734 0.00531734
7660 7.62327e-10 0
7670 0.00538475 0.00538475
7680 5.63623e-10 0
7690 4.81542e-10 0
7700 4.09596e-10 0
7710 3.46812e-10 0
7720 2.92272e-10 0
7730 2.45122e-10 0
7740 0.00562663 0.00562663
7750 1.69919e-10 0
7760 1.405e-10 0
7770 1.15696e-10 0
7780 9.49184e-11 0
7790 7.76148e-11 0
7800 6.32724e-11 0
7810 5.14221e-11 0
7820 4.16418e-11 0
7830 3.356e-11 0
7840 2.68599e-11 0
7850 2.12823e-11 0
7860 0.00606359 0.00606359
7870 1.27699e-11 0
7880 9.60946e-12 0
7890 7.06377e-12 0
7900 5.05191e-12 0
7910 3.49714e-12 0
7920 2.32737e-12 0
7930 1.4755e-12 0
7940 8.79794e-13 0
7950 4.84288e-13 0
7960 2.39137e-13 0
7970 1.00998e-13 0
7980 3.34018e-14 0
7990 7.12131e-15 0
8000 5.37313e-16 0
8010 0.00108913 0.00108913
