0 0 0
10 3.22013e-09 2.79319e-12
20 4.1053e-08 3.69649e-11
30 1.85223e-07 1.7331e-10
40 5.39705e-07 5.24055e-10
50 1.23026e-06 1.24117e-09
60 2.39924e-06 2.51474e-09
70 4.19824e-06 4.57134e-09
80 6.7831e-06 7.67248e-09
90 1.03357e-05 1.21131e-08
100 1.49669e-05 1.822e-08
110 2.08396e-05 2.63505e-08
120 2.8139e-05 3.68911e-08
130 0.0019227 5.02558e-08
140 4.72909e-05 6.6885e-08
150 0.215513 8.72442e-08
160 7.3608e-05 1.11823e-07
170 8.94417e-05 1.41132e-07
180 0.0048062 1.75706e-07
190 0.000126936 2.16097e-07
200 0.0557945 2.62877e-07
210 0.0116285 3.16638e-07
220 0.000198613 3.77985e-07
230 0.000226371 4.47542e-07
240 0.000256076 5.25946e-07
250 0.000287683 6.13848e-07
260 0.0033893 7.11913e-07
270 0.155206 8.20816e-07
280 0.000394748 9.41243e-07
290 0.000433446 1.07389e-06
300 0.000474823 1.21947e-06
310 0.00401557 1.37869e-06
320 0.00290443 1.55227e-06
330 0.00279786 1.74095e-06
340 0.12787 1.94545e-06
350 0.000698604 2.16652e-06
360 0.00364547 2.40491e-06
370 0.00598915 2.66135e-06
380 0.025719 2.9366e-06
390 0.00160808 3.23142e-06
400 0.000956912 3.54656e-06
410 0.00128294 3.88278e-06
420 0.00105935 4.24083e-06
430 0.00111085 4.62147e-06
440 0.00116241 5.02546e-06
450 0.00559724 5.45356e-06
460 0.0194679 5.90652e-06
470 0.0013233 6.3851e-06
480 0.00137439 6.89003e-06
490 0.00638931 7.42208e-06
500 0.0169446 7.98198e-06
510 0.00153468 8.57047e-06
520 0.00158412 9.1883e-06
530 0.00661277 9.83618e-06
540 0.00170188 1.05148e-05
550 0.00198723 1.1225e-05
560 0.00447034 1.19674e-05
570 0.0023303 1.27427e-05
580 0.0199752 1.35517e-05
590 0.00243962 1.4395e-05
600 0.0514563 1.52733e-05
610 0.0143313 1.61872e-05
620 0.00452217 1.71376e-05
630 0.00461693 1.8125e-05
640 0.0232949 1.915e-05
650 0.00277669 2.02134e-05
660 0.0221451 2.13158e-05
670 0.00286746 2.24578e-05
680 0.00291096 2.364e-05
690 0.00295319 2.48631e-05
700 0.00302795 2.61276e-05
710 0.00441827 2.74341e-05
720 0.0031421 2.87833e-05
730 0.00591839 3.01756e-05
740 0.00328888 3.16117e-05
750 0.00332363 3.30921e-05
760 0.00823109 3.46174e-05
770 0.00502626 3.6188e-05
780 0.00492894 3.78046e-05
790 0.00371248 3.94676e-05
800 0.0049285 4.11775e-05
810 0.00390272 4.29348e-05
820 0.00648381 4.474e-05
830 0.00403059 4.65935e-05
840 0.00445486 4.84958e-05
850 0.00425449 5.04474e-05
860 0.00409024 5.24487e-05
870 0.0111213 5.45001e-05
880 0.00412344 5.6602e-05
890 0.0143868 5.87548e-05
900 0.00415163 6.0959e-05
910 0.0043308 6.32148e-05
920 0.0145232 6.55227e-05
930 0.00418492 6.7883e-05
940 0.00644297 7.0296e-05
950 0.00495351 7.27621e-05
960 0.00855101 7.52816e-05
970 0.00527018 7.78548e-05
980 0.00421834 8.04821e-05
990 0.00479131 8.31636e-05
1000 0.00492267 8.58997e-05
1010 0.00593954 8.86906e-05
1020 0.00628744 9.15366e-05
1030 0.00583557 9.4438e-05
1040 0.00488719 9.73949e-05
1050 0.00422507 0.000100408
1060 0.00422276 0.000103476
1070 0.00550795 0.000106601
1080 0.00876573 0.000109782
1090 0.00421163 0.00011302
1100 0.00420663 0.000116314
1110 0.00420102 0.000119666
1120 0.00419485 0.000123074
1130 0.012429 0.00012654
1140 0.00458581 0.000130062
1150 0.00916726 0.000133642
1160 0.00614266 0.00013728
1170 0.00486703 0.000140975
1180 0.00479065 0.000144728
1190 0.00695018 0.000148538
1200 0.00496187 0.000152407
1210 0.00493673 0.000156333
1220 0.0136303 0.000160317
1230 0.00488643 0.000164359
1240 0.0200671 0.000168459
1250 0.00483623 0.000172617
1260 0.00481121 0.000176833
1270 0.00625755 0.000181106
1280 0.00567601 0.000185438
1290 0.00671567 0.000189828
1300 0.00471193 0.000194275
1310 0.00468736 0.000198781
1320 0.0132356 0.000203344
1330 0.00587248 0.000207965
1340 0.0154025 0.000212643
1350 0.00612453 0.00021738
1360 0.00810843 0.000222173
1370 0.0056731 0.000227025
1380 0.00562526 0.000231933
1390 0.00616534 0.000236899
1400 0.0104494 0.000241922
1410 0.0100314 0.000247002
1420 0.00636047 0.000252139
1430 0.00720288 0.000257332
1440 0.00623304 0.000262583
1450 0.00617122 0.000267889
1460 0.00729069 0.000273252
1470 0.00720327 0.000278672
1480 0.00711781 0.000284147
1490 0.0133729 0.000289678
1500 0.00808957 0.000295264
1510 0.00715867 0.000300906
1520 0.00774824 0.000306604
1530 0.00698868 0.000312356
1540 0.00816926 0.000318163
1550 0.00780717 0.000324025
1560 0.00674794 0.000329941
1570 0.00667127 0.000335912
1580 0.00659628 0.000341936
1590 0.00652294 0.000348014
1600 0.00645117 0.000354146
1610 0.00638094 0.000360331
1620 0.00631219 0.000366569
1630 0.00624487 0.00037286
1640 0.00617893 0.000379203
1650 0.00611434 0.000385599
1660 0.00605104 0.000392046
1670 0.00598899 0.000398545
1680 0.0110497 0.000405096
1690 0.00586848 0.000411698
1700 0.00713562 0.000418351
1710 0.00704208 0.000425054
1720 0.00935699 0.000431808
1730 0.00920732 0.000438612
1740 0.00935207 0.000445465
1750 0.00892053 0.000452368
1760 0.00878312 0.00045932
1770 0.00864952 0.000466321
1780 0.00851959 0.000473371
1790 0.0112635 0.000480468
1800 0.0110625 0.000487614
1810 0.0108674 0.000494807
1820 0.010678 0.000502047
1830 0.0104943 0.000509334
1840 0.0103158 0.000516668
1850 0.0131528 0.000524048
1860 0.00997415 0.000531474
1870 0.00981056 0.000538945
1880 0.00965157 0.000546462
1890 0.00949699 0.000554024
1900 0.0119277 0.00056163
1910 0.0130642 0.000569281
1920 0.0128138 0.000576975
1930 0.0125711 0.000584713
1940 0.0156908 0.000592494
1950 0.0121072 0.000600318
1960 0.0118855 0.000608184
1970 0.012087 0.000616092
1980 0.0114613 0.000624042
1990 0.0112583 0.000632034
2000 0.0110611 0.000640066
2010 0.0108693 0.00064814
2020 0.0111313 0.000656253
2030 0.0105015 0.000664406
2040 0.0131875 0.000672599
2050 0.0101533 0.000680831
2060 0.010938 0.000689102
2070 0.0107502 0.000697411
2080 0.0105674 0.000705758
2090 0.0103895 0.000714142
2100 0.0102162 0.000722564
2110 0.0100474 0.000731023
2120 0.00988298 0.000739518
2130 0.00972266 0.00074805
2140 0.00956633 0.000756617
2150 0.00941383 0.000765219
2160 0.00926502 0.000773856
2170 0.00911977 0.000782528
2180 0.00897795 0.000791233
2190 0.00883943 0.000799973
2200 0.0087041 0.000808745
2210 0.00857185 0.000817551
2220 0.00844258 0.000826389
2230 0.00831618 0.000835259
2240 0.00819257 0.00084416
2250 0.00807167 0.000853093
2260 0.00795337 0.000862057
2270 0.00783762 0.00087105
2280 0.00772433 0.000880074
2290 0.00761344 0.000889128
2300 0.00750487 0.00089821
2310 0.00739858 0.000907321
2320 0.00729449 0.000916461
2330 0.00719256 0.000925628
2340 0.00709273 0.000934822
2350 0.00699496 0.000944044
2360 0.00689918 0.000953292
2370 0.00680537 0.000962565
2380 0.00671347 0.000971865
2390 0.00662346 0.000981189
2400 0.00653528 0.000990539
2410 0.0064489 0.000999912
2420 0.00636428 0.00100931
2430 0.0062814 0.00101873
2440 0.00620022 0.00102817
2450 0.0061207 0.00103764
2460 0.00604282 0.00104713
2470 0.00596655 0.00105663
2480 0.00589186 0.00106616
2490 0.00581871 0.00107571
2500 0.0057471 0.00108528
2510 0.00567698 0.00109487
2520 0.00560833 0.00110448
2530 0.00554112 0.00111411
2540 0.00547534 0.00112375
2550 0.00541096 0.00113342
2560 0.00534794 0.0011431
2570 0.00528628 0.00115279
2580 0.00522594 0.0011625
2590 0.0051669 0.00117223
2600 0.00510914 0.00118197
2610 0.00505264 0.00119173
2620 0.00499737 0.0012015
2630 0.00494331 0.00121128
2640 0.00489044 0.00122108
2650 0.00483873 0.00123089
2660 0.00478817 0.00124071
2670 0.00473873 0.00125054
2680 0.00469039 0.00126038
2690 0.00464313 0.00127023
2700 0.00459693 0.00128009
2710 0.00455177 0.00128996
2720 0.00450762 0.00129984
2730 0.00446447 0.00130973
2740 0.00442229 0.00131962
2750 0.00438107 0.00132952
2760 0.00434079 0.00133942
2770 0.00430142 0.00134934
2780 0.00426295 0.00135925
2790 0.00422535 0.00136917
2800 0.00418861 0.0013791
2810 0.00415272 0.00138902
2820 0.00411764 0.00139895
2830 0.00408337 0.00140888
2840 0.00404989 0.00141881
2850 0.00401717 0.00142875
2860 0.00398521 0.00143868
2870 0.00395398 0.00144861
2880 0.00392347 0.00145854
2890 0.00389366 0.00146847
2900 0.00386454 0.0014784
2910 0.00383609 0.00148832
2920 0.0038083 0.00149824
2930 0.00378115 0.00150816
2940 0.00375463 0.00151807
2950 0.00372871 0.00152797
2960 0.0037034 0.00153787
2970 0.00367867 0.00154776
2980 0.00365452 0.00155764
2990 0.00363092 0.00156752
3000 0.00360787 0.00157738
3010 0.00358535 0.00158724
3020 0.00356335 0.00159708
3030 0.00354187 0.00160692
3040 0.00352088 0.00161674
3050 0.00350038 0.00162655
3060 0.00348035 0.00163635
3070 0.00346079 0.00164614
3080 0.00344168 0.00165591
3090 0.00342302 0.00166566
3100 0.00340479 0.0016754
3110 0.00338699 0.00168512
3120 0.0033696 0.00169483
3130 0.00335262 0.00170452
3140 0.00333603 0.00171419
3150 0.00331983 0.00172384
3160 0.00330401 0.00173348
3170 0.00328856 0.00174309
3180 0.00327348 0.00175268
3190 0.00325874 0.00176225
3200 0.00324436 0.0017718
3210 0.00323031 0.00178132
3220 0.0032166 0.00179083
3230 0.0032032 0.0018003
3240 0.00319013 0.00180976
3250 0.00317736 0.00181918
3260 0.0031649 0.00182858
3270 0.00315274 0.00183796
3280 0.00314086 0.00184731
3290 0.00312927 0.00185663
3300 0.00311796 0.00186592
3310 0.00310692 0.00187518
3320 0.00309615 0.00188441
3330 0.00308563 0.00189361
3340 0.00307538 0.00190279
3350 0.00306537 0.00191192
3360 0.0030556 0.00192103
3370 0.00304607 0.00193011
3380 0.00303678 0.00193915
3390 0.00302772 0.00194816
3400 0.00301888 0.00195713
3410 0.00301026 0.00196607
3420 0.00300185 0.00197497
3430 0.00299366 0.00198383
3440 0.00298567 0.00199266
3450 0.00297788 0.00200146
3460 0.00297029 0.00201021
3470 0.0029629 0.00201893
3480 0.00295569 0.00202761
3490 0.00294867 0.00203624
3500 0.00294183 0.00204484
3510 0.00293517 0.0020534
3520 0.00292868 0.00206192
3530 0.00292237 0.0020704
3540 0.00291622 0.00207883
3550 0.00291023 0.00208723
3560 0.00290441 0.00209558
3570 0.00289875 0.00210388
3580 0.00289323 0.00211215
3590 0.00288787 0.00212037
3600 0.00288266 0.00212855
3610 0.00287759 0.00213668
3620 0.00287267 0.00214476
3630 0.00286788 0.00215281
3640 0.00286323 0.0021608
3650 0.00285872 0.00216875
3660 0.00285434 0.00217666
3670 0.00285008 0.00218451
3680 0.00284595 0.00219232
3690 0.00284195 0.00220009
3700 0.00283807 0.0022078
3710 0.0028343 0.00221547
3720 0.00283066 0.00222309
3730 0.00282712 0.00223066
3740 0.0028237 0.00223818
3750 0.00282039 0.00224566
3760 0.00281719 0.00225308
3770 0.00281409 0.00226046
3780 0.0028111 0.00226778
3790 0.00280821 0.00227506
3800 0.00280542 0.00228229
3810 0.00280272 0.00228946
3820 0.00280013 0.00229659
3830 0.00279762 0.00230367
3840 0.00279521 0.00231069
3850 0.00279289 0.00231767
3860 0.00279066 0.00232459
3870 0.00278852 0.00233147
3880 0.00278646 0.00233829
3890 0.00278449 0.00234506
3900 0.00278259 0.00235178
3910 0.00278078 0.00235846
3920 0.00277905 0.00236508
3930 0.0027774 0.00237164
3940 0.00277582 0.00237816
3950 0.00277432 0.00238463
3960 0.00277289 0.00239105
3970 0.00277153 0.00239741
3980 0.00277024 0.00240372
3990 0.00276903 0.00240999
4000 0.00276788 0.0024162
4010 0.00276679 0.00242236
4020 0.00276578 0.00242847
4030 0.00276483 0.00243454
4040 0.00276394 0.00244055
4050 0.00276311 0.00244651
4060 0.00276235 0.00245242
4070 0.00276164 0.00245828
4080 0.00276099 0.00246408
4090 0.0027604 0.00246984
4100 0.00275987 0.00247556
4110 0.00275939 0.00248122
4120 0.00275897 0.00248683
4130 0.0027586 0.00249239
4140 0.00275828 0.0024979
4150 0.00275801 0.00250337
4160 0.00275779 0.00250879
4170 0.00275763 0.00251416
4180 0.00275751 0.00251948
4190 0.00275744 0.00252475
4200 0.00275741 0.00252997
4210 0.00275744 0.00253515
4220 0.0027575 0.00254028
4230 0.00275761 0.00254537
4240 0.00275777 0.0025504
4250 0.00275796 0.0025554
4260 0.0027582 0.00256034
4270 0.00275848 0.00256524
4280 0.0027588 0.0025701
4290 0.00275916 0.00257491
4300 0.00275955 0.00257967
4310 0.00275999 0.00258439
4320 0.00276046 0.00258907
4330 0.00276097 0.0025937
4340 0.00276151 0.00259829
4350 0.00276209 0.00260284
4360 0.0027627 0.00260734
4370 0.00276335 0.00261181
4380 0.00276402 0.00261623
4390 0.00276473 0.0026206
4400 0.00276548 0.00262494
4410 0.00276625 0.00262924
4420 0.00276705 0.00263349
4430 0.00276789 0.00263771
4440 0.00276875 0.00264188
4450 0.00276964 0.00264602
4460 0.00277056 0.00265012
4470 0.0027715 0.00265418
4480 0.00277248 0.0026582
4490 0.00277348 0.00266218
4500 0.0027745 0.00266612
4510 0.00277555 0.00267003
4520 0.00277662 0.0026739
4530 0.00277772 0.00267774
4540 0.00277884 0.00268153
4550 0.00277999 0.0026853
4560 0.00278115 0.00268903
4570 0.00278234 0.00269272
4580 0.00278355 0.00269638
4590 0.00278478 0.0027
4600 0.00278603 0.00270359
4610 0.0027873 0.00270715
4620 0.00278859 0.00271068
4630 0.0027899 0.00271417
4640 0.00279123 0.00271763
4650 0.00279258 0.00272106
4660 0.00279394 0.00272446
4670 0.00279532 0.00272783
4680 0.00279672 0.00273116
4690 0.00279813 0.00273447
4700 0.00279956 0.00273775
4710 0.00280101 0.00274099
4720 0.00280247 0.00274421
4730 0.00280395 0.0027474
4740 0.00280544 0.00275057
4750 0.00280694 0.0027537
4760 0.00280846 0.00275681
4770 0.00280999 0.00275989
4780 0.00281153 0.00276294
4790 0.00281309 0.00276597
4800 0.00281466 0.00276898
4810 0.00281624 0.00277195
4820 0.00281783 0.0027749
4830 0.00281943 0.00277783
4840 0.00282105 0.00278074
4850 0.00282267 0.00278362
4860 0.00282431 0.00278647
4870 0.00282595 0.00278931
4880 0.0028276 0.00279212
4890 0.00282927 0.00279491
4900 0.00283094 0.00279767
4910 0.00283262 0.00280042
4920 0.00283431 0.00280314
4930 0.00283601 0.00280585
4940 0.00283772 0.00280853
4950 0.00283944 0.00281119
4960 0.00284116 0.00281384
4970 0.00284289 0.00281646
4980 0.00284463 0.00281907
4990 0.00284637 0.00282166
5000 0.00284812 0.00282423
5010 0.00284988 0.00282678
5020 0.00285164 0.00282932
5030 0.00285342 0.00283183
5040 0.00285519 0.00283434
5050 0.00285698 0.00283682
5060 0.00285877 0.00283929
5070 0.00286056 0.00284175
5080 0.00286236 0.00284419
5090 0.00286417 0.00284662
5100 0.00286598 0.00284903
5110 0.0028678 0.00285143
5120 0.00286962 0.00285381
5130 0.00287145 0.00285619
5140 0.00287328 0.00285855
5150 0.00287512 0.0028609
5160 0.00287697 0.00286324
5170 0.00287881 0.00286556
5180 0.00288067 0.00286788
5190 0.00288253 0.00287019
5200 0.0028844 0.00287248
5210 0.00288627 0.00287477
5220 0.00288814 0.00287705
5230 0.00289002 0.00287932
5240 0.00289191 0.00288159
5250 0.00289381 0.00288384
5260 0.00289571 0.00288609
5270 0.00289761 0.00288834
5280 0.00289952 0.00289058
5290 0.00290144 0.00289281
5300 0.00290337 0.00289504
5310 0.0029053 0.00289726
5320 0.00290724 0.00289949
5330 0.00290918 0.0029017
5340 0.00291114 0.00290392
5350 0.0029131 0.00290614
5360 0.00291507 0.00290835
5370 0.00291705 0.00291056
5380 0.00291903 0.00291278
5390 0.00292103 0.00291499
5400 0.00292304 0.00291721
5410 0.00292505 0.00291943
5420 0.00292708 0.00292165
5430 0.00292912 0.00292388
5440 0.00293117 0.00292611
5450 0.00293323 0.00292834
5460 0.0029353 0.00293058
5470 0.00293739 0.00293283
5480 0.00293949 0.00293509
5490 0.0029416 0.00293735
5500 0.00294373 0.00293963
5510 0.00294588 0.00294191
5520 0.00294804 0.0029442
5530 0.00295021 0.00294651
5540 0.00295241 0.00294883
5550 0.00295462 0.00295116
5560 0.00295686 0.00295351
5570 0.00295911 0.00295587
5580 0.00296138 0.00295825
5590 0.00296368 0.00296065
5600 0.002966 0.00296307
5610 0.00296834 0.0029655
5620 0.0029707 0.00296796
5630 0.0029731 0.00297044
5640 0.00297552 0.00297294
5650 0.00297796 0.00297547
5660 0.00298044 0.00297802
5670 0.00298294 0.0029806
5680 0.00298548 0.00298321
5690 0.00298805 0.00298585
5700 0.00299065 0.00298852
5710 0.00299329 0.00299122
5720 0.00299596 0.00299396
5730 0.00299867 0.00299673
5740 0.00300142 0.00299954
5750 0.00300421 0.00300239
5760 0.00300704 0.00300527
5770 0.00300992 0.0030082
5780 0.00301284 0.00301117
5790 0.00301581 0.00301419
5800 0.00301883 0.00301725
5810 0.00302189 0.00302036
5820 0.00302501 0.00302352
5830 0.00302818 0.00302674
5840 0.00303141 0.00303001
5850 0.00303469 0.00303333
5860 0.00303804 0.00303671
5870 0.00304144 0.00304015
5880 0.00304491 0.00304365
5890 0.00304844 0.00304722
5900 0.00305204 0.00305085
5910 0.00305571 0.00305455
5920 0.00305945 0.00305833
5930 0.00306326 0.00306217
5940 0.00306716 0.00306609
5950 0.00307112 0.00307008
5960 1.01342e-06 0
5970 0.00227118 0.00227019
5980 9.63072e-07 0
5990 0.0023053 0.00230436
6000 9.1617e-07 0
6010 8.93938e-07 0
6020 8.7248e-07 0
6030 8.51768e-07 0
6040 0.00239249 0.00239166
6050 8.12475e-07 0
6060 7.93843e-07 0
6070 0.00244612 0.00244534
6080 7.58481e-07 0
6090 7.41703e-07 0
6100 7.25497e-07 0
6110 0.00503766 0.00503695
6120 6.94711e-07 0
6130 6.80088e-07 0
6140 6.65952e-07 0
6150 6.52282e-07 0
6160 0.00261307 0.00261244
6170 6.26264e-07 0
6180 6.13879e-07 0
6190 6.01887e-07 0
6200 5.9027e-07 0
6210 5.79013e-07 0
6220 5.68098e-07 0
6230 0.00274943 0.00274887
6240 5.47236e-07 0
6250 5.37259e-07 0
6260 5.27566e-07 0
6270 5.18143e-07 0
6280 5.08977e-07 0
6290 5.00055e-07 0
6300 4.91366e-07 0
6310 0.00291252 0.00291204
6320 4.74638e-07 0
6330 0.00295454 0.00295407
6340 4.58703e-07 0
6350 4.51007e-07 0
6360 4.43479e-07 0
6370 4.36111e-07 0
6380 4.28892e-07 0
6390 4.21814e-07 0
6400 4.1487e-07 0
6410 4.08052e-07 0
6420 4.01353e-07 0
6430 3.94764e-07 0
6440 3.88281e-07 0
6450 3.81896e-07 0
6460 3.75605e-07 0
6470 3.694e-07 0
6480 3.63278e-07 0
6490 0.00330939 0.00330903
6500 3.51262e-07 0
6510 3.4536e-07 0
6520 8.89746e-05 8.86351e-05
6530 3.33747e-07 0
6540 3.2803e-07 0
6550 3.22369e-07 0
6560 3.16761e-07 0
6570 3.11203e-07 0
6580 0.0035243 0.003524
6590 3.00231e-07 0
6600 2.94812e-07 0
6610 2.89436e-07 0
6620 2.841e-07 0
6630 2.78804e-07 0
6640 2.73545e-07 0
6650 2.68324e-07 0
6660 2.6314e-07 0
6670 2.5799e-07 0
6680 2.52875e-07 0
6690 0.0038029 0.00380265
6700 2.42749e-07 0
6710 2.37736e-07 0
6720 0.00388203 0.0038818
6730 0.00781722 0.00781699
6740 2.22902e-07 0
6750 2.18026e-07 0
6760 2.13185e-07 0
6770 0.00803387 0.00803366
6780 2.0361e-07 0
6790 1.98877e-07 0
6800 1.94181e-07 0
6810 1.89524e-07 0
6820 1.84906e-07 0
6830 1.80329e-07 0
6840 1.75792e-07 0
6850 1.71298e-07 0
6860 1.66847e-07 0
6870 1.6244e-07 0
6880 1.58079e-07 0
6890 1.53764e-07 0
6900 1.49496e-07 0
6910 1.45277e-07 0
6920 1.41109e-07 0
6930 1.36991e-07 0
6940 1.32925e-07 0
6950 1.28913e-07 0
6960 1.24954e-07 0
6970 1.21052e-07 0
6980 1.17205e-07 0
6990 1.13416e-07 0
7000 1.09686e-07 0
7010 1.06015e-07 0
7020 1.02404e-07 0
7030 9.88549e-08 0
7040 9.53678e-08 0
7050 9.19437e-08 0
7060 8.85834e-08 0
7070 8.52877e-08 0
7080 8.20573e-08 0
7090 0.00497966 0.00497958
7100 7.57951e-08 0
7110 7.27645e-08 0
7120 6.98017e-08 0
7130 6.69072e-08 0
7140 0.00514662 0.00514655
7150 6.13245e-08 0
7160 5.8637e-08 0
7170 5.60191e-08 0
7180 5.34709e-08 0
7190 5.09925e-08 0
7200 4.85838e-08 0
7210 4.62448e-08 0
7220 4.39754e-08 0
7230 4.17754e-08 0
7240 3.96444e-08 0
7250 3.75822e-08 0
7260 3.55884e-08 0
7270 3.36626e-08 0
7280 0.00564003 0.00563999
7290 3.00129e-08 0
7300 2.82879e-08 0
7310 2.66287e-08 0
7320 2.50346e-08 0
7330 2.35047e-08 0
7340 2.20384e-08 0
7350 0.00590171 0.00590169
7360 1.92928e-08 0
7370 1.80117e-08 0
7380 1.67904e-08 0
7390 1.56279e-08 0
7400 1.45229e-08 0
7410 0.00613433 0.00613431
7420 1.24809e-08 0
7430 1.15413e-08 0
7440 1.06543e-08 0
7450 9.81829e-09 0
7460 9.03187e-09 0
7470 8.29349e-09 0
7480 7.60152e-09 0
7490 6.95433e-09 0
7500 6.35022e-09 0
7510 5.78746e-09 0
7520 5.26429e-09 0
7530 4.77894e-09 0
7540 4.32962e-09 0
7550 3.91452e-09 0
7560 3.53183e-09 0
7570 3.17977e-09 0
7580 2.85656e-09 0
7590 2.56043e-09 0
7600 2.28968e-09 0
7610 2.04261e-09 0
7620 1.81762e-09 0
7630 1.61312e-09 0
7640 1.42763e-09 0
7650 1.25974e-09 0
7660 1.10813e-09 0
7670 0.00723723 0.00723722
7680 8.48919e-10 0
7690 7.39117e-10 0
7700 6.41135e-10 0
7710 5.5399e-10 0
7720 4.76748e-10 0
7730 4.08531e-10 0
7740 0.00756231 0.00756231
7750 2.9596e-10 0
7760 2.50154e-10 0
7770 2.10428e-10 0
7780 1.76139e-10 0
7790 1.46679e-10 0
7800 1.21474e-10 0
7810 9.99909e-11 0
7820 8.174e-11 0
7830 6.62789e-11 0
7840 5.32161e-11 0
7850 4.22146e-11 0
7860 0.0081496 0.0081496
7870 2.5341e-11 0
7880 1.90724e-11 0
7890 1.40222e-11 0
7900 1.00301e-11 0
7910 6.94447e-12 0
7920 4.62241e-12 0
7930 2.93105e-12 0
7940 1.74806e-12 0
7950 9.62453e-13 0
7960 4.75382e-13 0
7970 2.00846e-13 0
7980 6.64565e-14 0
7990 1.41804e-14 0
8000 1.07189e-15 0
8010 0.00146381 0.00146381
