0 0 0
10 3.25846e-09 2.85798e-12
20 4.15441e-08 3.78225e-11
30 1.87451e-07 1.77331e-10
40 5.46224e-07 5.36217e-10
50 1.24519e-06 1.26998e-09
60 2.4285e-06 2.57312e-09
70 4.24967e-06 4.67748e-09
80 6.86653e-06 7.85064e-09
90 1.0463e-05 1.23944e-08
100 1.5152e-05 1.86432e-08
110 2.10981e-05 2.69627e-08
120 2.84885e-05 3.77483e-08
130 0.00190728 5.14236e-08
140 4.78816e-05 6.84395e-08
150 0.215569 8.92722e-08
160 7.45279e-05 1.14422e-07
170 9.05615e-05 1.44414e-07
180 0.00481278 1.79792e-07
190 0.000128529 2.21123e-07
200 0.0555037 2.68993e-07
210 0.01149 3.24005e-07
220 0.000201107 3.86781e-07
230 0.000229214 4.57958e-07
240 0.000259292 5.38189e-07
250 0.000291296 6.28139e-07
260 0.00338679 7.28489e-07
270 0.155209 8.39931e-07
280 0.000399678 9.63167e-07
290 0.000438852 1.09891e-06
300 0.000480722 1.24788e-06
310 0.00401978 1.41082e-06
320 0.00288836 1.58845e-06
330 0.00280064 1.78153e-06
340 0.128023 1.99081e-06
350 0.000707145 2.21704e-06
360 0.00363936 2.46099e-06
370 0.0059936 2.72343e-06
380 0.0256762 3.00511e-06
390 0.00161727 3.30682e-06
400 0.000968235 3.62932e-06
410 0.00129143 3.9734e-06
420 0.00107176 4.33983e-06
430 0.00112379 4.72937e-06
440 0.00117587 5.14282e-06
450 0.00560184 5.58094e-06
460 0.0193445 6.0445e-06
470 0.00133823 6.53428e-06
480 0.00138978 7.05104e-06
490 0.00640612 7.59554e-06
500 0.0169511 8.16856e-06
510 0.00155135 8.77084e-06
520 0.00160118 9.40315e-06
530 0.00664991 1.00662e-05
540 0.00171969 1.07608e-05
550 0.00200566 1.14876e-05
560 0.0044862 1.22474e-05
570 0.00235459 1.3041e-05
580 0.0199606 1.38689e-05
590 0.00246475 1.4732e-05
600 0.0514408 1.56309e-05
610 0.014263 1.65663e-05
620 0.00454965 1.7539e-05
630 0.00464386 1.85496e-05
640 0.0233021 1.95987e-05
650 0.00280374 2.06871e-05
660 0.0221621 2.18155e-05
670 0.00289492 2.29843e-05
680 0.00293857 2.41943e-05
690 0.00298093 2.54462e-05
700 0.00305581 2.67404e-05
710 0.00444893 2.80777e-05
720 0.00317007 2.94586e-05
730 0.00593282 3.08838e-05
740 0.003317 3.23537e-05
750 0.00335169 3.3869e-05
760 0.0082544 3.54302e-05
770 0.00504664 3.70379e-05
780 0.00497474 3.86926e-05
790 0.00374046 4.03948e-05
800 0.00496594 4.2145e-05
810 0.0039275 4.39438e-05
820 0.00653159 4.57916e-05
830 0.00405777 4.76889e-05
840 0.00447165 4.96362e-05
850 0.00428168 5.16339e-05
860 0.00411618 5.36825e-05
870 0.0111746 5.57824e-05
880 0.00414846 5.7934e-05
890 0.0144731 6.01377e-05
900 0.00417563 6.2394e-05
910 0.00435503 6.47032e-05
920 0.0145492 6.70657e-05
930 0.0042073 6.94819e-05
940 0.00647482 7.19521e-05
950 0.00497569 7.44766e-05
960 0.00854588 7.70558e-05
970 0.0052914 7.969e-05
980 0.00423768 8.23796e-05
990 0.00480108 8.51247e-05
1000 0.00494922 8.79257e-05
1010 0.00595804 9.07828e-05
1020 0.00630665 9.36964e-05
1030 0.00581793 9.66666e-05
1040 0.00490257 9.96937e-05
1050 0.00423966 0.000102778
1060 0.00423664 0.00010592
1070 0.00552525 0.000109119
1080 0.0087451 0.000112376
1090 0.00422333 0.00011569
1100 0.00421759 0.000119063
1110 0.00421124 0.000122494
1120 0.00420432 0.000125984
1130 0.0124457 0.000129532
1140 0.0045945 0.000133138
1150 0.00921721 0.000136804
1160 0.00614827 0.000140528
1170 0.0048735 0.000144311
1180 0.00479598 0.000148154
1190 0.00692447 0.000152055
1200 0.00496596 0.000156016
1210 0.00493988 0.000160036
1220 0.0137217 0.000164115
1230 0.00488772 0.000168253
1240 0.0200959 0.000172451
1250 0.00483569 0.000176708
1260 0.00480976 0.000181025
1270 0.00622623 0.000185401
1280 0.00567574 0.000189836
1290 0.00671417 0.000194331
1300 0.00470697 0.000198885
1310 0.00468156 0.000203498
1320 0.0132388 0.000208171
1330 0.00586696 0.000212902
1340 0.0154938 0.000217693
1350 0.0061113 0.000222543
1360 0.00807801 0.000227452
1370 0.0056633 0.000232419
1380 0.00561445 0.000237446
1390 0.00614058 0.000242531
1400 0.0104604 0.000247675
1410 0.0100548 0.000252877
1420 0.0063476 0.000258137
1430 0.00719366 0.000263455
1440 0.00621793 0.000268832
1450 0.00615504 0.000274266
1460 0.00727637 0.000279758
1470 0.00718763 0.000285308
1480 0.00710089 0.000290915
1490 0.0134154 0.000296579
1500 0.00807849 0.0003023
1510 0.00713714 0.000308079
1520 0.00772861 0.000313913
1530 0.00696492 0.000319804
1540 0.00815475 0.000325752
1550 0.00779294 0.000331755
1560 0.00672108 0.000337814
1570 0.00664343 0.000343929
1580 0.0065675 0.000350099
1590 0.00649324 0.000356324
1600 0.00642059 0.000362604
1610 0.0063495 0.000368939
1620 0.00627992 0.000375328
1630 0.0062118 0.000381771
1640 0.00614508 0.000388268
1650 0.00607973 0.000394819
1660 0.0060157 0.000401423
1670 0.00595295 0.00040808
1680 0.0110526 0.00041479
1690 0.0058311 0.000421552
1700 0.00709871 0.000428366
1710 0.00700435 0.000435232
1720 0.0093271 0.00044215
1730 0.00917612 0.00044912
1740 0.00931242 0.00045614
1750 0.00888688 0.000463211
1760 0.00874833 0.000470332
1770 0.00861363 0.000477503
1780 0.00848266 0.000484725
1790 0.0112344 0.000491995
1800 0.0110317 0.000499315
1810 0.010835 0.000506683
1820 0.0106442 0.0005141
1830 0.010459 0.000521566
1840 0.0102792 0.000529079
1850 0.013148 0.000536639
1860 0.00993504 0.000544247
1870 0.0097703 0.000551901
1880 0.00961022 0.000559602
1890 0.00945461 0.000567348
1900 0.011915 0.000575141
1910 0.0130329 0.000582979
1920 0.0127807 0.000590862
1930 0.0125362 0.00059879
1940 0.0156963 0.000606762
1950 0.0120692 0.000614777
1960 0.0118461 0.000622837
1970 0.0120328 0.00063094
1980 0.0114192 0.000639085
1990 0.011215 0.000647273
2000 0.0110166 0.000655503
2010 0.0108238 0.000663775
2020 0.011091 0.000672089
2030 0.010454 0.000680443
2040 0.0131804 0.000688838
2050 0.010104 0.000697272
2060 0.0108932 0.000705747
2070 0.0107044 0.000714262
2080 0.0105207 0.000722815
2090 0.0103419 0.000731407
2100 0.0101679 0.000740037
2110 0.00999838 0.000748705
2120 0.00983323 0.000757411
2130 0.00967226 0.000766153
2140 0.00951533 0.000774932
2150 0.00936226 0.000783748
2160 0.00921293 0.000792599
2170 0.00906719 0.000801486
2180 0.00892492 0.000810408
2190 0.00878598 0.000819364
2200 0.00865026 0.000828355
2210 0.00851766 0.000837379
2220 0.00838806 0.000846437
2230 0.00826137 0.000855528
2240 0.00813749 0.000864651
2250 0.00801634 0.000873807
2260 0.00789782 0.000882994
2270 0.00778187 0.000892212
2280 0.00766841 0.000901461
2290 0.00755737 0.000910741
2300 0.00744868 0.00092005
2310 0.00734228 0.000929389
2320 0.00723811 0.000938757
2330 0.00713611 0.000948154
2340 0.00703623 0.000957579
2350 0.00693843 0.000967031
2360 0.00684264 0.000976511
2370 0.00674884 0.000986017
2380 0.00665697 0.00099555
2390 0.00656699 0.00100511
2400 0.00647887 0.00101469
2410 0.00639257 0.0010243
2420 0.00630805 0.00103394
2430 0.00622527 0.00104359
2440 0.00614421 0.00105328
2450 0.00606484 0.00106298
2460 0.00598711 0.00107271
2470 0.00591101 0.00108245
2480 0.0058365 0.00109223
2490 0.00576356 0.00110202
2500 0.00569215 0.00111183
2510 0.00562226 0.00112166
2520 0.00555385 0.00113151
2530 0.0054869 0.00114138
2540 0.00542139 0.00115127
2550 0.00535729 0.00116118
2560 0.00529457 0.00117111
2570 0.00523321 0.00118105
2580 0.00517319 0.00119101
2590 0.00511448 0.00120098
2600 0.00505707 0.00121097
2610 0.00500092 0.00122098
2620 0.00494601 0.00123099
2630 0.00489233 0.00124103
2640 0.00483985 0.00125107
2650 0.00478854 0.00126113
2660 0.00473839 0.0012712
2670 0.00468937 0.00128129
2680 0.00464146 0.00129138
2690 0.00459464 0.00130148
2700 0.00454889 0.0013116
2710 0.00450419 0.00132172
2720 0.00446051 0.00133185
2730 0.00441783 0.00134199
2740 0.00437614 0.00135214
2750 0.00433542 0.00136229
2760 0.00429563 0.00137246
2770 0.00425677 0.00138262
2780 0.00421882 0.00139279
2790 0.00418175 0.00140297
2800 0.00414554 0.00141315
2810 0.00411019 0.00142333
2820 0.00407566 0.00143352
2830 0.00404194 0.00144371
2840 0.00400901 0.0014539
2850 0.00397686 0.00146409
2860 0.00394546 0.00147428
2870 0.00391481 0.00148447
2880 0.00388488 0.00149466
2890 0.00385566 0.00150485
2900 0.00382713 0.00151503
2910 0.00379927 0.00152521
2920 0.00377208 0.00153539
2930 0.00374553 0.00154556
2940 0.00371961 0.00155573
2950 0.00369431 0.0015659
2960 0.00366962 0.00157605
2970 0.00364551 0.0015862
2980 0.00362197 0.00159635
2990 0.003599 0.00160648
3000 0.00357658 0.00161661
3010 0.00355469 0.00162672
3020 0.00353333 0.00163683
3030 0.00351248 0.00164692
3040 0.00349213 0.001657
3050 0.00347227 0.00166707
3060 0.00345289 0.00167713
3070 0.00343397 0.00168717
3080 0.00341552 0.0016972
3090 0.0033975 0.00170722
3100 0.00337993 0.00171721
3110 0.00336278 0.0017272
3120 0.00334604 0.00173716
3130 0.00332972 0.00174711
3140 0.00331379 0.00175704
3150 0.00329825 0.00176695
3160 0.00328309 0.00177684
3170 0.0032683 0.00178671
3180 0.00325388 0.00179656
3190 0.00323981 0.00180638
3200 0.00322608 0.00181619
3210 0.0032127 0.00182597
3220 0.00319965 0.00183572
3230 0.00318693 0.00184546
3240 0.00317452 0.00185516
3250 0.00316242 0.00186485
3260 0.00315062 0.0018745
3270 0.00313913 0.00188413
3280 0.00312792 0.00189373
3290 0.003117 0.0019033
3300 0.00310635 0.00191285
3310 0.00309598 0.00192236
3320 0.00308587 0.00193185
3330 0.00307603 0.0019413
3340 0.00306644 0.00195072
3350 0.00305709 0.00196011
3360 0.003048 0.00196947
3370 0.00303914 0.00197879
3380 0.00303051 0.00198808
3390 0.00302211 0.00199733
3400 0.00301394 0.00200655
3410 0.00300598 0.00201574
3420 0.00299824 0.00202489
3430 0.00299071 0.002034
3440 0.00298339 0.00204307
3450 0.00297626 0.00205211
3460 0.00296934 0.00206111
3470 0.0029626 0.00207007
3480 0.00295606 0.00207898
3490 0.00294969 0.00208786
3500 0.00294351 0.0020967
3510 0.00293751 0.0021055
3520 0.00293168 0.00211426
3530 0.00292602 0.00212297
3540 0.00292053 0.00213165
3550 0.0029152 0.00214028
3560 0.00291003 0.00214886
3570 0.00290501 0.00215741
3580 0.00290015 0.0021659
3590 0.00289544 0.00217436
3600 0.00289088 0.00218277
3610 0.00288646 0.00219113
3620 0.00288218 0.00219945
3630 0.00287804 0.00220772
3640 0.00287403 0.00221595
3650 0.00287016 0.00222412
3660 0.00286642 0.00223226
3670 0.0028628 0.00224034
3680 0.00285931 0.00224838
3690 0.00285594 0.00225636
3700 0.0028527 0.0022643
3710 0.00284956 0.00227219
3720 0.00284655 0.00228003
3730 0.00284365 0.00228783
3740 0.00284085 0.00229557
3750 0.00283817 0.00230326
3760 0.00283559 0.00231091
3770 0.00283312 0.0023185
3780 0.00283074 0.00232604
3790 0.00282847 0.00233353
3800 0.0028263 0.00234097
3810 0.00282422 0.00234836
3820 0.00282224 0.0023557
3830 0.00282035 0.00236299
3840 0.00281854 0.00237023
3850 0.00281683 0.00237741
3860 0.00281521 0.00238455
3870 0.00281366 0.00239163
3880 0.00281221 0.00239866
3890 0.00281083 0.00240564
3900 0.00280954 0.00241256
3910 0.00280832 0.00241944
3920 0.00280718 0.00242626
3930 0.00280612 0.00243303
3940 0.00280513 0.00243975
3950 0.00280421 0.00244642
3960 0.00280337 0.00245303
3970 0.00280259 0.0024596
3980 0.00280188 0.00246611
3990 0.00280124 0.00247257
4000 0.00280067 0.00247898
4010 0.00280015 0.00248533
4020 0.00279971 0.00249164
4030 0.00279932 0.00249789
4040 0.002799 0.00250409
4050 0.00279873 0.00251024
4060 0.00279852 0.00251634
4070 0.00279837 0.00252239
4080 0.00279828 0.00252839
4090 0.00279824 0.00253434
4100 0.00279825 0.00254023
4110 0.00279832 0.00254608
4120 0.00279844 0.00255188
4130 0.00279861 0.00255762
4140 0.00279883 0.00256332
4150 0.00279909 0.00256897
4160 0.00279941 0.00257456
4170 0.00279977 0.00258011
4180 0.00280017 0.00258561
4190 0.00280063 0.00259106
4200 0.00280112 0.00259647
4210 0.00280166 0.00260182
4220 0.00280224 0.00260713
4230 0.00280286 0.00261239
4240 0.00280352 0.0026176
4250 0.00280422 0.00262276
4260 0.00280496 0.00262788
4270 0.00280574 0.00263296
4280 0.00280655 0.00263798
4290 0.0028074 0.00264296
4300 0.00280829 0.0026479
4310 0.00280921 0.00265279
4320 0.00281016 0.00265764
4330 0.00281115 0.00266244
4340 0.00281217 0.00266719
4350 0.00281322 0.00267191
4360 0.0028143 0.00267658
4370 0.00281541 0.00268121
4380 0.00281656 0.00268579
4390 0.00281773 0.00269034
4400 0.00281893 0.00269484
4410 0.00282016 0.0026993
4420 0.00282141 0.00270372
4430 0.00282269 0.00270809
4440 0.002824 0.00271243
4450 0.00282533 0.00271673
4460 0.00282669 0.00272099
4470 0.00282807 0.00272521
4480 0.00282947 0.00272939
4490 0.0028309 0.00273353
4500 0.00283235 0.00273764
4510 0.00283382 0.00274171
4520 0.00283532 0.00274574
4530 0.00283683 0.00274973
4540 0.00283837 0.00275369
4550 0.00283992 0.00275761
4560 0.0028415 0.0027615
4570 0.00284309 0.00276535
4580 0.0028447 0.00276917
4590 0.00284633 0.00277295
4600 0.00284797 0.0027767
4610 0.00284964 0.00278042
4620 0.00285132 0.0027841
4630 0.00285301 0.00278775
4640 0.00285472 0.00279137
4650 0.00285645 0.00279496
4660 0.00285819 0.00279852
4670 0.00285995 0.00280204
4680 0.00286172 0.00280554
4690 0.0028635 0.002809
4700 0.0028653 0.00281244
4710 0.00286711 0.00281585
4720 0.00286893 0.00281923
4730 0.00287076 0.00282258
4740 0.00287261 0.0028259
4750 0.00287447 0.0028292
4760 0.00287633 0.00283246
4770 0.00287821 0.00283571
4780 0.0028801 0.00283892
4790 0.002882 0.00284211
4800 0.00288391 0.00284528
4810 0.00288583 0.00284842
4820 0.00288776 0.00285154
4830 0.0028897 0.00285463
4840 0.00289164 0.0028577
4850 0.0028936 0.00286075
4860 0.00289556 0.00286377
4870 0.00289753 0.00286677
4880 0.00289951 0.00286975
4890 0.0029015 0.00287271
4900 0.00290349 0.00287565
4910 0.00290549 0.00287857
4920 0.0029075 0.00288147
4930 0.00290951 0.00288435
4940 0.00291153 0.0028872
4950 0.00291356 0.00289005
4960 0.00291559 0.00289287
4970 0.00291763 0.00289567
4980 0.00291968 0.00289846
4990 0.00292173 0.00290123
5000 0.00292379 0.00290399
5010 0.00292585 0.00290672
5020 0.00292792 0.00290945
5030 0.00293 0.00291215
5040 0.00293208 0.00291485
5050 0.00293416 0.00291753
5060 0.00293625 0.00292019
5070 0.00293835 0.00292285
5080 0.00294045 0.00292549
5090 0.00294256 0.00292811
5100 0.00294467 0.00293073
5110 0.00294679 0.00293333
5120 0.00294892 0.00293593
5130 0.00295104 0.00293851
5140 0.00295318 0.00294109
5150 0.00295532 0.00294365
5160 0.00295747 0.00294621
5170 0.00295962 0.00294876
5180 0.00296178 0.0029513
5190 0.00296394 0.00295384
5200 0.00296612 0.00295636
5210 0.00296829 0.00295889
5220 0.00297048 0.00296141
5230 0.00297267 0.00296392
5240 0.00297487 0.00296643
5250 0.00297708 0.00296893
5260 0.00297929 0.00297144
5270 0.00298152 0.00297394
5280 0.00298375 0.00297644
5290 0.00298599 0.00297893
5300 0.00298824 0.00298143
5310 0.0029905 0.00298393
5320 0.00299277 0.00298643
5330 0.00299505 0.00298893
5340 0.00299734 0.00299144
5350 0.00299964 0.00299395
5360 0.00300196 0.00299646
5370 0.00300428 0.00299898
5380 0.00300662 0.0030015
5390 0.00300898 0.00300403
5400 0.00301134 0.00300657
5410 0.00301372 0.00300912
5420 0.00301612 0.00301168
5430 0.00301854 0.00301424
5440 0.00302097 0.00301682
5450 0.00302341 0.00301941
5460 0.00302588 0.00302201
5470 0.00302837 0.00302463
5480 0.00303087 0.00302726
5490 0.0030334 0.00302991
5500 0.00303594 0.00303257
5510 0.00303851 0.00303525
5520 0.00304111 0.00303796
5530 0.00304373 0.00304068
5540 0.00304637 0.00304342
5550 0.00304904 0.00304619
5560 0.00305174 0.00304898
5570 0.00305447 0.0030518
5580 0.00305722 0.00305464
5590 0.00306001 0.00305751
5600 0.00306283 0.00306041
5610 0.00306568 0.00306334
5620 0.00306857 0.00306631
5630 0.0030715 0.0030693
5640 0.00307446 0.00307233
5650 0.00307746 0.0030754
5660 0.0030805 0.00307851
5670 0.00308359 0.00308165
5680 0.00308671 0.00308484
5690 0.00308989 0.00308807
5700 0.0030931 0.00309135
5710 0.00309637 0.00309467
5720 0.00309969 0.00309804
5730 0.00310306 0.00310146
5740 0.00310648 0.00310493
5750 0.00310996 0.00310846
5760 0.0031135 0.00311204
5770 0.00311709 0.00311568
5780 0.00312075 0.00311938
5790 0.00312447 0.00312314
5800 0.00312826 0.00312696
5810 0.00313211 0.00313085
5820 0.00313604 0.00313481
5830 0.00314003 0.00313884
5840 0.0031441 0.00314295
5850 0.00314825 0.00314712
5860 0.00315247 0.00315138
5870 1.05986e-06 0
5880 0.00233312 0.00233209
5890 1.00235e-06 0
5900 0.00236858 0.00236761
5910 9.48849e-07 0
5920 9.23516e-07 0
5930 8.99084e-07 0
5940 8.75521e-07 0
5950 0.00245922 0.00245837
5960 8.30878e-07 0
5970 8.0974e-07 0
5980 0.00251498 0.00251419
5990 7.69686e-07 0
6000 7.50717e-07 0
6010 7.32416e-07 0
6020 0.00518121 0.0051805
6030 6.97723e-07 0
6040 6.81282e-07 0
6050 6.65413e-07 0
6060 6.50094e-07 0
6070 0.00268863 0.002688
6080 6.21017e-07 0
6090 6.07217e-07 0
6100 5.93884e-07 0
6110 5.80996e-07 0
6120 5.68536e-07 0
6130 5.56486e-07 0
6140 0.00283052 0.00282998
6150 5.33542e-07 0
6160 5.22616e-07 0
6170 5.12031e-07 0
6180 5.01773e-07 0
6190 4.91826e-07 0
6200 4.82177e-07 0
6210 4.7281e-07 0
6220 0.00300029 0.00299983
6230 4.54874e-07 0
6240 0.00304404 0.0030436
6250 4.37914e-07 0
6260 4.29771e-07 0
6270 4.21838e-07 0
6280 4.14103e-07 0
6290 4.06557e-07 0
6300 3.9919e-07 0
6310 3.91992e-07 0
6320 3.84955e-07 0
6330 3.78069e-07 0
6340 3.71327e-07 0
6350 3.64721e-07 0
6360 3.58243e-07 0
6370 3.51887e-07 0
6380 3.45646e-07 0
6390 3.39514e-07 0
6400 0.00341368 0.00341334
6410 3.27554e-07 0
6420 3.21714e-07 0
6430 7.62258e-05 7.59098e-05
6440 3.10295e-07 0
6450 3.04707e-07 0
6460 2.99194e-07 0
6470 2.93752e-07 0
6480 2.8838e-07 0
6490 0.00363767 0.00363739
6500 2.77828e-07 0
6510 2.72643e-07 0
6520 2.67516e-07 0
6530 2.62443e-07 0
6540 2.57422e-07 0
6550 2.52452e-07 0
6560 2.4753e-07 0
6570 2.42656e-07 0
6580 2.37827e-07 0
6590 2.33042e-07 0
6600 0.00392815 0.00392792
6610 2.23601e-07 0
6620 2.18942e-07 0
6630 0.00401068 0.00401047
6640 0.00807683 0.00807662
6650 2.05206e-07 0
6660 2.00706e-07 0
6670 1.96245e-07 0
6680 0.00830283 0.00830264
6690 1.87439e-07 0
6700 1.83094e-07 0
6710 1.78789e-07 0
6720 1.74523e-07 0
6730 1.70296e-07 0
6740 1.6611e-07 0
6750 1.61964e-07 0
6760 1.5786e-07 0
6770 1.53797e-07 0
6780 1.49777e-07 0
6790 1.458e-07 0
6800 1.41866e-07 0
6810 1.37977e-07 0
6820 1.34133e-07 0
6830 1.30335e-07 0
6840 1.26584e-07 0
6850 1.2288e-07 0
6860 1.19224e-07 0
6870 1.15618e-07 0
6880 1.12061e-07 0
6890 1.08555e-07 0
6900 1.05101e-07 0
6910 1.01699e-07 0
6920 9.83498e-08 0
6930 9.50547e-08 0
6940 9.18141e-08 0
6950 8.86287e-08 0
6960 8.54993e-08 0
6970 8.24266e-08 0
6980 7.94112e-08 0
6990 7.64537e-08 0
7000 0.00515628 0.00515621
7010 7.07149e-08 0
7020 6.79348e-08 0
7030 6.52148e-08 0
7040 6.25555e-08 0
7050 0.00533065 0.00533059
7060 5.74205e-08 0
7070 5.49454e-08 0
7080 5.25324e-08 0
7090 5.01815e-08 0
7100 4.7893e-08 0
7110 4.56669e-08 0
7120 4.35032e-08 0
7130 4.14018e-08 0
7140 3.93628e-08 0
7150 3.73858e-08 0
7160 3.54707e-08 0
7170 3.36172e-08 0
7180 3.18251e-08 0
7190 0.00584609 0.00584606
7200 2.84236e-08 0
7210 2.68133e-08 0
7220 2.52628e-08 0
7230 2.37715e-08 0
7240 2.23388e-08 0
7250 2.0964e-08 0
7260 0.00611954 0.00611952
7270 1.83857e-08 0
7280 1.71805e-08 0
7290 1.60304e-08 0
7300 1.49343e-08 0
7310 1.38913e-08 0
7320 0.00636266 0.00636264
7330 1.19606e-08 0
7340 1.10706e-08 0
7350 1.02295e-08 0
7360 9.43584e-09 0
7370 8.68839e-09 0
7380 7.98577e-09 0
7390 7.32656e-09 0
7400 6.70928e-09 0
7410 6.13242e-09 0
7420 5.59442e-09 0
7430 5.09368e-09 0
7440 4.6286e-09 0
7450 4.19754e-09 0
7460 3.79884e-09 0
7470 3.43085e-09 0
7480 3.09192e-09 0
7490 2.78038e-09 0
7500 2.49463e-09 0
7510 2.23305e-09 0
7520 1.99409e-09 0
7530 1.7762e-09 0
7540 1.57794e-09 0
7550 1.3979e-09 0
7560 1.23474e-09 0
7570 1.08723e-09 0
7580 0.00751578 0.00751578
7590 8.34591e-10 0
7600 7.27378e-10 0
7610 6.31594e-10 0
7620 5.46302e-10 0
7630 4.70613e-10 0
7640 4.03686e-10 0
7650 0.00785579 0.00785579
7660 2.93053e-10 0
7670 2.47953e-10 0
7680 2.08792e-10 0
7690 1.74952e-10 0
7700 1.45843e-10 0
7710 1.20908e-10 0
7720 9.96287e-11 0
7730 8.15292e-11 0
7740 6.61773e-11 0
7750 5.31903e-11 0
7760 4.22384e-11 0
7770 0.00847014 0.00847014
7780 2.54085e-11 0
7790 1.91432e-11 0
7800 1.4089e-11 0
7810 1.00885e-11 0
7820 6.99215e-12 0
7830 4.65901e-12 0
7840 2.95734e-12 0
7850 1.76557e-12 0
7860 9.73109e-13 0
7870 4.81146e-13 0
7880 2.03492e-13 0
7890 6.74017e-14 0
7900 1.43969e-14 0
7910 1.08936e-15 0
7920 0.00152229 0.00152229
