0 0 0
10 3.65166e-09 3.05191e-12
20 4.6448e-08 4.03868e-11
30 2.09145e-07 1.89342e-10
40 6.0805e-07 5.72498e-10
50 1.38339e-06 1.35582e-09
60 2.69276e-06 2.74685e-09
70 4.70308e-06 4.99294e-09
80 7.58482e-06 8.37954e-09
90 1.15398e-05 1.32285e-08
100 1.66807e-05 1.98964e-08
110 2.31846e-05 2.87732e-08
120 3.12341e-05 4.02801e-08
130 0.00367755 5.48689e-08
140 5.23124e-05 7.30196e-08
150 0.204468 9.52397e-08
160 8.10636e-05 1.22062e-07
170 9.83381e-05 1.54045e-07
180 0.00325772 1.91769e-07
190 0.000139105 2.35837e-07
200 0.101667 2.86871e-07
210 0.0365961 3.45514e-07
220 0.000216443 4.12428e-07
230 0.000246306 4.88289e-07
240 0.000278192 5.73792e-07
250 0.000312046 6.69644e-07
260 0.00311749 7.76568e-07
270 0.146144 8.95298e-07
280 0.000425798 1.02658e-06
290 0.000466852 1.17118e-06
300 0.000511581 1.32985e-06
310 0.0029888 1.50337e-06
320 0.00527674 1.69253e-06
330 0.00263135 1.89812e-06
340 0.0850906 2.12094e-06
350 0.00075029 2.36178e-06
360 0.00578958 2.62146e-06
370 0.00541289 2.90079e-06
380 0.0241109 3.20057e-06
390 0.00159555 3.52164e-06
400 0.00102137 3.8648e-06
410 0.00194837 4.23088e-06
420 0.001128 4.62069e-06
430 0.00118147 5.03507e-06
440 0.00123491 5.47481e-06
450 0.00525303 5.94076e-06
460 0.0338833 6.43371e-06
470 0.0014285 6.95448e-06
480 0.00148114 7.50389e-06
490 0.00579838 8.08274e-06
500 0.0123415 8.69183e-06
510 0.00165379 9.33196e-06
520 0.00170461 1.00039e-05
530 0.00358944 1.07085e-05
540 0.00182252 1.14465e-05
550 0.00204313 1.22187e-05
560 0.00382068 1.30258e-05
570 0.00252688 1.38687e-05
580 0.0188528 1.4748e-05
590 0.00264186 1.56645e-05
600 0.048181 1.6619e-05
610 0.0239475 1.76121e-05
620 0.00445518 1.86447e-05
630 0.00454846 1.97174e-05
640 0.0175604 2.08309e-05
650 0.00298531 2.1986e-05
660 0.0165773 2.31832e-05
670 0.00308019 2.44233e-05
680 0.00312562 2.5707e-05
690 0.00316969 2.70349e-05
700 0.00327552 2.84076e-05
710 0.00430155 2.98258e-05
720 0.00342388 3.12901e-05
730 0.00698385 3.28011e-05
740 0.00356517 3.43594e-05
750 0.00360105 3.59656e-05
760 0.00710153 3.76203e-05
770 0.00601587 3.93241e-05
780 0.00491748 4.10774e-05
790 0.00395432 4.28809e-05
800 0.00495876 4.4735e-05
810 0.0044149 4.66404e-05
820 0.00624853 4.85974e-05
830 0.00423745 5.06066e-05
840 0.00583038 5.26685e-05
850 0.00443183 5.47835e-05
860 0.00429733 5.69521e-05
870 0.00689857 5.91748e-05
880 0.00433019 6.14519e-05
890 0.0179643 6.37839e-05
900 0.00435761 6.61712e-05
910 0.00450905 6.86142e-05
920 0.0128942 7.11132e-05
930 0.004389 7.36687e-05
940 0.00627977 7.62809e-05
950 0.00494751 7.89504e-05
960 0.0112629 8.16772e-05
970 0.0053153 8.44619e-05
980 0.00441729 8.73046e-05
990 0.0058187 9.02058e-05
1000 0.0049831 9.31656e-05
1010 0.00588812 9.61843e-05
1020 0.00644815 9.92622e-05
1030 0.00951292 0.0001024
1040 0.0057711 0.000105597
1050 0.00441348 0.000108853
1060 0.00440942 0.00011217
1070 0.00533894 0.000115548
1080 0.0117316 0.000118985
1090 0.00439279 0.000122484
1100 0.00438589 0.000126043
1110 0.00437836 0.000129663
1120 0.00437024 0.000133344
1130 0.0108905 0.000137087
1140 0.00466221 0.000140891
1150 0.00840578 0.000144756
1160 0.00626253 0.000148683
1170 0.00516518 0.000152671
1180 0.00509213 0.000156721
1190 0.00999579 0.000160833
1200 0.00514299 0.000165006
1210 0.00511456 0.000169241
1220 0.0151361 0.000173539
1230 0.00505789 0.000177898
1240 0.0161019 0.000182318
1250 0.00500158 0.000186801
1260 0.00497359 0.000191346
1270 0.00932416 0.000195952
1280 0.00558142 0.00020062
1290 0.0063214 0.00020535
1300 0.00486309 0.000210141
1310 0.00483588 0.000214995
1320 0.0125699 0.000219909
1330 0.00630494 0.000224885
1340 0.0172873 0.000229923
1350 0.00705147 0.000235022
1360 0.010731 0.000240182
1370 0.00606573 0.000245402
1380 0.00600868 0.000250684
1390 0.00794925 0.000256027
1400 0.0124005 0.00026143
1410 0.00918684 0.000266894
1420 0.00648315 0.000272418
1430 0.00707432 0.000278002
1440 0.00634844 0.000283646
1450 0.00628315 0.00028935
1460 0.00728271 0.000295114
1470 0.00719451 0.000300937
1480 0.00710833 0.000306819
1490 0.0149121 0.00031276
1500 0.00846251 0.00031876
1510 0.00773929 0.000324819
1520 0.00820136 0.000330936
1530 0.00753505 0.000337111
1540 0.0084741 0.000343344
1550 0.00806012 0.000349634
1560 0.00724755 0.000355982
1570 0.00715642 0.000362386
1580 0.0070675 0.000368848
1590 0.00698072 0.000375366
1600 0.00689601 0.00038194
1610 0.00681329 0.000388571
1620 0.0067325 0.000395257
1630 0.00665356 0.000401998
1640 0.00657641 0.000408795
1650 0.00650098 0.000415646
1660 0.00642723 0.000422551
1670 0.00635508 0.000429511
1680 0.0105008 0.000436525
1690 0.00621539 0.000443592
1700 0.00857579 0.000450712
1710 0.00843946 0.000457886
1720 0.0100725 0.000465111
1730 0.00989579 0.000472389
1740 0.0108558 0.000479719
1750 0.00955779 0.0004871
1760 0.00939617 0.000494532
1770 0.00923923 0.000502015
1780 0.0090868 0.000509549
1790 0.0115723 0.000517132
1800 0.0113573 0.000524766
1810 0.0111488 0.000532448
1820 0.0109466 0.00054018
1830 0.0107505 0.00054796
1840 0.0105602 0.000555788
1850 0.0125793 0.000563664
1860 0.0101962 0.000571587
1870 0.010022 0.000579558
1880 0.0098529 0.000587575
1890 0.00968855 0.000595638
1900 0.0114213 0.000603748
1910 0.0129495 0.000611902
1920 0.0126999 0.000620102
1930 0.0124579 0.000628346
1940 0.0146865 0.000636635
1950 0.0119957 0.000644967
1960 0.0117749 0.000653343
1970 0.0140554 0.000661762
1980 0.0113527 0.000670224
1990 0.0111508 0.000678728
2000 0.0109546 0.000687273
2010 0.010764 0.00069586
2020 0.0109361 0.000704488
2030 0.0103985 0.000713156
2040 0.0125014 0.000721864
2050 0.0100527 0.000730612
2060 0.0105541 0.000739399
2070 0.010373 0.000748225
2080 0.0101968 0.00075709
2090 0.0100253 0.000765992
2100 0.00985828 0.000774931
2110 0.00969564 0.000783908
2120 0.00953716 0.000792921
2130 0.0093827 0.000801971
2140 0.0092321 0.000811056
2150 0.00908521 0.000820176
2160 0.0089419 0.000829331
2170 0.00880204 0.00083852
2180 0.00866551 0.000847744
2190 0.00853218 0.000857
2200 0.00840195 0.00086629
2210 0.00827471 0.000875612
2220 0.00815036 0.000884966
2230 0.00802882 0.000894352
2240 0.00790998 0.000903768
2250 0.00779378 0.000913216
2260 0.00768012 0.000922693
2270 0.00756894 0.0009322
2280 0.00746017 0.000941737
2290 0.00735374 0.000951302
2300 0.00724958 0.000960895
2310 0.00714765 0.000970516
2320 0.00704788 0.000980164
2330 0.00695023 0.000989839
2340 0.00685464 0.00099954
2350 0.00676107 0.00100927
2360 0.00666947 0.00101902
2370 0.0065798 0.0010288
2380 0.00649202 0.0010386
2390 0.00640609 0.00104842
2400 0.00632198 0.00105827
2410 0.00623965 0.00106814
2420 0.00615906 0.00107803
2430 0.00608018 0.00108795
2440 0.00600298 0.00109788
2450 0.00592743 0.00110784
2460 0.00585349 0.00111782
2470 0.00578115 0.00112781
2480 0.00571036 0.00113783
2490 0.00564111 0.00114786
2500 0.00557336 0.00115791
2510 0.00550709 0.00116798
2520 0.00544227 0.00117807
2530 0.00537887 0.00118817
2540 0.00531687 0.00119829
2550 0.00525623 0.00120842
2560 0.00519695 0.00121857
2570 0.00513898 0.00122873
2580 0.00508231 0.0012389
2590 0.00502691 0.00124909
2600 0.00497276 0.00125929
2610 0.00491983 0.0012695
2620 0.0048681 0.00127972
2630 0.00481754 0.00128996
2640 0.00476813 0.0013002
2650 0.00471985 0.00131045
2660 0.00467267 0.00132071
2670 0.00462657 0.00133098
2680 0.00458154 0.00134126
2690 0.00453754 0.00135154
2700 0.00449455 0.00136183
2710 0.00445256 0.00137213
2720 0.00441154 0.00138243
2730 0.00437147 0.00139273
2740 0.00433233 0.00140304
2750 0.0042941 0.00141335
2760 0.00425676 0.00142366
2770 0.00422029 0.00143398
2780 0.00418467 0.0014443
2790 0.00414988 0.00145461
2800 0.00411591 0.00146493
2810 0.00408273 0.00147525
2820 0.00405033 0.00148556
2830 0.00401868 0.00149587
2840 0.00398778 0.00150618
2850 0.0039576 0.00151649
2860 0.00392813 0.00152679
2870 0.00389935 0.00153709
2880 0.00387125 0.00154738
2890 0.00384381 0.00155767
2900 0.00381701 0.00156795
2910 0.00379085 0.00157822
2920 0.0037653 0.00158848
2930 0.00374035 0.00159873
2940 0.00371599 0.00160898
2950 0.0036922 0.00161921
2960 0.00366897 0.00162943
2970 0.00364629 0.00163964
2980 0.00362415 0.00164984
2990 0.00360252 0.00166003
3000 0.00358141 0.0016702
3010 0.0035608 0.00168036
3020 0.00354067 0.0016905
3030 0.00352103 0.00170062
3040 0.00350184 0.00171073
3050 0.00348311 0.00172082
3060 0.00346482 0.00173089
3070 0.00344697 0.00174095
3080 0.00342954 0.00175098
3090 0.00341253 0.00176099
3100 0.00339592 0.00177099
3110 0.0033797 0.00178096
3120 0.00336387 0.00179091
3130 0.00334842 0.00180083
3140 0.00333334 0.00181073
3150 0.00331862 0.00182061
3160 0.00330425 0.00183046
3170 0.00329022 0.00184029
3180 0.00327653 0.00185009
3190 0.00326317 0.00185986
3200 0.00325014 0.0018696
3210 0.00323741 0.00187931
3220 0.003225 0.001889
3230 0.00321288 0.00189865
3240 0.00320106 0.00190828
3250 0.00318953 0.00191787
3260 0.00317827 0.00192743
3270 0.0031673 0.00193696
3280 0.00315659 0.00194645
3290 0.00314614 0.00195591
3300 0.00313595 0.00196533
3310 0.00312601 0.00197472
3320 0.00311632 0.00198407
3330 0.00310686 0.00199339
3340 0.00309765 0.00200266
3350 0.00308866 0.0020119
3360 0.00307989 0.0020211
3370 0.00307135 0.00203027
3380 0.00306302 0.00203939
3390 0.00305491 0.00204847
3400 0.00304699 0.00205751
3410 0.00303928 0.0020665
3420 0.00303177 0.00207546
3430 0.00302445 0.00208437
3440 0.00301732 0.00209324
3450 0.00301037 0.00210206
3460 0.00300361 0.00211084
3470 0.00299702 0.00211958
3480 0.0029906 0.00212827
3490 0.00298436 0.00213691
3500 0.00297828 0.0021455
3510 0.00297236 0.00215405
3520 0.0029666 0.00216255
3530 0.00296099 0.00217101
3540 0.00295554 0.00217941
3550 0.00295024 0.00218776
3560 0.00294508 0.00219607
3570 0.00294006 0.00220432
3580 0.00293519 0.00221252
3590 0.00293045 0.00222068
3600 0.00292584 0.00222878
3610 0.00292137 0.00223683
3620 0.00291702 0.00224482
3630 0.0029128 0.00225277
3640 0.0029087 0.00226066
3650 0.00290472 0.0022685
3660 0.00290086 0.00227628
3670 0.00289711 0.00228401
3680 0.00289348 0.00229169
3690 0.00288996 0.00229931
3700 0.00288654 0.00230687
3710 0.00288324 0.00231439
3720 0.00288003 0.00232184
3730 0.00287693 0.00232924
3740 0.00287392 0.00233658
3750 0.00287102 0.00234387
3760 0.0028682 0.0023511
3770 0.00286549 0.00235828
3780 0.00286286 0.00236539
3790 0.00286032 0.00237245
3800 0.00285787 0.00237946
3810 0.0028555 0.0023864
3820 0.00285322 0.00239329
3830 0.00285102 0.00240012
3840 0.0028489 0.0024069
3850 0.00284686 0.00241361
3860 0.0028449 0.00242027
3870 0.00284301 0.00242687
3880 0.0028412 0.00243341
3890 0.00283945 0.00243989
3900 0.00283778 0.00244631
3910 0.00283618 0.00245268
3920 0.00283465 0.00245899
3930 0.00283318 0.00246524
3940 0.00283177 0.00247143
3950 0.00283043 0.00247756
3960 0.00282916 0.00248363
3970 0.00282794 0.00248965
3980 0.00282678 0.00249561
3990 0.00282568 0.00250151
4000 0.00282464 0.00250735
4010 0.00282365 0.00251313
4020 0.00282272 0.00251886
4030 0.00282184 0.00252453
4040 0.00282101 0.00253014
4050 0.00282024 0.00253569
4060 0.00281951 0.00254119
4070 0.00281883 0.00254663
4080 0.0028182 0.00255201
4090 0.00281762 0.00255734
4100 0.00281708 0.0025626
4110 0.00281659 0.00256782
4120 0.00281614 0.00257297
4130 0.00281574 0.00257807
4140 0.00281537 0.00258311
4150 0.00281505 0.0025881
4160 0.00281476 0.00259304
4170 0.00281452 0.00259791
4180 0.00281431 0.00260274
4190 0.00281414 0.0026075
4200 0.00281401 0.00261222
4210 0.00281391 0.00261688
4220 0.00281384 0.00262148
4230 0.00281381 0.00262604
4240 0.00281382 0.00263053
4250 0.00281385 0.00263498
4260 0.00281392 0.00263937
4270 0.00281402 0.00264372
4280 0.00281414 0.00264801
4290 0.0028143 0.00265224
4300 0.00281448 0.00265643
4310 0.0028147 0.00266057
4320 0.00281494 0.00266465
4330 0.0028152 0.00266869
4340 0.00281549 0.00267267
4350 0.00281581 0.00267661
4360 0.00281615 0.0026805
4370 0.00281651 0.00268433
4380 0.0028169 0.00268812
4390 0.00281731 0.00269187
4400 0.00281774 0.00269556
4410 0.00281819 0.00269921
4420 0.00281866 0.00270281
4430 0.00281915 0.00270636
4440 0.00281967 0.00270987
4450 0.0028202 0.00271333
4460 0.00282075 0.00271675
4470 0.00282131 0.00272012
4480 0.0028219 0.00272345
4490 0.0028225 0.00272673
4500 0.00282311 0.00272997
4510 0.00282374 0.00273317
4520 0.00282439 0.00273632
4530 0.00282505 0.00273944
4540 0.00282573 0.00274251
4550 0.00282641 0.00274554
4560 0.00282712 0.00274852
4570 0.00282783 0.00275147
4580 0.00282856 0.00275438
4590 0.0028293 0.00275725
4600 0.00283004 0.00276007
4610 0.00283081 0.00276286
4620 0.00283158 0.00276561
4630 0.00283236 0.00276833
4640 0.00283315 0.002771
4650 0.00283394 0.00277364
4660 0.00283475 0.00277624
4670 0.00283557 0.0027788
4680 0.00283639 0.00278133
4690 0.00283722 0.00278383
4700 0.00283806 0.00278628
4710 0.00283891 0.00278871
4720 0.00283976 0.0027911
4730 0.00284062 0.00279345
4740 0.00284148 0.00279577
4750 0.00284235 0.00279806
4760 0.00284322 0.00280032
4770 0.0028441 0.00280254
4780 0.00284499 0.00280473
4790 0.00284587 0.00280689
4800 0.00284676 0.00280903
4810 0.00284766 0.00281112
4820 0.00284856 0.00281319
4830 0.00284946 0.00281523
4840 0.00285036 0.00281725
4850 0.00285127 0.00281923
4860 0.00285217 0.00282118
4870 0.00285308 0.00282311
4880 0.002854 0.00282501
4890 0.00285491 0.00282688
4900 0.00285582 0.00282872
4910 0.00285674 0.00283054
4920 0.00285765 0.00283233
4930 0.00285857 0.0028341
4940 0.00285949 0.00283584
4950 0.00286041 0.00283756
4960 0.00286132 0.00283925
4970 0.00286224 0.00284092
4980 0.00286316 0.00284257
4990 0.00286408 0.00284419
5000 0.00286499 0.00284579
5010 0.00286591 0.00284737
5020 0.00286683 0.00284893
5030 0.00286774 0.00285047
5040 0.00286866 0.00285198
5050 0.00286957 0.00285348
5060 0.00287048 0.00285496
5070 0.00287139 0.00285641
5080 0.0028723 0.00285785
5090 0.00287321 0.00285927
5100 0.00287412 0.00286067
5110 0.00287503 0.00286206
5120 0.00287594 0.00286342
5130 0.00287684 0.00286477
5140 0.00287775 0.00286611
5150 0.00287865 0.00286743
5160 0.00287956 0.00286873
5170 0.00288046 0.00287002
5180 0.00288136 0.0028713
5190 0.00288226 0.00287256
5200 0.00288316 0.00287381
5210 0.00288406 0.00287505
5220 0.00288497 0.00287627
5230 0.00288587 0.00287748
5240 0.00288677 0.00287869
5250 0.00288767 0.00287988
5260 0.00288858 0.00288106
5270 0.00288948 0.00288224
5280 0.00289039 0.0028834
5290 0.00289129 0.00288456
5300 0.0028922 0.00288571
5310 0.00289311 0.00288685
5320 0.00289403 0.00288799
5330 0.00289495 0.00288913
5340 0.00289587 0.00289025
5350 0.00289679 0.00289138
5360 0.00289772 0.0028925
5370 0.00289866 0.00289362
5380 0.0028996 0.00289474
5390 0.00290054 0.00289585
5400 0.00290149 0.00289697
5410 0.00290245 0.00289809
5420 0.00290342 0.0028992
5430 0.00290439 0.00290032
5440 0.00290537 0.00290145
5450 0.00290636 0.00290258
5460 0.00290736 0.00290371
5470 0.00290837 0.00290484
5480 0.0029094 0.00290599
5490 0.00291043 0.00290714
5500 0.00291148 0.0029083
5510 0.00291254 0.00290947
5520 0.00291362 0.00291065
5530 0.00291471 0.00291184
5540 0.00291582 0.00291305
5550 0.00291694 0.00291426
5560 0.00291809 0.0029155
5570 0.00291925 0.00291675
5580 0.00292043 0.00291801
5590 0.00292164 0.00291929
5600 0.00292286 0.0029206
5610 0.00292411 0.00292192
5620 0.00292539 0.00292327
5630 0.00292669 0.00292463
5640 0.00292801 0.00292603
5650 0.00292937 0.00292745
5660 0.00293075 0.00292889
5670 0.00293217 0.00293037
5680 0.00293362 0.00293187
5690 0.0029351 0.00293341
5700 0.00293662 0.00293498
5710 0.00293817 0.00293658
5720 0.00293976 0.00293822
5730 0.00294139 0.0029399
5740 0.00294306 0.00294162
5750 0.00294478 0.00294338
5760 0.00294654 0.00294518
5770 0.00294834 0.00294703
5780 0.0029502 0.00294892
5790 0.0029521 0.00295086
5800 0.00295405 0.00295285
5810 0.00295606 0.00295489
5820 0.00295812 0.00295699
5830 0.00296024 0.00295914
5840 0.00296242 0.00296135
5850 0.00296466 0.00296362
5860 0.00296696 0.00296596
5870 9.78814e-07 0
5880 0.00173763 0.00173668
5890 9.24646e-07 0
5900 0.00176403 0.00176313
5910 8.7431e-07 0
5920 8.50497e-07 0
5930 8.27546e-07 0
5940 8.05425e-07 0
5950 0.00366222 0.00366144
5960 7.6356e-07 0
5970 7.43758e-07 0
5980 0.00187301 0.00187229
5990 7.06278e-07 0
6000 6.88548e-07 0
6010 6.71458e-07 0
6020 0.00385851 0.00385786
6030 6.391e-07 0
6040 6.23785e-07 0
6050 6.09017e-07 0
6060 5.94773e-07 0
6070 0.0020023 0.00200172
6080 5.67773e-07 0
6090 5.54978e-07 0
6100 5.42626e-07 0
6110 5.30699e-07 0
6120 5.19178e-07 0
6130 5.08047e-07 0
6140 0.00210795 0.00210745
6150 4.86883e-07 0
6160 0.00213898 0.0021385
6170 4.67077e-07 0
6180 0.00217038 0.00216993
6190 4.48509e-07 0
6200 4.39652e-07 0
6210 4.31062e-07 0
6220 0.0044683 0.00446788
6230 4.14633e-07 0
6240 0.00226694 0.00226653
6250 3.99122e-07 0
6260 3.91682e-07 0
6270 3.84437e-07 0
6280 3.77379e-07 0
6290 3.70496e-07 0
6300 3.63779e-07 0
6310 3.57219e-07 0
6320 0.00240125 0.0024009
6330 3.44537e-07 0
6340 3.38398e-07 0
6350 3.32384e-07 0
6360 3.26488e-07 0
6370 0.00248854 0.00248822
6380 3.15024e-07 0
6390 3.09443e-07 0
6400 0.00254218 0.00254188
6410 2.98557e-07 0
6420 2.93242e-07 0
6430 5.68172e-05 5.65292e-05
6440 2.82845e-07 0
6450 2.77756e-07 0
6460 2.72734e-07 0
6470 2.67778e-07 0
6480 2.62882e-07 0
6490 0.00270898 0.00270872
6500 2.53264e-07 0
6510 2.48536e-07 0
6520 2.43859e-07 0
6530 2.39231e-07 0
6540 2.3465e-07 0
6550 2.30113e-07 0
6560 0.002845 0.00284478
6570 0.0028649 0.00286467
6580 2.16756e-07 0
6590 2.12384e-07 0
6600 0.00292528 0.00292508
6610 2.03752e-07 0
6620 1.99492e-07 0
6630 0.00298675 0.00298655
6640 0.00601476 0.00601457
6650 1.86923e-07 0
6660 1.82804e-07 0
6670 1.78719e-07 0
6680 0.00618305 0.00618288
6690 1.70653e-07 0
6700 1.66672e-07 0
6710 1.62726e-07 0
6720 1.58816e-07 0
6730 1.54942e-07 0
6740 1.51103e-07 0
6750 1.47302e-07 0
6760 1.43537e-07 0
6770 1.39811e-07 0
6780 1.36123e-07 0
6790 1.32474e-07 0
6800 1.28865e-07 0
6810 1.25296e-07 0
6820 1.21769e-07 0
6830 1.18284e-07 0
6840 1.14841e-07 0
6850 1.11443e-07 0
6860 1.08088e-07 0
6870 1.04779e-07 0
6880 1.01516e-07 0
6890 9.83002e-08 0
6900 9.51316e-08 0
6910 9.20115e-08 0
6920 8.89405e-08 0
6930 8.59194e-08 0
6940 8.29488e-08 0
6950 8.00295e-08 0
6960 7.71622e-08 0
6970 7.43475e-08 0
6980 7.15861e-08 0
6990 6.88784e-08 0
7000 0.00383984 0.00383977
7010 6.36267e-08 0
7020 6.10837e-08 0
7030 0.0039173 0.00391724
7040 5.61658e-08 0
7050 5.37916e-08 0
7060 5.14745e-08 0
7070 4.92146e-08 0
7080 4.70123e-08 0
7090 4.48675e-08 0
7100 4.27806e-08 0
7110 4.07514e-08 0
7120 3.87801e-08 0
7130 3.68665e-08 0
7140 3.50105e-08 0
7150 3.3212e-08 0
7160 3.14708e-08 0
7170 2.97866e-08 0
7180 0.00432508 0.00432506
7190 0.00435352 0.0043535
7200 2.50733e-08 0
7210 2.36141e-08 0
7220 2.22101e-08 0
7230 2.08609e-08 0
7240 1.95657e-08 0
7250 1.83241e-08 0
7260 0.00455715 0.00455714
7270 1.59987e-08 0
7280 1.49135e-08 0
7290 1.38788e-08 0
7300 1.28937e-08 0
7310 1.19575e-08 0
7320 0.0047382 0.00473819
7330 1.02275e-08 0
7340 9.43169e-09 0
7350 8.68064e-09 0
7360 7.97318e-09 0
7370 7.30813e-09 0
7380 6.68423e-09 0
7390 6.1002e-09 0
7400 5.55468e-09 0
7410 5.0463e-09 0
7420 4.57361e-09 0
7430 4.13517e-09 0
7440 3.72948e-09 0
7450 3.35503e-09 0
7460 3.0103e-09 0
7470 2.69376e-09 0
7480 2.40386e-09 0
7490 2.13907e-09 0
7500 1.89787e-09 0
7510 1.67878e-09 0
7520 1.4803e-09 0
7530 1.30102e-09 0
7540 1.13955e-09 0
7550 9.94545e-10 0
7560 0.00552636 0.00552636
7570 7.48953e-10 0
7580 0.00559692 0.00559691
7590 5.54948e-10 0
7600 4.74652e-10 0
7610 4.04182e-10 0
7620 3.42606e-10 0
7630 2.89049e-10 0
7640 2.42688e-10 0
7650 0.00585012 0.00585012
7660 1.68609e-10 0
7670 1.39573e-10 0
7680 1.15061e-10 0
7690 9.45021e-11 0
7700 7.73593e-11 0
7710 6.31326e-11 0
7720 5.13633e-11 0
7730 4.16378e-11 0
7740 3.35914e-11 0
7750 2.69122e-11 0
7760 2.13451e-11 0
7770 0.00630762 0.00630762
7780 1.28332e-11 0
7790 9.66667e-12 0
7800 7.11291e-12 0
7810 5.09212e-12 0
7820 3.52849e-12 0
7830 2.35057e-12 0
7840 1.49169e-12 0
7850 8.90332e-13 0
7860 4.90575e-13 0
7870 2.42481e-13 0
7880 1.02511e-13 0
7890 3.39352e-14 0
7900 7.24194e-15 0
7910 5.46906e-16 0
7920 0.00113363 0.00113363
