0 0 0
10 3.65545e-09 3.05992e-12
20 4.64968e-08 4.04928e-11
30 2.09368e-07 1.89839e-10
40 6.08704e-07 5.74001e-10
50 1.38489e-06 1.35938e-09
60 2.69572e-06 2.75407e-09
70 4.70831e-06 5.00606e-09
80 7.59334e-06 8.40155e-09
90 1.15528e-05 1.32632e-08
100 1.66997e-05 1.99487e-08
110 2.32113e-05 2.88487e-08
120 3.12703e-05 4.03859e-08
130 0.00367581 5.5013e-08
140 5.2374e-05 7.32115e-08
150 0.204502 9.549e-08
160 8.11601e-05 1.22383e-07
170 9.84559e-05 1.5445e-07
180 0.00325757 1.92273e-07
190 0.000139274 2.36457e-07
200 0.101628 2.87625e-07
210 0.0365593 3.46423e-07
220 0.000216709 4.13513e-07
230 0.00024661 4.89573e-07
240 0.000278537 5.75301e-07
250 0.000312434 6.71405e-07
260 0.00311735 7.78611e-07
270 0.146163 8.97654e-07
280 0.000426331 1.02928e-06
290 0.000467437 1.17426e-06
300 0.000512222 1.33335e-06
310 0.00298904 1.50733e-06
320 0.00527524 1.69699e-06
330 0.00263175 1.90312e-06
340 0.085082 2.12652e-06
350 0.000751225 2.368e-06
360 0.00578874 2.62836e-06
370 0.00541336 2.90842e-06
380 0.0241049 3.209e-06
390 0.00159658 3.53091e-06
400 0.00102262 3.87498e-06
410 0.00194879 4.24202e-06
420 0.00112937 4.63286e-06
430 0.0011829 5.04833e-06
440 0.0012364 5.48924e-06
450 0.00525372 5.95641e-06
460 0.0338695 6.45066e-06
470 0.00143007 6.97281e-06
480 0.00148276 7.52366e-06
490 0.00579966 8.10404e-06
500 0.0123412 8.71474e-06
510 0.00165556 9.35656e-06
520 0.00170642 1.00303e-05
530 0.00358995 1.07368e-05
540 0.00182441 1.14767e-05
550 0.0020451 1.22509e-05
560 0.00382237 1.30602e-05
570 0.00252975 1.39052e-05
580 0.0188512 1.47869e-05
590 0.00264484 1.57058e-05
600 0.0481836 1.66628e-05
610 0.0239411 1.76586e-05
620 0.00445822 1.86939e-05
630 0.00455147 1.97694e-05
640 0.0175615 2.08859e-05
650 0.00298855 2.2044e-05
660 0.0165783 2.32444e-05
670 0.00308349 2.44878e-05
680 0.00312894 2.57748e-05
690 0.00317303 2.71062e-05
700 0.00327888 2.84826e-05
710 0.00430482 2.99045e-05
720 0.00342727 3.13727e-05
730 0.0069859 3.28877e-05
740 0.00356858 3.44501e-05
750 0.00360445 3.60606e-05
760 0.00710442 3.77197e-05
770 0.00601934 3.94279e-05
780 0.00492228 4.11859e-05
790 0.00395771 4.29942e-05
800 0.00496283 4.48532e-05
810 0.00441833 4.67636e-05
820 0.00625334 4.87258e-05
830 0.00424075 5.07404e-05
840 0.00583479 5.28077e-05
850 0.00443509 5.49283e-05
860 0.0043005 5.71027e-05
870 0.00689978 5.93312e-05
880 0.00433325 6.16144e-05
890 0.0179777 6.39526e-05
900 0.00436055 6.63462e-05
910 0.00451199 6.87956e-05
920 0.0128965 7.13013e-05
930 0.00439176 7.38635e-05
940 0.00628309 7.64827e-05
950 0.00495024 7.91592e-05
960 0.0112678 8.18933e-05
970 0.00531778 8.46854e-05
980 0.0044197 8.75357e-05
990 0.00582085 9.04445e-05
1000 0.00498602 9.34121e-05
1010 0.00589022 9.64389e-05
1020 0.00644746 9.9525e-05
1030 0.00951683 0.000102671
1040 0.00577057 0.000105876
1050 0.00441533 0.000109142
1060 0.00441119 0.000112468
1070 0.00534103 0.000115854
1080 0.0117324 0.000119301
1090 0.0043943 0.000122808
1100 0.00438731 0.000126377
1110 0.00437969 0.000130007
1120 0.00437149 0.000133698
1130 0.010892 0.00013745
1140 0.00466336 0.000141264
1150 0.00840999 0.00014514
1160 0.00626212 0.000149077
1170 0.00516609 0.000153076
1180 0.00509291 0.000157136
1190 0.00999586 0.000161259
1200 0.00514358 0.000165444
1210 0.00511505 0.00016969
1220 0.0151499 0.000173999
1230 0.00505815 0.000178369
1240 0.0161047 0.000182802
1250 0.00500162 0.000187297
1260 0.00497353 0.000191853
1270 0.0093251 0.000196472
1280 0.00558144 0.000201152
1290 0.0063213 0.000205895
1300 0.00486262 0.000210699
1310 0.0048353 0.000215565
1320 0.0125693 0.000220493
1330 0.00630438 0.000225482
1340 0.0173013 0.000230533
1350 0.00705053 0.000235646
1360 0.0107298 0.000240819
1370 0.00606464 0.000246054
1380 0.00600747 0.00025135
1390 0.00794893 0.000256707
1400 0.0124051 0.000262125
1410 0.00918872 0.000267603
1420 0.00648164 0.000273142
1430 0.00707313 0.000278741
1440 0.00634667 0.0002844
1450 0.00628125 0.000290119
1460 0.00728095 0.000295898
1470 0.0071926 0.000301737
1480 0.00710628 0.000307635
1490 0.0149189 0.000313592
1500 0.00846084 0.000319608
1510 0.00773662 0.000325683
1520 0.00819874 0.000331816
1530 0.00753212 0.000338007
1540 0.0084718 0.000344257
1550 0.00805802 0.000350564
1560 0.00724426 0.000356929
1570 0.00715301 0.000363351
1580 0.00706399 0.00036983
1590 0.0069771 0.000376365
1600 0.00689229 0.000382957
1610 0.00680947 0.000389605
1620 0.00672858 0.000396309
1630 0.00664954 0.000403068
1640 0.0065723 0.000409883
1650 0.00649679 0.000416753
1660 0.00642295 0.000423677
1670 0.00635072 0.000430655
1680 0.0104992 0.000437688
1690 0.00621088 0.000444774
1700 0.00857155 0.000451913
1710 0.00843509 0.000459106
1720 0.0100687 0.000466351
1730 0.00989174 0.000473648
1740 0.0108524 0.000480998
1750 0.00955344 0.000488399
1760 0.00939167 0.000495851
1770 0.00923459 0.000503354
1780 0.00908202 0.000510908
1790 0.0115683 0.000518512
1800 0.0113531 0.000526165
1810 0.0111445 0.000533868
1820 0.0109421 0.000541621
1830 0.0107458 0.000549422
1840 0.0105554 0.000557271
1850 0.0125774 0.000565168
1860 0.0101911 0.000573113
1870 0.0100168 0.000581105
1880 0.00984756 0.000589143
1890 0.00968309 0.000597228
1900 0.0114185 0.000605359
1910 0.0129453 0.000613536
1920 0.0126955 0.000621758
1930 0.0124533 0.000630024
1940 0.0146856 0.000638335
1950 0.0119908 0.00064669
1960 0.0117699 0.000655089
1970 0.0140535 0.00066353
1980 0.0113474 0.000672015
1990 0.0111454 0.000680541
2000 0.0109491 0.00068911
2010 0.0107584 0.00069772
2020 0.0109309 0.000706371
2030 0.0103927 0.000715062
2040 0.0124988 0.000723794
2050 0.0100467 0.000732566
2060 0.0105483 0.000741377
2070 0.0103671 0.000750226
2080 0.0101908 0.000759115
2090 0.0100193 0.000768041
2100 0.0098522 0.000777005
2110 0.00968949 0.000786005
2120 0.00953095 0.000795043
2130 0.00937644 0.000804117
2140 0.00922578 0.000813226
2150 0.00907885 0.000822371
2160 0.0089355 0.000831551
2170 0.0087956 0.000840765
2180 0.00865903 0.000850014
2190 0.00852567 0.000859295
2200 0.00839541 0.00086861
2210 0.00826814 0.000877957
2220 0.00814377 0.000887337
2230 0.0080222 0.000896748
2240 0.00790335 0.00090619
2250 0.00778713 0.000915663
2260 0.00767346 0.000925166
2270 0.00756227 0.000934699
2280 0.00745349 0.000944261
2290 0.00734705 0.000953852
2300 0.0072429 0.000963471
2310 0.00714096 0.000973118
2320 0.0070412 0.000982793
2330 0.00694355 0.000992494
2340 0.00684796 0.00100222
2350 0.0067544 0.00101197
2360 0.00666281 0.00102175
2370 0.00657315 0.00103156
2380 0.00648538 0.00104138
2390 0.00639947 0.00105124
2400 0.00631537 0.00106111
2410 0.00623306 0.00107101
2420 0.00615248 0.00108093
2430 0.00607363 0.00109087
2440 0.00599645 0.00110083
2450 0.00592092 0.00111082
2460 0.00584702 0.00112082
2470 0.0057747 0.00113084
2480 0.00570394 0.00114088
2490 0.00563472 0.00115095
2500 0.00556701 0.00116102
2510 0.00550077 0.00117112
2520 0.00543598 0.00118123
2530 0.00537262 0.00119136
2540 0.00531065 0.00120151
2550 0.00525006 0.00121167
2560 0.00519081 0.00122184
2570 0.00513289 0.00123203
2580 0.00507626 0.00124223
2590 0.00502091 0.00125245
2600 0.0049668 0.00126268
2610 0.00491392 0.00127292
2620 0.00486223 0.00128317
2630 0.00481172 0.00129343
2640 0.00476236 0.0013037
2650 0.00471413 0.00131398
2660 0.00466701 0.00132427
2670 0.00462096 0.00133456
2680 0.00457598 0.00134487
2690 0.00453203 0.00135518
2700 0.00448911 0.0013655
2710 0.00444717 0.00137582
2720 0.00440621 0.00138615
2730 0.0043662 0.00139648
2740 0.00432712 0.00140682
2750 0.00428895 0.00141716
2760 0.00425167 0.0014275
2770 0.00421526 0.00143785
2780 0.00417971 0.00144819
2790 0.00414498 0.00145854
2800 0.00411107 0.00146888
2810 0.00407796 0.00147923
2820 0.00404562 0.00148957
2830 0.00401404 0.00149991
2840 0.0039832 0.00151025
2850 0.00395309 0.00152058
2860 0.00392369 0.00153091
2870 0.00389498 0.00154124
2880 0.00386695 0.00155156
2890 0.00383957 0.00156187
2900 0.00381284 0.00157218
2910 0.00378675 0.00158248
2920 0.00376127 0.00159277
2930 0.00373639 0.00160305
2940 0.0037121 0.00161332
2950 0.00368838 0.00162359
2960 0.00366522 0.00163384
2970 0.00364262 0.00164408
2980 0.00362054 0.0016543
2990 0.00359899 0.00166452
3000 0.00357795 0.00167471
3010 0.00355741 0.0016849
3020 0.00353736 0.00169507
3030 0.00351778 0.00170522
3040 0.00349867 0.00171536
3050 0.00348002 0.00172548
3060 0.0034618 0.00173558
3070 0.00344402 0.00174566
3080 0.00342667 0.00175572
3090 0.00340973 0.00176576
3100 0.00339319 0.00177578
3110 0.00337705 0.00178578
3120 0.00336129 0.00179576
3130 0.00334592 0.00180571
3140 0.00333091 0.00181564
3150 0.00331626 0.00182554
3160 0.00330197 0.00183542
3170 0.00328802 0.00184527
3180 0.0032744 0.0018551
3190 0.00326112 0.0018649
3200 0.00324815 0.00187467
3210 0.00323551 0.00188441
3220 0.00322316 0.00189412
3230 0.00321112 0.0019038
3240 0.00319938 0.00191345
3250 0.00318792 0.00192307
3260 0.00317674 0.00193266
3270 0.00316584 0.00194221
3280 0.0031552 0.00195173
3290 0.00314483 0.00196122
3300 0.00313471 0.00197067
3310 0.00312485 0.00198008
3320 0.00311523 0.00198946
3330 0.00310585 0.0019988
3340 0.00309671 0.0020081
3350 0.00308779 0.00201737
3360 0.0030791 0.0020266
3370 0.00307063 0.00203578
3380 0.00306238 0.00204493
3390 0.00305434 0.00205404
3400 0.0030465 0.0020631
3410 0.00303886 0.00207212
3420 0.00303142 0.0020811
3430 0.00302418 0.00209004
3440 0.00301712 0.00209893
3450 0.00301024 0.00210778
3460 0.00300355 0.00211659
3470 0.00299704 0.00212535
3480 0.00299069 0.00213406
3490 0.00298452 0.00214273
3500 0.00297851 0.00215135
3510 0.00297266 0.00215992
3520 0.00296697 0.00216844
3530 0.00296144 0.00217692
3540 0.00295606 0.00218535
3550 0.00295083 0.00219372
3560 0.00294574 0.00220205
3570 0.0029408 0.00221033
3580 0.00293599 0.00221855
3590 0.00293132 0.00222673
3600 0.00292679 0.00223485
3610 0.00292239 0.00224293
3620 0.00291811 0.00225095
3630 0.00291396 0.00225891
3640 0.00290993 0.00226683
3650 0.00290602 0.00227469
3660 0.00290223 0.00228249
3670 0.00289855 0.00229025
3680 0.00289499 0.00229794
3690 0.00289154 0.00230559
3700 0.00288819 0.00231317
3710 0.00288495 0.00232071
3720 0.00288181 0.00232818
3730 0.00287878 0.0023356
3740 0.00287584 0.00234297
3750 0.002873 0.00235028
3760 0.00287026 0.00235753
3770 0.00286761 0.00236472
3780 0.00286505 0.00237186
3790 0.00286257 0.00237894
3800 0.00286019 0.00238597
3810 0.00285789 0.00239293
3820 0.00285568 0.00239984
3830 0.00285354 0.00240669
3840 0.00285149 0.00241348
3850 0.00284951 0.00242022
3860 0.00284761 0.00242689
3870 0.00284579 0.00243351
3880 0.00284404 0.00244007
3890 0.00284236 0.00244657
3900 0.00284075 0.00245302
3910 0.00283921 0.0024594
3920 0.00283774 0.00246573
3930 0.00283634 0.002472
3940 0.00283499 0.0024782
3950 0.00283372 0.00248436
3960 0.0028325 0.00249045
3970 0.00283134 0.00249648
3980 0.00283025 0.00250246
3990 0.00282921 0.00250838
4000 0.00282823 0.00251424
4010 0.0028273 0.00252004
4020 0.00282643 0.00252578
4030 0.00282561 0.00253147
4040 0.00282484 0.00253709
4050 0.00282412 0.00254266
4060 0.00282345 0.00254818
4070 0.00282284 0.00255363
4080 0.00282226 0.00255903
4090 0.00282174 0.00256437
4100 0.00282126 0.00256966
4110 0.00282082 0.00257488
4120 0.00282043 0.00258005
4130 0.00282008 0.00258517
4140 0.00281977 0.00259023
4150 0.0028195 0.00259523
4160 0.00281927 0.00260018
4170 0.00281908 0.00260507
4180 0.00281893 0.00260991
4190 0.00281881 0.00261469
4200 0.00281873 0.00261942
4210 0.00281869 0.0026241
4220 0.00281868 0.00262872
4230 0.0028187 0.00263328
4240 0.00281875 0.0026378
4250 0.00281884 0.00264226
4260 0.00281896 0.00264666
4270 0.00281911 0.00265102
4280 0.00281928 0.00265532
4290 0.00281949 0.00265958
4300 0.00281972 0.00266378
4310 0.00281998 0.00266793
4320 0.00282027 0.00267202
4330 0.00282059 0.00267607
4340 0.00282092 0.00268007
4350 0.00282129 0.00268402
4360 0.00282168 0.00268792
4370 0.00282209 0.00269177
4380 0.00282252 0.00269557
4390 0.00282297 0.00269933
4400 0.00282345 0.00270303
4410 0.00282395 0.00270669
4420 0.00282446 0.00271031
4430 0.002825 0.00271387
4440 0.00282556 0.00271739
4450 0.00282613 0.00272087
4460 0.00282672 0.0027243
4470 0.00282733 0.00272768
4480 0.00282796 0.00273102
4490 0.0028286 0.00273432
4500 0.00282925 0.00273757
4510 0.00282993 0.00274078
4520 0.00283061 0.00274394
4530 0.00283132 0.00274707
4540 0.00283203 0.00275015
4550 0.00283276 0.00275319
4560 0.0028335 0.00275619
4570 0.00283425 0.00275915
4580 0.00283502 0.00276207
4590 0.00283579 0.00276495
4600 0.00283658 0.00276779
4610 0.00283738 0.00277059
4620 0.00283818 0.00277335
4630 0.002839 0.00277607
4640 0.00283983 0.00277876
4650 0.00284066 0.00278141
4660 0.0028415 0.00278402
4670 0.00284236 0.00278659
4680 0.00284321 0.00278913
4690 0.00284408 0.00279164
4700 0.00284495 0.00279411
4710 0.00284583 0.00279654
4720 0.00284672 0.00279894
4730 0.00284761 0.00280131
4740 0.0028485 0.00280364
4750 0.0028494 0.00280594
4760 0.00285031 0.00280821
4770 0.00285122 0.00281044
4780 0.00285213 0.00281265
4790 0.00285305 0.00281482
4800 0.00285397 0.00281696
4810 0.0028549 0.00281907
4820 0.00285582 0.00282115
4830 0.00285676 0.0028232
4840 0.00285769 0.00282523
4850 0.00285862 0.00282722
4860 0.00285956 0.00282919
4870 0.0028605 0.00283112
4880 0.00286144 0.00283303
4890 0.00286238 0.00283492
4900 0.00286332 0.00283677
4910 0.00286427 0.0028386
4920 0.00286521 0.00284041
4930 0.00286615 0.00284219
4940 0.0028671 0.00284394
4950 0.00286804 0.00284567
4960 0.00286899 0.00284738
4970 0.00286993 0.00284906
4980 0.00287087 0.00285072
4990 0.00287182 0.00285236
5000 0.00287276 0.00285397
5010 0.0028737 0.00285556
5020 0.00287465 0.00285714
5030 0.00287559 0.00285869
5040 0.00287653 0.00286022
5050 0.00287747 0.00286173
5060 0.0028784 0.00286322
5070 0.00287934 0.00286469
5080 0.00288028 0.00286614
5090 0.00288121 0.00286757
5100 0.00288215 0.00286899
5110 0.00288308 0.00287039
5120 0.00288401 0.00287177
5130 0.00288494 0.00287314
5140 0.00288587 0.00287449
5150 0.0028868 0.00287583
5160 0.00288773 0.00287715
5170 0.00288866 0.00287845
5180 0.00288958 0.00287975
5190 0.00289051 0.00288103
5200 0.00289144 0.00288229
5210 0.00289237 0.00288355
5220 0.00289329 0.00288479
5230 0.00289422 0.00288603
5240 0.00289515 0.00288725
5250 0.00289608 0.00288846
5260 0.00289701 0.00288966
5270 0.00289794 0.00289086
5280 0.00289887 0.00289205
5290 0.00289981 0.00289323
5300 0.00290074 0.0028944
5310 0.00290168 0.00289557
5320 0.00290263 0.00289673
5330 0.00290357 0.00289788
5340 0.00290452 0.00289904
5350 0.00290548 0.00290019
5360 0.00290644 0.00290133
5370 0.0029074 0.00290248
5380 0.00290837 0.00290362
5390 0.00290935 0.00290477
5400 0.00291033 0.00290591
5410 0.00291132 0.00290705
5420 0.00291232 0.0029082
5430 0.00291333 0.00290935
5440 0.00291434 0.00291051
5450 0.00291537 0.00291166
5460 0.00291641 0.00291283
5470 0.00291745 0.002914
5480 0.00291851 0.00291518
5490 0.00291959 0.00291636
5500 0.00292067 0.00291756
5510 0.00292177 0.00291877
5520 0.00292289 0.00291998
5530 0.00292402 0.00292121
5540 0.00292517 0.00292246
5550 0.00292634 0.00292372
5560 0.00292753 0.00292499
5570 0.00292873 0.00292628
5580 0.00292996 0.00292759
5590 0.00293121 0.00292892
5600 0.00293249 0.00293027
5610 0.00293378 0.00293164
5620 0.00293511 0.00293303
5630 0.00293646 0.00293445
5640 0.00293784 0.00293589
5650 0.00293925 0.00293736
5660 0.00294069 0.00293886
5670 0.00294216 0.00294039
5680 0.00294366 0.00294196
5690 0.0029452 0.00294355
5700 0.00294678 0.00294518
5710 0.0029484 0.00294684
5720 0.00295005 0.00294855
5730 0.00295175 0.00295029
5740 0.00295349 0.00295207
5750 0.00295527 0.0029539
5760 0.0029571 0.00295577
5770 0.00295897 0.00295769
5780 0.0029609 0.00295965
5790 0.00296288 0.00296167
5800 0.00296491 0.00296373
5810 0.002967 0.00296586
5820 0.00296914 0.00296803
5830 0.00297134 0.00297027
5840 0.00297361 0.00297256
5850 0.00297593 0.00297492
5860 9.8497e-07 0
5870 0.001743 0.00174204
5880 9.29976e-07 0
5890 0.00176951 0.00176861
5900 8.78877e-07 0
5910 8.54706e-07 0
5920 8.3141e-07 0
5930 8.0896e-07 0
5940 0.00367377 0.00367299
5950 7.66475e-07 0
5960 7.46382e-07 0
5970 0.00187898 0.00187825
5980 7.08357e-07 0
5990 6.90373e-07 0
6000 6.73039e-07 0
6010 0.00387094 0.00387029
6020 6.40225e-07 0
6030 6.24698e-07 0
6040 6.09727e-07 0
6050 5.95289e-07 0
6060 0.00200884 0.00200826
6070 5.6793e-07 0
6080 5.54968e-07 0
6090 5.42457e-07 0
6100 5.30379e-07 0
6110 5.18716e-07 0
6120 5.07448e-07 0
6130 0.00211497 0.00211448
6140 4.86035e-07 0
6150 0.00214614 0.00214566
6160 4.66007e-07 0
6170 0.00217769 0.00217724
6180 4.4724e-07 0
6190 4.38294e-07 0
6200 4.2962e-07 0
6210 0.00448351 0.00448309
6220 4.13038e-07 0
6230 0.00227469 0.00227429
6240 3.97395e-07 0
6250 3.89897e-07 0
6260 3.82598e-07 0
6270 3.7549e-07 0
6280 3.68562e-07 0
6290 3.61804e-07 0
6300 3.55207e-07 0
6310 0.00240963 0.00240928
6320 3.42462e-07 0
6330 3.36297e-07 0
6340 3.3026e-07 0
6350 3.24345e-07 0
6360 0.00249733 0.00249701
6370 3.12852e-07 0
6380 3.07261e-07 0
6390 0.00255122 0.00255092
6400 2.96363e-07 0
6410 2.91046e-07 0
6420 5.58616e-05 5.55758e-05
6430 2.80653e-07 0
6440 2.75569e-07 0
6450 2.70555e-07 0
6460 2.65608e-07 0
6470 2.60724e-07 0
6480 0.0027188 0.00271855
6490 2.51136e-07 0
6500 2.46425e-07 0
6510 2.41767e-07 0
6520 2.3716e-07 0
6530 2.326e-07 0
6540 2.28087e-07 0
6550 0.00285547 0.00285525
6560 0.00287546 0.00287524
6570 2.14809e-07 0
6580 2.10465e-07 0
6590 0.00293614 0.00293594
6600 2.01894e-07 0
6610 1.97664e-07 0
6620 0.0029979 0.00299771
6630 0.00603727 0.00603708
6640 1.85195e-07 0
6650 1.8111e-07 0
6660 1.7706e-07 0
6670 0.00620637 0.0062062
6680 1.69065e-07 0
6690 1.6512e-07 0
6700 1.61211e-07 0
6710 1.57337e-07 0
6720 1.53499e-07 0
6730 1.49698e-07 0
6740 1.45933e-07 0
6750 1.42206e-07 0
6760 1.38517e-07 0
6770 1.34865e-07 0
6780 1.31253e-07 0
6790 1.27681e-07 0
6800 1.24149e-07 0
6810 1.20658e-07 0
6820 1.17208e-07 0
6830 1.13802e-07 0
6840 1.10438e-07 0
6850 1.07119e-07 0
6860 1.03844e-07 0
6870 1.00615e-07 0
6880 9.74319e-08 0
6890 9.42963e-08 0
6900 9.12084e-08 0
6910 8.81691e-08 0
6920 8.5179e-08 0
6930 8.2239e-08 0
6940 7.93496e-08 0
6950 7.65115e-08 0
6960 7.37253e-08 0
6970 7.09916e-08 0
6980 6.83111e-08 0
6990 0.00385516 0.00385509
7000 6.31116e-08 0
7010 6.05937e-08 0
7020 0.003933 0.00393294
7030 5.57236e-08 0
7040 5.33723e-08 0
7050 5.10772e-08 0
7060 4.88387e-08 0
7070 4.6657e-08 0
7080 4.45321e-08 0
7090 4.24644e-08 0
7100 4.04537e-08 0
7110 3.85e-08 0
7120 3.66035e-08 0
7130 3.47638e-08 0
7140 3.2981e-08 0
7150 3.12547e-08 0
7160 2.95848e-08 0
7170 0.00434282 0.00434279
7180 0.0043714 0.00437138
7190 2.49104e-08 0
7200 2.34629e-08 0
7210 2.20701e-08 0
7220 2.07313e-08 0
7230 1.94462e-08 0
7240 1.8214e-08 0
7250 0.00457606 0.00457604
7260 1.59058e-08 0
7270 1.48283e-08 0
7280 1.38009e-08 0
7290 1.28227e-08 0
7300 1.18929e-08 0
7310 0.00475802 0.00475801
7320 1.01744e-08 0
7330 9.3837e-09 0
7340 8.6374e-09 0
7350 7.93432e-09 0
7360 7.27329e-09 0
7370 6.6531e-09 0
7380 6.07245e-09 0
7390 5.53003e-09 0
7400 5.02446e-09 0
7410 4.55433e-09 0
7420 4.1182e-09 0
7430 3.71459e-09 0
7440 3.34202e-09 0
7450 2.99897e-09 0
7460 2.68392e-09 0
7470 2.39536e-09 0
7480 2.13175e-09 0
7490 1.89161e-09 0
7500 1.67343e-09 0
7510 1.47576e-09 0
7520 1.29719e-09 0
7530 1.13632e-09 0
7540 9.91847e-10 0
7550 0.00555018 0.00555018
7560 7.47101e-10 0
7570 0.0056211 0.0056211
7580 5.5371e-10 0
7590 4.73651e-10 0
7600 4.03379e-10 0
7610 3.41968e-10 0
7620 2.88545e-10 0
7630 2.42296e-10 0
7640 0.0058756 0.0058756
7650 1.68378e-10 0
7660 1.39399e-10 0
7670 1.14932e-10 0
7680 9.44078e-11 0
7690 7.72916e-11 0
7700 6.30849e-11 0
7710 5.13306e-11 0
7720 4.16161e-11 0
7730 3.35777e-11 0
7740 2.69043e-11 0
7750 2.13412e-11 0
7760 0.00633546 0.00633546
7770 1.28337e-11 0
7780 9.66811e-12 0
7790 7.11475e-12 0
7800 5.094e-12 0
7810 3.53018e-12 0
7820 2.35196e-12 0
7830 1.49273e-12 0
7840 8.91054e-13 0
7850 4.91027e-13 0
7860 2.42731e-13 0
7870 1.02628e-13 0
7880 3.39776e-14 0
7890 7.25175e-15 0
7900 5.477e-16 0
7910 0.00113871 0.00113871
