0 0 0
10 3.26279e-09 2.8654e-12
20 4.15995e-08 3.79207e-11
30 1.87702e-07 1.77792e-10
40 5.46959e-07 5.3761e-10
50 1.24688e-06 1.27328e-09
60 2.4318e-06 2.57981e-09
70 4.25546e-06 4.68963e-09
80 6.87593e-06 7.87104e-09
90 1.04773e-05 1.24266e-08
100 1.51728e-05 1.86917e-08
110 2.11272e-05 2.70328e-08
120 2.85279e-05 3.78464e-08
130 0.00190555 5.15574e-08
140 4.7948e-05 6.86176e-08
150 0.215575 8.95045e-08
160 7.46313e-05 1.1472e-07
170 9.06873e-05 1.4479e-07
180 0.0048135 1.8026e-07
190 0.000128708 2.21699e-07
200 0.0554708 2.69693e-07
210 0.0114745 3.24849e-07
220 0.000201386 3.87788e-07
230 0.000229533 4.59151e-07
240 0.000259653 5.39591e-07
250 0.000291701 6.29776e-07
260 0.00338651 7.30388e-07
270 0.155209 8.4212e-07
280 0.00040023 9.65678e-07
290 0.000439457 1.10178e-06
300 0.000481382 1.25114e-06
310 0.00402025 1.4145e-06
320 0.00288655 1.5926e-06
330 0.00280095 1.78618e-06
340 0.128039 1.99601e-06
350 0.000708099 2.22283e-06
360 0.00363868 2.46742e-06
370 0.00599411 2.73054e-06
380 0.0256714 3.01296e-06
390 0.0016183 3.31546e-06
400 0.000969497 3.6388e-06
410 0.00129238 3.98378e-06
420 0.00107314 4.35117e-06
430 0.00112523 4.74173e-06
440 0.00117737 5.15626e-06
450 0.00560234 5.59553e-06
460 0.0193306 6.0603e-06
470 0.00133988 6.55136e-06
480 0.00139149 7.06948e-06
490 0.00640805 7.61541e-06
500 0.0169518 8.18993e-06
510 0.0015532 8.7938e-06
520 0.00160307 9.42776e-06
530 0.00665411 1.00926e-05
540 0.00172166 1.0789e-05
550 0.0020077 1.15177e-05
560 0.00448796 1.22795e-05
570 0.0023573 1.30751e-05
580 0.0199589 1.39052e-05
590 0.00246755 1.47706e-05
600 0.051439 1.56718e-05
610 0.0142553 1.66098e-05
620 0.00455273 1.7585e-05
630 0.00464687 1.85982e-05
640 0.0233029 1.96501e-05
650 0.00280674 2.07414e-05
660 0.022164 2.18727e-05
670 0.00289796 2.30446e-05
680 0.00294163 2.42578e-05
690 0.002984 2.55129e-05
700 0.00305889 2.68106e-05
710 0.00445234 2.81514e-05
720 0.00317316 2.9536e-05
730 0.00593439 3.09649e-05
740 0.0033201 3.24387e-05
750 0.00335478 3.3958e-05
760 0.00825698 3.55234e-05
770 0.00504889 3.71353e-05
780 0.00497983 3.87943e-05
790 0.00374353 4.0501e-05
800 0.0049701 4.22559e-05
810 0.00393021 4.40594e-05
820 0.00653693 4.59121e-05
830 0.00406073 4.78144e-05
840 0.00447346 4.97668e-05
850 0.00428465 5.17698e-05
860 0.004119 5.38238e-05
870 0.0111805 5.59293e-05
880 0.00415117 5.80866e-05
890 0.0144826 6.02961e-05
900 0.00417823 6.25584e-05
910 0.00435765 6.48737e-05
920 0.0145521 6.72425e-05
930 0.00420971 6.96651e-05
940 0.00647834 7.21418e-05
950 0.00497809 7.4673e-05
960 0.00854527 7.72591e-05
970 0.00529369 7.99003e-05
980 0.00423975 8.25969e-05
990 0.00480208 8.53493e-05
1000 0.00495211 8.81578e-05
1010 0.00596003 9.10225e-05
1020 0.00630873 9.39438e-05
1030 0.00581587 9.69219e-05
1040 0.0049042 9.99571e-05
1050 0.00424119 0.00010305
1060 0.00423809 0.000106199
1070 0.0055271 0.000109407
1080 0.00874272 0.000112673
1090 0.00422453 0.000115996
1100 0.0042187 0.000119378
1110 0.00421227 0.000122818
1120 0.00420527 0.000126317
1130 0.0124476 0.000129874
1140 0.00459535 0.000133491
1150 0.00922278 0.000137166
1160 0.0061488 0.0001409
1170 0.00487409 0.000144693
1180 0.00479644 0.000148546
1190 0.00692145 0.000152458
1200 0.00496628 0.000156429
1210 0.00494009 0.00016046
1220 0.0137317 0.00016455
1230 0.00488772 0.000168699
1240 0.0200991 0.000172908
1250 0.00483548 0.000177177
1260 0.00480946 0.000181505
1270 0.0062226 0.000185893
1280 0.00567558 0.00019034
1290 0.00671388 0.000194847
1300 0.00470628 0.000199413
1310 0.00468076 0.000204039
1320 0.0132391 0.000208724
1330 0.00586617 0.000213468
1340 0.0155037 0.000218272
1350 0.00610965 0.000223135
1360 0.00807446 0.000228057
1370 0.00566204 0.000233038
1380 0.00561307 0.000238077
1390 0.00613765 0.000243176
1400 0.0104616 0.000248334
1410 0.0100573 0.00025355
1420 0.00634597 0.000258824
1430 0.00719246 0.000264157
1440 0.00621606 0.000269548
1450 0.00615305 0.000274997
1460 0.00727457 0.000280504
1470 0.00718568 0.000286068
1480 0.0070988 0.00029169
1490 0.0134199 0.00029737
1500 0.00807707 0.000303107
1510 0.00713454 0.0003089
1520 0.00772623 0.000314751
1530 0.00696207 0.000320658
1540 0.00815297 0.000326621
1550 0.00779118 0.000332641
1560 0.00671789 0.000338716
1570 0.00664013 0.000344848
1580 0.0065641 0.000351034
1590 0.00648974 0.000357277
1600 0.00641699 0.000363574
1610 0.00634581 0.000369925
1620 0.00627614 0.000376332
1630 0.00620793 0.000382792
1640 0.00614113 0.000389307
1650 0.0060757 0.000395875
1660 0.00601158 0.000402497
1670 0.00594875 0.000409172
1680 0.0110529 0.0004159
1690 0.00582676 0.000422681
1700 0.00709441 0.000429514
1710 0.00699996 0.000436399
1720 0.00932355 0.000443335
1730 0.00917242 0.000450323
1740 0.00930779 0.000457363
1750 0.00888292 0.000464453
1760 0.00874424 0.000471594
1770 0.00860943 0.000478785
1780 0.00847835 0.000486026
1790 0.0112309 0.000493316
1800 0.011028 0.000500656
1810 0.0108312 0.000508044
1820 0.0106402 0.000515482
1830 0.0104548 0.000522967
1840 0.0102749 0.000530501
1850 0.0131473 0.000538082
1860 0.00993047 0.00054571
1870 0.00976561 0.000553385
1880 0.00960541 0.000561107
1890 0.00944968 0.000568875
1900 0.0119134 0.000576689
1910 0.0130291 0.000584549
1920 0.0127768 0.000592453
1930 0.0125321 0.000600403
1940 0.0156967 0.000608396
1950 0.0120647 0.000616434
1960 0.0118414 0.000624516
1970 0.0120265 0.000632641
1980 0.0114143 0.000640809
1990 0.01121 0.000649019
2000 0.0110115 0.000657272
2010 0.0108185 0.000665567
2020 0.0110864 0.000673903
2030 0.0104485 0.00068228
2040 0.0131795 0.000690698
2050 0.0100983 0.000699156
2060 0.010888 0.000707655
2070 0.0106991 0.000716192
2080 0.0105153 0.000724769
2090 0.0103365 0.000733385
2100 0.0101624 0.000742039
2110 0.00999276 0.000750731
2120 0.00982754 0.000759461
2130 0.00966651 0.000768228
2140 0.00950951 0.000777031
2150 0.00935639 0.000785871
2160 0.009207 0.000794747
2170 0.00906121 0.000803658
2180 0.00891889 0.000812605
2190 0.00877991 0.000821586
2200 0.00864416 0.000830602
2210 0.00851152 0.000839652
2220 0.00838189 0.000848735
2230 0.00825517 0.000857851
2240 0.00813126 0.000866999
2250 0.00801009 0.00087618
2260 0.00789155 0.000885393
2270 0.00777559 0.000894637
2280 0.00766211 0.000903912
2290 0.00755106 0.000913218
2300 0.00744236 0.000922553
2310 0.00733595 0.000931918
2320 0.00723177 0.000941312
2330 0.00712977 0.000950735
2340 0.00702989 0.000960186
2350 0.00693209 0.000969665
2360 0.00683631 0.000979172
2370 0.00674251 0.000988705
2380 0.00665064 0.000998265
2390 0.00656068 0.00100785
2400 0.00647257 0.00101746
2410 0.00638628 0.0010271
2420 0.00630177 0.00103676
2430 0.00621901 0.00104644
2440 0.00613797 0.00105615
2450 0.00605861 0.00106588
2460 0.00598091 0.00107564
2470 0.00590483 0.00108541
2480 0.00583035 0.00109521
2490 0.00575743 0.00110503
2500 0.00568605 0.00111487
2510 0.00561619 0.00112473
2520 0.00554781 0.00113461
2530 0.00548089 0.00114451
2540 0.00541541 0.00115443
2550 0.00535134 0.00116436
2560 0.00528866 0.00117432
2570 0.00522734 0.00118429
2580 0.00516736 0.00119427
2590 0.00510869 0.00120428
2600 0.00505132 0.00121429
2610 0.00499521 0.00122433
2620 0.00494035 0.00123438
2630 0.00488671 0.00124444
2640 0.00483428 0.00125451
2650 0.00478302 0.0012646
2660 0.00473292 0.0012747
2670 0.00468395 0.00128481
2680 0.00463609 0.00129493
2690 0.00458932 0.00130507
2700 0.00454363 0.00131521
2710 0.00449898 0.00132536
2720 0.00445535 0.00133552
2730 0.00441273 0.00134569
2740 0.0043711 0.00135587
2750 0.00433043 0.00136605
2760 0.00429071 0.00137624
2770 0.00425191 0.00138644
2780 0.00421401 0.00139664
2790 0.004177 0.00140684
2800 0.00414086 0.00141705
2810 0.00410556 0.00142727
2820 0.0040711 0.00143748
2830 0.00403744 0.0014477
2840 0.00400458 0.00145792
2850 0.00397249 0.00146814
2860 0.00394117 0.00147836
2870 0.00391058 0.00148858
2880 0.00388072 0.0014988
2890 0.00385156 0.00150901
2900 0.0038231 0.00151923
2910 0.00379531 0.00152944
2920 0.00376819 0.00153965
2930 0.00374171 0.00154985
2940 0.00371586 0.00156005
2950 0.00369063 0.00157024
2960 0.00366601 0.00158043
2970 0.00364197 0.00159061
2980 0.00361851 0.00160078
2990 0.00359561 0.00161095
3000 0.00357326 0.0016211
3010 0.00355144 0.00163125
3020 0.00353015 0.00164138
3030 0.00350938 0.00165151
3040 0.0034891 0.00166162
3050 0.00346931 0.00167172
3060 0.00345001 0.0016818
3070 0.00343117 0.00169188
3080 0.00341278 0.00170194
3090 0.00339484 0.00171198
3100 0.00337734 0.00172201
3110 0.00336027 0.00173202
3120 0.00334361 0.00174201
3130 0.00332736 0.00175199
3140 0.0033115 0.00176195
3150 0.00329604 0.00177189
3160 0.00328096 0.00178181
3170 0.00326624 0.00179171
3180 0.00325189 0.00180159
3190 0.0032379 0.00181144
3200 0.00322425 0.00182127
3210 0.00321095 0.00183109
3220 0.00319797 0.00184087
3230 0.00318532 0.00185063
3240 0.00317299 0.00186037
3250 0.00316097 0.00187008
3260 0.00314925 0.00187977
3270 0.00313783 0.00188942
3280 0.0031267 0.00189905
3290 0.00311585 0.00190866
3300 0.00310528 0.00191823
3310 0.00309499 0.00192777
3320 0.00308496 0.00193728
3330 0.00307519 0.00194677
3340 0.00306567 0.00195622
3350 0.00305641 0.00196563
3360 0.00304738 0.00197502
3370 0.0030386 0.00198437
3380 0.00303005 0.00199369
3390 0.00302173 0.00200297
3400 0.00301363 0.00201222
3410 0.00300575 0.00202143
3420 0.00299808 0.00203061
3430 0.00299063 0.00203975
3440 0.00298338 0.00204885
3450 0.00297633 0.00205792
3460 0.00296948 0.00206694
3470 0.00296282 0.00207593
3480 0.00295635 0.00208488
3490 0.00295006 0.00209378
3500 0.00294396 0.00210265
3510 0.00293803 0.00211148
3520 0.00293227 0.00212026
3530 0.00292669 0.002129
3540 0.00292127 0.0021377
3550 0.00291601 0.00214636
3560 0.00291092 0.00215497
3570 0.00290598 0.00216354
3580 0.00290119 0.00217207
3590 0.00289655 0.00218055
3600 0.00289206 0.00218899
3610 0.00288772 0.00219738
3620 0.00288351 0.00220572
3630 0.00287944 0.00221402
3640 0.00287551 0.00222227
3650 0.00287171 0.00223047
3660 0.00286804 0.00223863
3670 0.0028645 0.00224674
3680 0.00286108 0.0022548
3690 0.00285778 0.00226282
3700 0.00285461 0.00227078
3710 0.00285155 0.0022787
3720 0.0028486 0.00228657
3730 0.00284577 0.00229438
3740 0.00284305 0.00230215
3750 0.00284044 0.00230987
3760 0.00283793 0.00231754
3770 0.00283553 0.00232516
3780 0.00283323 0.00233272
3790 0.00283102 0.00234024
3800 0.00282892 0.00234771
3810 0.00282691 0.00235512
3820 0.002825 0.00236248
3830 0.00282317 0.0023698
3840 0.00282144 0.00237706
3850 0.0028198 0.00238427
3860 0.00281824 0.00239142
3870 0.00281677 0.00239853
3880 0.00281538 0.00240558
3890 0.00281407 0.00241259
3900 0.00281284 0.00241954
3910 0.0028117 0.00242644
3920 0.00281062 0.00243328
3930 0.00280963 0.00244008
3940 0.0028087 0.00244682
3950 0.00280785 0.00245351
3960 0.00280707 0.00246015
3970 0.00280636 0.00246673
3980 0.00280572 0.00247327
3990 0.00280514 0.00247975
4000 0.00280463 0.00248618
4010 0.00280419 0.00249256
4020 0.0028038 0.00249889
4030 0.00280348 0.00250516
4040 0.00280322 0.00251138
4050 0.00280302 0.00251756
4060 0.00280287 0.00252368
4070 0.00280279 0.00252975
4080 0.00280275 0.00253577
4090 0.00280278 0.00254174
4100 0.00280285 0.00254766
4110 0.00280298 0.00255352
4120 0.00280316 0.00255934
4130 0.00280339 0.00256511
4140 0.00280367 0.00257083
4150 0.00280399 0.00257649
4160 0.00280437 0.00258211
4170 0.00280479 0.00258768
4180 0.00280525 0.0025932
4190 0.00280576 0.00259867
4200 0.00280632 0.0026041
4210 0.00280691 0.00260947
4220 0.00280755 0.0026148
4230 0.00280823 0.00262008
4240 0.00280895 0.00262531
4250 0.0028097 0.0026305
4260 0.0028105 0.00263564
4270 0.00281133 0.00264073
4280 0.0028122 0.00264577
4290 0.00281311 0.00265078
4300 0.00281405 0.00265573
4310 0.00281502 0.00266064
4320 0.00281603 0.00266551
4330 0.00281707 0.00267033
4340 0.00281814 0.0026751
4350 0.00281925 0.00267984
4360 0.00282038 0.00268453
4370 0.00282155 0.00268918
4380 0.00282274 0.00269378
4390 0.00282397 0.00269834
4400 0.00282522 0.00270286
4410 0.0028265 0.00270734
4420 0.0028278 0.00271178
4430 0.00282913 0.00271618
4440 0.00283049 0.00272053
4450 0.00283187 0.00272485
4460 0.00283328 0.00272913
4470 0.00283471 0.00273337
4480 0.00283616 0.00273757
4490 0.00283764 0.00274173
4500 0.00283914 0.00274585
4510 0.00284066 0.00274994
4520 0.0028422 0.00275399
4530 0.00284376 0.002758
4540 0.00284534 0.00276198
4550 0.00284694 0.00276592
4560 0.00284856 0.00276982
4570 0.00285019 0.00277369
4580 0.00285185 0.00277753
4590 0.00285352 0.00278133
4600 0.00285521 0.0027851
4610 0.00285692 0.00278884
4620 0.00285864 0.00279254
4630 0.00286038 0.00279621
4640 0.00286214 0.00279985
4650 0.00286391 0.00280345
4660 0.00286569 0.00280703
4670 0.00286749 0.00281057
4680 0.0028693 0.00281409
4690 0.00287112 0.00281757
4700 0.00287296 0.00282103
4710 0.00287481 0.00282445
4720 0.00287667 0.00282785
4730 0.00287855 0.00283122
4740 0.00288043 0.00283456
4750 0.00288233 0.00283788
4760 0.00288424 0.00284116
4770 0.00288616 0.00284443
4780 0.00288808 0.00284766
4790 0.00289002 0.00285087
4800 0.00289197 0.00285406
4810 0.00289393 0.00285722
4820 0.00289589 0.00286035
4830 0.00289787 0.00286347
4840 0.00289985 0.00286656
4850 0.00290184 0.00286962
4860 0.00290384 0.00287267
4870 0.00290585 0.00287569
4880 0.00290787 0.00287869
4890 0.00290989 0.00288167
4900 0.00291192 0.00288463
4910 0.00291395 0.00288757
4920 0.002916 0.00289048
4930 0.00291805 0.00289338
4940 0.0029201 0.00289626
4950 0.00292217 0.00289913
4960 0.00292424 0.00290197
4970 0.00292631 0.0029048
4980 0.00292839 0.00290761
4990 0.00293048 0.0029104
5000 0.00293257 0.00291318
5010 0.00293467 0.00291594
5020 0.00293677 0.00291868
5030 0.00293888 0.00292141
5040 0.002941 0.00292413
5050 0.00294312 0.00292683
5060 0.00294525 0.00292952
5070 0.00294738 0.0029322
5080 0.00294951 0.00293486
5090 0.00295166 0.00293752
5100 0.0029538 0.00294016
5110 0.00295596 0.00294279
5120 0.00295811 0.00294541
5130 0.00296028 0.00294802
5140 0.00296245 0.00295062
5150 0.00296462 0.00295321
5160 0.00296681 0.00295579
5170 0.002969 0.00295837
5180 0.00297119 0.00296094
5190 0.00297339 0.0029635
5200 0.0029756 0.00296606
5210 0.00297781 0.00296861
5220 0.00298003 0.00297116
5230 0.00298226 0.0029737
5240 0.0029845 0.00297624
5250 0.00298674 0.00297878
5260 0.002989 0.00298131
5270 0.00299126 0.00298384
5280 0.00299353 0.00298637
5290 0.00299581 0.00298891
5300 0.0029981 0.00299144
5310 0.0030004 0.00299397
5320 0.0030027 0.00299651
5330 0.00300503 0.00299904
5340 0.00300736 0.00300159
5350 0.0030097 0.00300413
5360 0.00301206 0.00300668
5370 0.00301443 0.00300924
5380 0.00301681 0.0030118
5390 0.0030192 0.00301437
5400 0.00302162 0.00301695
5410 0.00302404 0.00301954
5420 0.00302649 0.00302213
5430 0.00302895 0.00302474
5440 0.00303142 0.00302736
5450 0.00303392 0.00303
5460 0.00303643 0.00303265
5470 0.00303897 0.00303531
5480 0.00304152 0.00303799
5490 0.0030441 0.00304068
5500 0.0030467 0.0030434
5510 0.00304932 0.00304613
5520 0.00305197 0.00304888
5530 0.00305464 0.00305166
5540 0.00305734 0.00305446
5550 0.00306007 0.00305728
5560 0.00306283 0.00306013
5570 0.00306561 0.003063
5580 0.00306843 0.0030659
5590 0.00307128 0.00306883
5600 0.00307416 0.00307179
5610 0.00307708 0.00307479
5620 0.00308003 0.00307782
5630 0.00308303 0.00308088
5640 0.00308606 0.00308398
5650 0.00308913 0.00308711
5660 0.00309224 0.00309029
5670 0.0030954 0.00309351
5680 0.0030986 0.00309677
5690 0.00310185 0.00310007
5700 0.00310515 0.00310343
5710 0.00310849 0.00310683
5720 0.00311189 0.00311028
5730 0.00311535 0.00311378
5740 0.00311885 0.00311733
5750 0.00312242 0.00312095
5760 0.00312605 0.00312462
5770 0.00312973 0.00312835
5780 0.00313348 0.00313214
5790 0.0031373 0.00313599
5800 0.00314118 0.00313991
5810 0.00314514 0.0031439
5820 0.00314916 0.00314797
5830 0.00315326 0.0031521
5840 0.00315744 0.00315631
5850 0.00316169 0.0031606
5860 1.0665e-06 0
5870 0.00234009 0.00233906
5880 1.00811e-06 0
5890 0.00237571 0.00237473
5900 9.53788e-07 0
5910 9.28071e-07 0
5920 9.0327e-07 0
5930 8.79353e-07 0
5940 0.00246674 0.00246588
5950 8.34046e-07 0
5960 8.12596e-07 0
5970 0.00252274 0.00252195
5980 7.71958e-07 0
5990 7.52715e-07 0
6000 7.34152e-07 0
6010 0.0051974 0.00519668
6020 6.9897e-07 0
6030 6.823e-07 0
6040 6.66213e-07 0
6050 6.50686e-07 0
6060 0.00269715 0.00269652
6070 6.21222e-07 0
6080 6.07243e-07 0
6090 5.93738e-07 0
6100 5.80688e-07 0
6110 5.68074e-07 0
6120 5.55878e-07 0
6130 0.00283967 0.00283913
6140 5.32664e-07 0
6150 5.21614e-07 0
6160 5.10913e-07 0
6170 5.00544e-07 0
6180 4.90494e-07 0
6190 4.80747e-07 0
6200 4.71289e-07 0
6210 0.00301021 0.00300975
6220 4.53188e-07 0
6230 0.00305415 0.00305371
6240 4.36085e-07 0
6250 4.27878e-07 0
6260 4.19886e-07 0
6270 4.12097e-07 0
6280 4.04502e-07 0
6290 3.97089e-07 0
6300 3.8985e-07 0
6310 3.82776e-07 0
6320 3.75858e-07 0
6330 3.69087e-07 0
6340 3.62456e-07 0
6350 3.55957e-07 0
6360 3.49582e-07 0
6370 3.43327e-07 0
6380 3.37183e-07 0
6390 0.00342548 0.00342515
6400 3.25208e-07 0
6410 3.19366e-07 0
6420 7.49359e-05 7.46223e-05
6430 3.07949e-07 0
6440 3.02365e-07 0
6450 2.9686e-07 0
6460 2.91428e-07 0
6470 2.86068e-07 0
6480 0.00365051 0.00365023
6490 2.75546e-07 0
6500 2.70379e-07 0
6510 2.65271e-07 0
6520 2.60219e-07 0
6530 2.55222e-07 0
6540 2.50276e-07 0
6550 2.45381e-07 0
6560 2.40534e-07 0
6570 2.35734e-07 0
6580 2.30979e-07 0
6590 0.00394234 0.00394212
6600 2.216e-07 0
6610 2.16975e-07 0
6620 0.00402527 0.00402506
6630 0.00810626 0.00810606
6640 2.03343e-07 0
6650 1.9888e-07 0
6660 1.94455e-07 0
6670 0.00833333 0.00833314
6680 1.85725e-07 0
6690 1.81418e-07 0
6700 1.77152e-07 0
6710 1.72924e-07 0
6720 1.68737e-07 0
6730 1.6459e-07 0
6740 1.60484e-07 0
6750 1.56419e-07 0
6760 1.52396e-07 0
6770 1.48415e-07 0
6780 1.44477e-07 0
6790 1.40583e-07 0
6800 1.36732e-07 0
6810 1.32927e-07 0
6820 1.29167e-07 0
6830 1.25454e-07 0
6840 1.21787e-07 0
6850 1.18169e-07 0
6860 1.14599e-07 0
6870 1.11079e-07 0
6880 1.07609e-07 0
6890 1.0419e-07 0
6900 1.00822e-07 0
6910 9.75074e-08 0
6920 9.42457e-08 0
6930 9.10378e-08 0
6940 8.78846e-08 0
6950 8.47866e-08 0
6960 8.17446e-08 0
6970 7.87592e-08 0
6980 7.5831e-08 0
6990 0.00517635 0.00517628
7000 7.01485e-08 0
7010 6.73954e-08 0
7020 6.47017e-08 0
7030 6.20679e-08 0
7040 0.00535156 0.0053515
7050 5.69816e-08 0
7060 5.45297e-08 0
7070 5.2139e-08 0
7080 4.98098e-08 0
7090 4.75421e-08 0
7100 4.53361e-08 0
7110 4.31917e-08 0
7120 4.11088e-08 0
7130 3.90875e-08 0
7140 3.71276e-08 0
7150 3.52288e-08 0
7160 3.3391e-08 0
7170 3.16138e-08 0
7180 0.00586953 0.0058695
7190 2.824e-08 0
7200 2.66427e-08 0
7210 2.51044e-08 0
7220 2.36247e-08 0
7230 2.22029e-08 0
7240 2.08385e-08 0
7250 0.00614433 0.00614431
7260 1.82792e-08 0
7270 1.70827e-08 0
7280 1.59407e-08 0
7290 1.48522e-08 0
7300 1.38163e-08 0
7310 0.00638865 0.00638863
7320 1.18984e-08 0
7330 1.10143e-08 0
7340 1.01785e-08 0
7350 9.38974e-09 0
7360 8.64684e-09 0
7370 7.94841e-09 0
7380 7.29305e-09 0
7390 6.6793e-09 0
7400 6.10566e-09 0
7410 5.5706e-09 0
7420 5.07254e-09 0
7430 4.60988e-09 0
7440 4.18101e-09 0
7450 3.78429e-09 0
7460 3.41808e-09 0
7470 3.08073e-09 0
7480 2.77063e-09 0
7490 2.48615e-09 0
7500 2.2257e-09 0
7510 1.98774e-09 0
7520 1.77074e-09 0
7530 1.57326e-09 0
7540 1.3939e-09 0
7550 1.23135e-09 0
7560 1.08436e-09 0
7570 0.00754752 0.00754752
7580 8.32574e-10 0
7590 7.25701e-10 0
7600 6.30208e-10 0
7610 5.45164e-10 0
7620 4.69685e-10 0
7630 4.02936e-10 0
7640 0.00788924 0.00788924
7650 2.92575e-10 0
7660 2.47576e-10 0
7670 2.08499e-10 0
7680 1.74727e-10 0
7690 1.45671e-10 0
7700 1.2078e-10 0
7710 9.95348e-11 0
7720 8.14618e-11 0
7730 6.61303e-11 0
7740 5.31587e-11 0
7750 4.22183e-11 0
7760 0.0085067 0.0085067
7770 2.54023e-11 0
7780 1.91408e-11 0
7790 1.40888e-11 0
7800 1.00895e-11 0
7810 6.9937e-12 0
7820 4.66059e-12 0
7830 2.95869e-12 0
7840 1.76658e-12 0
7850 9.73778e-13 0
7860 4.81532e-13 0
7870 2.03679e-13 0
7880 6.74715e-14 0
7890 1.44134e-14 0
7900 1.09074e-15 0
7910 0.00152897 0.00152897
