0 0 0
10 2.74317e-09 6.31748e-12
20 3.57354e-08 8.35135e-11
30 1.61979e-07 3.91117e-10
40 4.73528e-07 1.18134e-09
50 1.08427e-06 2.79475e-09
60 2.1798e-06 5.6561e-09
70 3.83098e-06 1.02702e-08
80 0.116675 1.7218e-08
90 9.48835e-06 2.71527e-08
100 0.00058686 4.0796e-08
110 0.000474127 5.89346e-08
120 2.61087e-05 8.24163e-08
130 3.43817e-05 1.12147e-07
140 4.42312e-05 1.49088e-07
150 5.57666e-05 1.9425e-07
160 6.91831e-05 2.48694e-07
170 8.45177e-05 3.13524e-07
180 0.164262 3.8989e-07
190 0.00691047 4.78977e-07
200 0.00274678 5.82009e-07
210 0.00104203 7.00245e-07
220 0.000199813 8.34972e-07
230 0.134945 9.87509e-07
240 0.000259494 1.1592e-06
250 0.000292564 1.35141e-06
260 0.000328448 1.56554e-06
270 0.00456227 1.80299e-06
280 0.000405964 2.06518e-06
290 0.000447284 2.35357e-06
300 0.000490455 2.66961e-06
310 0.031377 3.01476e-06
320 0.000581999 3.3905e-06
330 0.00586288 3.79831e-06
340 0.000679815 4.2397e-06
350 0.00343625 4.71614e-06
360 0.000785528 5.22914e-06
370 0.000839027 5.78021e-06
380 0.0950527 6.37082e-06
390 0.00094892 7.0025e-06
400 0.00100508 7.67672e-06
410 0.00106188 8.39498e-06
420 0.0032516 9.15875e-06
430 0.0116439 9.96953e-06
440 0.00124056 1.08288e-05
450 0.00533578 1.17379e-05
460 0.0808177 1.26985e-05
470 0.00146596 1.37118e-05
480 0.0047534 1.47794e-05
490 0.00159485 1.59027e-05
500 0.00165485 1.7083e-05
510 0.00172486 1.83217e-05
520 0.00178424 1.96202e-05
530 0.00184305 2.09799e-05
540 0.0418752 2.2402e-05
550 0.00341004 2.3888e-05
560 0.00550488 2.5439e-05
570 0.00207116 2.70564e-05
580 0.00550801 2.87414e-05
590 0.00218012 3.04953e-05
600 0.00223315 3.23193e-05
610 0.00230651 3.42145e-05
620 0.0150961 3.61821e-05
630 0.0040489 3.82233e-05
640 0.00250521 4.03392e-05
650 0.0025536 4.2531e-05
660 0.00398515 4.47996e-05
670 0.00264677 4.71461e-05
680 0.00269153 4.95716e-05
690 0.00273506 5.2077e-05
700 0.00277736 5.46634e-05
710 0.00467821 5.73317e-05
720 0.0176325 6.00828e-05
730 0.00289682 6.29176e-05
740 0.00293417 6.5837e-05
750 0.00771744 6.88419e-05
760 0.00359122 7.1933e-05
770 0.00308799 7.51112e-05
780 0.00312054 7.83772e-05
790 0.0031519 8.17318e-05
800 0.00318207 8.51757e-05
810 0.00376263 8.87095e-05
820 0.0297809 9.2334e-05
830 0.0124674 9.60498e-05
840 0.0103374 9.98575e-05
850 0.00338948 0.000103758
860 0.00341251 0.000107751
870 0.0110325 0.000111837
880 0.010121 0.000116018
890 0.00347523 0.000120294
900 0.00349408 0.000124664
910 0.00351194 0.00012913
920 0.00352883 0.000133691
930 0.00951604 0.000138349
940 0.00578597 0.000143103
950 0.00972131 0.000147954
960 0.00432917 0.000152903
970 0.0664413 0.000157948
980 0.00695564 0.000163092
990 0.00527589 0.000168333
1000 0.0174724 0.000173672
1010 0.00449963 0.00017911
1020 0.0045034 0.000184645
1030 0.00469795 0.00019028
1040 0.00469758 0.000196013
1050 0.0225644 0.000201845
1060 0.00469479 0.000207775
1070 0.00469241 0.000213804
1080 0.00693674 0.000219932
1090 0.00468575 0.000226159
1100 0.0046815 0.000232484
1110 0.00467667 0.000238908
1120 0.00467127 0.000245431
1130 0.00491194 0.000252052
1140 0.00490145 0.000258771
1150 0.00489049 0.000265588
1160 0.00544741 0.000272504
1170 0.00518593 0.000279517
1180 0.00610546 0.000286628
1190 0.0054535 0.000293836
1200 0.00543051 0.000301141
1210 0.0185436 0.000308543
1220 0.00538374 0.000316042
1230 0.00535999 0.000323637
1240 0.005336 0.000331327
1250 0.0053118 0.000339113
1260 0.00528739 0.000346995
1270 0.0084739 0.000354971
1280 0.00527915 0.000363042
1290 0.00521303 0.000371206
1300 0.0051879 0.000379465
1310 0.00516262 0.000387816
1320 0.0109291 0.00039626
1330 0.00511163 0.000404796
1340 0.00535172 0.000413424
1350 0.00626961 0.000422143
1360 0.00558936 0.000430952
1370 0.0055523 0.000439852
1380 0.00551541 0.000448841
1390 0.00547869 0.00045792
1400 0.00544216 0.000467086
1410 0.00540581 0.000476341
1420 0.00536965 0.000485682
1430 0.0142433 0.000495111
1440 0.00529793 0.000504625
1450 0.00603424 0.000514224
1460 0.00598239 0.000523909
1470 0.00616684 0.000533677
1480 0.00588055 0.000543528
1490 0.00583056 0.000553463
1500 0.00578117 0.000563479
1510 0.00573239 0.000573576
1520 0.00568422 0.000583754
1530 0.00563664 0.000594012
1540 0.00558966 0.000604348
1550 0.00554327 0.000614763
1560 0.00725621 0.000625256
1570 0.00545225 0.000635825
1580 0.00626633 0.000646471
1590 0.00603978 0.000657192
1600 0.00598025 0.000667987
1610 0.00592173 0.000678856
1620 0.00586419 0.000689798
1630 0.00580761 0.000700812
1640 0.00575198 0.000711897
1650 0.00569729 0.000723053
1660 0.00564352 0.000734278
1670 0.00860677 0.000745572
1680 0.00553867 0.000756934
1690 0.00548756 0.000768364
1700 0.0054373 0.000779859
1710 0.00538789 0.00079142
1720 0.00687479 0.000803046
1730 0.00679046 0.000814735
1740 0.00829462 0.000826488
1750 0.00662755 0.000838302
1760 0.00654888 0.000850178
1770 0.006472 0.000862113
1780 0.00639686 0.000874109
1790 0.00632341 0.000886162
1800 0.00802694 0.000898274
1810 0.00791104 0.000910442
1820 0.0082965 0.000922666
1830 0.00833678 0.000934945
1840 0.013213 0.000947278
1850 0.00747713 0.000959664
1860 0.00737563 0.000972103
1870 0.00727675 0.000984593
1880 0.0071804 0.000997134
1890 0.00708651 0.00100972
1900 0.00699498 0.00102236
1910 0.00943951 0.00103505
1920 0.00928685 0.00104778
1930 0.00913845 0.00106056
1940 0.00899417 0.00107339
1950 0.0115978 0.00108626
1960 0.0113933 0.00109917
1970 0.0111948 0.00111212
1980 0.011002 0.00112512
1990 0.0108148 0.00113816
2000 0.0137312 0.00115123
2010 0.0134773 0.00116435
2020 0.0152676 0.0011775
2030 0.012992 0.00119069
2040 0.0127601 0.00120392
2050 0.0125349 0.00121718
2060 0.0123162 0.00123047
2070 0.0121038 0.0012438
2080 0.0118973 0.00125716
2090 0.0116967 0.00127055
2100 0.0115016 0.00128398
2110 0.0113118 0.00129743
2120 0.0163083 0.00131091
2130 0.0109474 0.00132442
2140 0.0107724 0.00133796
2150 0.0106019 0.00135152
2160 0.0170524 0.0013651
2170 0.0102737 0.00137872
2180 0.0105875 0.00139235
2190 0.0104206 0.00140601
2200 0.0102578 0.00141969
2210 0.010099 0.00143339
2220 0.00994403 0.0014471
2230 0.00979268 0.00146084
2240 0.00964484 0.0014746
2250 0.00950038 0.00148837
2260 0.00935917 0.00150216
2270 0.00922108 0.00151596
2280 0.00908602 0.00152978
2290 0.00895386 0.00154361
2300 0.00882452 0.00155745
2310 0.00869789 0.00157131
2320 0.00857389 0.00158518
2330 0.00845245 0.00159905
2340 0.00833347 0.00161294
2350 0.0082169 0.00162683
2360 0.00810267 0.00164073
2370 0.00799071 0.00165463
2380 0.00788098 0.00166855
2390 0.00777341 0.00168246
2400 0.00766796 0.00169638
2410 0.00756459 0.0017103
2420 0.00746325 0.00172422
2430 0.0073639 0.00173815
2440 0.00726652 0.00175207
2450 0.00717106 0.001766
2460 0.00707749 0.00177992
2470 0.00698579 0.00179383
2480 0.00689592 0.00180775
2490 0.00680786 0.00182166
2500 0.00672159 0.00183556
2510 0.00663708 0.00184946
2520 0.0065543 0.00186335
2530 0.00647324 0.00187723
2540 0.00639387 0.0018911
2550 0.00631618 0.00190497
2560 0.00624013 0.00191882
2570 0.00616571 0.00193266
2580 0.0060929 0.00194649
2590 0.00602167 0.0019603
2600 0.00595202 0.0019741
2610 0.0058839 0.00198788
2620 0.00581732 0.00200165
2630 0.00575223 0.0020154
2640 0.00568863 0.00202913
2650 0.00562649 0.00204285
2660 0.00556579 0.00205654
2670 0.0055065 0.00207021
2680 0.00544861 0.00208386
2690 0.0053921 0.00209749
2700 0.00533694 0.00211109
2710 0.0052831 0.00212467
2720 0.00523058 0.00213822
2730 0.00517934 0.00215175
2740 0.00512936 0.00216525
2750 0.00508063 0.00217872
2760 0.00503311 0.00219217
2770 0.00498679 0.00220558
2780 0.00494164 0.00221896
2790 0.00489764 0.00223231
2800 0.00485476 0.00224563
2810 0.004813 0.00225891
2820 0.00477232 0.00227216
2830 0.0047327 0.00228538
2840 0.00469412 0.00229856
2850 0.00465655 0.0023117
2860 0.00461999 0.0023248
2870 0.0045844 0.00233786
2880 0.00454977 0.00235089
2890 0.00451607 0.00236387
2900 0.00448328 0.00237681
2910 0.00445139 0.00238971
2920 0.00442037 0.00240257
2930 0.0043902 0.00241538
2940 0.00436087 0.00242814
2950 0.00433236 0.00244086
2960 0.00430464 0.00245354
2970 0.0042777 0.00246616
2980 0.00425152 0.00247874
2990 0.00422608 0.00249127
3000 0.00420137 0.00250374
3010 0.00417736 0.00251617
3020 0.00415405 0.00252854
3030 0.00413141 0.00254086
3040 0.00410943 0.00255313
3050 0.0040881 0.00256534
3060 0.00406739 0.0025775
3070 0.00404729 0.0025896
3080 0.00402779 0.00260164
3090 0.00400888 0.00261363
3100 0.00399053 0.00262555
3110 0.00397274 0.00263742
3120 0.00395548 0.00264923
3130 0.00393876 0.00266097
3140 0.00392255 0.00267266
3150 0.00390685 0.00268428
3160 0.00389163 0.00269583
3170 0.00387689 0.00270733
3180 0.00386262 0.00271875
3190 0.0038488 0.00273012
3200 0.00383542 0.00274141
3210 0.00382247 0.00275264
3220 0.00380995 0.0027638
3230 0.00379783 0.00277489
3240 0.00378611 0.00278591
3250 0.00377479 0.00279686
3260 0.00376384 0.00280774
3270 0.00375326 0.00281855
3280 0.00374305 0.00282929
3290 0.00373318 0.00283996
3300 0.00372366 0.00285055
3310 0.00371447 0.00286106
3320 0.0037056 0.00287151
3330 0.00369705 0.00288187
3340 0.00368881 0.00289216
3350 0.00368086 0.00290238
3360 0.00367321 0.00291252
3370 0.00366585 0.00292258
3380 0.00365876 0.00293256
3390 0.00365194 0.00294246
3400 0.00364538 0.00295228
3410 0.00363907 0.00296203
3420 0.00363302 0.00297169
3430 0.0036272 0.00298127
3440 0.00362162 0.00299077
3450 0.00361627 0.00300019
3460 0.00361114 0.00300953
3470 0.00360623 0.00301878
3480 0.00360152 0.00302796
3490 0.00359702 0.00303704
3500 0.00359272 0.00304605
3510 0.00358861 0.00305497
3520 0.00358469 0.0030638
3530 0.00358095 0.00307256
3540 0.00357738 0.00308122
3550 0.00357399 0.0030898
3560 0.00357076 0.0030983
3570 0.0035677 0.0031067
3580 0.00356479 0.00311503
3590 0.00356203 0.00312326
3600 0.00355942 0.00313141
3610 0.00355695 0.00313947
3620 0.00355462 0.00314745
3630 0.00355242 0.00315533
3640 0.00355036 0.00316313
3650 0.00354842 0.00317085
3660 0.0035466 0.00317847
3670 0.00354489 0.00318601
3680 0.0035433 0.00319345
3690 0.00354182 0.00320081
3700 0.00354045 0.00320809
3710 0.00353918 0.00321527
3720 0.003538 0.00322237
3730 0.00353693 0.00322937
3740 0.00353594 0.00323629
3750 0.00353504 0.00324312
3760 0.00353423 0.00324987
3770 0.0035335 0.00325652
3780 0.00353285 0.00326309
3790 0.00353227 0.00326957
3800 0.00353177 0.00327596
3810 0.00353134 0.00328227
3820 0.00353097 0.00328848
3830 0.00353067 0.00329461
3840 0.00353044 0.00330065
3850 0.00353026 0.00330661
3860 0.00353013 0.00331248
3870 0.00353006 0.00331826
3880 0.00353005 0.00332396
3890 0.00353008 0.00332957
3900 0.00353016 0.00333509
3910 0.00353028 0.00334053
3920 0.00353045 0.00334589
3930 0.00353065 0.00335115
3940 0.0035309 0.00335634
3950 0.00353118 0.00336144
3960 0.00353149 0.00336646
3970 0.00353184 0.00337139
3980 0.00353222 0.00337625
3990 0.00353262 0.00338102
4000 0.00353305 0.00338571
4010 0.00353351 0.00339031
4020 0.00353399 0.00339484
4030 0.00353449 0.00339928
4040 0.00353501 0.00340365
4050 0.00353554 0.00340794
4060 0.0035361 0.00341214
4070 0.00353667 0.00341627
4080 0.00353725 0.00342032
4090 0.00353785 0.0034243
4100 0.00353846 0.0034282
4110 0.00353908 0.00343202
4120 0.0035397 0.00343577
4130 0.00354033 0.00343944
4140 0.00354097 0.00344304
4150 0.00354162 0.00344656
4160 0.00354227 0.00345002
4170 0.00354292 0.0034534
4180 0.00354357 0.00345671
4190 0.00354423 0.00345995
4200 0.00354488 0.00346312
4210 0.00354554 0.00346622
4220 0.00354619 0.00346925
4230 0.00354684 0.00347222
4240 0.00354749 0.00347512
4250 0.00354813 0.00347795
4260 0.00354877 0.00348072
4270 0.00354941 0.00348342
4280 0.00355004 0.00348606
4290 0.00355066 0.00348864
4300 0.00355128 0.00349116
4310 0.00355189 0.00349362
4320 0.00355249 0.00349601
4330 0.00355309 0.00349835
4340 0.00355367 0.00350063
4350 0.00355425 0.00350286
4360 0.00355482 0.00350502
4370 0.00355538 0.00350714
4380 0.00355593 0.00350919
4390 0.00355647 0.0035112
4400 0.003557 0.00351315
4410 0.00355752 0.00351506
4420 0.00355804 0.00351691
4430 0.00355854 0.00351871
4440 0.00355903 0.00352047
4450 0.00355952 0.00352218
4460 0.00355999 0.00352384
4470 0.00356045 0.00352546
4480 0.00356091 0.00352703
4490 0.00356135 0.00352856
4500 0.00356179 0.00353006
4510 0.00356222 0.00353151
4520 0.00356264 0.00353292
4530 0.00356305 0.00353429
4540 0.00356345 0.00353563
4550 0.00356385 0.00353693
4560 0.00356424 0.0035382
4570 0.00356462 0.00353944
4580 0.003565 0.00354064
4590 0.00356537 0.00354181
4600 0.00356574 0.00354296
4610 0.00356611 0.00354408
4620 0.00356647 0.00354517
4630 0.00356682 0.00354623
4640 0.00356718 0.00354727
4650 0.00356753 0.00354829
4660 0.00356789 0.00354929
4670 0.00356824 0.00355027
4680 0.0035686 0.00355123
4690 0.00356895 0.00355217
4700 0.00356932 0.0035531
4710 0.00356968 0.00355402
4720 0.00357005 0.00355492
4730 0.00357043 0.00355581
4740 0.00357081 0.0035567
4750 0.0035712 0.00355757
4760 0.0035716 0.00355844
4770 0.00357201 0.00355931
4780 0.00357243 0.00356017
4790 0.00357287 0.00356104
4800 0.00357332 0.0035619
4810 0.00357379 0.00356277
4820 0.00357427 0.00356364
4830 0.00357478 0.00356452
4840 0.0035753 0.0035654
4850 0.00357584 0.0035663
4860 0.00357641 0.0035672
4870 0.003577 0.00356813
4880 0.00357762 0.00356906
4890 0.00357827 0.00357002
4900 7.95444e-06 0
4910 5.00562e-05 4.2389e-05
4920 7.38941e-06 0
4930 7.12095e-06 0
4940 6.86151e-06 0
4950 4.81621e-05 4.15513e-05
4960 6.3686e-06 0
4970 6.13461e-06 0
4980 5.90861e-06 0
4990 5.69035e-06 0
5000 5.4796e-06 0
5010 5.27613e-06 0
5020 5.07972e-06 0
5030 4.89014e-06 0
5040 4.7072e-06 0
5050 0.00259688 0.00259235
5060 0.00261898 0.00261462
5070 4.19609e-06 0
5080 4.03765e-06 0
5090 3.88485e-06 0
5100 4.21609e-05 3.84234e-05
5110 3.59551e-06 0
5120 3.45861e-06 0
5130 3.32667e-06 0
5140 3.19953e-06 0
5150 0.00282521 0.00282213
5160 0.00284894 0.00284598
5170 2.84537e-06 0
5180 2.73591e-06 0
5190 2.6305e-06 0
5200 2.52902e-06 0
5210 2.43133e-06 0
5220 2.33731e-06 0
5230 2.24682e-06 0
5240 2.15975e-06 0
5250 0.00307018 0.0030681
5260 1.99539e-06 0
5270 1.91787e-06 0
5280 1.84332e-06 0
5290 1.77164e-06 0
5300 1.70271e-06 0
5310 1.63645e-06 0
5320 1.57276e-06 0
5330 0.00327866 0.00327715
5340 1.41849e-05 1.27321e-05
5350 1.3962e-06 0
5360 0.0033598 0.00335846
5370 1.28972e-06 0
5380 0.00341481 0.00341357
5390 1.19149e-06 0
5400 0.00347056 0.00346942
5410 1.10089e-06 0
5420 1.05828e-06 0
5430 1.01737e-06 0
5440 9.78105e-07 0
5450 9.40412e-07 0
5460 9.04233e-07 0
5470 8.69511e-07 0
5480 8.36189e-07 0
5490 8.04211e-07 0
5500 0.00376072 0.00375994
5510 0.0037908 0.00379005
5520 7.15828e-07 0
5530 0.00385156 0.00385087
5540 6.62706e-07 0
5550 6.37746e-07 0
5560 6.13797e-07 0
5570 5.90816e-07 0
5580 5.68763e-07 0
5590 5.47601e-07 0
5600 5.2729e-07 0
5610 5.07797e-07 0
5620 4.89085e-07 0
5630 4.71123e-07 0
5640 0.00420024 0.00419979
5650 4.37316e-07 0
5660 4.21412e-07 0
5670 4.06136e-07 0
5680 3.9146e-07 0
5690 3.77357e-07 0
5700 3.63803e-07 0
5710 3.50774e-07 0
5720 3.38246e-07 0
5730 0.0045045 0.00450417
5740 3.14604e-07 0
5750 3.0345e-07 0
5760 2.92713e-07 0
5770 2.82375e-07 0
5780 2.72419e-07 0
5790 2.62828e-07 0
5800 2.53585e-07 0
5810 2.44675e-07 0
5820 2.36084e-07 0
5830 1.92102e-05 1.89824e-05
5840 2.19806e-07 0
5850 2.12093e-07 0
5860 0.00497589 0.00497568
5870 1.97462e-07 0
5880 1.90522e-07 0
5890 1.83817e-07 0
5900 1.7734e-07 0
5910 1.7108e-07 0
5920 0.0052068 0.00520663
5930 1.59176e-07 0
5940 1.53515e-07 0
5950 1.48039e-07 0
5960 1.42739e-07 0
5970 1.37609e-07 0
5980 1.32641e-07 0
5990 1.2783e-07 0
6000 1.2317e-07 0
6010 1.18654e-07 0
6020 0.00561135 0.00561123
6030 1.10035e-07 0
6040 1.05922e-07 0
6050 1.01934e-07 0
6060 0.00578031 0.00578021
6070 0.0058232 0.0058231
6080 9.06725e-08 0
6090 8.71407e-08 0
6100 8.37137e-08 0
6110 8.03884e-08 0
6120 7.71615e-08 0
6130 7.403e-08 0
6140 7.09913e-08 0
6150 6.80425e-08 0
6160 6.51812e-08 0
6170 6.2405e-08 0
6180 5.97117e-08 0
6190 5.70992e-08 0
6200 5.45655e-08 0
6210 5.21086e-08 0
6220 4.9727e-08 0
6230 4.74188e-08 0
6240 4.51825e-08 0
6250 0.00664183 0.00664179
6260 4.092e-08 0
6270 3.88911e-08 0
6280 3.69286e-08 0
6290 3.50316e-08 0
6300 3.31987e-08 0
6310 3.1429e-08 0
6320 2.97213e-08 0
6330 2.80747e-08 0
6340 0.00708587 0.00708584
6350 2.4961e-08 0
6360 2.3492e-08 0
6370 2.20803e-08 0
6380 2.0725e-08 0
6390 1.94253e-08 0
6400 1.81801e-08 0
6410 1.69886e-08 0
6420 1.58498e-08 0
6430 1.47627e-08 0
6440 1.37264e-08 0
6450 1.27399e-08 0
6460 1.18021e-08 0
6470 1.09121e-08 0
6480 1.00687e-08 0
6490 9.27089e-09 0
6500 8.51751e-09 0
6510 7.80743e-09 0
6520 7.13948e-09 0
6530 6.51242e-09 0
6540 5.92501e-09 0
6550 5.37598e-09 0
6560 4.86402e-09 0
6570 4.38779e-09 0
6580 3.94597e-09 0
6590 3.53718e-09 0
6600 3.16006e-09 0
6610 0.00857044 0.00857044
6620 2.49537e-09 0
6630 2.20509e-09 0
6640 1.941e-09 0
6650 1.70172e-09 0
6660 1.48583e-09 0
6670 1.29192e-09 0
6680 1.11859e-09 0
6690 0.00905768 0.00905768
6700 8.2809e-10 0
6710 7.082e-10 0
6720 6.03413e-10 0
6730 5.1239e-10 0
6740 4.33812e-10 0
6750 3.66391e-10 0
6760 3.08878e-10 0
6770 2.60075e-10 0
6780 2.1885e-10 0
6790 1.84145e-10 0
6800 0.00976585 0.00976585
6810 1.30541e-10 0
6820 1.10018e-10 0
6830 9.27505e-11 0
6840 0.0100348 0.0100348
6850 6.57684e-11 0
6860 5.51956e-11 0
6870 4.61139e-11 0
6880 3.8258e-11 0
6890 0.0103798 0.0103798
6900 2.55113e-11 0
6910 2.0424e-11 0
6920 1.60999e-11 0
6930 1.24698e-11 0
6940 9.46517e-12 0
6950 7.01846e-12 0
6960 5.0635e-12 0
6970 3.536e-12 0
6980 2.37399e-12 0
6990 1.51835e-12 0
7000 9.13352e-13 0
7010 5.072e-13 0
7020 2.52652e-13 0
7030 1.07634e-13 0
7040 3.58986e-14 0
7050 7.7148e-15 0
7060 5.85833e-16 0
7070 0.00126402 0.00126402
