0 0 0
10 2.69836e-09 6.14358e-12
20 3.51498e-08 8.12145e-11
30 1.59323e-07 3.8035e-10
40 4.65761e-07 1.14881e-09
50 1.06648e-06 2.7178e-09
60 2.14385e-06 5.50035e-09
70 3.76782e-06 9.98737e-09
80 0.11721 1.67438e-08
90 9.33216e-06 2.64048e-08
100 0.000581098 3.96723e-08
110 0.000464813 5.73111e-08
120 2.56808e-05 8.01459e-08
130 3.38193e-05 1.09058e-07
140 4.35093e-05 1.4498e-07
150 5.48586e-05 1.88897e-07
160 6.80614e-05 2.4184e-07
170 8.31539e-05 3.04884e-07
180 0.164175 3.79144e-07
190 0.00693043 4.65775e-07
200 0.00274737 5.65966e-07
210 0.00103082 6.80941e-07
220 0.000196612 8.11952e-07
230 0.134929 9.60282e-07
240 0.000255372 1.12724e-06
250 0.000287939 1.31415e-06
260 0.000323295 1.52236e-06
270 0.00455403 1.75326e-06
280 0.00039968 2.00822e-06
290 0.000440401 2.28865e-06
300 0.000482956 2.59596e-06
310 0.0318624 2.93158e-06
320 0.000573219 3.29695e-06
330 0.0058485 3.69351e-06
340 0.000669709 4.1227e-06
350 0.00343143 4.58599e-06
360 0.000774075 5.08482e-06
370 0.000826897 5.62066e-06
380 0.0951422 6.19497e-06
390 0.000935447 6.80919e-06
400 0.000990941 7.46478e-06
410 0.00104709 8.16319e-06
420 0.00324127 8.90586e-06
430 0.0116509 9.69422e-06
440 0.00122391 1.05297e-05
450 0.0053403 1.14138e-05
460 0.080913 1.23477e-05
470 0.0014471 1.33331e-05
480 0.00469215 1.43711e-05
490 0.00157493 1.54633e-05
500 0.00163445 1.6611e-05
510 0.00170401 1.78154e-05
520 0.00176297 1.9078e-05
530 0.0018214 2.04001e-05
540 0.0420755 2.17829e-05
550 0.00339382 2.32277e-05
560 0.00551376 2.47358e-05
570 0.00204831 2.63084e-05
580 0.00547251 2.79468e-05
590 0.00215689 2.96521e-05
600 0.00220978 3.14255e-05
610 0.00228306 3.32683e-05
620 0.0150922 3.51814e-05
630 0.00402896 3.71661e-05
640 0.00248176 3.92234e-05
650 0.00253023 4.13544e-05
660 0.00394326 4.35601e-05
670 0.00262367 4.58416e-05
680 0.00266861 4.81999e-05
690 0.00271237 5.06359e-05
700 0.00275492 5.31506e-05
710 0.00462731 5.57449e-05
720 0.0175492 5.84197e-05
730 0.00287536 6.11759e-05
740 0.00291311 6.40143e-05
750 0.00767729 6.69358e-05
760 0.00356247 6.99412e-05
770 0.00306837 7.30312e-05
780 0.00310146 7.62066e-05
790 0.00313337 7.94681e-05
800 0.00316413 8.28164e-05
810 0.00374516 8.62522e-05
820 0.0298195 8.9776e-05
830 0.0124677 9.33886e-05
840 0.0102716 9.70906e-05
850 0.00337491 0.000100882
860 0.0033987 0.000104765
870 0.0109839 0.000108738
880 0.0101105 0.000112803
890 0.00346379 0.000116959
900 0.00348346 0.000121208
910 0.00350217 0.00012555
920 0.00351992 0.000129984
930 0.00950523 0.000134513
940 0.00575577 0.000139135
950 0.00967587 0.000143851
960 0.00431479 0.000148662
970 0.0657401 0.000153567
980 0.00690972 0.000158567
990 0.00525148 0.000163663
1000 0.0173846 0.000168853
1010 0.00448963 0.000174139
1020 0.0044943 0.000179521
1030 0.00469082 0.000184999
1040 0.0046914 0.000190572
1050 0.0225392 0.000196242
1060 0.00469051 0.000202007
1070 0.00468909 0.000207868
1080 0.0069001 0.000213825
1090 0.00468438 0.000219879
1100 0.00468112 0.000226028
1110 0.00467727 0.000232273
1120 0.00467286 0.000238614
1130 0.0049146 0.00024505
1140 0.00490518 0.000251582
1150 0.00489528 0.000258209
1160 0.00544956 0.000264932
1170 0.00519355 0.00027175
1180 0.00610477 0.000278662
1190 0.00546362 0.000285669
1200 0.00544184 0.000292771
1210 0.0184979 0.000299966
1220 0.00539747 0.000307255
1230 0.00537489 0.000314638
1240 0.00535208 0.000322114
1250 0.00532904 0.000329683
1260 0.00530578 0.000337344
1270 0.00847244 0.000345098
1280 0.0052991 0.000352943
1290 0.0052348 0.00036088
1300 0.00521077 0.000368907
1310 0.00518658 0.000377025
1320 0.010898 0.000385233
1330 0.00513773 0.000393531
1340 0.00537755 0.000401917
1350 0.00627835 0.000410393
1360 0.0056186 0.000418956
1370 0.00558269 0.000427607
1380 0.00554692 0.000436344
1390 0.00551131 0.000445169
1400 0.00547586 0.000454079
1410 0.00544057 0.000463074
1420 0.00540546 0.000472155
1430 0.0142432 0.000481319
1440 0.00533576 0.000490567
1450 0.00607442 0.000499898
1460 0.00602371 0.000509311
1470 0.00620592 0.000518805
1480 0.00592407 0.000528381
1490 0.00587512 0.000538037
1500 0.00582676 0.000547772
1510 0.00577897 0.000557586
1520 0.00573176 0.000567479
1530 0.00568512 0.000577449
1540 0.00563905 0.000587496
1550 0.00559354 0.000597619
1560 0.00728236 0.000607817
1570 0.00550419 0.00061809
1580 0.00630527 0.000628437
1590 0.00609573 0.000638857
1600 0.00603706 0.000649349
1610 0.00597936 0.000659913
1620 0.0059226 0.000670548
1630 0.00586679 0.000681252
1640 0.00581189 0.000692026
1650 0.0057579 0.000702868
1660 0.00570479 0.000713778
1670 0.00863954 0.000724755
1680 0.00560118 0.000735798
1690 0.00555064 0.000746906
1700 0.00550094 0.000758078
1710 0.00545204 0.000769314
1720 0.00693737 0.000780613
1730 0.00685383 0.000791974
1740 0.00833255 0.000803395
1750 0.00669238 0.000814877
1760 0.00661437 0.000826418
1770 0.00653811 0.000838018
1780 0.00646354 0.000849676
1790 0.00639063 0.00086139
1800 0.00809201 0.00087316
1810 0.00797698 0.000884986
1820 0.00835524 0.000896865
1830 0.00839318 0.000908798
1840 0.0132871 0.000920784
1850 0.00754598 0.000932821
1860 0.00744506 0.000944909
1870 0.00734671 0.000957047
1880 0.00725084 0.000969233
1890 0.00715737 0.000981468
1900 0.00706623 0.000993751
1910 0.009512 0.00100608
1920 0.00936013 0.00101845
1930 0.00921246 0.00103087
1940 0.00906882 0.00104333
1950 0.0116657 0.00105584
1960 0.0114623 0.00106839
1970 0.0112647 0.00108098
1980 0.0110729 0.0010936
1990 0.0108865 0.00110627
2000 0.0137943 0.00111898
2010 0.0135417 0.00113172
2020 0.0152928 0.0011445
2030 0.0130586 0.00115732
2040 0.0128276 0.00117017
2050 0.0126033 0.00118306
2060 0.0123853 0.00119598
2070 0.0121736 0.00120893
2080 0.0119678 0.00122191
2090 0.0117676 0.00123492
2100 0.011573 0.00124797
2110 0.0113836 0.00126104
2120 0.0163858 0.00127414
2130 0.0110197 0.00128726
2140 0.0108449 0.00130041
2150 0.0106745 0.00131359
2160 0.0171354 0.00132679
2170 0.0103464 0.00134002
2180 0.0106585 0.00135327
2190 0.0104917 0.00136653
2200 0.0103289 0.00137982
2210 0.0101701 0.00139313
2220 0.010015 0.00140646
2230 0.00986349 0.00141981
2240 0.00971548 0.00143318
2250 0.00957081 0.00144656
2260 0.00942937 0.00145995
2270 0.00929102 0.00147336
2280 0.00915566 0.00148679
2290 0.00902318 0.00150023
2300 0.00889349 0.00151368
2310 0.00876649 0.00152714
2320 0.0086421 0.00154061
2330 0.00852023 0.00155409
2340 0.00840082 0.00156758
2350 0.00828379 0.00158107
2360 0.00816908 0.00159458
2370 0.00805662 0.00160809
2380 0.00794637 0.0016216
2390 0.00783827 0.00163512
2400 0.00773227 0.00164864
2410 0.00762833 0.00166216
2420 0.0075264 0.00167569
2430 0.00742646 0.00168922
2440 0.00732846 0.00170274
2450 0.00723236 0.00171627
2460 0.00713815 0.00172979
2470 0.00704578 0.00174331
2480 0.00695524 0.00175683
2490 0.00686649 0.00177034
2500 0.00677951 0.00178384
2510 0.00669428 0.00179734
2520 0.00661077 0.00181084
2530 0.00652896 0.00182432
2540 0.00644882 0.0018378
2550 0.00637035 0.00185126
2560 0.00629351 0.00186472
2570 0.00621829 0.00187816
2580 0.00614466 0.00189159
2590 0.0060726 0.00190501
2600 0.00600209 0.00191841
2610 0.00593312 0.0019318
2620 0.00586566 0.00194517
2630 0.00579969 0.00195852
2640 0.00573519 0.00197186
2650 0.00567214 0.00198518
2660 0.00561052 0.00199848
2670 0.0055503 0.00201176
2680 0.00549147 0.00202501
2690 0.005434 0.00203825
2700 0.00537787 0.00205146
2710 0.00532307 0.00206465
2720 0.00526955 0.00207781
2730 0.00521732 0.00209095
2740 0.00516634 0.00210406
2750 0.00511659 0.00211714
2760 0.00506804 0.00213019
2770 0.00502069 0.00214322
2780 0.0049745 0.00215622
2790 0.00492945 0.00216918
2800 0.00488552 0.00218211
2810 0.00484269 0.00219501
2820 0.00480094 0.00220788
2830 0.00476024 0.00222071
2840 0.00472058 0.00223351
2850 0.00468193 0.00224627
2860 0.00464428 0.00225899
2870 0.00460759 0.00227167
2880 0.00457185 0.00228432
2890 0.00453704 0.00229693
2900 0.00450315 0.00230949
2910 0.00447014 0.00232202
2920 0.004438 0.0023345
2930 0.00440671 0.00234694
2940 0.00437626 0.00235933
2950 0.00434662 0.00237168
2960 0.00431777 0.00238398
2970 0.0042897 0.00239624
2980 0.00426239 0.00240845
2990 0.00423582 0.00242061
3000 0.00420997 0.00243272
3010 0.00418483 0.00244479
3020 0.00416038 0.0024568
3030 0.00413661 0.00246876
3040 0.0041135 0.00248067
3050 0.00409103 0.00249252
3060 0.00406918 0.00250432
3070 0.00404795 0.00251607
3080 0.00402732 0.00252776
3090 0.00400727 0.00253939
3100 0.00398779 0.00255096
3110 0.00396887 0.00256248
3120 0.00395049 0.00257394
3130 0.00393265 0.00258534
3140 0.00391532 0.00259668
3150 0.00389849 0.00260796
3160 0.00388215 0.00261917
3170 0.0038663 0.00263033
3180 0.00385091 0.00264142
3190 0.00383599 0.00265244
3200 0.0038215 0.0026634
3210 0.00380746 0.0026743
3220 0.00379383 0.00268513
3230 0.00378062 0.00269589
3240 0.00376782 0.00270658
3250 0.0037554 0.00271721
3260 0.00374337 0.00272777
3270 0.00373172 0.00273825
3280 0.00372043 0.00274867
3290 0.00370949 0.00275902
3300 0.00369891 0.00276929
3310 0.00368865 0.00277949
3320 0.00367873 0.00278962
3330 0.00366914 0.00279968
3340 0.00365985 0.00280966
3350 0.00365087 0.00281957
3360 0.00364218 0.0028294
3370 0.00363379 0.00283915
3380 0.00362568 0.00284883
3390 0.00361784 0.00285844
3400 0.00361027 0.00286796
3410 0.00360296 0.00287741
3420 0.00359591 0.00288678
3430 0.0035891 0.00289607
3440 0.00358253 0.00290528
3450 0.0035762 0.00291441
3460 0.0035701 0.00292347
3470 0.00356422 0.00293244
3480 0.00355856 0.00294133
3490 0.0035531 0.00295014
3500 0.00354785 0.00295886
3510 0.0035428 0.00296751
3520 0.00353795 0.00297607
3530 0.00353328 0.00298455
3540 0.0035288 0.00299295
3550 0.00352449 0.00300126
3560 0.00352036 0.00300949
3570 0.00351639 0.00301764
3580 0.00351259 0.0030257
3590 0.00350895 0.00303368
3600 0.00350547 0.00304157
3610 0.00350213 0.00304937
3620 0.00349894 0.0030571
3630 0.00349589 0.00306473
3640 0.00349297 0.00307228
3650 0.00349019 0.00307975
3660 0.00348754 0.00308713
3670 0.00348501 0.00309442
3680 0.00348261 0.00310163
3690 0.00348032 0.00310875
3700 0.00347814 0.00311579
3710 0.00347608 0.00312274
3720 0.00347412 0.0031296
3730 0.00347226 0.00313638
3740 0.00347051 0.00314307
3750 0.00346885 0.00314968
3760 0.00346728 0.00315619
3770 0.00346581 0.00316263
3780 0.00346442 0.00316897
3790 0.00346311 0.00317523
3800 0.00346189 0.00318141
3810 0.00346074 0.0031875
3820 0.00345967 0.0031935
3830 0.00345867 0.00319942
3840 0.00345774 0.00320525
3850 0.00345688 0.003211
3860 0.00345609 0.00321666
3870 0.00345535 0.00322224
3880 0.00345467 0.00322773
3890 0.00345406 0.00323314
3900 0.00345349 0.00323847
3910 0.00345298 0.00324371
3920 0.00345252 0.00324886
3930 0.0034521 0.00325394
3940 0.00345174 0.00325893
3950 0.00345141 0.00326384
3960 0.00345113 0.00326867
3970 0.00345089 0.00327341
3980 0.00345068 0.00327808
3990 0.00345051 0.00328266
4000 0.00345037 0.00328716
4010 0.00345027 0.00329158
4020 0.0034502 0.00329592
4030 0.00345015 0.00330019
4040 0.00345013 0.00330437
4050 0.00345014 0.00330848
4060 0.00345017 0.00331251
4070 0.00345023 0.00331646
4080 0.0034503 0.00332033
4090 0.00345039 0.00332413
4100 0.0034505 0.00332785
4110 0.00345063 0.0033315
4120 0.00345077 0.00333507
4130 0.00345093 0.00333857
4140 0.0034511 0.00334199
4150 0.00345128 0.00334534
4160 0.00345147 0.00334862
4170 0.00345167 0.00335183
4180 0.00345188 0.00335497
4190 0.00345209 0.00335803
4200 0.00345231 0.00336103
4210 0.00345254 0.00336396
4220 0.00345277 0.00336682
4230 0.003453 0.00336961
4240 0.00345323 0.00337234
4250 0.00345347 0.003375
4260 0.00345371 0.00337759
4270 0.00345394 0.00338012
4280 0.00345418 0.00338258
4290 0.00345441 0.00338499
4300 0.00345464 0.00338733
4310 0.00345487 0.00338961
4320 0.0034551 0.00339182
4330 0.00345532 0.00339398
4340 0.00345553 0.00339608
4350 0.00345574 0.00339812
4360 0.00345595 0.0034001
4370 0.00345615 0.00340203
4380 0.00345634 0.0034039
4390 0.00345652 0.00340572
4400 0.0034567 0.00340748
4410 0.00345687 0.00340919
4420 0.00345704 0.00341084
4430 0.00345719 0.00341245
4440 0.00345734 0.003414
4450 0.00345748 0.00341551
4460 0.00345761 0.00341697
4470 0.00345773 0.00341838
4480 0.00345785 0.00341974
4490 0.00345795 0.00342106
4500 0.00345805 0.00342233
4510 0.00345814 0.00342356
4520 0.00345822 0.00342474
4530 0.00345829 0.00342589
4540 0.00345835 0.00342699
4550 0.0034584 0.00342806
4560 0.00345845 0.00342908
4570 0.00345849 0.00343007
4580 0.00345852 0.00343102
4590 0.00345854 0.00343194
4600 0.00345856 0.00343282
4610 0.00345857 0.00343367
4620 0.00345857 0.00343449
4630 0.00345857 0.00343527
4640 0.00345856 0.00343603
4650 0.00345855 0.00343676
4660 0.00345853 0.00343746
4670 0.00345851 0.00343813
4680 0.00345848 0.00343878
4690 0.00345845 0.00343941
4700 0.00345842 0.00344001
4710 0.00345839 0.0034406
4720 0.00345836 0.00344116
4730 0.00345833 0.0034417
4740 0.00345829 0.00344223
4750 0.00345826 0.00344274
4760 0.00345823 0.00344323
4770 0.00345821 0.00344371
4780 0.00345818 0.00344418
4790 0.00345817 0.00344464
4800 0.00345815 0.00344509
4810 0.00345815 0.00344553
4820 0.00345815 0.00344596
4830 0.00345816 0.00344639
4840 0.00345818 0.00344682
4850 0.00345821 0.00344725
4860 0.00345826 0.00344767
4870 0.00345831 0.00344809
4880 0.00345839 0.00344852
4890 0.00345847 0.00344895
4900 0.00345858 0.00344939
4910 0.0034587 0.00344984
4920 0.00345884 0.00345029
4930 0.00345901 0.00345076
4940 0.00345919 0.00345124
4950 0.0034594 0.00345173
4960 0.00345964 0.00345224
4970 0.0034599 0.00345277
4980 0.0034602 0.00345332
4990 6.63368e-06 0
5000 4.26804e-05 3.62856e-05
5010 6.16413e-06 0
5020 5.94114e-06 0
5030 5.7257e-06 0
5040 4.10493e-05 3.55317e-05
5050 5.31655e-06 0
5060 5.12241e-06 0
5070 4.93494e-06 0
5080 4.75395e-06 0
5090 4.57922e-06 0
5100 4.41057e-06 0
5110 4.24781e-06 0
5120 4.09075e-06 0
5130 3.93921e-06 0
5140 0.00251138 0.00250759
5150 0.00253247 0.00252882
5160 3.51603e-06 0
5170 3.38489e-06 0
5180 3.25845e-06 0
5190 3.60463e-05 3.29097e-05
5200 3.01907e-06 0
5210 2.90584e-06 0
5220 2.79672e-06 0
5230 2.69159e-06 0
5240 0.0027291 0.00272651
5250 0.00275172 0.00274922
5260 2.39879e-06 0
5270 2.30832e-06 0
5280 2.2212e-06 0
5290 2.13733e-06 0
5300 2.0566e-06 0
5310 1.97889e-06 0
5320 1.90411e-06 0
5330 1.83216e-06 0
5340 0.00296243 0.00296067
5350 1.69633e-06 0
5360 1.63227e-06 0
5370 1.57065e-06 0
5380 1.5114e-06 0
5390 1.45442e-06 0
5400 1.39964e-06 0
5410 1.34698e-06 0
5420 0.00316083 0.00315954
5430 1.3549e-05 1.23013e-05
5440 1.20094e-06 0
5450 0.00323802 0.00323686
5460 1.11282e-06 0
5470 0.00329033 0.00328926
5480 1.03148e-06 0
5490 0.00334335 0.00334235
5500 9.56409e-07 0
5510 9.21084e-07 0
5520 8.87156e-07 0
5530 8.54571e-07 0
5540 8.23278e-07 0
5550 7.93227e-07 0
5560 7.6437e-07 0
5570 7.36658e-07 0
5580 7.10047e-07 0
5590 0.0036191 0.00361842
5600 0.00364768 0.00364702
5610 6.3639e-07 0
5620 0.00370539 0.00370478
5630 5.92025e-07 0
5640 5.71151e-07 0
5650 5.511e-07 0
5660 5.31838e-07 0
5670 5.13333e-07 0
5680 4.95553e-07 0
5690 4.78467e-07 0
5700 4.62045e-07 0
5710 4.46259e-07 0
5720 4.31081e-07 0
5730 0.00403645 0.00403604
5740 4.02445e-07 0
5750 3.88937e-07 0
5760 3.75937e-07 0
5770 3.63424e-07 0
5780 3.51375e-07 0
5790 3.3977e-07 0
5800 3.28588e-07 0
5810 3.17811e-07 0
5820 0.00432514 0.00432483
5830 2.97398e-07 0
5840 2.87729e-07 0
5850 2.78396e-07 0
5860 2.69384e-07 0
5870 2.60679e-07 0
5880 2.52268e-07 0
5890 2.44137e-07 0
5900 2.36274e-07 0
5910 2.28667e-07 0
5920 1.84771e-05 1.82558e-05
5930 2.1418e-07 0
5940 2.07279e-07 0
5950 0.0047721 0.0047719
5960 1.94117e-07 0
5970 1.87839e-07 0
5980 1.81751e-07 0
5990 1.75846e-07 0
6000 1.70116e-07 0
6010 0.00499093 0.00499077
6020 1.59157e-07 0
6030 1.53913e-07 0
6040 1.4882e-07 0
6050 1.4387e-07 0
6060 1.39059e-07 0
6070 1.34381e-07 0
6080 1.29831e-07 0
6090 1.25405e-07 0
6100 1.21099e-07 0
6110 0.00537414 0.00537402
6120 1.12829e-07 0
6130 1.08857e-07 0
6140 1.0499e-07 0
6150 0.00553413 0.00553402
6160 0.00557474 0.00557464
6170 9.39838e-08 0
6180 9.0504e-08 0
6190 8.71144e-08 0
6200 8.38127e-08 0
6210 8.05965e-08 0
6220 7.74639e-08 0
6230 7.4413e-08 0
6240 7.14418e-08 0
6250 6.85488e-08 0
6260 6.57322e-08 0
6270 6.29906e-08 0
6280 6.03227e-08 0
6290 5.77271e-08 0
6300 5.52026e-08 0
6310 5.27481e-08 0
6320 5.03624e-08 0
6330 4.80448e-08 0
6340 0.00634943 0.00634939
6350 4.36096e-08 0
6360 4.14905e-08 0
6370 3.9436e-08 0
6380 3.74454e-08 0
6390 3.55179e-08 0
6400 3.3653e-08 0
6410 3.18499e-08 0
6420 3.0108e-08 0
6430 0.00676938 0.00676935
6440 2.68052e-08 0
6450 2.52431e-08 0
6460 2.37397e-08 0
6470 2.22943e-08 0
6480 2.09063e-08 0
6490 1.95748e-08 0
6500 1.82992e-08 0
6510 1.70787e-08 0
6520 1.59124e-08 0
6530 1.47996e-08 0
6540 1.37392e-08 0
6550 1.27305e-08 0
6560 1.17724e-08 0
6570 1.08639e-08 0
6580 1.0004e-08 0
6590 9.19156e-09 0
6600 8.42546e-09 0
6610 7.7045e-09 0
6620 7.02745e-09 0
6630 6.39303e-09 0
6640 5.79992e-09 0
6650 5.24675e-09 0
6660 4.73214e-09 0
6670 4.25466e-09 0
6680 3.81287e-09 0
6690 3.40533e-09 0
6700 0.00817231 0.00817231
6710 2.68712e-09 0
6720 2.37353e-09 0
6730 2.08831e-09 0
6740 1.82995e-09 0
6750 1.59693e-09 0
6760 1.38771e-09 0
6770 1.20077e-09 0
6780 0.00863244 0.00863244
6790 8.87696e-10 0
6800 7.58596e-10 0
6810 6.4583e-10 0
6820 5.47942e-10 0
6830 4.635e-10 0
6840 3.91104e-10 0
6850 3.294e-10 0
6860 2.77089e-10 0
6870 2.32943e-10 0
6880 1.95818e-10 0
6890 0.00930098 0.00930098
6900 1.38566e-10 0
6910 1.16685e-10 0
6920 9.82949e-11 0
6930 0.0095548 0.0095548
6940 6.96032e-11 0
6950 5.83776e-11 0
6960 4.87438e-11 0
6970 4.04169e-11 0
6980 0.00988038 0.00988038
6990 2.692e-11 0
7000 2.1539e-11 0
7010 1.69686e-11 0
7020 1.31345e-11 0
7030 9.9635e-12 0
7040 7.38328e-12 0
7050 5.32327e-12 0
7060 3.71498e-12 0
7070 2.4925e-12 0
7080 1.59309e-12 0
7090 9.57668e-13 0
7100 5.31453e-13 0
7110 2.64558e-13 0
7120 1.12633e-13 0
7130 3.75431e-14 0
7140 8.06411e-15 0
7150 6.12239e-16 0
7160 0.00120197 0.00120197
