0 0 0
10 3.05872e-09 5.67821e-12
20 4.04242e-08 7.50675e-11
30 1.83354e-07 3.51588e-10
40 5.3634e-07 1.06203e-09
50 1.22877e-06 2.5127e-09
60 2.46549e-06 5.08567e-09
70 4.33502e-06 9.23519e-09
80 0.0711977 1.54841e-08
90 1.07447e-05 2.44203e-08
100 0.000721591 3.66938e-08
110 0.000622496 5.30129e-08
120 2.95871e-05 7.41414e-08
130 3.89676e-05 1.00896e-07
140 5.01349e-05 1.34141e-07
150 6.32116e-05 1.74791e-07
160 7.84385e-05 2.238e-07
170 9.58304e-05 2.82165e-07
180 0.185409 3.50922e-07
190 0.00561618 4.31143e-07
200 0.0041588 5.23931e-07
210 0.00137527 6.30422e-07
220 0.000225296 7.5178e-07
230 0.155999 8.89197e-07
240 0.000292344 1.04389e-06
250 0.000329435 1.21709e-06
260 0.000369718 1.41005e-06
270 0.00346096 1.62406e-06
280 0.000456498 1.8604e-06
290 0.000502601 2.12038e-06
300 0.00055069 2.40532e-06
310 0.0111796 2.71654e-06
320 0.000652374 3.05538e-06
330 0.00703274 3.4232e-06
340 0.000760583 3.82134e-06
350 0.00403686 4.25115e-06
360 0.000877615 4.714e-06
370 0.000936347 5.21125e-06
380 0.141251 5.74425e-06
390 0.00105651 6.31438e-06
400 0.00111765 6.92298e-06
410 0.00117931 7.57141e-06
420 0.00261276 8.26103e-06
430 0.0137616 8.99316e-06
440 0.00137357 9.76916e-06
450 0.00360476 1.05904e-05
460 0.0934776 1.14581e-05
470 0.00157492 1.23736e-05
480 0.00598066 1.33382e-05
490 0.00171059 1.43533e-05
500 0.00177218 1.54201e-05
510 0.001846 1.65398e-05
520 0.00190648 1.77137e-05
530 0.00196612 1.8943e-05
540 0.0236706 2.02291e-05
550 0.00278394 2.15729e-05
560 0.00583773 2.29759e-05
570 0.00219475 2.4439e-05
580 0.00698034 2.59636e-05
590 0.00230236 2.75506e-05
600 0.00235432 2.92013e-05
610 0.00243149 3.09166e-05
620 0.0177588 3.26978e-05
630 0.0044864 3.45459e-05
640 0.00263914 3.64618e-05
650 0.00268554 3.84467e-05
660 0.00459128 4.05015e-05
670 0.00277413 4.26271e-05
680 0.00281632 4.48246e-05
690 0.00285711 4.70949e-05
700 0.00289651 4.94388e-05
710 0.00525377 5.18573e-05
720 0.0171068 5.43512e-05
730 0.00300648 5.69214e-05
740 0.00304044 5.95686e-05
750 0.00762883 6.22937e-05
760 0.00388194 6.50975e-05
770 0.00319529 6.79807e-05
780 0.00322416 7.0944e-05
790 0.00325177 7.3988e-05
800 0.00327815 7.71136e-05
810 0.00408411 8.03214e-05
820 0.0340039 8.36119e-05
830 0.00868885 8.69858e-05
840 0.0120221 9.04437e-05
850 0.00349242 9.3986e-05
860 0.00351146 9.76135e-05
870 0.0140194 0.000101326
880 0.0115851 0.000105126
890 0.00356228 0.000109011
900 0.00357722 0.000112984
910 0.00359121 0.000117044
920 0.00360427 0.000121191
930 0.010834 0.000125427
940 0.00552298 0.000129751
950 0.0107486 0.000134164
960 0.00371839 0.000138667
970 0.00621354 0.000143258
980 0.00722349 0.00014794
990 0.00495387 0.000152711
1000 0.0041989 0.000157572
1010 0.00391004 0.000162523
1020 0.00391183 0.000167565
1030 0.00413111 0.000172698
1040 0.00412907 0.000177921
1050 0.0293373 0.000183235
1060 0.00412332 0.00018864
1070 0.00411965 0.000194136
1080 0.00691664 0.000199723
1090 0.00411083 0.000205401
1100 0.00410572 0.00021117
1110 0.00410018 0.00021703
1120 0.00409421 0.000222981
1130 0.00442382 0.000229023
1140 0.00441171 0.000235155
1150 0.00439929 0.000241379
1160 0.00508267 0.000247693
1170 0.00457387 0.000254097
1180 0.00572147 0.000260592
1190 0.00491428 0.000267177
1200 0.00489133 0.000273852
1210 0.0210869 0.000280616
1220 0.00484526 0.00028747
1230 0.00482217 0.000294414
1240 0.00479906 0.000301446
1250 0.00477593 0.000308567
1260 0.0047528 0.000315777
1270 0.00866229 0.000323075
1280 0.00475812 0.00033046
1290 0.0046835 0.000337933
1300 0.00466044 0.000345494
1310 0.00463743 0.000353141
1320 0.0124803 0.000360874
1330 0.00459152 0.000368693
1340 0.00493335 0.000376598
1350 0.00616022 0.000384589
1360 0.00520604 0.000392664
1370 0.00516954 0.000400823
1380 0.00513343 0.000409066
1390 0.0050977 0.000417392
1400 0.00506236 0.000425802
1410 0.00502739 0.000434293
1420 0.0049928 0.000442867
1430 0.0158198 0.000451522
1440 0.00492473 0.000460257
1450 0.00538017 0.000469073
1460 0.00533651 0.000477969
1470 0.00560962 0.000486944
1480 0.00525106 0.000495997
1490 0.00520926 0.000505128
1500 0.00516806 0.000514337
1510 0.00512745 0.000523623
1520 0.00508742 0.000532984
1530 0.00504795 0.000542422
1540 0.00500904 0.000551934
1550 0.00497068 0.000561521
1560 0.00729218 0.000571181
1570 0.00489554 0.000580914
1580 0.00600497 0.00059072
1590 0.00508336 0.000600597
1600 0.005041 0.000610546
1610 0.0049993 0.000620565
1620 0.00495826 0.000630653
1630 0.00491785 0.00064081
1640 0.00487808 0.000651036
1650 0.00483892 0.000661329
1660 0.00480036 0.000671689
1670 0.00847797 0.000682116
1680 0.00472499 0.000692607
1690 0.00468815 0.000703164
1700 0.00465187 0.000713784
1710 0.00461612 0.000724468
1720 0.00644828 0.000735214
1730 0.00636808 0.000746022
1740 0.00830672 0.000756891
1750 0.00621343 0.00076782
1760 0.00613887 0.000778809
1770 0.00606609 0.000789857
1780 0.00599503 0.000800962
1790 0.00592565 0.000812125
1800 0.00838149 0.000823344
1810 0.00825463 0.000834619
1820 0.0087965 0.000845949
1830 0.00882378 0.000857333
1840 0.0132209 0.000868771
1850 0.00778202 0.000880261
1860 0.00767202 0.000891803
1870 0.00756504 0.000903396
1880 0.007461 0.00091504
1890 0.00735979 0.000926733
1900 0.00726131 0.000938474
1910 0.00881471 0.000950264
1920 0.00867961 0.000962101
1930 0.00854835 0.000973984
1940 0.00842079 0.000985912
1950 0.0115968 0.000997886
1960 0.011392 0.0010099
1970 0.0111932 0.00102196
1980 0.0110004 0.00103407
1990 0.0108133 0.00104621
2000 0.0143474 0.0010584
2010 0.0140755 0.00107062
2020 0.0165013 0.00108289
2030 0.0135562 0.00109519
2040 0.0133081 0.00110753
2050 0.0130674 0.00111991
2060 0.0128338 0.00113232
2070 0.0126069 0.00114477
2080 0.0123864 0.00115725
2090 0.0121722 0.00116977
2100 0.0119638 0.00118232
2110 0.0117612 0.0011949
2120 0.0164636 0.00120752
2130 0.0113719 0.00122016
2140 0.0111848 0.00123283
2150 0.0110025 0.00124553
2160 0.0252102 0.00125826
2170 0.0106513 0.00127102
2180 0.0111839 0.00128381
2190 0.0110016 0.00129662
2200 0.0108238 0.00130945
2210 0.0106501 0.00132231
2220 0.0104805 0.00133519
2230 0.0103148 0.0013481
2240 0.0101528 0.00136102
2250 0.00999437 0.00137397
2260 0.00983939 0.00138694
2270 0.0096877 0.00139992
2280 0.00953919 0.00141293
2290 0.00939376 0.00142595
2300 0.00925128 0.00143899
2310 0.00911167 0.00145205
2320 0.00897483 0.00146512
2330 0.00884067 0.0014782
2340 0.00870914 0.0014913
2350 0.00858014 0.00150441
2360 0.00845362 0.00151754
2370 0.00832951 0.00153068
2380 0.00820777 0.00154382
2390 0.00808834 0.00155698
2400 0.00797118 0.00157014
2410 0.00785624 0.00158332
2420 0.0077435 0.0015965
2430 0.0076329 0.00160968
2440 0.00752442 0.00162288
2450 0.00741804 0.00163608
2460 0.00731371 0.00164928
2470 0.00721143 0.00166248
2480 0.00711115 0.00167569
2490 0.00701286 0.0016889
2500 0.00691654 0.00170211
2510 0.00682216 0.00171532
2520 0.00672971 0.00172854
2530 0.00663916 0.00174174
2540 0.0065505 0.00175495
2550 0.00646369 0.00176815
2560 0.00637873 0.00178135
2570 0.0062956 0.00179455
2580 0.00621426 0.00180774
2590 0.00613471 0.00182092
2600 0.00605692 0.0018341
2610 0.00598087 0.00184727
2620 0.00590654 0.00186043
2630 0.00583391 0.00187358
2640 0.00576296 0.00188672
2650 0.00569365 0.00189985
2660 0.00562598 0.00191296
2670 0.00555991 0.00192607
2680 0.00549543 0.00193916
2690 0.0054325 0.00195223
2700 0.00537111 0.00196529
2710 0.00531123 0.00197834
2720 0.00525283 0.00199137
2730 0.0051959 0.00200437
2740 0.00514039 0.00201737
2750 0.0050863 0.00203034
2760 0.00503359 0.00204329
2770 0.00498224 0.00205622
2780 0.00493222 0.00206913
2790 0.00488351 0.00208202
2800 0.00483608 0.00209488
2810 0.0047899 0.00210772
2820 0.00474495 0.00212053
2830 0.0047012 0.00213332
2840 0.00465864 0.00214608
2850 0.00461722 0.00215881
2860 0.00457694 0.00217152
2870 0.00453775 0.00218419
2880 0.00449965 0.00219684
2890 0.0044626 0.00220946
2900 0.00442658 0.00222204
2910 0.00439156 0.00223459
2920 0.00435753 0.00224711
2930 0.00432446 0.00225959
2940 0.00429233 0.00227204
2950 0.00426111 0.00228445
2960 0.00423079 0.00229683
2970 0.00420134 0.00230917
2980 0.00417274 0.00232147
2990 0.00414497 0.00233373
3000 0.00411801 0.00234595
3010 0.00409184 0.00235814
3020 0.00406644 0.00237028
3030 0.00404179 0.00238238
3040 0.00401787 0.00239443
3050 0.00399467 0.00240644
3060 0.00397216 0.00241841
3070 0.00395034 0.00243033
3080 0.00392917 0.00244221
3090 0.00390865 0.00245404
3100 0.00388876 0.00246582
3110 0.00386948 0.00247756
3120 0.0038508 0.00248924
3130 0.0038327 0.00250088
3140 0.00381517 0.00251246
3150 0.00379819 0.002524
3160 0.00378176 0.00253548
3170 0.00376584 0.00254691
3180 0.00375044 0.00255828
3190 0.00373554 0.00256961
3200 0.00372112 0.00258087
3210 0.00370717 0.00259208
3220 0.00369369 0.00260324
3230 0.00368066 0.00261434
3240 0.00366806 0.00262538
3250 0.00365589 0.00263636
3260 0.00364414 0.00264729
3270 0.00363279 0.00265815
3280 0.00362184 0.00266896
3290 0.00361127 0.0026797
3300 0.00360107 0.00269038
3310 0.00359124 0.002701
3320 0.00358176 0.00271156
3330 0.00357263 0.00272206
3340 0.00356384 0.00273249
3350 0.00355538 0.00274286
3360 0.00354723 0.00275316
3370 0.0035394 0.00276339
3380 0.00353187 0.00277357
3390 0.00352464 0.00278367
3400 0.00351769 0.00279371
3410 0.00351102 0.00280368
3420 0.00350463 0.00281358
3430 0.0034985 0.00282341
3440 0.00349263 0.00283318
3450 0.00348701 0.00284287
3460 0.00348164 0.0028525
3470 0.0034765 0.00286205
3480 0.0034716 0.00287154
3490 0.00346692 0.00288095
3500 0.00346246 0.00289029
3510 0.00345822 0.00289956
3520 0.00345418 0.00290876
3530 0.00345035 0.00291789
3540 0.00344671 0.00292694
3550 0.00344326 0.00293592
3560 0.00344 0.00294483
3570 0.00343692 0.00295366
3580 0.00343402 0.00296242
3590 0.00343128 0.0029711
3600 0.00342871 0.00297971
3610 0.00342631 0.00298824
3620 0.00342406 0.0029967
3630 0.00342196 0.00300509
3640 0.00342001 0.0030134
3650 0.0034182 0.00302163
3660 0.00341653 0.00302979
3670 0.003415 0.00303787
3680 0.0034136 0.00304588
3690 0.00341232 0.00305381
3700 0.00341117 0.00306166
3710 0.00341014 0.00306944
3720 0.00340922 0.00307714
3730 0.00340842 0.00308476
3740 0.00340772 0.00309231
3750 0.00340713 0.00309978
3760 0.00340664 0.00310718
3770 0.00340625 0.0031145
3780 0.00340596 0.00312174
3790 0.00340575 0.00312891
3800 0.00340564 0.003136
3810 0.00340561 0.00314301
3820 0.00340567 0.00314995
3830 0.0034058 0.00315681
3840 0.00340602 0.0031636
3850 0.0034063 0.00317031
3860 0.00340667 0.00317694
3870 0.0034071 0.0031835
3880 0.00340759 0.00318999
3890 0.00340815 0.0031964
3900 0.00340878 0.00320273
3910 0.00340946 0.00320899
3920 0.0034102 0.00321518
3930 0.00341099 0.00322129
3940 0.00341184 0.00322733
3950 0.00341274 0.0032333
3960 0.00341369 0.00323919
3970 0.00341468 0.00324501
3980 0.00341572 0.00325076
3990 0.0034168 0.00325643
4000 0.00341792 0.00326204
4010 0.00341908 0.00326757
4020 0.00342028 0.00327303
4030 0.00342152 0.00327842
4040 0.00342278 0.00328374
4050 0.00342408 0.00328899
4060 0.00342541 0.00329418
4070 0.00342677 0.00329929
4080 0.00342815 0.00330433
4090 0.00342956 0.00330931
4100 0.00343099 0.00331422
4110 0.00343245 0.00331907
4120 0.00343393 0.00332384
4130 0.00343543 0.00332856
4140 0.00343695 0.0033332
4150 0.00343848 0.00333779
4160 0.00344004 0.00334231
4170 0.0034416 0.00334676
4180 0.00344318 0.00335115
4190 0.00344478 0.00335549
4200 0.00344639 0.00335976
4210 0.003448 0.00336396
4220 0.00344963 0.00336811
4230 0.00345127 0.0033722
4240 0.00345291 0.00337623
4250 0.00345457 0.00338021
4260 0.00345623 0.00338412
4270 0.00345789 0.00338798
4280 0.00345956 0.00339179
4290 0.00346124 0.00339553
4300 0.00346292 0.00339923
4310 0.0034646 0.00340287
4320 0.00346629 0.00340646
4330 0.00346797 0.00340999
4340 0.00346966 0.00341348
4350 0.00347135 0.00341691
4360 0.00347304 0.00342029
4370 0.00347473 0.00342363
4380 0.00347642 0.00342692
4390 0.00347811 0.00343016
4400 0.0034798 0.00343335
4410 0.00348149 0.0034365
4420 0.00348318 0.00343961
4430 0.00348486 0.00344267
4440 0.00348654 0.00344569
4450 0.00348822 0.00344866
4460 0.0034899 0.0034516
4470 0.00349158 0.00345449
4480 0.00349325 0.00345735
4490 0.00349492 0.00346017
4500 0.00349659 0.00346295
4510 0.00349826 0.0034657
4520 0.00349993 0.00346841
4530 0.00350159 0.00347109
4540 0.00350325 0.00347374
4550 0.00350491 0.00347635
4560 0.00350657 0.00347893
4570 0.00350823 0.00348149
4580 0.00350988 0.00348401
4590 0.00351154 0.00348651
4600 0.00351319 0.00348898
4610 0.00351485 0.00349143
4620 0.0035165 0.00349385
4630 0.00351816 0.00349625
4640 0.00351982 0.00349862
4650 0.00352148 0.00350098
4660 0.00352314 0.00350332
4670 0.0035248 0.00350564
4680 0.00352647 0.00350794
4690 0.00352814 0.00351022
4700 0.00352982 0.0035125
4710 0.00353151 0.00351476
4720 0.0035332 0.003517
4730 0.00353489 0.00351924
4740 0.0035366 0.00352147
4750 0.00353831 0.00352369
4760 0.00354004 0.0035259
4770 0.00354177 0.00352811
4780 0.00354352 0.00353032
4790 0.00354528 0.00353252
4800 0.00354705 0.00353473
4810 0.00354884 0.00353693
4820 0.00355064 0.00353914
4830 0.00355246 0.00354135
4840 0.0035543 0.00354357
4850 0.00355616 0.00354579
4860 0.00355804 0.00354803
4870 0.00355994 0.00355027
4880 0.00356186 0.00355253
4890 0.00356381 0.0035548
4900 0.00356579 0.00355708
4910 0.00356779 0.00355939
4920 0.00356982 0.00356171
4930 0.00357189 0.00356405
4940 0.00357398 0.00356642
4950 0.00357611 0.00356881
4960 0.00357828 0.00357123
4970 0.00358048 0.00357368
4980 0.00358272 0.00357616
4990 6.32858e-06 0
5000 5.40437e-05 4.79375e-05
5010 5.89125e-06 0
5020 5.68353e-06 0
5030 5.48281e-06 0
5040 5.22305e-05 4.69416e-05
5050 5.10152e-06 0
5060 4.92053e-06 0
5070 4.74572e-06 0
5080 4.5769e-06 0
5090 4.41386e-06 0
5100 4.25645e-06 0
5110 4.10447e-06 0
5120 3.95775e-06 0
5130 3.81613e-06 0
5140 0.00331649 0.00331282
5150 0.00334441 0.00334086
5160 3.42022e-06 0
5170 3.29739e-06 0
5180 3.17889e-06 0
5190 4.65422e-05 4.34776e-05
5200 2.9543e-06 0
5210 2.84794e-06 0
5220 2.74537e-06 0
5230 2.64645e-06 0
5240 0.00360459 0.00360204
5250 0.00363451 0.00363205
5260 2.37047e-06 0
5270 2.28501e-06 0
5280 2.20264e-06 0
5290 2.12325e-06 0
5300 2.04674e-06 0
5310 1.973e-06 0
5320 1.90196e-06 0
5330 1.8335e-06 0
5340 0.00391316 0.00391139
5350 1.70401e-06 0
5360 1.6428e-06 0
5370 1.58384e-06 0
5380 1.52704e-06 0
5390 1.47234e-06 0
5400 1.41966e-06 0
5410 1.36892e-06 0
5420 0.00417544 0.00417412
5430 1.273e-06 0
5440 1.22769e-06 0
5450 0.00427746 0.00427627
5460 1.14205e-06 0
5470 0.0043466 0.0043455
5480 1.06264e-06 0
5490 0.00441667 0.00441564
5500 9.89033e-07 0
5510 9.54267e-07 0
5520 9.20793e-07 0
5530 8.88564e-07 0
5540 8.57532e-07 0
5550 8.27653e-07 0
5560 7.98883e-07 0
5570 7.71181e-07 0
5580 7.44506e-07 0
5590 0.00478107 0.00478036
5600 0.00481884 0.00481814
5610 6.70259e-07 0
5620 0.0048951 0.00489445
5630 6.25217e-07 0
5640 6.0393e-07 0
5650 5.83425e-07 0
5660 5.6367e-07 0
5670 5.44637e-07 0
5680 5.26296e-07 0
5690 5.08622e-07 0
5700 4.91588e-07 0
5710 4.75169e-07 0
5720 4.5934e-07 0
5730 0.00533252 0.00533208
5740 4.29361e-07 0
5750 4.15167e-07 0
5760 4.01475e-07 0
5770 3.88265e-07 0
5780 3.75518e-07 0
5790 3.63216e-07 0
5800 3.51339e-07 0
5810 3.39872e-07 0
5820 0.00571394 0.00571361
5830 3.18101e-07 0
5840 3.07766e-07 0
5850 2.97778e-07 0
5860 2.88124e-07 0
5870 2.78789e-07 0
5880 2.69761e-07 0
5890 2.61028e-07 0
5900 2.52577e-07 0
5910 2.44398e-07 0
5920 2.36479e-07 0
5930 2.28811e-07 0
5940 2.21382e-07 0
5950 0.00630446 0.00630425
5960 2.07207e-07 0
5970 2.00444e-07 0
5980 1.93884e-07 0
5990 1.87521e-07 0
6000 1.81347e-07 0
6010 0.00659357 0.00659339
6020 1.69536e-07 0
6030 1.63886e-07 0
6040 1.58398e-07 0
6050 1.53066e-07 0
6060 1.47884e-07 0
6070 1.42847e-07 0
6080 1.3795e-07 0
6090 1.33188e-07 0
6100 1.28556e-07 0
6110 0.00709984 0.00709972
6120 1.19666e-07 0
6130 1.154e-07 0
6140 1.11248e-07 0
6150 1.07207e-07 0
6160 0.00736486 0.00736475
6170 9.9446e-08 0
6180 9.57195e-08 0
6190 9.20921e-08 0
6200 8.85612e-08 0
6210 8.51245e-08 0
6220 8.17796e-08 0
6230 7.85245e-08 0
6240 7.53571e-08 0
6250 7.22756e-08 0
6260 6.92781e-08 0
6270 6.63631e-08 0
6280 6.35288e-08 0
6290 6.0774e-08 0
6300 5.80971e-08 0
6310 5.54968e-08 0
6320 5.29721e-08 0
6330 5.05216e-08 0
6340 0.00838833 0.00838829
6350 4.58393e-08 0
6360 4.36056e-08 0
6370 4.14421e-08 0
6380 3.93481e-08 0
6390 3.73227e-08 0
6400 3.53651e-08 0
6410 3.34743e-08 0
6420 3.16497e-08 0
6430 2.98903e-08 0
6440 2.81954e-08 0
6450 2.65643e-08 0
6460 2.4996e-08 0
6470 2.34898e-08 0
6480 2.20447e-08 0
6490 2.06599e-08 0
6500 1.93345e-08 0
6510 1.80674e-08 0
6520 1.68578e-08 0
6530 1.57045e-08 0
6540 1.46065e-08 0
6550 1.35626e-08 0
6560 1.25718e-08 0
6570 1.16327e-08 0
6580 1.07442e-08 0
6590 9.90486e-09 0
6600 9.11346e-09 0
6610 8.36857e-09 0
6620 7.66876e-09 0
6630 7.01258e-09 0
6640 6.39853e-09 0
6650 5.82509e-09 0
6660 5.29071e-09 0
6670 4.79383e-09 0
6680 4.33288e-09 0
6690 3.90627e-09 0
6700 0.0107966 0.0107966
6710 3.14988e-09 0
6720 2.81699e-09 0
6730 2.51226e-09 0
6740 2.23413e-09 0
6750 1.98108e-09 0
6760 1.75158e-09 0
6770 1.54415e-09 0
6780 0.0114045 0.0114045
6790 1.18977e-09 0
6800 1.04009e-09 0
6810 9.06948e-10 0
6820 7.89013e-10 0
6830 6.84971e-10 0
6840 5.93533e-10 0
6850 5.13449e-10 0
6860 4.43516e-10 0
6870 3.82589e-10 0
6880 3.2959e-10 0
6890 2.83526e-10 0
6900 2.43497e-10 0
6910 2.08694e-10 0
6920 1.78393e-10 0
6930 0.012623 0.012623
6940 1.28889e-10 0
6950 1.08726e-10 0
6960 9.10954e-11 0
6970 7.56768e-11 0
6980 0.0130531 0.0130531
6990 5.05255e-11 0
7000 4.04716e-11 0
7010 3.19192e-11 0
7020 2.4734e-11 0
7030 1.87827e-11 0
7040 1.39334e-11 0
7050 1.00564e-11 0
7060 7.0255e-12 0
7070 4.71859e-12 0
7080 3.01908e-12 0
7090 1.81684e-12 0
7100 1.00938e-12 0
7110 5.03068e-13 0
7120 2.14461e-13 0
7130 7.15992e-14 0
7140 1.54134e-14 0
7150 1.17506e-15 0
7160 0.00158795 0.00158795
