0 0 0
10 3.11224e-09 5.83474e-12
20 4.11362e-08 7.71371e-11
30 1.86578e-07 3.61283e-10
40 5.45754e-07 1.09132e-09
50 1.2503e-06 2.582e-09
60 2.50866e-06 5.22598e-09
70 4.41075e-06 9.49001e-09
80 0.0708344 1.59114e-08
90 1.09315e-05 2.50944e-08
100 0.000730141 3.77067e-08
110 0.000633391 5.44766e-08
120 3.00968e-05 7.61888e-08
130 3.96365e-05 1.03682e-07
140 5.09924e-05 1.37847e-07
150 6.42886e-05 1.7962e-07
160 7.9767e-05 2.29984e-07
170 9.74436e-05 2.89964e-07
180 0.185426 3.60623e-07
190 0.00558915 4.43063e-07
200 0.00416489 5.38418e-07
210 0.00138763 6.47857e-07
220 0.000229017 7.72576e-07
230 0.155963 9.13797e-07
240 0.00029712 1.07277e-06
250 0.000334787 1.25077e-06
260 0.000375674 1.44908e-06
270 0.00346207 1.66902e-06
280 0.00046374 1.91191e-06
290 0.00051052 2.1791e-06
300 0.000559305 2.47194e-06
310 0.0110362 2.7918e-06
320 0.000662428 3.14004e-06
330 0.00705993 3.51807e-06
340 0.000772115 3.92726e-06
350 0.00404493 4.36901e-06
360 0.000890638 4.84471e-06
370 0.000950113 5.35577e-06
380 0.141377 5.90359e-06
390 0.00107174 6.48956e-06
400 0.0011336 7.11508e-06
410 0.00119597 7.78154e-06
420 0.00262163 8.49034e-06
430 0.0137633 9.24284e-06
440 0.0013922 1.00404e-05
450 0.00360022 1.08845e-05
460 0.0933715 1.17763e-05
470 0.00159508 1.27174e-05
480 0.00604819 1.37089e-05
490 0.00173173 1.47522e-05
500 0.00179376 1.58487e-05
510 0.00186798 1.69996e-05
520 0.00192883 1.82063e-05
530 0.00198879 1.94699e-05
540 0.0234579 2.07918e-05
550 0.00279679 2.21732e-05
560 0.0058659 2.36153e-05
570 0.00221833 2.51193e-05
580 0.00701686 2.66864e-05
590 0.00232613 2.83178e-05
600 0.00237814 3.00145e-05
610 0.00245529 3.17779e-05
620 0.0177785 3.36089e-05
630 0.00450749 3.55086e-05
640 0.0026626 3.74781e-05
650 0.0027088 3.95185e-05
660 0.00463526 4.16308e-05
670 0.00279689 4.38159e-05
680 0.00283877 4.60749e-05
690 0.00287921 4.84088e-05
700 0.00291823 5.08184e-05
710 0.00531503 5.33046e-05
720 0.0171792 5.58684e-05
730 0.00302684 5.85107e-05
740 0.00306028 6.12322e-05
750 0.00766449 6.40337e-05
760 0.00391049 6.69162e-05
770 0.00321334 6.98803e-05
780 0.00324155 7.29268e-05
790 0.00326848 7.60564e-05
800 0.00329415 7.92698e-05
810 0.00409922 8.25676e-05
820 0.0339789 8.59507e-05
830 0.00866847 8.94194e-05
840 0.0121145 9.29745e-05
850 0.00350441 9.66166e-05
860 0.00352259 0.000100346
870 0.0140638 0.000104164
880 0.011605 0.00010807
890 0.00357073 0.000112065
900 0.00358475 0.000116149
910 0.0035978 0.000120324
920 0.00360991 0.000124588
930 0.0108541 0.000128943
940 0.00554407 0.00013339
950 0.010788 0.000137927
960 0.00371631 0.000142557
970 0.00605386 0.000147278
980 0.00725691 0.000152092
990 0.00496337 0.000156997
1000 0.00417119 0.000161996
1010 0.0039031 0.000167088
1020 0.0039039 0.000172272
1030 0.00412217 0.00017755
1040 0.00411908 0.000182921
1050 0.0293387 0.000188386
1060 0.00411123 0.000193944
1070 0.00410652 0.000199595
1080 0.00695022 0.00020534
1090 0.00409562 0.000211179
1100 0.00408948 0.000217112
1110 0.00408291 0.000223138
1120 0.00407592 0.000229258
1130 0.00440428 0.000235471
1140 0.00439107 0.000241778
1150 0.00437757 0.000248178
1160 0.00506586 0.000254672
1170 0.00454992 0.000261258
1180 0.00570983 0.000267938
1190 0.00488807 0.00027471
1200 0.00486396 0.000281575
1210 0.0211505 0.000288532
1220 0.00481561 0.000295581
1230 0.0047914 0.000302722
1240 0.00476719 0.000309955
1250 0.00474299 0.000317279
1260 0.0047188 0.000324695
1270 0.00866104 0.000332201
1280 0.00472302 0.000339797
1290 0.00464643 0.000347484
1300 0.00462239 0.00035526
1310 0.00459841 0.000363125
1320 0.0125011 0.00037108
1330 0.00455064 0.000379123
1340 0.00489291 0.000387254
1350 0.0061398 0.000395473
1360 0.00516277 0.000403779
1370 0.00512524 0.000412172
1380 0.00508813 0.000420651
1390 0.00505143 0.000429216
1400 0.00501514 0.000437867
1410 0.00497926 0.000446602
1420 0.00494377 0.000455422
1430 0.0158363 0.000464325
1440 0.00487399 0.000473312
1450 0.00532864 0.000482381
1460 0.00528408 0.000491532
1470 0.00556011 0.000500765
1480 0.00519692 0.000510079
1490 0.00515431 0.000519473
1500 0.00511233 0.000528947
1510 0.00507096 0.0005385
1520 0.0050302 0.000548132
1530 0.00499003 0.000557842
1540 0.00495044 0.000567628
1550 0.00491143 0.000577492
1560 0.00726055 0.000587431
1570 0.00483507 0.000597445
1580 0.00595973 0.000607534
1590 0.00502143 0.000617697
1600 0.00497849 0.000627934
1610 0.00493624 0.000638242
1620 0.00489468 0.000648623
1630 0.00485378 0.000659074
1640 0.00481354 0.000669596
1650 0.00477393 0.000680188
1660 0.00473495 0.000690849
1670 0.00845574 0.000701578
1680 0.00465881 0.000712374
1690 0.00462162 0.000723237
1700 0.00458501 0.000734166
1710 0.00454897 0.00074516
1720 0.00638361 0.000756219
1730 0.00630271 0.000767342
1740 0.00827541 0.000778527
1750 0.00614681 0.000789775
1760 0.00607169 0.000801084
1770 0.00599839 0.000812454
1780 0.00592685 0.000823883
1790 0.00585703 0.000835372
1800 0.00831837 0.000846919
1810 0.00819066 0.000858524
1820 0.00874092 0.000870185
1830 0.0087735 0.000881902
1840 0.0131472 0.000893674
1850 0.00771531 0.000905501
1860 0.00760477 0.000917381
1870 0.00749733 0.000929314
1880 0.00739287 0.000941299
1890 0.00729129 0.000953335
1900 0.00719249 0.000965422
1910 0.0087486 0.000977558
1920 0.00861297 0.000989743
1930 0.00848124 0.00100198
1940 0.00835328 0.00101425
1950 0.0115373 0.00102658
1960 0.0113314 0.00103895
1970 0.0111318 0.00105137
1980 0.0109381 0.00106383
1990 0.0107502 0.00107633
2000 0.014294 0.00108888
2010 0.0140207 0.00110146
2020 0.0164923 0.00111409
2030 0.0134989 0.00112676
2040 0.0132498 0.00113946
2050 0.0130081 0.00115221
2060 0.0127736 0.00116499
2070 0.0125459 0.00117781
2080 0.0123247 0.00119066
2090 0.0121098 0.00120355
2100 0.011901 0.00121647
2110 0.0116978 0.00122943
2120 0.0163929 0.00124242
2130 0.0113078 0.00125544
2140 0.0111204 0.00126849
2150 0.0109379 0.00128157
2160 0.0251151 0.00129468
2170 0.0105863 0.00130782
2180 0.0111227 0.00132098
2190 0.0109402 0.00133418
2200 0.0107622 0.00134739
2210 0.0105884 0.00136064
2220 0.0104188 0.00137391
2230 0.0102531 0.0013872
2240 0.0100911 0.00140051
2250 0.00993272 0.00141385
2260 0.00977782 0.0014272
2270 0.00962625 0.00144058
2280 0.00947789 0.00145398
2290 0.00933262 0.00146739
2300 0.00919033 0.00148082
2310 0.00905094 0.00149427
2320 0.00891434 0.00150774
2330 0.00878045 0.00152122
2340 0.00864919 0.00153472
2350 0.00852049 0.00154822
2360 0.00839429 0.00156175
2370 0.00827053 0.00157528
2380 0.00814915 0.00158882
2390 0.00803009 0.00160238
2400 0.00791333 0.00161595
2410 0.0077988 0.00162952
2420 0.00768648 0.0016431
2430 0.00757633 0.00165669
2440 0.00746832 0.00167028
2450 0.00736242 0.00168388
2460 0.00725859 0.00169749
2470 0.00715682 0.0017111
2480 0.00705708 0.00172471
2490 0.00695934 0.00173832
2500 0.00686359 0.00175194
2510 0.0067698 0.00176556
2520 0.00667795 0.00177917
2530 0.00658802 0.00179279
2540 0.00649999 0.0018064
2550 0.00641384 0.00182001
2560 0.00632955 0.00183361
2570 0.0062471 0.00184722
2580 0.00616647 0.00186081
2590 0.00608764 0.0018744
2600 0.00601059 0.00188799
2610 0.00593529 0.00190156
2620 0.00586174 0.00191513
2630 0.00578989 0.00192869
2640 0.00571974 0.00194223
2650 0.00565125 0.00195577
2660 0.00558441 0.00196929
2670 0.00551919 0.0019828
2680 0.00545557 0.0019963
2690 0.00539352 0.00200979
2700 0.00533302 0.00202325
2710 0.00527404 0.0020367
2720 0.00521656 0.00205014
2730 0.00516056 0.00206356
2740 0.005106 0.00207695
2750 0.00505286 0.00209033
2760 0.00500112 0.00210369
2770 0.00495075 0.00211703
2780 0.00490172 0.00213034
2790 0.004854 0.00214364
2800 0.00480758 0.00215691
2810 0.00476242 0.00217015
2820 0.00471851 0.00218337
2830 0.0046758 0.00219656
2840 0.00463428 0.00220973
2850 0.00459392 0.00222286
2860 0.0045547 0.00223597
2870 0.00451658 0.00224905
2880 0.00447956 0.0022621
2890 0.00444359 0.00227512
2900 0.00440866 0.0022881
2910 0.00437474 0.00230105
2920 0.00434181 0.00231397
2930 0.00430985 0.00232686
2940 0.00427883 0.0023397
2950 0.00424873 0.00235252
2960 0.00421952 0.00236529
2970 0.00419119 0.00237803
2980 0.00416372 0.00239073
2990 0.00413708 0.00240338
3000 0.00411125 0.002416
3010 0.00408621 0.00242858
3020 0.00406195 0.00244111
3030 0.00403843 0.00245361
3040 0.00401566 0.00246605
3050 0.00399359 0.00247846
3060 0.00397223 0.00249082
3070 0.00395154 0.00250313
3080 0.00393152 0.00251539
3090 0.00391214 0.00252761
3100 0.00389339 0.00253978
3110 0.00387525 0.0025519
3120 0.00385771 0.00256397
3130 0.00384075 0.00257599
3140 0.00382436 0.00258796
3150 0.00380852 0.00259988
3160 0.00379321 0.00261174
3170 0.00377843 0.00262355
3180 0.00376416 0.00263531
3190 0.00375038 0.00264701
3200 0.00373709 0.00265865
3210 0.00372427 0.00267024
3220 0.00371191 0.00268177
3230 0.00369999 0.00269324
3240 0.00368851 0.00270465
3250 0.00367746 0.00271601
3260 0.00366681 0.0027273
3270 0.00365657 0.00273854
3280 0.00364671 0.00274971
3290 0.00363724 0.00276082
3300 0.00362814 0.00277187
3310 0.0036194 0.00278285
3320 0.00361101 0.00279377
3330 0.00360296 0.00280463
3340 0.00359524 0.00281542
3350 0.00358785 0.00282615
3360 0.00358077 0.0028368
3370 0.003574 0.0028474
3380 0.00356752 0.00285792
3390 0.00356134 0.00286838
3400 0.00355544 0.00287877
3410 0.00354982 0.00288909
3420 0.00354446 0.00289934
3430 0.00353936 0.00290952
3440 0.00353451 0.00291963
3450 0.00352991 0.00292967
3460 0.00352555 0.00293964
3470 0.00352142 0.00294954
3480 0.00351752 0.00295936
3490 0.00351384 0.00296911
3500 0.00351037 0.00297879
3510 0.00350711 0.0029884
3520 0.00350405 0.00299793
3530 0.00350119 0.00300739
3540 0.00349851 0.00301677
3550 0.00349602 0.00302608
3560 0.00349371 0.00303532
3570 0.00349158 0.00304448
3580 0.00348961 0.00305356
3590 0.00348781 0.00306257
3600 0.00348617 0.0030715
3610 0.00348468 0.00308036
3620 0.00348334 0.00308913
3630 0.00348214 0.00309784
3640 0.00348109 0.00310646
3650 0.00348017 0.00311501
3660 0.00347939 0.00312348
3670 0.00347873 0.00313188
3680 0.0034782 0.00314019
3690 0.00347779 0.00314843
3700 0.00347749 0.00315659
3710 0.0034773 0.00316468
3720 0.00347723 0.00317268
3730 0.00347726 0.00318061
3740 0.00347739 0.00318846
3750 0.00347761 0.00319623
3760 0.00347794 0.00320393
3770 0.00347835 0.00321155
3780 0.00347885 0.00321908
3790 0.00347944 0.00322655
3800 0.00348011 0.00323393
3810 0.00348086 0.00324124
3820 0.00348168 0.00324847
3830 0.00348258 0.00325562
3840 0.00348354 0.0032627
3850 0.00348458 0.00326969
3860 0.00348568 0.00327662
3870 0.00348684 0.00328346
3880 0.00348806 0.00329023
3890 0.00348934 0.00329693
3900 0.00349067 0.00330354
3910 0.00349206 0.00331008
3920 0.0034935 0.00331655
3930 0.00349498 0.00332294
3940 0.00349651 0.00332926
3950 0.00349808 0.0033355
3960 0.0034997 0.00334167
3970 0.00350135 0.00334777
3980 0.00350305 0.00335379
3990 0.00350477 0.00335974
4000 0.00350654 0.00336562
4010 0.00350833 0.00337143
4020 0.00351016 0.00337716
4030 0.00351201 0.00338282
4040 0.00351389 0.00338842
4050 0.0035158 0.00339394
4060 0.00351773 0.00339939
4070 0.00351968 0.00340478
4080 0.00352165 0.00341009
4090 0.00352365 0.00341534
4100 0.00352566 0.00342052
4110 0.00352769 0.00342564
4120 0.00352973 0.00343068
4130 0.00353179 0.00343567
4140 0.00353386 0.00344058
4150 0.00353594 0.00344544
4160 0.00353804 0.00345023
4170 0.00354014 0.00345495
4180 0.00354226 0.00345962
4190 0.00354438 0.00346422
4200 0.00354651 0.00346876
4210 0.00354865 0.00347324
4220 0.00355079 0.00347767
4230 0.00355293 0.00348203
4240 0.00355508 0.00348634
4250 0.00355724 0.00349059
4260 0.00355939 0.00349478
4270 0.00356155 0.00349892
4280 0.00356371 0.003503
4290 0.00356587 0.00350703
4300 0.00356803 0.00351101
4310 0.00357019 0.00351493
4320 0.00357235 0.0035188
4330 0.00357451 0.00352263
4340 0.00357667 0.0035264
4350 0.00357882 0.00353012
4360 0.00358098 0.0035338
4370 0.00358313 0.00353743
4380 0.00358528 0.00354102
4390 0.00358743 0.00354456
4400 0.00358957 0.00354806
4410 0.00359171 0.00355151
4420 0.00359385 0.00355493
4430 0.00359599 0.0035583
4440 0.00359813 0.00356164
4450 0.00360026 0.00356493
4460 0.00360239 0.00356819
4470 0.00360452 0.00357141
4480 0.00360664 0.0035746
4490 0.00360876 0.00357775
4500 0.00361089 0.00358087
4510 0.00361301 0.00358396
4520 0.00361513 0.00358702
4530 0.00361725 0.00359005
4540 0.00361936 0.00359305
4550 0.00362148 0.00359603
4560 0.0036236 0.00359898
4570 0.00362572 0.00360191
4580 0.00362785 0.00360481
4590 0.00362997 0.00360769
4600 0.0036321 0.00361055
4610 0.00363423 0.00361339
4620 0.00363637 0.00361622
4630 0.00363851 0.00361903
4640 0.00364066 0.00362182
4650 0.00364281 0.0036246
4660 0.00364498 0.00362737
4670 0.00364715 0.00363013
4680 0.00364933 0.00363288
4690 0.00365152 0.00363562
4700 0.00365372 0.00363836
4710 0.00365594 0.00364109
4720 0.00365817 0.00364382
4730 0.00366041 0.00364655
4740 0.00366267 0.00364928
4750 0.00366495 0.00365201
4760 0.00366724 0.00365475
4770 0.00366956 0.00365749
4780 0.00367189 0.00366024
4790 0.00367425 0.003663
4800 0.00367664 0.00366577
4810 0.00367905 0.00366856
4820 0.00368148 0.00367136
4830 0.00368395 0.00367417
4840 0.00368644 0.00367701
4850 0.00368897 0.00367986
4860 0.00369153 0.00368274
4870 0.00369413 0.00368565
4880 0.00369676 0.00368858
4890 0.00369943 0.00369154
4900 7.61559e-06 0
4910 6.32641e-05 5.59178e-05
4920 7.08598e-06 0
4930 6.83432e-06 0
4940 6.59107e-06 0
4950 6.11687e-05 5.48127e-05
4960 6.12882e-06 0
4970 5.90932e-06 0
4980 5.69726e-06 0
4990 5.49242e-06 0
5000 5.29457e-06 0
5010 5.10349e-06 0
5020 4.91897e-06 0
5030 4.74081e-06 0
5040 4.56881e-06 0
5050 0.00342412 0.00341972
5060 0.00345334 0.0034491
5070 4.08785e-06 0
5080 3.93859e-06 0
5090 3.79458e-06 0
5100 5.43421e-05 5.06865e-05
5110 3.5216e-06 0
5120 3.39232e-06 0
5130 3.26763e-06 0
5140 3.14738e-06 0
5150 0.00372586 0.00372283
5160 0.00375722 0.0037543
5170 2.81188e-06 0
5180 2.708e-06 0
5190 2.60787e-06 0
5200 2.51137e-06 0
5210 2.41838e-06 0
5220 2.32877e-06 0
5230 2.24244e-06 0
5240 2.15927e-06 0
5250 0.00404939 0.00404731
5260 2.00199e-06 0
5270 1.92766e-06 0
5280 1.85608e-06 0
5290 1.78715e-06 0
5300 1.72078e-06 0
5310 1.65688e-06 0
5320 1.59535e-06 0
5330 0.00432461 0.00432307
5340 1.47911e-06 0
5350 1.42423e-06 0
5360 0.00443171 0.00443033
5370 1.32056e-06 0
5380 0.00450431 0.00450304
5390 1.22455e-06 0
5400 0.00457789 0.00457671
5410 1.13563e-06 0
5420 1.09368e-06 0
5430 1.05331e-06 0
5440 1.01447e-06 0
5450 9.77105e-07 0
5460 9.41153e-07 0
5470 9.06565e-07 0
5480 8.73288e-07 0
5490 8.41275e-07 0
5500 0.00496077 0.00495995
5510 0.00500046 0.00499968
5520 7.52342e-07 0
5530 0.00508062 0.0050799
5540 6.98536e-07 0
5550 6.73153e-07 0
5560 6.48733e-07 0
5570 6.25237e-07 0
5580 6.02631e-07 0
5590 5.80878e-07 0
5600 5.59947e-07 0
5610 5.39805e-07 0
5620 5.20421e-07 0
5630 5.01765e-07 0
5640 0.00554066 0.00554018
5650 4.66525e-07 0
5660 4.49886e-07 0
5670 4.33867e-07 0
5680 4.18444e-07 0
5690 4.03591e-07 0
5700 3.89287e-07 0
5710 3.7551e-07 0
5720 3.62238e-07 0
5730 0.00594206 0.00594171
5740 3.37131e-07 0
5750 3.25257e-07 0
5760 3.13811e-07 0
5770 3.02778e-07 0
5780 2.92139e-07 0
5790 2.81879e-07 0
5800 2.71983e-07 0
5810 2.62436e-07 0
5820 2.53223e-07 0
5830 2.44331e-07 0
5840 2.35748e-07 0
5850 2.27461e-07 0
5860 0.00656393 0.00656371
5870 2.11726e-07 0
5880 2.04256e-07 0
5890 1.97038e-07 0
5900 1.9006e-07 0
5910 1.83314e-07 0
5920 0.00686854 0.00686837
5930 1.70479e-07 0
5940 1.64374e-07 0
5950 1.58466e-07 0
5960 1.52748e-07 0
5970 1.47212e-07 0
5980 1.41851e-07 0
5990 1.36659e-07 0
6000 1.3163e-07 0
6010 1.26757e-07 0
6020 0.00740222 0.0074021
6030 1.17458e-07 0
6040 1.13022e-07 0
6050 1.08721e-07 0
6060 1.04551e-07 0
6070 0.00768169 0.00768159
6080 9.6586e-08 0
6090 9.27832e-08 0
6100 8.9095e-08 0
6110 8.55179e-08 0
6120 8.20486e-08 0
6130 7.8684e-08 0
6140 7.54208e-08 0
6150 7.22564e-08 0
6160 6.91879e-08 0
6170 6.62129e-08 0
6180 6.33289e-08 0
6190 6.05335e-08 0
6200 5.78247e-08 0
6210 5.52003e-08 0
6220 5.26584e-08 0
6230 5.01971e-08 0
6240 4.78148e-08 0
6250 0.00876161 0.00876156
6260 4.32803e-08 0
6270 4.11251e-08 0
6280 3.90427e-08 0
6290 3.70317e-08 0
6300 3.50908e-08 0
6310 3.32188e-08 0
6320 3.14145e-08 0
6330 2.96765e-08 0
6340 2.80039e-08 0
6350 2.63954e-08 0
6360 2.485e-08 0
6370 2.33665e-08 0
6380 2.19439e-08 0
6390 2.0581e-08 0
6400 1.92768e-08 0
6410 1.803e-08 0
6420 1.68396e-08 0
6430 1.57045e-08 0
6440 1.46234e-08 0
6450 1.35951e-08 0
6460 1.26185e-08 0
6470 1.16922e-08 0
6480 1.08151e-08 0
6490 9.98585e-09 0
6500 9.20307e-09 0
6510 8.46544e-09 0
6520 7.77157e-09 0
6530 7.12006e-09 0
6540 6.50947e-09 0
6550 5.93835e-09 0
6560 5.40522e-09 0
6570 4.9086e-09 0
6580 4.44698e-09 0
6590 4.01887e-09 0
6600 3.62278e-09 0
6610 0.0113058 0.0113058
6620 2.92075e-09 0
6630 2.6119e-09 0
6640 2.32922e-09 0
6650 2.07127e-09 0
6660 1.83661e-09 0
6670 1.62382e-09 0
6680 1.43153e-09 0
6690 0.0119485 0.0119485
6700 1.10308e-09 0
6710 9.64373e-10 0
6720 8.41007e-10 0
6730 7.31742e-10 0
6740 6.35356e-10 0
6750 5.50653e-10 0
6760 4.76473e-10 0
6770 4.11698e-10 0
6780 3.55265e-10 0
6790 3.06175e-10 0
6800 2.63505e-10 0
6810 2.2642e-10 0
6820 1.94169e-10 0
6830 1.66081e-10 0
6840 0.0132374 0.0132374
6850 1.20162e-10 0
6860 1.01441e-10 0
6870 8.50593e-11 0
6880 7.07199e-11 0
6890 0.0136926 0.0136926
6900 4.72946e-11 0
6910 3.79157e-11 0
6920 2.99288e-11 0
6930 2.32116e-11 0
6940 1.76419e-11 0
6950 1.30985e-11 0
6960 9.46214e-12 0
6970 6.61615e-12 0
6980 4.4476e-12 0
6990 2.84824e-12 0
7000 1.71557e-12 0
7010 9.53973e-13 0
7020 4.75884e-13 0
7030 2.03055e-13 0
7040 6.7852e-14 0
7050 1.46195e-14 0
7060 1.11543e-15 0
7070 0.00166744 0.00166744
