0 0 0
10 2.74823e-09 6.33752e-12
20 3.58014e-08 8.37784e-11
30 1.62279e-07 3.92358e-10
40 4.74403e-07 1.18509e-09
50 1.08627e-06 2.80362e-09
60 2.18385e-06 5.67405e-09
70 3.83809e-06 1.03028e-08
80 0.116615 1.72726e-08
90 9.50592e-06 2.72389e-08
100 0.000587528 4.09255e-08
110 0.000475188 5.91216e-08
120 2.61568e-05 8.2678e-08
130 3.44449e-05 1.12503e-07
140 4.43123e-05 1.49561e-07
150 5.58685e-05 1.94867e-07
160 6.93089e-05 2.49483e-07
170 8.46706e-05 3.1452e-07
180 0.164271 3.91128e-07
190 0.00690826 4.80498e-07
200 0.00274671 5.83858e-07
210 0.00104332 7.02469e-07
220 0.000200172 8.37625e-07
230 0.134946 9.90647e-07
240 0.000259955 1.16288e-06
250 0.000293081 1.35571e-06
260 0.000329024 1.57051e-06
270 0.00456319 1.80872e-06
280 0.000406666 2.07175e-06
290 0.000448052 2.36105e-06
300 0.000491292 2.67809e-06
310 0.0313223 3.02434e-06
320 0.000582978 3.40128e-06
330 0.00586459 3.81039e-06
340 0.000680939 4.25318e-06
350 0.0034368 4.73114e-06
360 0.000786802 5.24578e-06
370 0.000840374 5.79859e-06
380 0.0950426 6.39109e-06
390 0.000950415 7.02477e-06
400 0.00100664 7.70114e-06
410 0.00106352 8.42169e-06
420 0.00325278 9.1879e-06
430 0.0116432 1.00013e-05
440 0.00124241 1.08632e-05
450 0.00533527 1.17753e-05
460 0.0808067 1.27389e-05
470 0.00146805 1.37555e-05
480 0.00476037 1.48265e-05
490 0.00159704 1.59533e-05
500 0.00165709 1.71374e-05
510 0.00172715 1.838e-05
520 0.00178658 1.96827e-05
530 0.00184543 2.10467e-05
540 0.0418529 2.24734e-05
550 0.00341183 2.39641e-05
560 0.00550401 2.55201e-05
570 0.00207367 2.71426e-05
580 0.00551199 2.8833e-05
590 0.00218266 3.05925e-05
600 0.00223571 3.24222e-05
610 0.00230906 3.43235e-05
620 0.0150966 3.62974e-05
630 0.00405106 3.83452e-05
640 0.00250775 4.04678e-05
650 0.00255613 4.26665e-05
660 0.00398982 4.49424e-05
670 0.00264927 4.72964e-05
680 0.002694 4.97296e-05
690 0.0027375 5.22431e-05
700 0.00277977 5.48378e-05
710 0.00468388 5.75146e-05
720 0.0176412 6.02745e-05
730 0.00289911 6.31183e-05
740 0.00293641 6.60471e-05
750 0.00772164 6.90615e-05
760 0.00359434 7.21625e-05
770 0.00309005 7.53509e-05
780 0.00312255 7.86273e-05
790 0.00315384 8.19926e-05
800 0.00318394 8.54475e-05
810 0.00376446 8.89927e-05
820 0.0297766 9.26288e-05
830 0.0124674 9.63565e-05
840 0.0103448 0.000100176
850 0.00339095 0.000104089
860 0.0034139 0.000108095
870 0.011038 0.000112195
880 0.0101222 0.000116389
890 0.00347634 0.000120678
900 0.0034951 0.000125062
910 0.00351286 0.000129542
920 0.00352966 0.000134118
930 0.00951719 0.000138791
940 0.00578927 0.000143561
950 0.00972642 0.000148427
960 0.00433063 0.000153391
970 0.0665195 0.000158453
980 0.00696073 0.000163613
990 0.0052785 0.000168871
1000 0.0174817 0.000174227
1010 0.00450058 0.000179682
1020 0.00450425 0.000185236
1030 0.00469857 0.000190888
1040 0.00469809 0.00019664
1050 0.0225674 0.00020249
1060 0.00469509 0.00020844
1070 0.00469259 0.000214488
1080 0.00694075 0.000220636
1090 0.00468571 0.000226883
1100 0.00468136 0.000233228
1110 0.00467642 0.000239673
1120 0.0046709 0.000246216
1130 0.00491144 0.000252859
1140 0.00490083 0.000259599
1150 0.00488975 0.000266439
1160 0.00544699 0.000273376
1170 0.00518486 0.000280412
1180 0.00610534 0.000287546
1190 0.00545213 0.000294777
1200 0.00542901 0.000302106
1210 0.0185489 0.000309532
1220 0.00538197 0.000317054
1230 0.00535809 0.000324674
1240 0.00533398 0.000332389
1250 0.00530964 0.0003402
1260 0.00528511 0.000348107
1270 0.00847395 0.000356109
1280 0.00527669 0.000364206
1290 0.00521037 0.000372397
1300 0.00518512 0.000380681
1310 0.00515971 0.00038906
1320 0.0109326 0.000397531
1330 0.00510848 0.000406094
1340 0.00534862 0.00041475
1350 0.00626847 0.000423497
1360 0.00558585 0.000432335
1370 0.00554867 0.000441263
1380 0.00551165 0.000450282
1390 0.00547481 0.000459389
1400 0.00543816 0.000468585
1410 0.00540169 0.00047787
1420 0.00536542 0.000487241
1430 0.0142433 0.0004967
1440 0.00529348 0.000506245
1450 0.0060295 0.000515876
1460 0.00597753 0.000525591
1470 0.00616224 0.000535391
1480 0.00587545 0.000545274
1490 0.00582534 0.00055524
1500 0.00577584 0.000565289
1510 0.00572696 0.000575419
1520 0.00567868 0.000585629
1530 0.005631 0.00059592
1540 0.00558392 0.00060629
1550 0.00553744 0.000616739
1560 0.00725317 0.000627266
1570 0.00544623 0.000637869
1580 0.00626182 0.000648549
1590 0.00603331 0.000659305
1600 0.00597369 0.000670135
1610 0.00591508 0.000681039
1620 0.00585745 0.000692016
1630 0.0058008 0.000703066
1640 0.00574509 0.000714187
1650 0.00569033 0.000725379
1660 0.00563649 0.00073664
1670 0.00860305 0.000747971
1680 0.0055315 0.00075937
1690 0.00548033 0.000770836
1700 0.00543002 0.000782369
1710 0.00538056 0.000793968
1720 0.0068676 0.000805631
1730 0.00678318 0.000817359
1740 0.00829027 0.000829149
1750 0.00662013 0.000841002
1760 0.00654139 0.000852916
1770 0.00646444 0.00086489
1780 0.00638924 0.000876924
1790 0.00631575 0.000889017
1800 0.00801947 0.000901168
1810 0.00790348 0.000913376
1820 0.00828977 0.000925639
1830 0.00833033 0.000937958
1840 0.0132043 0.000950331
1850 0.00746928 0.000962758
1860 0.00736772 0.000975237
1870 0.00726879 0.000987768
1880 0.00717239 0.00100035
1890 0.00707846 0.00101298
1900 0.0069869 0.00102566
1910 0.00943122 0.00103839
1920 0.00927848 0.00105116
1930 0.00913001 0.00106398
1940 0.00898567 0.00107685
1950 0.01159 0.00108976
1960 0.0113854 0.00110272
1970 0.0111868 0.00111571
1980 0.0109939 0.00112875
1990 0.0108067 0.00114183
2000 0.0137239 0.00115495
2010 0.0134699 0.00116811
2020 0.0152647 0.0011813
2030 0.0129844 0.00119454
2040 0.0127524 0.0012078
2050 0.0125271 0.00122111
2060 0.0123083 0.00123445
2070 0.0120958 0.00124782
2080 0.0118894 0.00126122
2090 0.0116887 0.00127466
2100 0.0114935 0.00128813
2110 0.0113037 0.00130162
2120 0.0162994 0.00131515
2130 0.0109393 0.0013287
2140 0.0107642 0.00134228
2150 0.0105937 0.00135589
2160 0.0170428 0.00136952
2170 0.0102655 0.00138318
2180 0.0105795 0.00139685
2190 0.0104126 0.00141056
2200 0.0102499 0.00142428
2210 0.0100911 0.00143802
2220 0.00993611 0.00145179
2230 0.00978478 0.00146557
2240 0.00963697 0.00147937
2250 0.00949254 0.00149319
2260 0.00935136 0.00150702
2270 0.00921332 0.00152087
2280 0.00907829 0.00153473
2290 0.00894618 0.00154861
2300 0.00881688 0.0015625
2310 0.00869031 0.0015764
2320 0.00856636 0.00159031
2330 0.00844497 0.00160423
2340 0.00832605 0.00161816
2350 0.00820954 0.0016321
2360 0.00809537 0.00164605
2370 0.00798347 0.00166
2380 0.0078738 0.00167396
2390 0.0077663 0.00168792
2400 0.00766092 0.00170188
2410 0.00755762 0.00171585
2420 0.00745635 0.00172982
2430 0.00735708 0.00174379
2440 0.00725977 0.00175776
2450 0.00716438 0.00177173
2460 0.00707089 0.00178569
2470 0.00697927 0.00179966
2480 0.00688948 0.00181362
2490 0.00680151 0.00182757
2500 0.00671532 0.00184152
2510 0.00663089 0.00185547
2520 0.00654821 0.0018694
2530 0.00646724 0.00188333
2540 0.00638796 0.00189725
2550 0.00631035 0.00191116
2560 0.0062344 0.00192506
2570 0.00616008 0.00193894
2580 0.00608736 0.00195281
2590 0.00601624 0.00196667
2600 0.00594668 0.00198052
2610 0.00587867 0.00199435
2620 0.00581218 0.00200816
2630 0.0057472 0.00202196
2640 0.0056837 0.00203573
2650 0.00562167 0.00204949
2660 0.00556107 0.00206323
2670 0.0055019 0.00207695
2680 0.00544412 0.00209064
2690 0.00538772 0.00210431
2700 0.00533267 0.00211796
2710 0.00527895 0.00213159
2720 0.00522654 0.00214519
2730 0.00517541 0.00215876
2740 0.00512555 0.0021723
2750 0.00507694 0.00218582
2760 0.00502954 0.00219931
2770 0.00498333 0.00221277
2780 0.0049383 0.00222619
2790 0.00489442 0.00223959
2800 0.00485167 0.00225295
2810 0.00481003 0.00226628
2820 0.00476947 0.00227957
2830 0.00472998 0.00229283
2840 0.00469152 0.00230605
2850 0.00465408 0.00231924
2860 0.00461764 0.00233238
2870 0.00458218 0.00234549
2880 0.00454767 0.00235856
2890 0.0045141 0.00237159
2900 0.00448144 0.00238457
2910 0.00444968 0.00239751
2920 0.00441879 0.00241041
2930 0.00438875 0.00242327
2940 0.00435955 0.00243608
2950 0.00433116 0.00244884
2960 0.00430357 0.00246155
2970 0.00427676 0.00247422
2980 0.00425071 0.00248684
2990 0.0042254 0.00249941
3000 0.00420082 0.00251193
3010 0.00417694 0.0025244
3020 0.00415376 0.00253681
3030 0.00413125 0.00254917
3040 0.0041094 0.00256148
3050 0.0040882 0.00257374
3060 0.00406762 0.00258593
3070 0.00404765 0.00259807
3080 0.00402828 0.00261016
3090 0.00400949 0.00262218
3100 0.00399127 0.00263415
3110 0.00397361 0.00264606
3120 0.00395649 0.0026579
3130 0.00393989 0.00266969
3140 0.00392381 0.00268141
3150 0.00390823 0.00269307
3160 0.00389314 0.00270467
3170 0.00387853 0.0027162
3180 0.00386438 0.00272767
3190 0.00385069 0.00273907
3200 0.00383743 0.0027504
3210 0.00382461 0.00276167
3220 0.00381221 0.00277287
3230 0.00380022 0.002784
3240 0.00378863 0.00279506
3250 0.00377743 0.00280605
3260 0.0037666 0.00281696
3270 0.00375615 0.00282781
3280 0.00374605 0.00283859
3290 0.00373631 0.00284929
3300 0.0037269 0.00285991
3310 0.00371783 0.00287047
3320 0.00370908 0.00288095
3330 0.00370065 0.00289135
3340 0.00369253 0.00290168
3350 0.0036847 0.00291193
3360 0.00367717 0.0029221
3370 0.00366992 0.00293219
3380 0.00366294 0.00294221
3390 0.00365624 0.00295215
3400 0.00364979 0.002962
3410 0.0036436 0.00297178
3420 0.00363766 0.00298148
3430 0.00363195 0.0029911
3440 0.00362649 0.00300063
3450 0.00362124 0.00301008
3460 0.00361622 0.00301945
3470 0.00361142 0.00302874
3480 0.00360682 0.00303794
3490 0.00360243 0.00304707
3500 0.00359824 0.0030561
3510 0.00359423 0.00306505
3520 0.00359041 0.00307392
3530 0.00358678 0.0030827
3540 0.00358332 0.0030914
3550 0.00358003 0.00310001
3560 0.0035769 0.00310854
3570 0.00357394 0.00311698
3580 0.00357113 0.00312533
3590 0.00356847 0.00313359
3600 0.00356595 0.00314177
3610 0.00356358 0.00314986
3620 0.00356135 0.00315787
3630 0.00355925 0.00316578
3640 0.00355728 0.00317361
3650 0.00355543 0.00318135
3660 0.0035537 0.003189
3670 0.00355209 0.00319657
3680 0.00355059 0.00320405
3690 0.0035492 0.00321143
3700 0.00354792 0.00321873
3710 0.00354673 0.00322594
3720 0.00354565 0.00323307
3730 0.00354465 0.0032401
3740 0.00354375 0.00324705
3750 0.00354294 0.00325391
3760 0.00354221 0.00326067
3770 0.00354157 0.00326736
3780 0.003541 0.00327395
3790 0.0035405 0.00328045
3800 0.00354008 0.00328687
3810 0.00353973 0.0032932
3820 0.00353944 0.00329944
3830 0.00353922 0.0033056
3840 0.00353906 0.00331166
3850 0.00353895 0.00331764
3860 0.00353891 0.00332354
3870 0.00353891 0.00332934
3880 0.00353897 0.00333506
3890 0.00353907 0.0033407
3900 0.00353922 0.00334624
3910 0.00353942 0.00335171
3920 0.00353965 0.00335708
3930 0.00353993 0.00336238
3940 0.00354024 0.00336759
3950 0.00354059 0.00337271
3960 0.00354097 0.00337775
3970 0.00354138 0.00338271
3980 0.00354182 0.00338758
3990 0.00354229 0.00339237
4000 0.00354278 0.00339708
4010 0.0035433 0.00340171
4020 0.00354384 0.00340626
4030 0.0035444 0.00341073
4040 0.00354498 0.00341512
4050 0.00354558 0.00341942
4060 0.00354619 0.00342365
4070 0.00354682 0.0034278
4080 0.00354746 0.00343188
4090 0.00354811 0.00343587
4100 0.00354877 0.00343979
4110 0.00354944 0.00344363
4120 0.00355012 0.0034474
4130 0.00355081 0.0034511
4140 0.0035515 0.00345472
4150 0.0035522 0.00345826
4160 0.0035529 0.00346174
4170 0.0035536 0.00346514
4180 0.0035543 0.00346847
4190 0.00355501 0.00347173
4200 0.00355571 0.00347492
4210 0.00355641 0.00347804
4220 0.00355711 0.0034811
4230 0.00355781 0.00348409
4240 0.0035585 0.00348701
4250 0.00355919 0.00348986
4260 0.00355988 0.00349265
4270 0.00356056 0.00349538
4280 0.00356123 0.00349804
4290 0.0035619 0.00350064
4300 0.00356256 0.00350318
4310 0.00356321 0.00350566
4320 0.00356386 0.00350808
4330 0.0035645 0.00351044
4340 0.00356512 0.00351274
4350 0.00356574 0.00351499
4360 0.00356635 0.00351718
4370 0.00356695 0.00351931
4380 0.00356755 0.0035214
4390 0.00356813 0.00352342
4400 0.0035687 0.0035254
4410 0.00356926 0.00352733
4420 0.00356982 0.00352921
4430 0.00357036 0.00353103
4440 0.00357089 0.00353282
4450 0.00357142 0.00353455
4460 0.00357193 0.00353624
4470 0.00357243 0.00353788
4480 0.00357293 0.00353949
4490 0.00357341 0.00354105
4500 0.00357389 0.00354256
4510 0.00357436 0.00354404
4520 0.00357482 0.00354549
4530 0.00357527 0.00354689
4540 0.00357572 0.00354826
4550 0.00357615 0.00354959
4560 0.00357659 0.00355089
4570 0.00357701 0.00355216
4580 0.00357743 0.00355339
4590 0.00357785 0.0035546
4600 0.00357826 0.00355578
4610 0.00357866 0.00355693
4620 0.00357907 0.00355805
4630 0.00357947 0.00355916
4640 0.00357987 0.00356023
4650 0.00358027 0.00356129
4660 0.00358067 0.00356233
4670 0.00358107 0.00356335
4680 0.00358147 0.00356435
4690 0.00358188 0.00356533
4700 0.00358229 0.0035663
4710 0.0035827 0.00356726
4720 0.00358312 0.00356821
4730 0.00358355 0.00356915
4740 0.00358398 0.00357008
4750 0.00358443 0.003571
4760 0.00358488 0.00357192
4770 0.00358535 0.00357284
4780 0.00358583 0.00357375
4790 0.00358633 0.00357467
4800 0.00358684 0.00357559
4810 0.00358736 0.00357651
4820 0.00358791 0.00357744
4830 0.00358847 0.00357837
4840 0.00358906 0.00357932
4850 0.00358967 0.00358027
4860 0.0035903 0.00358124
4870 0.00359097 0.00358223
4880 0.00359165 0.00358323
4890 8.11974e-06 0
4900 5.09478e-05 4.31214e-05
4910 7.54288e-06 0
4920 7.26879e-06 0
4930 7.00389e-06 0
4940 4.90248e-05 4.22769e-05
4950 6.50058e-06 0
4960 6.26165e-06 0
4970 6.03086e-06 0
4980 5.80797e-06 0
4990 5.59275e-06 0
5000 5.38495e-06 0
5010 5.18435e-06 0
5020 4.99073e-06 0
5030 4.80387e-06 0
5040 0.00260655 0.00260193
5050 0.00262877 0.00262432
5060 4.28181e-06 0
5070 4.11997e-06 0
5080 3.96389e-06 0
5090 4.29141e-05 3.91007e-05
5100 3.66831e-06 0
5110 3.52845e-06 0
5120 3.39366e-06 0
5130 3.26378e-06 0
5140 0.00283609 0.00283295
5150 0.00285995 0.00285693
5160 2.90195e-06 0
5170 2.79011e-06 0
5180 2.68242e-06 0
5190 2.57873e-06 0
5200 2.47892e-06 0
5210 2.38285e-06 0
5220 2.29039e-06 0
5230 2.20143e-06 0
5240 0.00308239 0.00308028
5250 2.03349e-06 0
5260 1.95429e-06 0
5270 1.87811e-06 0
5280 1.80487e-06 0
5290 1.73444e-06 0
5300 1.66674e-06 0
5310 1.60167e-06 0
5320 0.00329203 0.00329049
5330 1.426e-05 1.2781e-05
5340 1.42126e-06 0
5350 0.00337362 0.00337226
5360 1.31248e-06 0
5370 0.00342894 0.00342768
5380 1.21211e-06 0
5390 0.00348501 0.00348385
5400 1.11956e-06 0
5410 1.07603e-06 0
5420 1.03424e-06 0
5430 9.94132e-07 0
5440 9.55631e-07 0
5450 9.18678e-07 0
5460 8.83215e-07 0
5470 8.49184e-07 0
5480 8.16528e-07 0
5490 0.00377682 0.00377603
5500 0.00380707 0.00380631
5510 7.2628e-07 0
5520 0.00386818 0.00386748
5530 6.72049e-07 0
5540 6.46571e-07 0
5550 6.22127e-07 0
5560 5.98674e-07 0
5570 5.76171e-07 0
5580 5.54578e-07 0
5590 5.33858e-07 0
5600 5.13973e-07 0
5610 4.94889e-07 0
5620 4.76571e-07 0
5630 0.00421889 0.00421843
5640 4.42105e-07 0
5650 4.25894e-07 0
5660 4.10326e-07 0
5670 3.95373e-07 0
5680 3.81007e-07 0
5690 3.67203e-07 0
5700 3.53936e-07 0
5710 3.41183e-07 0
5720 0.00452493 0.0045246
5730 3.17125e-07 0
5740 3.05778e-07 0
5750 2.94859e-07 0
5760 2.84349e-07 0
5770 2.7423e-07 0
5780 2.64485e-07 0
5790 2.55096e-07 0
5800 2.4605e-07 0
5810 2.3733e-07 0
5820 1.92942e-05 1.90652e-05
5830 2.20815e-07 0
5840 2.12994e-07 0
5850 0.00499913 0.00499893
5860 1.98167e-07 0
5870 1.91138e-07 0
5880 1.8435e-07 0
5890 1.77795e-07 0
5900 1.71462e-07 0
5910 0.00523144 0.00523127
5920 1.59428e-07 0
5930 1.53709e-07 0
5940 1.48179e-07 0
5950 1.42829e-07 0
5960 1.37653e-07 0
5970 1.32644e-07 0
5980 1.27794e-07 0
5990 1.23098e-07 0
6000 1.18551e-07 0
6010 0.00563844 0.00563833
6020 1.09876e-07 0
6030 1.0574e-07 0
6040 1.0173e-07 0
6050 0.00580843 0.00580834
6060 0.00585159 0.0058515
6070 9.04207e-08 0
6080 8.68769e-08 0
6090 8.34399e-08 0
6100 8.01062e-08 0
6110 7.68727e-08 0
6120 7.37362e-08 0
6130 7.06938e-08 0
6140 6.77427e-08 0
6150 6.48805e-08 0
6160 6.21044e-08 0
6170 5.94124e-08 0
6180 5.68021e-08 0
6190 5.42715e-08 0
6200 5.18186e-08 0
6210 4.94417e-08 0
6220 4.71389e-08 0
6230 4.49086e-08 0
6240 0.00667529 0.00667524
6250 4.06595e-08 0
6260 3.8638e-08 0
6270 3.66833e-08 0
6280 3.47943e-08 0
6290 3.29697e-08 0
6300 3.12084e-08 0
6310 2.95094e-08 0
6320 2.78715e-08 0
6330 0.0071221 0.00712208
6340 2.47754e-08 0
6350 2.33151e-08 0
6360 2.19121e-08 0
6370 2.05655e-08 0
6380 1.92743e-08 0
6390 1.80375e-08 0
6400 1.68542e-08 0
6410 1.57234e-08 0
6420 1.46442e-08 0
6430 1.36155e-08 0
6440 1.26364e-08 0
6450 1.17058e-08 0
6460 1.08226e-08 0
6470 9.98579e-09 0
6480 9.19427e-09 0
6490 8.44692e-09 0
6500 7.74258e-09 0
6510 7.08006e-09 0
6520 6.45815e-09 0
6530 5.8756e-09 0
6540 5.33114e-09 0
6550 4.82346e-09 0
6560 4.35123e-09 0
6570 3.91313e-09 0
6580 3.5078e-09 0
6590 3.13388e-09 0
6600 0.0086161 0.0086161
6610 2.47484e-09 0
6620 2.18701e-09 0
6630 1.92517e-09 0
6640 1.68791e-09 0
6650 1.47385e-09 0
6660 1.28157e-09 0
6670 1.10969e-09 0
6680 0.00910646 0.00910646
6690 8.2162e-10 0
6700 7.02721e-10 0
6710 5.98794e-10 0
6720 5.08512e-10 0
6730 4.30569e-10 0
6740 3.63687e-10 0
6750 3.06629e-10 0
6760 2.58208e-10 0
6770 2.173e-10 0
6780 1.8286e-10 0
6790 0.00981921 0.00981921
6800 1.29654e-10 0
6810 1.0928e-10 0
6820 9.21356e-11 0
6830 0.0100899 0.0100899
6840 6.53415e-11 0
6850 5.48407e-11 0
6860 4.582e-11 0
6870 3.80163e-11 0
6880 0.0104371 0.0104371
6890 2.5353e-11 0
6900 2.02984e-11 0
6910 1.60018e-11 0
6920 1.23946e-11 0
6930 9.40869e-12 0
6940 6.97703e-12 0
6950 5.03394e-12 0
6960 3.51559e-12 0
6970 2.36044e-12 0
6980 1.50979e-12 0
6990 9.08263e-13 0
7000 5.04409e-13 0
7010 2.51279e-13 0
7020 1.07056e-13 0
7030 3.5708e-14 0
7040 7.6742e-15 0
7050 5.82756e-16 0
7060 0.00127115 0.00127115
