0 0 0
10 3.11826e-09 5.85278e-12
20 4.12162e-08 7.73757e-11
30 1.8694e-07 3.62401e-10
40 5.46812e-07 1.09469e-09
50 1.25272e-06 2.58999e-09
60 2.5135e-06 5.24215e-09
70 4.41925e-06 9.51938e-09
80 0.0707928 1.59606e-08
90 1.09524e-05 2.51721e-08
100 0.000731128 3.78235e-08
110 0.000634632 5.46453e-08
120 3.01539e-05 7.64249e-08
130 3.97114e-05 1.04004e-07
140 5.10884e-05 1.38274e-07
150 6.44091e-05 1.80177e-07
160 7.99155e-05 2.30697e-07
170 9.76239e-05 2.90862e-07
180 0.185427 3.61741e-07
190 0.0055861 4.44437e-07
200 0.00416554 5.40088e-07
210 0.00138905 6.49867e-07
220 0.000229432 7.74973e-07
230 0.155958 9.16633e-07
240 0.000297653 1.0761e-06
250 0.000335384 1.25465e-06
260 0.000376338 1.45358e-06
270 0.0034622 1.6742e-06
280 0.000464546 1.91785e-06
290 0.000511401 2.18587e-06
300 0.000560263 2.47962e-06
310 0.0110201 2.80047e-06
320 0.000663545 3.1498e-06
330 0.00706311 3.52901e-06
340 0.000773396 3.93947e-06
350 0.00404584 4.38259e-06
360 0.000892082 4.85978e-06
370 0.000951639 5.37243e-06
380 0.14139 5.92196e-06
390 0.00107343 6.50976e-06
400 0.00113536 7.13723e-06
410 0.00119781 7.80577e-06
420 0.00262261 8.51677e-06
430 0.0137636 9.27163e-06
440 0.00139426 1.00717e-05
450 0.00359966 1.09184e-05
460 0.0933594 1.1813e-05
470 0.0015973 1.2757e-05
480 0.00605586 1.37516e-05
490 0.00173405 1.47982e-05
500 0.00179613 1.58981e-05
510 0.00187039 1.70527e-05
520 0.00193128 1.82631e-05
530 0.00199127 1.95307e-05
540 0.0234337 2.08567e-05
550 0.00279815 2.22424e-05
560 0.00586906 2.3689e-05
570 0.0022209 2.51977e-05
580 0.00702094 2.67697e-05
590 0.00232872 2.84062e-05
600 0.00238073 3.01083e-05
610 0.00245787 3.18772e-05
620 0.0177808 3.37139e-05
630 0.00450977 3.56196e-05
640 0.00266513 3.75953e-05
650 0.00271131 3.96421e-05
660 0.00464015 4.1761e-05
670 0.00279933 4.3953e-05
680 0.00284117 4.62191e-05
690 0.00288157 4.85603e-05
700 0.00292054 5.09774e-05
710 0.00532187 5.34715e-05
720 0.0171867 5.60434e-05
730 0.00302899 5.86939e-05
740 0.00306237 6.1424e-05
750 0.00766819 6.42343e-05
760 0.00391357 6.71259e-05
770 0.00321521 7.00993e-05
780 0.00324335 7.31554e-05
790 0.0032702 7.62948e-05
800 0.00329579 7.95183e-05
810 0.00410076 8.28266e-05
820 0.0339762 8.62203e-05
830 0.00866604 8.97e-05
840 0.012125 9.32663e-05
850 0.00350558 9.69199e-05
860 0.00352366 0.000100661
870 0.0140689 0.000104491
880 0.0116072 0.000108409
890 0.00357149 0.000112417
900 0.0035854 0.000116514
910 0.00359835 0.000120702
920 0.00361035 0.00012498
930 0.0108563 0.000129349
940 0.00554632 0.000133809
950 0.0107924 0.000138361
960 0.00371589 0.000143005
970 0.00603634 0.000147741
980 0.00726058 0.00015257
990 0.00496427 0.000157492
1000 0.00416797 0.000162506
1010 0.00390212 0.000167614
1020 0.00390281 0.000172815
1030 0.00412095 0.000178109
1040 0.00411774 0.000183497
1050 0.0293389 0.000188979
1060 0.00410966 0.000194555
1070 0.00410483 0.000200225
1080 0.00695388 0.000205988
1090 0.0040937 0.000211846
1100 0.00408744 0.000217797
1110 0.00408075 0.000223842
1120 0.00407365 0.000229982
1130 0.00440186 0.000236215
1140 0.00438853 0.000242542
1150 0.00437491 0.000248962
1160 0.00506377 0.000255476
1170 0.004547 0.000262084
1180 0.00570831 0.000268785
1190 0.00488489 0.000275578
1200 0.00486065 0.000282465
1210 0.0211578 0.000289445
1220 0.00481204 0.000296516
1230 0.00478771 0.00030368
1240 0.00476338 0.000310936
1250 0.00473906 0.000318284
1260 0.00471476 0.000325723
1270 0.00866081 0.000333253
1280 0.00471886 0.000340874
1290 0.00464205 0.000348585
1300 0.0046179 0.000356386
1310 0.00459381 0.000364277
1320 0.0125034 0.000372257
1330 0.00454583 0.000380326
1340 0.00488816 0.000388483
1350 0.00613736 0.000396728
1360 0.00515768 0.000405061
1370 0.00512005 0.000413481
1380 0.00508283 0.000421987
1390 0.00504602 0.00043058
1400 0.00500963 0.000439258
1410 0.00497364 0.000448021
1420 0.00493806 0.000456869
1430 0.0158383 0.000465801
1440 0.0048681 0.000474817
1450 0.00532265 0.000483915
1460 0.00527799 0.000493096
1470 0.00555436 0.000502359
1480 0.00519065 0.000511703
1490 0.00514795 0.000521127
1500 0.00510588 0.000530632
1510 0.00506443 0.000540216
1520 0.00502359 0.000549879
1530 0.00498335 0.00055962
1540 0.00494369 0.000569438
1550 0.00490461 0.000579333
1560 0.00725691 0.000589305
1570 0.00482813 0.000599352
1580 0.00595454 0.000609473
1590 0.00501432 0.000619669
1600 0.00497132 0.000629939
1610 0.00492902 0.000640281
1620 0.0048874 0.000650695
1630 0.00484645 0.00066118
1640 0.00480616 0.000671737
1650 0.00476651 0.000682363
1660 0.00472749 0.000693058
1670 0.00845327 0.000703822
1680 0.00465127 0.000714653
1690 0.00461405 0.000725552
1700 0.0045774 0.000736516
1710 0.00454133 0.000747547
1720 0.0063762 0.000758641
1730 0.00629524 0.0007698
1740 0.00827182 0.000781022
1750 0.0061392 0.000792307
1760 0.00606403 0.000803653
1770 0.00599067 0.00081506
1780 0.00591909 0.000826527
1790 0.00584923 0.000838053
1800 0.00831112 0.000849638
1810 0.00818333 0.00086128
1820 0.00873456 0.00087298
1830 0.00876776 0.000884735
1840 0.0131386 0.000896546
1850 0.00770771 0.000908412
1860 0.00759712 0.000920331
1870 0.00748963 0.000932303
1880 0.00738513 0.000944328
1890 0.00728352 0.000956403
1900 0.00718469 0.00096853
1910 0.00874107 0.000980705
1920 0.0086054 0.00099293
1930 0.00847363 0.0010052
1940 0.00834562 0.00101752
1950 0.0115304 0.00102989
1960 0.0113245 0.0010423
1970 0.0111247 0.00105476
1980 0.010931 0.00106726
1990 0.010743 0.00107981
2000 0.0142878 0.00109239
2010 0.0140143 0.00110502
2020 0.0164912 0.00111769
2030 0.0134923 0.0011304
2040 0.0132431 0.00114315
2050 0.0130013 0.00115593
2060 0.0127667 0.00116876
2070 0.0125389 0.00118162
2080 0.0123177 0.00119451
2090 0.0121028 0.00120745
2100 0.0118938 0.00122041
2110 0.0116907 0.00123341
2120 0.0163847 0.00124644
2130 0.0113006 0.00125951
2140 0.0111132 0.0012726
2150 0.0109306 0.00128573
2160 0.0251038 0.00129888
2170 0.010579 0.00131206
2180 0.0111158 0.00132527
2190 0.0109333 0.00133851
2200 0.0107553 0.00135177
2210 0.0105816 0.00136506
2220 0.0104119 0.00137837
2230 0.0102462 0.00139171
2240 0.0100842 0.00140507
2250 0.00992587 0.00141845
2260 0.00977099 0.00143185
2270 0.00961944 0.00144527
2280 0.0094711 0.00145871
2290 0.00932586 0.00147217
2300 0.0091836 0.00148565
2310 0.00904424 0.00149914
2320 0.00890767 0.00151266
2330 0.00877382 0.00152618
2340 0.0086426 0.00153972
2350 0.00851394 0.00155328
2360 0.00838779 0.00156685
2370 0.00826407 0.00158042
2380 0.00814273 0.00159402
2390 0.00802373 0.00160762
2400 0.00790701 0.00162123
2410 0.00779254 0.00163485
2420 0.00768027 0.00164848
2430 0.00757018 0.00166211
2440 0.00746223 0.00167575
2450 0.00735638 0.0016894
2460 0.00725262 0.00170305
2470 0.00715091 0.00171671
2480 0.00705123 0.00173036
2490 0.00695356 0.00174403
2500 0.00685788 0.00175769
2510 0.00676416 0.00177135
2520 0.00667238 0.00178501
2530 0.00658253 0.00179867
2540 0.00649457 0.00181233
2550 0.0064085 0.00182599
2560 0.00632429 0.00183964
2570 0.00624193 0.00185329
2580 0.00616138 0.00186693
2590 0.00608264 0.00188057
2600 0.00600567 0.0018942
2610 0.00593047 0.00190782
2620 0.005857 0.00192144
2630 0.00578525 0.00193504
2640 0.00571519 0.00194864
2650 0.0056468 0.00196222
2660 0.00558005 0.00197579
2670 0.00551493 0.00198935
2680 0.00545141 0.00200289
2690 0.00538947 0.00201642
2700 0.00532907 0.00202994
2710 0.0052702 0.00204344
2720 0.00521283 0.00205692
2730 0.00515693 0.00207038
2740 0.00510248 0.00208383
2750 0.00504946 0.00209726
2760 0.00499783 0.00211066
2770 0.00494757 0.00212405
2780 0.00489865 0.00213741
2790 0.00485106 0.00215075
2800 0.00480475 0.00216406
2810 0.00475971 0.00217735
2820 0.00471591 0.00219062
2830 0.00467332 0.00220386
2840 0.00463192 0.00221707
2850 0.00459169 0.00223025
2860 0.00455259 0.00224341
2870 0.0045146 0.00225653
2880 0.00447769 0.00226963
2890 0.00444185 0.00228269
2900 0.00440705 0.00229572
2910 0.00437326 0.00230872
2920 0.00434045 0.00232169
2930 0.00430862 0.00233462
2940 0.00427772 0.00234751
2950 0.00424775 0.00236037
2960 0.00421867 0.00237319
2970 0.00419047 0.00238597
2980 0.00416313 0.00239872
2990 0.00413661 0.00241142
3000 0.00411091 0.00242408
3010 0.00408601 0.00243671
3020 0.00406187 0.00244929
3030 0.00403849 0.00246182
3040 0.00401584 0.00247432
3050 0.00399391 0.00248677
3060 0.00397267 0.00249917
3070 0.00395212 0.00251153
3080 0.00393222 0.00252384
3090 0.00391298 0.0025361
3100 0.00389436 0.00254832
3110 0.00387635 0.00256048
3120 0.00385894 0.0025726
3130 0.00384211 0.00258466
3140 0.00382584 0.00259668
3150 0.00381013 0.00260864
3160 0.00379496 0.00262054
3170 0.0037803 0.0026324
3180 0.00376616 0.0026442
3190 0.00375251 0.00265594
3200 0.00373935 0.00266763
3210 0.00372666 0.00267926
3220 0.00371442 0.00269083
3230 0.00370263 0.00270235
3240 0.00369128 0.0027138
3250 0.00368035 0.0027252
3260 0.00366983 0.00273654
3270 0.00365971 0.00274782
3280 0.00364998 0.00275903
3290 0.00364063 0.00277018
3300 0.00363165 0.00278127
3310 0.00362304 0.0027923
3320 0.00361477 0.00280326
3330 0.00360684 0.00281416
3340 0.00359925 0.00282499
3350 0.00359197 0.00283576
3360 0.00358502 0.00284646
3370 0.00357837 0.00285709
3380 0.00357201 0.00286766
3390 0.00356595 0.00287816
3400 0.00356017 0.00288859
3410 0.00355466 0.00289895
3420 0.00354942 0.00290924
3430 0.00354443 0.00291946
3440 0.0035397 0.00292961
3450 0.00353522 0.00293969
3460 0.00353097 0.0029497
3470 0.00352696 0.00295964
3480 0.00352317 0.0029695
3490 0.0035196 0.00297929
3500 0.00351624 0.00298901
3510 0.00351309 0.00299866
3520 0.00351014 0.00300823
3530 0.00350739 0.00301772
3540 0.00350482 0.00302715
3550 0.00350244 0.0030365
3560 0.00350024 0.00304577
3570 0.00349821 0.00305496
3580 0.00349635 0.00306409
3590 0.00349465 0.00307313
3600 0.00349311 0.0030821
3610 0.00349172 0.00309099
3620 0.00349049 0.00309981
3630 0.00348939 0.00310855
3640 0.00348844 0.00311721
3650 0.00348762 0.0031258
3660 0.00348694 0.0031343
3670 0.00348638 0.00314273
3680 0.00348594 0.00315109
3690 0.00348563 0.00315936
3700 0.00348543 0.00316756
3710 0.00348534 0.00317568
3720 0.00348535 0.00318372
3730 0.00348548 0.00319168
3740 0.0034857 0.00319957
3750 0.00348602 0.00320738
3760 0.00348643 0.00321511
3770 0.00348694 0.00322276
3780 0.00348753 0.00323033
3790 0.0034882 0.00323783
3800 0.00348896 0.00324525
3810 0.00348979 0.00325259
3820 0.0034907 0.00325985
3830 0.00349168 0.00326704
3840 0.00349273 0.00327415
3850 0.00349385 0.00328118
3860 0.00349503 0.00328814
3870 0.00349628 0.00329502
3880 0.00349758 0.00330182
3890 0.00349894 0.00330855
3900 0.00350035 0.0033152
3910 0.00350182 0.00332177
3920 0.00350333 0.00332827
3930 0.00350489 0.0033347
3940 0.0035065 0.00334105
3950 0.00350815 0.00334732
3960 0.00350984 0.00335353
3970 0.00351156 0.00335965
3980 0.00351333 0.00336571
3990 0.00351513 0.00337169
4000 0.00351696 0.0033776
4010 0.00351883 0.00338344
4020 0.00352072 0.00338921
4030 0.00352265 0.0033949
4040 0.0035246 0.00340053
4050 0.00352657 0.00340608
4060 0.00352857 0.00341157
4070 0.00353059 0.00341698
4080 0.00353263 0.00342233
4090 0.00353468 0.00342761
4100 0.00353676 0.00343282
4110 0.00353885 0.00343797
4120 0.00354096 0.00344305
4130 0.00354308 0.00344806
4140 0.00354522 0.00345301
4150 0.00354736 0.0034579
4160 0.00354952 0.00346272
4170 0.00355168 0.00346748
4180 0.00355386 0.00347218
4190 0.00355604 0.00347681
4200 0.00355823 0.00348139
4210 0.00356042 0.0034859
4220 0.00356262 0.00349036
4230 0.00356482 0.00349476
4240 0.00356703 0.0034991
4250 0.00356924 0.00350338
4260 0.00357145 0.0035076
4270 0.00357366 0.00351178
4280 0.00357588 0.00351589
4290 0.00357809 0.00351996
4300 0.00358031 0.00352397
4310 0.00358252 0.00352793
4320 0.00358474 0.00353183
4330 0.00358695 0.00353569
4340 0.00358916 0.0035395
4350 0.00359137 0.00354326
4360 0.00359358 0.00354698
4370 0.00359579 0.00355064
4380 0.00359799 0.00355427
4390 0.00360019 0.00355784
4400 0.00360239 0.00356138
4410 0.00360458 0.00356487
4420 0.00360678 0.00356832
4430 0.00360897 0.00357174
4440 0.00361115 0.00357511
4450 0.00361334 0.00357844
4460 0.00361552 0.00358174
4470 0.0036177 0.00358501
4480 0.00361988 0.00358823
4490 0.00362206 0.00359143
4500 0.00362423 0.00359459
4510 0.00362641 0.00359772
4520 0.00362858 0.00360083
4530 0.00363075 0.0036039
4540 0.00363293 0.00360695
4550 0.0036351 0.00360997
4560 0.00363728 0.00361296
4570 0.00363945 0.00361593
4580 0.00364163 0.00361888
4590 0.00364382 0.00362181
4600 0.003646 0.00362472
4610 0.00364819 0.00362762
4620 0.00365039 0.00363049
4630 0.00365259 0.00363335
4640 0.00365479 0.0036362
4650 0.00365701 0.00363903
4660 0.00365923 0.00364186
4670 0.00366147 0.00364467
4680 0.00366371 0.00364748
4690 0.00366597 0.00365028
4700 0.00366823 0.00365307
4710 0.00367051 0.00365587
4720 0.00367281 0.00365866
4730 0.00367512 0.00366145
4740 0.00367745 0.00366424
4750 0.0036798 0.00366704
4760 0.00368216 0.00366984
4770 0.00368455 0.00367265
4780 0.00368696 0.00367547
4790 0.0036894 0.0036783
4800 0.00369186 0.00368115
4810 0.00369435 0.003684
4820 0.00369686 0.00368688
4830 0.00369941 0.00368977
4840 0.00370199 0.00369269
4850 0.0037046 0.00369562
4860 0.00370724 0.00369858
4870 0.00370993 0.00370157
4880 0.00371265 0.00370459
4890 7.77685e-06 0
4900 6.43763e-05 5.68745e-05
4910 7.23579e-06 0
4920 6.97867e-06 0
4930 6.73014e-06 0
4940 6.22506e-05 5.57607e-05
4950 6.25782e-06 0
4960 6.03354e-06 0
4970 5.81685e-06 0
4980 5.60752e-06 0
4990 5.40533e-06 0
5000 5.21006e-06 0
5010 5.02149e-06 0
5020 4.83941e-06 0
5030 4.66362e-06 0
5040 0.00343628 0.00343178
5050 0.00346565 0.00346132
5060 4.17205e-06 0
5070 4.01949e-06 0
5080 3.87229e-06 0
5090 5.53017e-05 5.15715e-05
5100 3.59327e-06 0
5110 3.46112e-06 0
5120 3.33367e-06 0
5130 3.21075e-06 0
5140 0.00373958 0.00373649
5150 0.0037711 0.00376812
5160 2.8678e-06 0
5170 2.76161e-06 0
5180 2.65926e-06 0
5190 2.56062e-06 0
5200 2.46556e-06 0
5210 2.37397e-06 0
5220 2.28572e-06 0
5230 2.2007e-06 0
5240 0.00406481 0.0040627
5250 2.03993e-06 0
5260 1.96396e-06 0
5270 1.89079e-06 0
5280 1.82034e-06 0
5290 1.7525e-06 0
5300 1.68718e-06 0
5310 1.6243e-06 0
5320 0.00434152 0.00433995
5330 1.5055e-06 0
5340 1.44941e-06 0
5350 0.0044492 0.0044478
5360 1.34348e-06 0
5370 0.0045222 0.0045209
5380 1.24537e-06 0
5390 0.00459618 0.00459498
5400 1.15453e-06 0
5410 1.11167e-06 0
5420 1.07043e-06 0
5430 1.03076e-06 0
5440 9.92593e-07 0
5450 9.55875e-07 0
5460 9.20551e-07 0
5470 8.86571e-07 0
5480 8.53882e-07 0
5490 0.00498117 0.00498035
5500 0.00502109 0.0050203
5510 7.63092e-07 0
5520 0.0051017 0.00510097
5530 7.08177e-07 0
5540 6.82276e-07 0
5550 6.5736e-07 0
5560 6.3339e-07 0
5570 6.1033e-07 0
5580 5.88144e-07 0
5590 5.668e-07 0
5600 5.46263e-07 0
5610 5.26502e-07 0
5620 5.07486e-07 0
5630 0.00556434 0.00556385
5640 4.71576e-07 0
5650 4.54626e-07 0
5660 4.3831e-07 0
5670 4.22603e-07 0
5680 4.07482e-07 0
5690 3.92922e-07 0
5700 3.78901e-07 0
5710 3.65398e-07 0
5720 0.00596803 0.00596768
5730 3.39861e-07 0
5740 3.27789e-07 0
5750 3.16156e-07 0
5760 3.04944e-07 0
5770 2.94136e-07 0
5780 2.83717e-07 0
5790 2.73669e-07 0
5800 2.63979e-07 0
5810 2.54632e-07 0
5820 2.45613e-07 0
5830 2.36909e-07 0
5840 2.28509e-07 0
5850 0.0065935 0.00659328
5860 2.12568e-07 0
5870 2.05004e-07 0
5880 1.97697e-07 0
5890 1.90637e-07 0
5900 1.83813e-07 0
5910 0.0068999 0.00689972
5920 1.7084e-07 0
5930 1.64672e-07 0
5940 1.58706e-07 0
5950 1.52933e-07 0
5960 1.47347e-07 0
5970 1.4194e-07 0
5980 1.36706e-07 0
5990 1.31638e-07 0
6000 1.26729e-07 0
6010 0.00743673 0.00743661
6020 1.17368e-07 0
6030 1.12905e-07 0
6040 1.0858e-07 0
6050 1.04389e-07 0
6060 0.00771787 0.00771776
6070 9.63876e-08 0
6080 9.257e-08 0
6090 8.8869e-08 0
6100 8.5281e-08 0
6110 8.18026e-08 0
6120 7.84304e-08 0
6130 7.51613e-08 0
6140 7.19924e-08 0
6150 6.89208e-08 0
6160 6.59438e-08 0
6170 6.3059e-08 0
6180 6.0264e-08 0
6190 5.75564e-08 0
6200 5.49342e-08 0
6210 5.23953e-08 0
6220 4.99377e-08 0
6230 4.75598e-08 0
6240 0.00880428 0.00880424
6250 4.30358e-08 0
6260 4.08867e-08 0
6270 3.88107e-08 0
6280 3.68065e-08 0
6290 3.48727e-08 0
6300 3.30081e-08 0
6310 3.12113e-08 0
6320 2.9481e-08 0
6330 2.78162e-08 0
6340 2.62156e-08 0
6350 2.46781e-08 0
6360 2.32026e-08 0
6370 2.17878e-08 0
6380 2.04327e-08 0
6390 1.91362e-08 0
6400 1.7897e-08 0
6410 1.67141e-08 0
6420 1.55862e-08 0
6430 1.45122e-08 0
6440 1.34908e-08 0
6450 1.25208e-08 0
6460 1.16011e-08 0
6470 1.07302e-08 0
6480 9.90684e-09 0
6490 9.12977e-09 0
6500 8.39759e-09 0
6510 7.70893e-09 0
6520 7.06235e-09 0
6530 6.45644e-09 0
6540 5.88974e-09 0
6550 5.36077e-09 0
6560 4.86805e-09 0
6570 4.4101e-09 0
6580 3.98542e-09 0
6590 3.59251e-09 0
6600 0.0113641 0.0113641
6610 2.89619e-09 0
6620 2.58986e-09 0
6630 2.30951e-09 0
6640 2.0537e-09 0
6650 1.82099e-09 0
6660 1.60999e-09 0
6670 1.41931e-09 0
6680 0.0120109 0.0120109
6690 1.09364e-09 0
6700 9.56109e-10 0
6710 8.33796e-10 0
6720 7.25466e-10 0
6730 6.29909e-10 0
6740 5.45937e-10 0
6750 4.72399e-10 0
6760 4.08186e-10 0
6770 3.52243e-10 0
6780 3.03581e-10 0
6790 2.61283e-10 0
6800 2.24521e-10 0
6810 1.92551e-10 0
6820 1.64708e-10 0
6830 0.0133079 0.0133079
6840 1.19185e-10 0
6850 1.00624e-10 0
6860 8.43814e-11 0
6870 7.01623e-11 0
6880 0.013766 0.013766
6890 4.693e-11 0
6900 3.76267e-11 0
6910 2.97033e-11 0
6920 2.30388e-11 0
6930 1.75122e-11 0
6940 1.30034e-11 0
6950 9.39434e-12 0
6960 6.56936e-12 0
6970 4.41657e-12 0
6980 2.82864e-12 0
6990 1.70393e-12 0
7000 9.4759e-13 0
7010 4.72746e-13 0
7020 2.01736e-13 0
7030 6.74176e-14 0
7040 1.45273e-14 0
7050 1.10848e-15 0
7060 0.00167657 0.00167657
