0 1.29985e-20 2.00767e-23 0
10 3.89957e-20 2.11655e-23 9.44529e-25
20 6.4993e-20 2.23102e-23 4.72266e-25
30 9.09905e-20 2.35136e-23 3.14845e-25
40 1.16988e-19 2.47785e-23 2.36135e-25
50 1.42987e-19 2.61078e-23 1.88909e-25
60 1.68985e-19 2.75046e-23 1.57426e-25
70 1.94985e-19 2.89721e-23 1.34938e-25
80 2.20985e-19 3.05137e-23 1.18072e-25
90 2.46986e-19 3.21329e-23 1.04954e-25
100 2.72987e-19 3.38334e-23 9.44603e-26
110 2.9899e-19 3.56189e-23 8.58744e-26
120 3.24994e-19 3.74934e-23 7.87196e-26
130 3.50999e-19 3.94611e-23 7.26657e-26
140 3.77005e-19 4.15263e-23 6.74767e-26
150 4.03012e-19 4.36936e-23 6.29797e-26
160 4.29021e-19 4.59676e-23 5.90449e-26
170 4.55031e-19 4.83533e-23 5.55731e-26
180 4.81043e-19 5.08557e-23 5.24871e-26
190 5.07057e-19 5.34803e-23 4.97261e-26
200 5.33073e-19 5.62325e-23 4.72413e-26
210 5.5909e-19 5.91182e-23 4.49931e-26
220 5.8511e-19 6.21433e-23 4.29494e-26
230 6.11131e-19 6.53142e-23 4.10835e-26
240 6.37155e-19 6.86375e-23 3.93732e-26
250 6.63181e-19 7.21198e-23 3.77997e-26
260 6.89209e-19 7.57683e-23 3.63473e-26
270 7.1524e-19 7.95904e-23 3.50026e-26
280 7.41273e-19 8.35936e-23 3.37539e-26
290 7.67309e-19 8.77861e-23 3.25915e-26
300 7.93348e-19 9.21762e-23 3.15065e-26
310 8.19389e-19 9.67723e-23 3.04917e-26
320 8.45433e-19 1.01584e-22 2.95403e-26
330 8.71481e-19 1.06619e-22 2.86466e-26
340 8.97531e-19 1.11889e-22 2.78055e-26
350 9.23585e-19 1.17403e-22 2.70125e-26
360 9.49642e-19 1.23172e-22 2.62636e-26
370 9.75702e-19 1.29206e-22 2.55553e-26
380 1.00177e-18 1.35518e-22 2.48842e-26
390 1.02783e-18 1.42117e-22 2.42476e-26
400 1.0539e-18 1.49018e-22 2.36429e-26
410 1.07998e-18 1.56232e-22 2.30677e-26
420 1.10606e-18 1.63773e-22 2.25199e-26
430 1.13214e-18 1.71654e-22 2.19977e-26
440 1.15823e-18 1.79889e-22 2.14992e-26
450 1.18432e-18 1.88493e-22 2.10229e-26
460 1.21041e-18 1.97481e-22 2.05674e-26
470 1.23651e-18 2.06869e-22 2.01312e-26
480 1.26261e-18 2.16674e-22 1.97133e-26
490 1.28872e-18 2.26912e-22 1.93125e-26
500 1.31484e-18 2.37601e-22 1.89277e-26
510 1.34095e-18 2.48759e-22 1.8558e-26
520 1.36707e-18 2.60405e-22 1.82026e-26
530 1.3932e-18 2.72558e-22 1.78607e-26
540 1.41933e-18 2.85239e-22 1.75314e-26
550 1.44547e-18 2.98469e-22 1.72141e-26
560 1.47161e-18 3.12269e-22 1.69082e-26
570 1.49776e-18 3.26662e-22 1.6613e-26
580 1.52391e-18 3.41671e-22 1.63281e-26
590 1.55007e-18 3.5732e-22 1.60528e-26
600 1.57623e-18 3.73634e-22 1.57867e-26
610 1.6024e-18 3.90639e-22 1.55294e-26
620 1.62858e-18 4.08361e-22 1.52804e-26
630 1.65476e-18 4.26829e-22 1.50393e-26
640 1.68095e-18 4.46069e-22 1.48058e-26
650 1.70714e-18 4.66113e-22 1.45795e-26
660 1.73334e-18 4.8699e-22 1.43601e-26
670 1.75954e-18 5.08731e-22 1.41473e-26
680 1.78575e-18 5.3137e-22 1.39407e-26
690 1.81197e-18 5.54939e-22 1.37401e-26
700 1.83819e-18 5.79473e-22 1.35453e-26
710 1.86442e-18 6.05009e-22 1.3356e-26
720 1.89066e-18 6.31582e-22 1.3172e-26
730 1.91691e-18 6.59231e-22 1.2993e-26
740 1.94316e-18 6.87995e-22 1.28189e-26
750 1.96941e-18 7.17915e-22 1.26495e-26
760 1.99568e-18 7.49032e-22 1.24846e-26
770 2.02195e-18 7.8139e-22 1.23239e-26
780 2.04823e-18 8.15033e-22 1.21674e-26
790 2.07451e-18 8.50007e-22 1.20149e-26
800 2.10081e-18 8.86359e-22 1.18662e-26
810 2.12711e-18 9.24138e-22 1.17211e-26
820 2.15342e-18 9.63393e-22 1.15797e-26
830 2.17973e-18 1.00418e-21 1.14417e-26
840 2.20606e-18 1.04654e-21 1.13069e-26
850 2.23239e-18 1.09055e-21 1.11754e-26
860 2.25873e-18 1.13624e-21 1.10469e-26
870 2.28508e-18 1.18369e-21 1.09214e-26
880 2.31144e-18 1.23294e-21 1.07988e-26
890 2.3378e-18 1.28407e-21 1.0679e-26
900 2.36417e-18 1.33713e-21 1.05618e-26
910 2.39055e-18 1.3922e-21 1.04472e-26
920 2.41694e-18 1.44933e-21 1.03352e-26
930 2.44334e-18 1.50859e-21 1.02255e-26
940 2.46975e-18 1.57007e-21 1.01182e-26
950 2.49617e-18 1.63382e-21 1.00132e-26
960 2.52259e-18 1.69992e-21 9.91041e-27
970 2.54903e-18 1.76846e-21 9.80973e-27
980 2.57547e-18 1.8395e-21 9.71112e-27
990 2.60192e-18 1.91313e-21 9.61452e-27
1000 2.62838e-18 1.98943e-21 9.51987e-27
1010 2.65485e-18 2.06849e-21 9.42711e-27
1020 2.68133e-18 2.1504e-21 9.33618e-27
1030 2.70782e-18 2.23524e-21 9.24703e-27
1040 2.73432e-18 2.3231e-21 9.15961e-27
1050 2.76083e-18 2.41408e-21 9.07387e-27
1060 2.78735e-18 2.50828e-21 8.98976e-27
1070 2.81388e-18 2.6058e-21 8.90724e-27
1080 2.84042e-18 2.70673e-21 8.82626e-27
1090 2.86697e-18 2.81118e-21 8.74678e-27
1100 2.89353e-18 2.91926e-21 8.66877e-27
1110 2.9201e-18 3.03107e-21 8.59217e-27
1120 2.94668e-18 3.14673e-21 8.51695e-27
1130 2.97328e-18 3.26635e-21 8.44307e-27
1140 2.99988e-18 3.39005e-21 8.37051e-27
1150 3.02649e-18 3.51795e-21 8.29922e-27
1160 3.05312e-18 3.65017e-21 8.22918e-27
1170 3.07975e-18 3.78683e-21 8.16034e-27
1180 3.1064e-18 3.92807e-21 8.09269e-27
1190 3.13305e-18 4.07401e-21 8.02618e-27
1200 3.15972e-18 4.22479e-21 7.9608e-27
1210 3.1864e-18 4.38054e-21 7.89651e-27
1220 3.21309e-18 4.5414e-21 7.83329e-27
1230 3.23979e-18 4.70752e-21 7.7711e-27
1240 3.26651e-18 4.87904e-21 7.70994e-27
1250 3.29323e-18 5.05611e-21 7.64976e-27
1260 3.31997e-18 5.23888e-21 7.59055e-27
1270 3.34672e-18 5.42751e-21 7.53229e-27
1280 3.37348e-18 5.62215e-21 7.47495e-27
1290 3.40026e-18 5.82297e-21 7.41851e-27
1300 3.42704e-18 6.03012e-21 7.36295e-27
1310 3.45384e-18 6.24378e-21 7.30825e-27
1320 3.48065e-18 6.46411e-21 7.25439e-27
1330 3.50748e-18 6.6913e-21 7.20135e-27
1340 3.53431e-18 6.9255e-21 7.14912e-27
1350 3.56116e-18 7.16692e-21 7.09767e-27
1360 3.58802e-18 7.41572e-21 7.04699e-27
1370 3.6149e-18 7.6721e-21 6.99707e-27
1380 3.64179e-18 7.93624e-21 6.94787e-27
1390 3.66869e-18 8.20835e-21 6.8994e-27
1400 3.6956e-18 8.4886e-21 6.85163e-27
1410 3.72253e-18 8.77721e-21 6.80455e-27
1420 3.74947e-18 9.07438e-21 6.75814e-27
1430 3.77643e-18 9.38031e-21 6.71239e-27
1440 3.80339e-18 9.69521e-21 6.66729e-27
1450 3.83038e-18 1.00193e-20 6.62282e-27
1460 3.85737e-18 1.03528e-20 6.57898e-27
1470 3.88438e-18 1.06959e-20 6.53574e-27
1480 3.9114e-18 1.10488e-20 6.49309e-27
1490 3.93844e-18 1.14118e-20 6.45103e-27
1500 3.96549e-18 1.17852e-20 6.40954e-27
1510 3.99256e-18 1.2169e-20 6.36861e-27
1520 4.01964e-18 1.25636e-20 6.32823e-27
1530 4.04674e-18 1.29692e-20 6.28839e-27
1540 4.07385e-18 1.3386e-20 6.24907e-27
1550 4.10097e-18 1.38144e-20 6.21027e-27
1560 4.12811e-18 1.42544e-20 6.17198e-27
1570 4.15527e-18 1.47065e-20 6.13419e-27
1580 4.18244e-18 1.51707e-20 6.09689e-27
1590 4.20962e-18 1.56475e-20 6.06007e-27
1600 4.23682e-18 1.6137e-20 6.02371e-27
1610 4.26404e-18 1.66396e-20 5.98782e-27
1620 4.29127e-18 1.71554e-20 5.95238e-27
1630 4.31851e-18 1.76847e-20 5.91739e-27
1640 4.34578e-18 1.82279e-20 5.88283e-27
1650 4.37305e-18 1.87851e-20 5.8487e-27
1660 4.40035e-18 1.93567e-20 5.815e-27
1670 4.42766e-18 1.99429e-20 5.7817e-27
1680 4.45498e-18 2.05441e-20 5.74882e-27
1690 4.48233e-18 2.11604e-20 5.71633e-27
1700 4.50968e-18 2.17922e-20 5.68423e-27
1710 4.53706e-18 2.24398e-20 5.65252e-27
1720 4.56445e-18 2.31034e-20 5.62118e-27
1730 4.59186e-18 2.37833e-20 5.59022e-27
1740 4.61928e-18 2.44799e-20 5.55962e-27
1750 4.64673e-18 2.51933e-20 5.52939e-27
1760 4.67418e-18 2.5924e-20 5.4995e-27
1770 4.70166e-18 2.66722e-20 5.46996e-27
1780 4.72915e-18 2.74382e-20 5.44077e-27
1790 4.75666e-18 2.82222e-20 5.41191e-27
1800 4.78419e-18 2.90247e-20 5.38337e-27
1810 4.81173e-18 2.98458e-20 5.35517e-27
1820 4.8393e-18 3.06859e-20 5.32728e-27
1830 4.86688e-18 3.15453e-20 5.29971e-27
1840 4.89447e-18 3.24243e-20 5.27244e-27
1850 4.92209e-18 3.33232e-20 5.24548e-27
1860 4.94972e-18 3.42422e-20 5.21882e-27
1870 4.97738e-18 3.51817e-20 5.19245e-27
1880 5.00505e-18 3.6142e-20 5.16637e-27
1890 5.03273e-18 3.71234e-20 5.14057e-27
1900 5.06044e-18 3.81261e-20 5.11506e-27
1910 5.08817e-18 3.91505e-20 5.08982e-27
1920 5.11591e-18 4.01969e-20 5.06485e-27
1930 5.14367e-18 4.12655e-20 5.04015e-27
1940 5.17145e-18 4.23566e-20 5.01572e-27
1950 5.19925e-18 4.34706e-20 4.99154e-27
1960 5.22707e-18 4.46078e-20 4.96762e-27
1970 5.25491e-18 4.57683e-20 4.94395e-27
1980 5.28277e-18 4.69525e-20 4.92053e-27
1990 5.31065e-18 4.81607e-20 4.89735e-27
2000 5.33854e-18 4.93932e-20 4.87441e-27
2010 5.36646e-18 5.06501e-20 4.85171e-27
2020 5.3944e-18 5.19319e-20 4.82924e-27
2030 5.42235e-18 5.32388e-20 4.807e-27
2040 5.45033e-18 5.45709e-20 4.78499e-27
2050 5.47833e-18 5.59287e-20 4.7632e-27
2060 5.50634e-18 5.73123e-20 4.74163e-27
2070 5.53438e-18 5.87221e-20 4.72028e-27
2080 5.56243e-18 6.01581e-20 4.69914e-27
2090 5.59051e-18 6.16208e-20 4.67821e-27
2100 5.61861e-18 6.31103e-20 4.65749e-27
2110 5.64673e-18 6.46268e-20 4.63698e-27
2120 5.67487e-18 6.61707e-20 4.61666e-27
2130 5.70303e-18 6.7742e-20 4.59654e-27
2140 5.73121e-18 6.9341e-20 4.57662e-27
2150 5.75941e-18 7.0968e-20 4.5569e-27
2160 5.78764e-18 7.26231e-20 4.53736e-27
2170 5.81588e-18 7.43065e-20 4.51801e-27
2180 5.84415e-18 7.60184e-20 4.49885e-27
2190 5.87244e-18 7.7759e-20 4.47987e-27
2200 5.90075e-18 7.95284e-20 4.46107e-27
2210 5.92908e-18 8.13269e-20 4.44245e-27
2220 5.95743e-18 8.31545e-20 4.42401e-27
2230 5.98581e-18 8.50114e-20 4.40573e-27
2240 6.01421e-18 8.68977e-20 4.38763e-27
2250 6.04263e-18 8.88136e-20 4.3697e-27
2260 6.07107e-18 9.07592e-20 4.35193e-27
2270 6.09954e-18 9.27345e-20 4.33433e-27
2280 6.12802e-18 9.47398e-20 4.31689e-27
2290 6.15653e-18 9.6775e-20 4.29961e-27
2300 6.18507e-18 9.88402e-20 4.28249e-27
2310 6.21362e-18 1.00936e-19 4.26553e-27
2320 6.2422e-18 1.03061e-19 4.24871e-27
2330 6.27081e-18 1.05217e-19 4.23205e-27
2340 6.29943e-18 1.07403e-19 4.21554e-27
2350 6.32808e-18 1.09619e-19 4.19918e-27
2360 6.35676e-18 1.11865e-19 4.18297e-27
2370 6.38545e-18 1.14142e-19 4.1669e-27
2380 6.41417e-18 1.16449e-19 4.15097e-27
2390 6.44292e-18 1.18786e-19 4.13518e-27
2400 6.47169e-18 1.21153e-19 4.11953e-27
2410 6.50048e-18 1.2355e-19 4.10402e-27
2420 6.5293e-18 1.25977e-19 4.08864e-27
2430 6.55814e-18 1.28435e-19 4.0734e-27
2440 6.587e-18 1.30922e-19 4.05829e-27
2450 6.61589e-18 1.33438e-19 4.04331e-27
2460 6.64481e-18 1.35984e-19 4.02846e-27
2470 6.67375e-18 1.3856e-19 4.01374e-27
2480 6.70271e-18 1.41165e-19 3.99914e-27
2490 6.7317e-18 1.43799e-19 3.98467e-27
2500 6.76072e-18 1.46461e-19 3.97032e-27
2510 6.78976e-18 1.49153e-19 3.9561e-27
2520 6.81883e-18 1.51873e-19 3.94199e-27
2530 6.84792e-18 1.54621e-19 3.928e-27
2540 6.87703e-18 1.57397e-19 3.91413e-27
2550 6.90618e-18 1.602e-19 3.90038e-27
2560 6.93535e-18 1.63032e-19 3.88674e-27
2570 6.96454e-18 1.6589e-19 3.87321e-27
2580 6.99376e-18 1.68774e-19 3.8598e-27
2590 7.02301e-18 1.71686e-19 3.84649e-27
2600 7.05229e-18 1.74623e-19 3.8333e-27
2610 7.08159e-18 1.77586e-19 3.82021e-27
2620 7.11091e-18 1.80574e-19 3.80723e-27
2630 7.14027e-18 1.83587e-19 3.79436e-27
2640 7.16965e-18 1.86625e-19 3.78159e-27
2650 7.19906e-18 1.89687e-19 3.76893e-27
2660 7.22849e-18 1.92772e-19 3.75636e-27
2670 7.25795e-18 1.9588e-19 3.7439e-27
2680 7.28744e-18 1.99011e-19 3.73154e-27
2690 7.31696e-18 2.02163e-19 3.71927e-27
2700 7.3465e-18 2.05338e-19 3.70711e-27
2710 7.37608e-18 2.08533e-19 3.69504e-27
2720 7.40568e-18 2.11749e-19 3.68307e-27
2730 7.43531e-18 2.14984e-19 3.67119e-27
2740 7.46496e-18 2.18239e-19 3.65941e-27
2750 7.49465e-18 2.21513e-19 3.64771e-27
2760 7.52436e-18 2.24804e-19 3.63611e-27
2770 7.5541e-18 2.28113e-19 3.6246e-27
2780 7.58387e-18 2.31438e-19 3.61318e-27
2790 7.61367e-18 2.34779e-19 3.60185e-27
2800 7.6435e-18 2.38136e-19 3.59061e-27
2810 7.67336e-18 2.41507e-19 3.57945e-27
2820 7.70324e-18 2.44892e-19 3.56838e-27
2830 7.73316e-18 2.4829e-19 3.5574e-27
2840 7.76311e-18 2.51701e-19 3.54649e-27
2850 7.79308e-18 2.55123e-19 3.53568e-27
2860 7.82308e-18 2.58555e-19 3.52494e-27
2870 7.85312e-18 2.61998e-19 3.51429e-27
2880 7.88318e-18 2.6545e-19 3.50371e-27
2890 7.91328e-18 2.6891e-19 3.49322e-27
2900 7.9434e-18 2.72377e-19 3.4828e-27
2910 7.97356e-18 2.75851e-19 3.47247e-27
2920 8.00374e-18 2.7933e-19 3.46221e-27
2930 8.03396e-18 2.82815e-19 3.45203e-27
2940 8.0642e-18 2.86303e-19 3.44192e-27
2950 8.09448e-18 2.89794e-19 3.43189e-27
2960 8.12479e-18 2.93287e-19 3.42193e-27
2970 8.15513e-18 2.96781e-19 3.41205e-27
2980 8.1855e-18 3.00275e-19 3.40224e-27
2990 8.2159e-18 3.03768e-19 3.3925e-27
3000 8.24633e-18 3.07259e-19 3.38284e-27
3010 8.2768e-18 3.10748e-19 3.37324e-27
3020 8.3073e-18 3.14232e-19 3.36372e-27
3030 8.33782e-18 3.17712e-19 3.35426e-27
3040 8.36838e-18 3.21185e-19 3.34488e-27
3050 8.39898e-18 3.24652e-19 3.33556e-27
3060 8.4296e-18 3.28111e-19 3.32631e-27
3070 8.46026e-18 3.3156e-19 3.31712e-27
3080 8.49095e-18 3.35e-19 3.30801e-27
3090 8.52167e-18 3.38428e-19 3.29895e-27
3100 8.55243e-18 3.41844e-19 3.28997e-27
3110 8.58322e-18 3.45247e-19 3.28104e-27
3120 8.61404e-18 3.48635e-19 3.27218e-27
3130 8.6449e-18 3.52008e-19 3.26339e-27
3140 8.67578e-18 3.55365e-19 3.25465e-27
3150 8.70671e-18 3.58704e-19 3.24598e-27
3160 8.73766e-18 3.62024e-19 3.23737e-27
3170 8.76865e-18 3.65324e-19 3.22882e-27
3180 8.79967e-18 3.68603e-19 3.22033e-27
3190 8.83073e-18 3.7186e-19 3.2119e-27
3200 8.86182e-18 3.75094e-19 3.20353e-27
3210 8.89295e-18 3.78304e-19 3.19522e-27
3220 8.92411e-18 3.81489e-19 3.18697e-27
3230 8.95531e-18 3.84647e-19 3.17877e-27
3240 8.98654e-18 3.87777e-19 3.17063e-27
3250 9.0178e-18 3.90879e-19 3.16255e-27
3260 9.0491e-18 3.93951e-19 3.15452e-27
3270 9.08044e-18 3.96993e-19 3.14655e-27
3280 9.11181e-18 4.00002e-19 3.13864e-27
3290 9.14321e-18 4.02979e-19 3.13077e-27
3300 9.17466e-18 4.05921e-19 3.12297e-27
3310 9.20613e-18 4.08829e-19 3.11521e-27
3320 9.23765e-18 4.117e-19 3.10751e-27
3330 9.2692e-18 4.14534e-19 3.09986e-27
3340 9.30078e-18 4.1733e-19 3.09227e-27
3350 9.3324e-18 4.20086e-19 3.08472e-27
3360 9.36406e-18 4.22803e-19 3.07723e-27
3370 9.39576e-18 4.25477e-19 3.06979e-27
3380 9.42749e-18 4.2811e-19 3.0624e-27
3390 9.45926e-18 4.30699e-19 3.05505e-27
3400 9.49107e-18 4.33244e-19 3.04776e-27
3410 9.52291e-18 4.35744e-19 3.04052e-27
3420 9.55479e-18 4.38197e-19 3.03332e-27
3430 9.58671e-18 4.40603e-19 3.02618e-27
3440 9.61866e-18 4.42961e-19 3.01908e-27
3450 9.65066e-18 4.4527e-19 3.01203e-27
3460 9.68269e-18 4.47529e-19 3.00502e-27
3470 9.71476e-18 4.49738e-19 2.99807e-27
3480 9.74687e-18 4.51894e-19 2.99116e-27
3490 9.77901e-18 4.53999e-19 2.98429e-27
3500 9.8112e-18 4.5605e-19 2.97747e-27
3510 9.84342e-18 4.58046e-19 2.9707e-27
3520 9.87569e-18 4.59988e-19 2.96397e-27
3530 9.90799e-18 4.61874e-19 2.95728e-27
3540 9.94033e-18 4.63704e-19 2.95064e-27
3550 9.97271e-18 4.65477e-19 2.94404e-27
3560 1.00051e-17 4.67191e-19 2.93749e-27
3570 1.00376e-17 4.68847e-19 2.93098e-27
3580 1.00701e-17 4.70444e-19 2.92451e-27
3590 1.01026e-17 4.71981e-19 2.91808e-27
3600 1.01352e-17 4.73457e-19 2.9117e-27
3610 1.01678e-17 4.74873e-19 2.90536e-27
3620 1.02005e-17 4.76226e-19 2.89906e-27
3630 1.02332e-17 4.77518e-19 2.8928e-27
3640 1.02659e-17 4.78746e-19 2.88658e-27
3650 1.02987e-17 4.79912e-19 2.8804e-27
3660 1.03315e-17 4.81013e-19 2.87426e-27
3670 1.03644e-17 4.82051e-19 2.86816e-27
3680 1.03973e-17 4.83024e-19 2.8621e-27
3690 1.04302e-17 4.83931e-19 2.85608e-27
3700 1.04632e-17 4.84774e-19 2.85009e-27
3710 1.04963e-17 4.8555e-19 2.84415e-27
3720 1.05293e-17 4.86261e-19 2.83824e-27
3730 1.05625e-17 4.86905e-19 2.83237e-27
3740 1.05956e-17 4.87483e-19 2.82654e-27
3750 1.06288e-17 4.87994e-19 2.82075e-27
3760 1.06621e-17 4.88438e-19 2.815e-27
3770 1.06953e-17 4.88814e-19 2.80928e-27
3780 1.07287e-17 4.89123e-19 2.80359e-27
3790 1.0762e-17 4.89365e-19 2.79795e-27
3800 1.07954e-17 4.89539e-19 2.79234e-27
3810 1.08289e-17 4.89645e-19 2.78676e-27
3820 1.08624e-17 4.89683e-19 2.78122e-27
3830 1.0896e-17 4.89654e-19 2.77572e-27
3840 1.09295e-17 4.89557e-19 2.77025e-27
3850 1.09632e-17 4.89392e-19 2.76481e-27
3860 1.09968e-17 4.8916e-19 2.75941e-27
3870 1.10306e-17 4.8886e-19 2.75404e-27
3880 1.10643e-17 4.88493e-19 2.74871e-27
3890 1.10981e-17 4.88058e-19 2.74341e-27
3900 1.1132e-17 4.87557e-19 2.73815e-27
3910 1.11659e-17 4.86988e-19 2.73291e-27
3920 1.11998e-17 4.86353e-19 2.72771e-27
3930 1.12338e-17 4.85652e-19 2.72255e-27
3940 1.12679e-17 4.84884e-19 2.71741e-27
3950 1.1302e-17 4.84051e-19 2.71231e-27
3960 1.13361e-17 4.83152e-19 2.70724e-27
3970 1.13703e-17 4.82188e-19 2.7022e-27
3980 1.14045e-17 4.8116e-19 2.69719e-27
3990 1.14388e-17 4.80067e-19 2.69221e-27
4000 1.14731e-17 4.78911e-19 2.68727e-27
4010 1.15074e-17 4.77691e-19 2.68235e-27
4020 1.15418e-17 4.76409e-19 2.67747e-27
4030 1.15763e-17 4.75064e-19 2.67262e-27
4040 1.16108e-17 4.73658e-19 2.66779e-27
4050 1.16453e-17 4.7219e-19 2.663e-27
4060 1.16799e-17 4.70662e-19 2.65824e-27
4070 1.17146e-17 4.69074e-19 2.6535e-27
4080 1.17493e-17 4.67427e-19 2.6488e-27
4090 1.1784e-17 4.65721e-19 2.64412e-27
4100 1.18188e-17 4.63957e-19 2.63948e-27
4110 1.18536e-17 4.62136e-19 2.63486e-27
4120 1.18885e-17 4.60258e-19 2.63027e-27
4130 1.19235e-17 4.58325e-19 2.62571e-27
4140 1.19585e-17 4.56337e-19 2.62118e-27
4150 1.19935e-17 4.54295e-19 2.61667e-27
4160 1.20286e-17 4.52199e-19 2.6122e-27
4170 1.20637e-17 4.50051e-19 2.60775e-27
4180 1.20989e-17 4.47851e-19 2.60333e-27
4190 1.21341e-17 4.456e-19 2.59893e-27
4200 1.21694e-17 4.433e-19 2.59457e-27
4210 1.22047e-17 4.4095e-19 2.59023e-27
4220 1.22401e-17 4.38553e-19 2.58591e-27
4230 1.22756e-17 4.36108e-19 2.58163e-27
4240 1.2311e-17 4.33617e-19 2.57737e-27
4250 1.23466e-17 4.31081e-19 2.57313e-27
4260 1.23822e-17 4.285e-19 2.56892e-27
4270 1.24178e-17 4.25876e-19 2.56474e-27
4280 1.24535e-17 4.2321e-19 2.56059e-27
4290 1.24892e-17 4.20503e-19 2.55646e-27
4300 1.2525e-17 4.17755e-19 2.55235e-27
4310 1.25609e-17 4.14968e-19 2.54827e-27
4320 1.25968e-17 4.12143e-19 2.54421e-27
4330 1.26327e-17 4.09281e-19 2.54018e-27
4340 1.26687e-17 4.06382e-19 2.53618e-27
4350 1.27048e-17 4.03449e-19 2.5322e-27
4360 1.27409e-17 4.00482e-19 2.52824e-27
4370 1.27771e-17 3.97482e-19 2.52431e-27
4380 1.28133e-17 3.9445e-19 2.5204e-27
4390 1.28496e-17 3.91387e-19 2.51652e-27
4400 1.28859e-17 3.88295e-19 2.51266e-27
4410 1.29223e-17 3.85175e-19 2.50882e-27
4420 1.29587e-17 3.82027e-19 2.50501e-27
4430 1.29952e-17 3.78853e-19 2.50122e-27
4440 1.30317e-17 3.75654e-19 2.49745e-27
4450 1.30683e-17 3.72431e-19 2.49371e-27
4460 1.3105e-17 3.69185e-19 2.48999e-27
4470 1.31417e-17 3.65917e-19 2.48629e-27
4480 1.31784e-17 3.62629e-19 2.48262e-27
4490 1.32153e-17 3.59321e-19 2.47897e-27
4500 1.32521e-17 3.55995e-19 2.47534e-27
4510 1.32891e-17 3.52652e-19 2.47173e-27
4520 1.33261e-17 3.49292e-19 2.46815e-27
4530 1.33631e-17 3.45918e-19 2.46458e-27
4540 1.34002e-17 3.42529e-19 2.46104e-27
4550 1.34374e-17 3.39128e-19 2.45753e-27
4560 1.34746e-17 3.35715e-19 2.45403e-27
4570 1.35118e-17 3.32291e-19 2.45055e-27
4580 1.35492e-17 3.28858e-19 2.4471e-27
4590 1.35866e-17 3.25416e-19 2.44367e-27
4600 1.3624e-17 3.21968e-19 2.44025e-27
4610 1.36615e-17 3.18513e-19 2.43686e-27
4620 1.36991e-17 3.15052e-19 2.43349e-27
4630 1.37367e-17 3.11588e-19 2.43014e-27
4640 1.37744e-17 3.08121e-19 2.42682e-27
4650 1.38121e-17 3.04651e-19 2.42351e-27
4660 1.38499e-17 3.01181e-19 2.42022e-27
4670 1.38878e-17 2.97711e-19 2.41695e-27
4680 1.39257e-17 2.94241e-19 2.41371e-27
4690 1.39636e-17 2.90774e-19 2.41048e-27
4700 1.40017e-17 2.87311e-19 2.40728e-27
4710 1.40398e-17 2.83851e-19 2.40409e-27
4720 1.40779e-17 2.80396e-19 2.40092e-27
4730 1.41161e-17 2.76948e-19 2.39778e-27
4740 1.41544e-17 2.73506e-19 2.39465e-27
4750 1.41928e-17 2.70073e-19 2.39154e-27
4760 1.42312e-17 2.66648e-19 2.38845e-27
4770 1.42696e-17 2.63234e-19 2.38538e-27
4780 1.43081e-17 2.5983e-19 2.38233e-27
4790 1.43467e-17 2.56438e-19 2.3793e-27
4800 1.43854e-17 2.53059e-19 2.37629e-27
4810 1.44241e-17 2.49693e-19 2.3733e-27
4820 1.44629e-17 2.46341e-19 2.37032e-27
4830 1.45017e-17 2.43005e-19 2.36737e-27
4840 1.45406e-17 2.39685e-19 2.36443e-27
4850 1.45796e-17 2.36382e-19 2.36151e-27
4860 1.46186e-17 2.33097e-19 2.35861e-27
4870 1.46577e-17 2.2983e-19 2.35573e-27
4880 1.46968e-17 2.26583e-19 2.35287e-27
4890 1.4736e-17 2.23356e-19 2.35002e-27
4900 1.47753e-17 2.2015e-19 2.34719e-27
4910 1.48147e-17 2.16965e-19 2.34438e-27
4920 1.48541e-17 2.13803e-19 2.34159e-27
4930 1.48935e-17 2.10665e-19 2.33882e-27
4940 1.49331e-17 2.0755e-19 2.33606e-27
4950 1.49727e-17 2.0446e-19 2.33332e-27
4960 1.50124e-17 2.01396e-19 2.3306e-27
4970 1.50521e-17 1.98358e-19 2.32789e-27
4980 1.50919e-17 1.95346e-19 2.32521e-27
4990 1.51318e-17 1.92362e-19 2.32254e-27
5000 1.51717e-17 1.89406e-19 2.31989e-27
5010 1.52117e-17 1.8648e-19 2.31725e-27
5020 1.52518e-17 1.83582e-19 2.31463e-27
5030 1.52919e-17 1.80715e-19 2.31203e-27
5040 1.53321e-17 1.77878e-19 2.30945e-27
5050 1.53724e-17 1.75073e-19 2.30688e-27
5060 1.54128e-17 1.72299e-19 2.30433e-27
5070 1.54532e-17 1.69558e-19 2.30179e-27
5080 1.54936e-17 1.66851e-19 2.29927e-27
5090 1.55342e-17 1.64177e-19 2.29677e-27
5100 1.55748e-17 1.61537e-19 2.29428e-27
5110 1.56155e-17 1.58933e-19 2.29181e-27
5120 1.56563e-17 1.56363e-19 2.28936e-27
5130 1.56971e-17 1.5383e-19 2.28692e-27
5140 1.5738e-17 1.51334e-19 2.2845e-27
5150 1.57789e-17 1.48874e-19 2.2821e-27
5160 1.582e-17 1.46452e-19 2.27971e-27
5170 1.58611e-17 1.44069e-19 2.27733e-27
5180 1.59023e-17 1.41724e-19 2.27498e-27
5190 1.59435e-17 1.39418e-19 2.27263e-27
5200 1.59848e-17 1.37152e-19 2.27031e-27
5210 1.60262e-17 1.34927e-19 2.268e-27
5220 1.60677e-17 1.32742e-19 2.2657e-27
5230 1.61092e-17 1.30599e-19 2.26342e-27
5240 1.61508e-17 1.28498e-19 2.26115e-27
5250 1.61925e-17 1.26439e-19 2.2589e-27
5260 1.62343e-17 1.24423e-19 2.25667e-27
5270 1.62761e-17 1.22451e-19 2.25445e-27
5280 1.6318e-17 1.20522e-19 2.25224e-27
5290 1.636e-17 1.18639e-19 2.25005e-27
5300 1.6402e-17 1.168e-19 2.24788e-27
5310 1.64442e-17 1.15007e-19 2.24572e-27
5320 1.64864e-17 1.1326e-19 2.24357e-27
5330 1.65286e-17 1.1156e-19 2.24144e-27
5340 1.6571e-17 1.09907e-19 2.23933e-27
5350 1.66134e-17 1.08302e-19 2.23723e-27
5360 1.66559e-17 1.06746e-19 2.23514e-27
5370 1.66985e-17 1.05238e-19 2.23307e-27
5380 1.67411e-17 1.03781e-19 2.23101e-27
5390 1.67839e-17 1.02373e-19 2.22897e-27
5400 1.68267e-17 1.01016e-19 2.22694e-27
5410 1.68696e-17 9.97111e-20 2.22492e-27
5420 1.69125e-17 9.8458e-20 2.22292e-27
5430 1.69556e-17 9.72577e-20 2.22094e-27
5440 1.69987e-17 9.61107e-20 2.21896e-27
5450 1.70419e-17 9.50179e-20 2.217e-27
5460 1.70851e-17 9.398e-20 2.21506e-27
5470 1.71285e-17 9.29975e-20 2.21313e-27
5480 1.71719e-17 9.20713e-20 2.21121e-27
5490 1.72154e-17 9.12021e-20 2.20931e-27
5500 1.7259e-17 9.03907e-20 2.20742e-27
5510 1.73027e-17 8.96379e-20 2.20554e-27
5520 1.73464e-17 8.89445e-20 2.20368e-27
5530 1.73903e-17 8.83113e-20 2.20183e-27
5540 1.74342e-17 8.77391e-20 2.2e-27
5550 1.74781e-17 8.72289e-20 2.19818e-27
5560 1.75222e-17 8.67815e-20 2.19637e-27
5570 1.75664e-17 8.63979e-20 2.19457e-27
5580 1.76106e-17 8.60791e-20 2.19279e-27
5590 1.76549e-17 8.58259e-20 2.19102e-27
5600 1.76993e-17 8.56395e-20 2.18927e-27
5610 1.77438e-17 8.55208e-20 2.18753e-27
5620 1.77884e-17 8.54709e-20 2.1858e-27
5630 1.7833e-17 8.54909e-20 2.18408e-27
5640 1.78777e-17 8.5582e-20 2.18238e-27
5650 1.79225e-17 8.57453e-20 2.18069e-27
5660 1.79674e-17 8.59819e-20 2.17901e-27
5670 1.80124e-17 8.62931e-20 2.17735e-27
5680 1.80575e-17 8.66803e-20 2.1757e-27
5690 1.81026e-17 8.71445e-20 2.17406e-27
5700 1.81479e-17 8.76872e-20 2.17243e-27
5710 1.81932e-17 8.83098e-20 2.17082e-27
5720 1.82386e-17 8.90137e-20 2.16922e-27
5730 1.82841e-17 8.98002e-20 2.16763e-27
5740 1.83297e-17 9.06709e-20 2.16606e-27
5750 1.83754e-17 9.16272e-20 2.1645e-27
5760 1.84211e-17 9.26708e-20 2.16295e-27
5770 1.84669e-17 9.38033e-20 2.16141e-27
5780 1.85129e-17 9.50262e-20 2.15988e-27
5790 1.85589e-17 9.63413e-20 2.15837e-27
5800 1.8605e-17 9.77502e-20 2.15687e-27
5810 1.86512e-17 9.92549e-20 2.15538e-27
5820 1.86975e-17 1.00857e-19 2.15391e-27
5830 1.87438e-17 1.02558e-19 2.15244e-27
5840 1.87903e-17 1.04361e-19 2.15099e-27
5850 1.88369e-17 1.06267e-19 2.14955e-27
5860 1.88835e-17 1.08278e-19 2.14812e-27
5870 1.89302e-17 1.10396e-19 2.14671e-27
5880 1.89771e-17 1.12624e-19 2.1453e-27
5890 1.9024e-17 1.14963e-19 2.14391e-27
5900 1.9071e-17 1.17416e-19 2.14253e-27
5910 1.91181e-17 1.19984e-19 2.14117e-27
5920 1.91653e-17 1.22671e-19 2.13981e-27
5930 1.92125e-17 1.25478e-19 2.13847e-27
5940 1.92599e-17 1.28408e-19 2.13713e-27
5950 1.93074e-17 1.31464e-19 2.13581e-27
5960 1.93549e-17 1.34647e-19 2.1345e-27
5970 1.94026e-17 1.37961e-19 2.13321e-27
5980 1.94503e-17 1.41408e-19 2.13192e-27
5990 1.94982e-17 1.4499e-19 2.13065e-27
6000 1.95461e-17 1.4871e-19 2.12939e-27
6010 1.95941e-17 1.52572e-19 2.12814e-27
6020 1.96423e-17 1.56577e-19 2.1269e-27
6030 1.96905e-17 1.6073e-19 2.12567e-27
6040 1.97388e-17 1.65031e-19 2.12445e-27
6050 1.97872e-17 1.69486e-19 2.12325e-27
6060 1.98357e-17 1.74095e-19 2.12205e-27
6070 1.98843e-17 1.78864e-19 2.12087e-27
6080 1.9933e-17 1.83794e-19 2.1197e-27
6090 1.99819e-17 1.88889e-19 2.11854e-27
6100 2.00308e-17 1.94152e-19 2.11739e-27
6110 2.00798e-17 1.99587e-19 2.11626e-27
6120 2.01289e-17 2.05196e-19 2.11513e-27
6130 2.0178e-17 2.10983e-19 2.11402e-27
6140 2.02273e-17 2.16952e-19 2.11291e-27
6150 2.02767e-17 2.23106e-19 2.11182e-27
6160 2.03262e-17 2.29448e-19 2.11074e-27
6170 2.03758e-17 2.35982e-19 2.10967e-27
6180 2.04255e-17 2.42712e-19 2.10861e-27
6190 2.04753e-17 2.49641e-19 2.10756e-27
6200 2.05252e-17 2.56773e-19 2.10652e-27
6210 2.05752e-17 2.64111e-19 2.1055e-27
6220 2.06253e-17 2.7166e-19 2.10448e-27
6230 2.06755e-17 2.79424e-19 2.10348e-27
6240 2.07259e-17 2.87406e-19 2.10248e-27
6250 2.07763e-17 2.95609e-19 2.1015e-27
6260 2.08268e-17 3.04039e-19 2.10053e-27
6270 2.08774e-17 3.12699e-19 2.09957e-27
6280 2.09281e-17 3.21593e-19 2.09862e-27
6290 2.0979e-17 3.30726e-19 2.09768e-27
6300 2.10299e-17 3.401e-19 2.09675e-27
6310 2.10809e-17 3.49721e-19 2.09583e-27
6320 2.11321e-17 3.59593e-19 2.09492e-27
6330 2.11834e-17 3.6972e-19 2.09402e-27
6340 2.12347e-17 3.80105e-19 2.09314e-27
6350 2.12862e-17 3.90754e-19 2.09226e-27
6360 2.13378e-17 4.0167e-19 2.0914e-27
6370 2.13894e-17 4.12859e-19 2.09054e-27
6380 2.14412e-17 4.24324e-19 2.0897e-27
6390 2.14931e-17 4.36069e-19 2.08886e-27
6400 2.15451e-17 4.48099e-19 2.08804e-27
6410 2.15973e-17 4.60419e-19 2.08723e-27
6420 2.16495e-17 4.73032e-19 2.08643e-27
6430 2.17018e-17 4.85944e-19 2.08563e-27
6440 2.17543e-17 4.99158e-19 2.08485e-27
6450 2.18068e-17 5.12679e-19 2.08408e-27
6460 2.18595e-17 5.26512e-19 2.08332e-27
6470 2.19123e-17 5.40661e-19 2.08257e-27
6480 2.19652e-17 5.5513e-19 2.08183e-27
6490 2.20182e-17 5.69924e-19 2.0811e-27
6500 2.20713e-17 5.85047e-19 2.08038e-27
6510 2.21245e-17 6.00504e-19 2.07967e-27
6520 2.21779e-17 6.16299e-19 2.07897e-27
6530 2.22314e-17 6.32437e-19 2.07828e-27
6540 2.22849e-17 6.48921e-19 2.07761e-27
6550 2.23386e-17 6.65756e-19 2.07694e-27
6560 2.23924e-17 6.82948e-19 2.07628e-27
6570 2.24464e-17 7.00499e-19 2.07563e-27
6580 2.25004e-17 7.18414e-19 2.07499e-27
6590 2.25546e-17 7.36698e-19 2.07436e-27
6600 2.26088e-17 7.55354e-19 2.07375e-27
6610 2.26632e-17 7.74387e-19 2.07314e-27
6620 2.27177e-17 7.93801e-19 2.07254e-27
6630 2.27723e-17 8.136e-19 2.07195e-27
6640 2.28271e-17 8.33789e-19 2.07138e-27
6650 2.2882e-17 8.5437e-19 2.07081e-27
6660 2.29369e-17 8.75349e-19 2.07025e-27
6670 2.2992e-17 8.96728e-19 2.0697e-27
6680 2.30473e-17 9.18512e-19 2.06917e-27
6690 2.31026e-17 9.40705e-19 2.06864e-27
6700 2.31581e-17 9.6331e-19 2.06812e-27
6710 2.32137e-17 9.86331e-19 2.06761e-27
6720 2.32694e-17 1.00977e-18 2.06712e-27
6730 2.33252e-17 1.03363e-18 2.06663e-27
6740 2.33812e-17 1.05792e-18 2.06615e-27
6750 2.34373e-17 1.08264e-18 2.06568e-27
6760 2.34935e-17 1.10779e-18 2.06522e-27
6770 2.35498e-17 1.13338e-18 2.06478e-27
6780 2.36062e-17 1.1594e-18 2.06434e-27
6790 2.36628e-17 1.18587e-18 2.06391e-27
6800 2.37195e-17 1.21278e-18 2.06349e-27
6810 2.37763e-17 1.24014e-18 2.06308e-27
6820 2.38333e-17 1.26794e-18 2.06268e-27
6830 2.38904e-17 1.2962e-18 2.06229e-27
6840 2.39476e-17 1.32491e-18 2.06191e-27
6850 2.40049e-17 1.35408e-18 2.06154e-27
6860 2.40624e-17 1.38371e-18 2.06118e-27
6870 2.412e-17 1.4138e-18 2.06083e-27
6880 2.41777e-17 1.44435e-18 2.06049e-27
6890 2.42356e-17 1.47536e-18 2.06016e-27
6900 2.42936e-17 1.50684e-18 2.05984e-27
6910 2.43517e-17 1.53878e-18 2.05953e-27
6920 2.44099e-17 1.57119e-18 2.05923e-27
6930 2.44683e-17 1.60407e-18 2.05893e-27
6940 2.45268e-17 1.63742e-18 2.05865e-27
6950 2.45855e-17 1.67124e-18 2.05838e-27
6960 2.46443e-17 1.70552e-18 2.05812e-27
6970 2.47032e-17 1.74028e-18 2.05786e-27
6980 2.47622e-17 1.77551e-18 2.05762e-27
6990 2.48214e-17 1.81121e-18 2.05738e-27
7000 2.48807e-17 1.84738e-18 2.05716e-27
7010 2.49402e-17 1.88402e-18 2.05694e-27
7020 2.49998e-17 1.92113e-18 2.05674e-27
7030 2.50595e-17 1.95871e-18 2.05654e-27
7040 2.51194e-17 1.99675e-18 2.05636e-27
7050 2.51794e-17 2.03526e-18 2.05618e-27
7060 2.52395e-17 2.07424e-18 2.05601e-27
7070 2.52998e-17 2.11368e-18 2.05586e-27
