0 0 0
10 1.87133e-09 9.90652e-12
20 0.0444747 1.30712e-10
30 1.10418e-07 6.11092e-10
40 3.22385e-07 1.84261e-09
50 7.46002e-07 4.3518e-09
60 0.000284847 8.79253e-09
70 2.64243e-06 1.59386e-08
80 4.28297e-06 2.66766e-08
90 6.5313e-06 4.1999e-08
100 9.49098e-06 6.29974e-08
110 1.334e-05 9.08564e-08
120 1.80468e-05 1.26847e-07
130 2.37601e-05 1.7232e-07
140 3.10629e-05 2.28702e-07
150 3.9159e-05 2.97489e-07
160 4.99488e-05 3.8024e-07
170 0.275048 4.78571e-07
180 7.33444e-05 5.94156e-07
190 0.000122454 7.28712e-07
200 0.000106718 8.84005e-07
210 0.000125203 1.06184e-06
220 0.000144409 1.26405e-06
230 0.000165228 1.49251e-06
240 0.00754321 1.74912e-06
250 0.000227696 2.03579e-06
260 0.000292193 2.35448e-06
270 0.0010511 2.70712e-06
280 0.00150322 3.0957e-06
290 0.000361637 3.5222e-06
300 0.0180665 3.98859e-06
310 0.000433627 4.49687e-06
320 0.00124124 5.04902e-06
330 0.00755353 5.64704e-06
340 0.000823094 6.29291e-06
350 0.00587871 6.9886e-06
360 0.00069973 7.73608e-06
370 0.00205706 8.53731e-06
380 0.00085217 9.39422e-06
390 0.00748119 1.03087e-05
400 0.000929671 1.12828e-05
410 0.00129648 1.23182e-05
420 0.00105589 1.34169e-05
430 0.00146767 1.45807e-05
440 0.00240232 1.58115e-05
450 0.00129971 1.7111e-05
460 0.00156407 1.84809e-05
470 0.00148833 1.99231e-05
480 0.00154987 2.14392e-05
490 0.00161152 2.30309e-05
500 0.27185 2.46998e-05
510 0.00708606 2.64476e-05
520 0.00873669 2.82758e-05
530 0.00641561 3.01859e-05
540 0.00214246 3.21795e-05
550 0.00235112 3.4258e-05
560 0.00226798 3.64229e-05
570 0.011383 3.86755e-05
580 0.00270013 4.10172e-05
590 0.00697242 4.34493e-05
600 0.00266716 4.5973e-05
610 0.0110176 4.85897e-05
620 0.00282246 5.13004e-05
630 0.026027 5.41064e-05
640 0.0177929 5.70087e-05
650 0.00295799 6.00084e-05
660 0.00301321 6.31066e-05
670 0.00307828 6.63041e-05
680 0.00452648 6.9602e-05
690 0.00317268 7.30012e-05
700 0.084404 7.65025e-05
710 0.0335343 8.01067e-05
720 0.00350443 8.38146e-05
730 0.00400959 8.76269e-05
740 0.0116808 9.15444e-05
750 0.0041325 9.55676e-05
760 0.00416423 9.96971e-05
770 0.00421345 0.000103934
780 0.00869518 0.000108278
790 0.00592495 0.000112729
800 0.020591 0.00011729
810 0.00615409 0.000121959
820 0.0115366 0.000126737
830 0.0398475 0.000131624
840 0.00632557 0.000136622
850 0.00710842 0.000141729
860 0.00622404 0.000146946
870 0.00695805 0.000152274
880 0.026255 0.000157713
890 0.00696113 0.000163261
900 0.00706707 0.000168921
910 0.00996275 0.000174691
920 0.0107049 0.000180571
930 0.00857212 0.000186562
940 0.00853201 0.000192664
950 0.00898017 0.000198876
960 0.00999996 0.000205198
970 0.0239067 0.00021163
980 0.00836935 0.000218172
990 0.00832879 0.000224823
1000 0.00834179 0.000231583
1010 0.0122452 0.000238452
1020 0.00957947 0.00024543
1030 0.0110275 0.000252515
1040 0.00940087 0.000259709
1050 0.00845202 0.000267009
1060 0.00816005 0.000274417
1070 0.00812118 0.00028193
1080 0.00807425 0.00028955
1090 0.029342 0.000297274
1100 0.0089073 0.000305103
1110 0.0126394 0.000313036
1120 0.0125946 0.000321073
1130 0.0123413 0.000329212
1140 0.026278 0.000337453
1150 0.0120561 0.000345795
1160 0.0119182 0.000354238
1170 0.0117832 0.00036278
1180 0.0116512 0.000371422
1190 0.011522 0.000380162
1200 0.0131932 0.000388999
1210 0.0120319 0.000397933
1220 0.0111507 0.000406962
1230 0.0112094 0.000416086
1240 0.010928 0.000425305
1250 0.0108025 0.000434616
1260 0.0106912 0.000444019
1270 0.0105823 0.000453514
1280 0.0104755 0.000463099
1290 0.0169906 0.000472773
1300 0.0102804 0.000482535
1310 0.0101682 0.000492385
1320 0.0100698 0.00050232
1330 0.0100725 0.000512341
1340 0.01523 0.000522446
1350 0.00978611 0.000532635
1360 0.00978157 0.000542905
1370 0.0106846 0.000553256
1380 0.00955332 0.000563687
1390 0.00943269 0.000574197
1400 0.00940461 0.000584784
1410 0.0102361 0.000595448
1420 0.00930278 0.000606188
1430 0.0091604 0.000617002
1440 0.0145526 0.000627888
1450 0.0142997 0.000638847
1460 0.0140541 0.000649877
1470 0.0138157 0.000660977
1480 0.0135841 0.000672145
1490 0.0133592 0.00068338
1500 0.0131408 0.000694681
1510 0.0129285 0.000706048
1520 0.0127223 0.000717478
1530 0.0125219 0.000728971
1540 0.013287 0.000740526
1550 0.0121378 0.00075214
1560 0.0119537 0.000763814
1570 0.0117748 0.000775546
1580 0.0116007 0.000787334
1590 0.0115089 0.000799177
1600 0.0112669 0.000811075
1610 0.0111136 0.000823026
1620 0.0109575 0.000835029
1630 0.0108057 0.000847083
1640 0.0106579 0.000859185
1650 0.010514 0.000871336
1660 0.0103741 0.000883535
1670 0.0102378 0.000895778
1680 0.0101051 0.000908067
1690 0.00997588 0.000920399
1700 0.00985006 0.000932773
1710 0.00972753 0.000945188
1720 0.00960817 0.000957643
1730 0.0094919 0.000970137
1740 0.00937861 0.000982668
1750 0.00926823 0.000995235
1760 0.00916067 0.00100784
1770 0.00905583 0.00102047
1780 0.00895365 0.00103314
1790 0.00885404 0.00104584
1800 0.00875693 0.00105857
1810 0.00866224 0.00107133
1820 0.00856991 0.00108412
1830 0.00847985 0.00109694
1840 0.00839202 0.00110978
1850 0.00830634 0.00112264
1860 0.00822275 0.00113553
1870 0.00814119 0.00114844
1880 0.0080616 0.00116138
1890 0.00798392 0.00117433
1900 0.0079081 0.0011873
1910 0.00783409 0.00120029
1920 0.00776183 0.00121329
1930 0.00769127 0.00122631
1940 0.00762237 0.00123935
1950 0.00755507 0.0012524
1960 0.00748934 0.00126546
1970 0.00742511 0.00127853
1980 0.00736236 0.00129161
1990 0.00730104 0.0013047
2000 0.00724111 0.0013178
2010 0.00718252 0.00133091
2020 0.00712525 0.00134402
2030 0.00706925 0.00135713
2040 0.00701448 0.00137025
2050 0.00696092 0.00138338
2060 0.00690852 0.0013965
2070 0.00685726 0.00140962
2080 0.0068071 0.00142275
2090 0.006758 0.00143587
2100 0.00670995 0.00144899
2110 0.00666291 0.0014621
2120 0.00661685 0.00147521
2130 0.00657174 0.00148831
2140 0.00652755 0.00150141
2150 0.00648427 0.0015145
2160 0.00644187 0.00152758
2170 0.00640031 0.00154065
2180 0.00635958 0.00155371
2190 0.00631965 0.00156676
2200 0.0062805 0.00157979
2210 0.00624211 0.00159282
2220 0.00620446 0.00160582
2230 0.00616752 0.00161881
2240 0.00613128 0.00163179
2250 0.00609571 0.00164474
2260 0.00606081 0.00165768
2270 0.00602654 0.00167059
2280 0.00599289 0.00168349
2290 0.00595985 0.00169636
2300 0.0059274 0.00170922
2310 0.00589552 0.00172204
2320 0.00586419 0.00173485
2330 0.00583341 0.00174762
2340 0.00580315 0.00176038
2350 0.0057734 0.0017731
2360 0.00574414 0.00178579
2370 0.00571537 0.00179846
2380 0.00568707 0.0018111
2390 0.00565923 0.0018237
2400 0.00563183 0.00183627
2410 0.00560487 0.00184881
2420 0.00557832 0.00186131
2430 0.00555219 0.00187378
2440 0.00552645 0.00188621
2450 0.0055011 0.00189861
2460 0.00547613 0.00191097
2470 0.00545152 0.00192329
2480 0.00542727 0.00193557
2490 0.00540337 0.0019478
2500 0.00537981 0.00196
2510 0.00535658 0.00197215
2520 0.00533366 0.00198426
2530 0.00531106 0.00199633
2540 0.00528876 0.00200835
2550 0.00526676 0.00202032
2560 0.00524505 0.00203225
2570 0.00522361 0.00204413
2580 0.00520245 0.00205596
2590 0.00518155 0.00206774
2600 0.00516091 0.00207947
2610 0.00514053 0.00209114
2620 0.00512038 0.00210276
2630 0.00510048 0.00211433
2640 0.00508081 0.00212585
2650 0.00506137 0.00213731
2660 0.00504214 0.00214871
2670 0.00502313 0.00216005
2680 0.00500433 0.00217134
2690 0.00498574 0.00218257
2700 0.00496734 0.00219374
2710 0.00494913 0.00220484
2720 0.00493112 0.00221589
2730 0.00491329 0.00222687
2740 0.00489563 0.00223779
2750 0.00487815 0.00224864
2760 0.00486084 0.00225943
2770 0.0048437 0.00227015
2780 0.00482671 0.0022808
2790 0.00480989 0.00229138
2800 0.00479322 0.0023019
2810 0.00477669 0.00231235
2820 0.00476031 0.00232272
2830 0.00474408 0.00233303
2840 0.00472798 0.00234326
2850 0.00471202 0.00235341
2860 0.00469619 0.0023635
2870 0.00468048 0.00237351
2880 0.0046649 0.00238344
2890 0.00464945 0.00239329
2900 0.00463411 0.00240307
2910 0.00461889 0.00241277
2920 0.00460378 0.00242239
2930 0.00458878 0.00243193
2940 0.00457389 0.00244139
2950 0.0045591 0.00245077
2960 0.00454442 0.00246006
2970 0.00452984 0.00246927
2980 0.00451535 0.0024784
2990 0.00450096 0.00248744
3000 0.00448666 0.0024964
3010 0.00447246 0.00250527
3020 0.00445834 0.00251405
3030 0.00444431 0.00252275
3040 0.00443036 0.00253136
3050 0.00441649 0.00253987
3060 0.00440271 0.0025483
3070 0.00438901 0.00255664
3080 0.00437538 0.00256488
3090 0.00436183 0.00257304
3100 0.00434835 0.0025811
3110 0.00433494 0.00258907
3120 0.0043216 0.00259694
3130 0.00430834 0.00260472
3140 0.00429514 0.00261241
3150 0.004282 0.00262
3160 0.00426893 0.00262749
3170 0.00425593 0.00263488
3180 0.00424298 0.00264218
3190 0.0042301 0.00264938
3200 0.00421727 0.00265648
3210 0.00420451 0.00266349
3220 0.0041918 0.00267039
3230 0.00417915 0.00267719
3240 0.00416655 0.00268389
3250 0.004154 0.00269049
3260 0.00414151 0.00269699
3270 0.00412907 0.00270339
3280 0.00411668 0.00270969
3290 0.00410434 0.00271588
3300 0.00409206 0.00272197
3310 0.00407981 0.00272795
3320 0.00406762 0.00273383
3330 0.00405547 0.00273961
3340 0.00404337 0.00274529
3350 0.00403132 0.00275085
3360 0.00401931 0.00275632
3370 0.00400734 0.00276168
3380 0.00399542 0.00276693
3390 0.00398353 0.00277207
3400 0.0039717 0.00277711
3410 0.0039599 0.00278205
3420 0.00394814 0.00278688
3430 0.00393642 0.0027916
3440 0.00392475 0.00279621
3450 0.00391311 0.00280072
3460 0.00390151 0.00280512
3470 0.00388995 0.00280941
3480 0.00387843 0.00281359
3490 0.00386695 0.00281767
3500 0.0038555 0.00282164
3510 0.00384409 0.00282551
3520 0.00383272 0.00282926
3530 0.00382138 0.00283291
3540 0.00381008 0.00283645
3550 0.00379881 0.00283988
3560 0.00378758 0.00284321
3570 0.00377639 0.00284643
3580 0.00376523 0.00284954
3590 0.0037541 0.00285254
3600 0.00374301 0.00285544
3610 0.00373195 0.00285823
3620 0.00372093 0.00286091
3630 0.00370993 0.00286348
3640 0.00369898 0.00286595
3650 0.00368805 0.00286832
3660 0.00367716 0.00287057
3670 0.0036663 0.00287272
3680 0.00365547 0.00287477
3690 0.00364468 0.00287671
3700 0.00363392 0.00287854
3710 0.00362318 0.00288027
3720 0.00361249 0.00288189
3730 0.00360182 0.00288341
3740 0.00359118 0.00288483
3750 0.00358058 0.00288614
3760 0.00357 0.00288735
3770 0.00355946 0.00288845
3780 0.00354895 0.00288945
3790 0.00353847 0.00289035
3800 0.00352802 0.00289115
3810 0.0035176 0.00289184
3820 0.0035072 0.00289243
3830 0.00349684 0.00289292
3840 0.00348651 0.00289331
3850 0.00347621 0.0028936
3860 0.00346594 0.00289379
3870 0.0034557 0.00289388
3880 0.00344548 0.00289387
3890 0.0034353 0.00289376
3900 0.00342514 0.00289355
3910 0.00341501 0.00289325
3920 0.00340491 0.00289284
3930 0.00339484 0.00289234
3940 0.00338479 0.00289174
3950 0.00337478 0.00289105
3960 0.00336479 0.00289026
3970 0.00335482 0.00288937
3980 0.00334489 0.00288838
3990 0.00333498 0.00288731
4000 0.00332509 0.00288613
4010 0.00331523 0.00288487
4020 0.0033054 0.0028835
4030 0.00329559 0.00288205
4040 0.00328581 0.0028805
4050 0.00327605 0.00287886
4060 0.00326631 0.00287712
4070 0.0032566 0.0028753
4080 0.00324691 0.00287338
4090 0.00323724 0.00287137
4100 0.00322759 0.00286926
4110 0.00321797 0.00286707
4120 0.00320836 0.00286479
4130 0.00319878 0.00286241
4140 0.00318922 0.00285995
4150 0.00317967 0.00285739
4160 0.00317015 0.00285475
4170 0.00316064 0.00285201
4180 0.00315115 0.00284919
4190 0.00314167 0.00284628
4200 0.00313221 0.00284328
4210 0.00312277 0.00284018
4220 0.00311334 0.002837
4230 0.00310392 0.00283373
4240 0.00309452 0.00283038
4250 0.00308513 0.00282693
4260 0.00307575 0.00282339
4270 0.00306638 0.00281977
4280 0.00305702 0.00281606
4290 0.00304767 0.00281226
4300 0.00303832 0.00280837
4310 0.00302898 0.00280439
4320 0.00301965 0.00280032
4330 0.00301032 0.00279616
4340 0.00300099 0.00279191
4350 0.00299167 0.00278758
4360 0.00298235 0.00278315
4370 0.00297302 0.00277863
4380 0.00296369 0.00277403
4390 0.00295436 0.00276933
4400 0.00294503 0.00276454
4410 0.00293569 0.00275966
4420 0.00292634 0.00275468
4430 0.00291699 0.00274962
4440 0.00290762 0.00274446
4450 0.00289825 0.00273921
4460 0.00288886 0.00273386
4470 0.00287945 0.00272842
4480 0.00287003 0.00272288
4490 0.00286059 0.00271725
4500 0.00285113 0.00271152
4510 0.00284165 0.0027057
4520 0.00283215 0.00269977
4530 0.00282262 0.00269375
4540 0.00281307 0.00268762
4550 0.00280348 0.0026814
4560 0.00279387 0.00267507
4570 0.00278422 0.00266864
4580 0.00277454 0.00266211
4590 0.00276483 0.00265547
4600 0.00275507 0.00264872
4610 0.00274527 0.00264187
4620 0.00273544 0.00263491
4630 0.00272555 0.00262784
4640 0.00271562 0.00262066
4650 0.00270564 0.00261337
4660 0.00269561 0.00260597
4670 0.00268553 0.00259845
4680 0.00267539 0.00259081
4690 0.00266519 0.00258306
4700 0.00265493 0.00257519
4710 0.00264461 0.00256719
4720 0.00263422 0.00255908
4730 0.00262377 0.00255084
4740 0.00261324 0.00254248
4750 0.00260264 0.00253399
4760 0.00259197 0.00252538
4770 0.00258122 0.00251663
4780 0.00257038 0.00250775
4790 0.00255947 0.00249874
4800 0.00254847 0.0024896
4810 0.00253738 0.00248032
4820 0.0025262 0.0024709
4830 0.00251492 0.00246134
4840 0.00250356 0.00245164
4850 0.00249209 0.0024418
4860 0.00248052 0.00243181
4870 0.00246885 0.00242167
4880 0.00245707 0.00241139
4890 0.00244518 0.00240096
4900 0.00243319 0.00239037
4910 0.00242108 0.00237964
4920 0.00240885 0.00236874
4930 0.0023965 0.0023577
4940 0.00238404 0.00234649
4950 0.00237145 0.00233512
4960 0.00235873 0.0023236
4970 0.00234589 0.00231191
4980 0.00233292 0.00230005
4990 0.00231981 0.00228803
5000 0.00230657 0.00227585
5010 0.0022932 0.00226349
5020 0.00227969 0.00225097
5030 0.00226603 0.00223828
5040 0.00225224 0.00222541
5050 0.0022383 0.00221238
5060 0.00222422 0.00219917
5070 0.00220999 0.00218578
5080 0.00219561 0.00217223
5090 0.00218109 0.00215849
5100 0.00216641 0.00214459
5110 0.00215159 0.0021305
5120 0.00213661 0.00211624
5130 0.00212148 0.00210181
5140 0.0021062 0.0020872
5150 0.00209076 0.00207241
5160 0.00207517 0.00205745
5170 0.00205943 0.00204232
5180 0.00204354 0.00202701
5190 0.00202749 0.00201153
5200 0.00201129 0.00199587
5210 0.00199494 0.00198005
5220 0.00197843 0.00196406
5230 0.00196178 0.0019479
5240 0.00194498 0.00193158
5250 0.00192803 0.00191509
5260 0.00191094 0.00189844
5270 0.0018937 0.00188163
5280 0.00187633 0.00186467
5290 0.00185881 0.00184756
5300 0.00184116 0.00183029
5310 0.00182338 0.00181288
5320 0.00180547 0.00179533
5330 0.00178743 0.00177763
5340 0.00176927 0.00175981
5350 0.00175099 0.00174185
5360 0.00173259 0.00172376
5370 0.00171409 0.00170556
5380 0.00169548 0.00168724
5390 0.00167677 0.00166881
5400 0.00165796 0.00165027
5410 0.00163907 0.00163163
5420 0.00162008 0.0016129
5430 0.00160102 0.00159408
5440 0.00158189 0.00157518
5450 0.00156269 0.0015562
5460 0.00154342 0.00153716
5470 0.00152411 0.00151805
5480 0.00150474 0.00149889
5490 0.00148533 0.00147968
5500 0.00146589 0.00146042
5510 0.00144643 0.00144114
5520 0.00142694 0.00142183
5530 0.00140744 0.0014025
5540 0.00138794 0.00138316
5550 0.00136844 0.00136382
5560 0.00134895 0.00134449
5570 0.00132948 0.00132517
5580 0.00131004 0.00130587
5590 0.00129063 0.0012866
5600 0.00127126 0.00126737
5610 0.00125195 0.00124819
5620 0.00123269 0.00122906
5630 0.00121351 0.00121
5640 0.00119439 0.001191
5650 0.00117536 0.00117209
5660 0.00115642 0.00115326
5670 0.00113758 0.00113453
5680 0.00111885 0.0011159
5690 0.00110023 0.00109738
5700 0.00108173 0.00107898
5710 0.00106336 0.00106071
5720 0.00104513 0.00104257
5730 0.00102705 0.00102458
5740 0.00100911 0.00100673
5750 0.000991336 0.000989038
5760 0.000973724 0.000971509
5770 0.000956284 0.000954149
5780 0.000939022 0.000936964
5790 0.000921945 0.000919962
5800 0.000905057 0.000903147
5810 0.000888366 0.000886526
5820 1.77187e-06 0
5830 0.00295666 0.00295496
5840 1.64177e-06 0
5850 1.57977e-06 0
5860 1.51974e-06 0
5870 1.45233e-05 1.30617e-05
5880 0.0030715 0.00307009
5890 1.35091e-06 0
5900 1.29823e-06 0
5910 1.24725e-06 0
5920 1.19795e-06 0
5930 1.15026e-06 0
5940 1.10415e-06 0
5950 1.05957e-06 0
5960 1.01648e-06 0
5970 4.09981e-05 4.00233e-05
5980 9.34593e-07 0
5990 8.9572e-07 0
6000 8.58176e-07 0
6010 0.00338782 0.003387
6020 7.86926e-07 0
6030 7.53149e-07 0
6040 7.20558e-07 0
6050 0.00355656 0.00355587
6060 6.58801e-07 0
6070 6.29572e-07 0
6080 7.19546e-05 7.13532e-05
6090 5.74264e-07 0
6100 5.48127e-07 0
6110 5.22962e-07 0
6120 4.98743e-07 0
6130 0.00370377 0.0037033
6140 0.00373119 0.00373074
6150 4.31489e-07 0
6160 4.10785e-07 0
6170 3.90894e-07 0
6180 3.71794e-07 0
6190 3.5346e-07 0
6200 3.35869e-07 0
6210 3.18997e-07 0
6220 1.74454e-05 1.71425e-05
6230 2.87325e-07 0
6240 2.72482e-07 0
6250 1.77968e-05 1.75385e-05
6260 2.44679e-07 0
6270 2.3168e-07 0
6280 0.00413333 0.00413311
6290 2.0739e-07 0
6300 1.9606e-07 0
6310 1.8525e-07 0
6320 1.74941e-07 0
6330 0.00428555 0.00428538
6340 1.55754e-07 0
6350 1.46841e-07 0
6360 1.38361e-07 0
6370 1.30295e-07 0
6380 1.22627e-07 0
6390 1.15343e-07 0
6400 1.08425e-07 0
6410 1.0186e-07 0
6420 9.5633e-08 0
6430 8.97286e-08 0
6440 8.41336e-08 0
6450 7.88343e-08 0
6460 7.38177e-08 0
6470 6.90713e-08 0
6480 6.45829e-08 0
6490 6.03409e-08 0
6500 5.6334e-08 0
6510 5.25518e-08 0
6520 4.89842e-08 0
6530 4.56215e-08 0
6540 0.00024363 0.000243587
6550 3.94762e-08 0
6560 3.66772e-08 0
6570 3.40503e-08 0
6580 3.15878e-08 0
6590 0.0051559 0.00515587
6600 2.71261e-08 0
6610 2.51124e-08 0
6620 0.00526535 0.00526533
6630 2.1484e-08 0
6640 1.98557e-08 0
6650 1.83425e-08 0
6660 1.69379e-08 0
6670 1.56357e-08 0
6680 1.44298e-08 0
6690 1.33142e-08 0
6700 1.22831e-08 0
6710 1.13312e-08 0
6720 0.00564462 0.0056446
6730 9.64316e-09 0
6740 8.89698e-09 0
6750 8.20957e-09 0
6760 7.57634e-09 0
6770 6.99289e-09 0
6780 6.45501e-09 0
6790 5.95872e-09 0
6800 5.50026e-09 0
6810 5.07608e-09 0
6820 4.68288e-09 0
6830 4.31762e-09 0
6840 3.97752e-09 0
6850 3.66004e-09 0
6860 3.36297e-09 0
6870 3.08437e-09 0
6880 2.82261e-09 0
6890 2.57639e-09 0
6900 2.83259e-05 2.83236e-05
6910 2.12702e-09 0
6920 0.00647373 0.00647373
6930 1.73185e-09 0
6940 1.55372e-09 0
6950 1.3881e-09 0
6960 1.23462e-09 0
6970 1.09289e-09 0
6980 9.62515e-10 0
6990 8.43063e-10 0
7000 7.34096e-10 0
7010 6.35159e-10 0
7020 5.45783e-10 0
7030 4.65486e-10 0
7040 3.93775e-10 0
7050 3.3015e-10 0
7060 2.741e-10 0
7070 2.25112e-10 0
7080 1.82669e-10 0
7090 1.46252e-10 0
7100 1.15343e-10 0
7110 8.94317e-11 0
7120 6.80108e-11 0
7130 5.05846e-11 0
7140 3.66698e-11 0
7150 2.57992e-11 0
7160 1.75247e-11 0
7170 1.1421e-11 0
7180 7.08924e-12 0
7190 4.16052e-12 0
7200 2.30016e-12 0
7210 1.21157e-12 0
7220 6.40459e-13 0
7230 3.79238e-13 0
7240 2.71481e-13 0
7250 2.16553e-13 0
7260 1.72931e-13 0
7270 1.35967e-13 0
7280 1.05034e-13 0
7290 7.95136e-14 0
7300 5.88007e-14 0
7310 4.23065e-14 0
7320 2.94629e-14 0
7330 1.97263e-14 0
7340 1.25819e-14 0
7350 7.54796e-15 0
7360 4.18041e-15 0
7370 2.07715e-15 0
7380 8.82894e-16 0
7390 2.93947e-16 0
7400 6.31324e-17 0
7410 4.8083e-18 0
7420 4.45058e-06 4.45058e-06
