0 0 0
10 1.87348e-09 9.92443e-12
20 0.0445195 1.30949e-10
30 1.10547e-07 6.12197e-10
40 3.22766e-07 1.84594e-09
50 7.46887e-07 4.35967e-09
60 0.000283407 8.80845e-09
70 2.64558e-06 1.59675e-08
80 4.28813e-06 2.67249e-08
90 6.53926e-06 4.20751e-08
100 9.50265e-06 6.31116e-08
110 1.33564e-05 9.10211e-08
120 1.80693e-05 1.27077e-07
130 2.37899e-05 1.72633e-07
140 3.11018e-05 2.29117e-07
150 3.92084e-05 2.98029e-07
160 5.00128e-05 3.8093e-07
170 0.274995 4.7944e-07
180 7.34399e-05 5.95235e-07
190 0.000122514 7.30036e-07
200 0.000106856 8.85612e-07
210 0.000125363 1.06377e-06
220 0.000144596 1.26635e-06
230 0.000165443 1.49523e-06
240 0.00753604 1.7523e-06
250 0.00022799 2.0395e-06
260 0.000292513 2.35876e-06
270 0.00105033 2.71205e-06
280 0.00150441 3.10134e-06
290 0.000362117 3.52862e-06
300 0.0180617 3.99586e-06
310 0.000434209 4.50507e-06
320 0.00124161 5.05823e-06
330 0.00755137 5.65734e-06
340 0.000823813 6.30439e-06
350 0.00588678 7.00136e-06
360 0.000700642 7.75021e-06
370 0.00205956 8.5529e-06
380 0.000853199 9.41138e-06
390 0.00745148 1.03276e-05
400 0.000930872 1.13034e-05
410 0.00129626 1.23407e-05
420 0.00105724 1.34415e-05
430 0.00146901 1.46074e-05
440 0.00240446 1.58404e-05
450 0.00130135 1.71423e-05
460 0.00156521 1.85147e-05
470 0.00149015 1.99596e-05
480 0.00155176 2.14784e-05
490 0.00161348 2.30731e-05
500 0.271818 2.47451e-05
510 0.00709518 2.64961e-05
520 0.00873362 2.83276e-05
530 0.00641641 3.02413e-05
540 0.00214488 3.22385e-05
550 0.00235361 3.43209e-05
560 0.00227054 3.64898e-05
570 0.011376 3.87465e-05
580 0.00270295 4.10925e-05
590 0.00697376 4.35291e-05
600 0.00267003 4.60575e-05
610 0.0110298 4.8679e-05
620 0.00282537 5.13948e-05
630 0.026048 5.42059e-05
640 0.017812 5.71136e-05
650 0.00296113 6.01189e-05
660 0.0030164 6.32228e-05
670 0.00308145 6.64262e-05
680 0.0045314 6.97303e-05
690 0.003176 7.31358e-05
700 0.0843745 7.66435e-05
710 0.0335865 8.02544e-05
720 0.00350797 8.39692e-05
730 0.00401386 8.77886e-05
740 0.0116819 9.17133e-05
750 0.00413682 9.5744e-05
760 0.00416869 9.98813e-05
770 0.00421796 0.000104126
780 0.00870245 0.000108478
790 0.00592997 0.000112938
800 0.0205932 0.000117507
810 0.00615982 0.000122184
820 0.0115492 0.000126971
830 0.0398453 0.000131868
840 0.00633038 0.000136875
850 0.0071129 0.000141992
860 0.00622963 0.000147219
870 0.00696392 0.000152557
880 0.0262897 0.000158005
890 0.00696689 0.000163564
900 0.00707236 0.000169234
910 0.00996989 0.000175015
920 0.0107093 0.000180907
930 0.00857853 0.000186909
940 0.00853829 0.000193022
950 0.00898487 0.000199245
960 0.0100056 0.000205579
970 0.0239311 0.000212023
980 0.00837513 0.000218577
990 0.00833445 0.000225241
1000 0.00834712 0.000232014
1010 0.012254 0.000238896
1020 0.00958243 0.000245887
1030 0.0110324 0.000252986
1040 0.00940167 0.000260193
1050 0.00845668 0.000267507
1060 0.00816447 0.000274929
1070 0.00812549 0.000282456
1080 0.00807845 0.00029009
1090 0.0293422 0.000297829
1100 0.00891157 0.000305673
1110 0.0126458 0.000313621
1120 0.0126008 0.000321672
1130 0.0123473 0.000329827
1140 0.0262801 0.000338084
1150 0.0120616 0.000346442
1160 0.0119235 0.0003549
1170 0.0117883 0.000363459
1180 0.011656 0.000372117
1190 0.0115267 0.000380874
1200 0.013199 0.000389728
1210 0.0120346 0.000398678
1220 0.0111548 0.000407725
1230 0.0112127 0.000416867
1240 0.0109316 0.000426103
1250 0.0108061 0.000435432
1260 0.0106947 0.000444853
1270 0.0105856 0.000454366
1280 0.0104787 0.000463969
1290 0.0169937 0.000473662
1300 0.0102833 0.000483442
1310 0.0101709 0.000493311
1320 0.0100724 0.000503266
1330 0.0100746 0.000513306
1340 0.0152393 0.00052343
1350 0.00978834 0.000533638
1360 0.00978373 0.000543928
1370 0.0106874 0.000554299
1380 0.00955523 0.00056475
1390 0.00943447 0.00057528
1400 0.00940609 0.000585888
1410 0.010238 0.000596572
1420 0.00930407 0.000607333
1430 0.00916154 0.000618167
1440 0.0145561 0.000629075
1450 0.0143029 0.000640055
1460 0.014057 0.000651106
1470 0.0138182 0.000662227
1480 0.0135864 0.000673417
1490 0.0133612 0.000684674
1500 0.0131425 0.000695997
1510 0.01293 0.000707386
1520 0.0127235 0.000718838
1530 0.0125229 0.000730354
1540 0.0132886 0.00074193
1550 0.0121383 0.000753568
1560 0.0119541 0.000765264
1570 0.0117749 0.000777018
1580 0.0116007 0.00078883
1590 0.0115088 0.000800696
1600 0.0112665 0.000812618
1610 0.011113 0.000824592
1620 0.0109568 0.000836618
1630 0.0108048 0.000848695
1640 0.0106568 0.000860822
1650 0.0105129 0.000872996
1660 0.0103727 0.000885218
1670 0.0102363 0.000897486
1680 0.0101035 0.000909799
1690 0.00997416 0.000922155
1700 0.00984822 0.000934554
1710 0.00972557 0.000946993
1720 0.0096061 0.000959473
1730 0.00948971 0.000971991
1740 0.00937632 0.000984547
1750 0.00926584 0.000997139
1760 0.00915818 0.00100977
1770 0.00905325 0.00102243
1780 0.00895097 0.00103512
1790 0.00885127 0.00104785
1800 0.00875407 0.0010606
1810 0.0086593 0.00107339
1820 0.00856688 0.0010862
1830 0.00847675 0.00109904
1840 0.00838884 0.00111191
1850 0.00830309 0.0011248
1860 0.00821943 0.00113771
1870 0.0081378 0.00115065
1880 0.00805814 0.00116361
1890 0.0079804 0.00117659
1900 0.00790452 0.00118958
1910 0.00783044 0.0012026
1920 0.00775812 0.00121563
1930 0.00768751 0.00122868
1940 0.00761855 0.00124174
1950 0.0075512 0.00125481
1960 0.0074854 0.0012679
1970 0.00742113 0.001281
1980 0.00735833 0.00129411
1990 0.00729696 0.00130722
2000 0.00723698 0.00132035
2010 0.00717835 0.00133348
2020 0.00712103 0.00134662
2030 0.00706498 0.00135976
2040 0.00701018 0.00137291
2050 0.00695657 0.00138606
2060 0.00690413 0.0013992
2070 0.00685283 0.00141236
2080 0.00680263 0.0014255
2090 0.0067535 0.00143865
2100 0.00670541 0.0014518
2110 0.00665834 0.00146494
2120 0.00661224 0.00147808
2130 0.0065671 0.00149121
2140 0.00652288 0.00150433
2150 0.00647957 0.00151745
2160 0.00643713 0.00153055
2170 0.00639555 0.00154365
2180 0.00635479 0.00155674
2190 0.00631483 0.00156981
2200 0.00627566 0.00158287
2210 0.00623724 0.00159592
2220 0.00619956 0.00160896
2230 0.0061626 0.00162197
2240 0.00612634 0.00163497
2250 0.00609075 0.00164795
2260 0.00605582 0.00166092
2270 0.00602153 0.00167386
2280 0.00598787 0.00168678
2290 0.00595481 0.00169969
2300 0.00592233 0.00171256
2310 0.00589043 0.00172542
2320 0.00585909 0.00173825
2330 0.00582829 0.00175105
2340 0.00579801 0.00176383
2350 0.00576824 0.00177658
2360 0.00573898 0.0017893
2370 0.00571019 0.00180199
2380 0.00568188 0.00181466
2390 0.00565402 0.00182729
2400 0.00562661 0.00183988
2410 0.00559964 0.00185245
2420 0.00557308 0.00186498
2430 0.00554694 0.00187747
2440 0.00552119 0.00188993
2450 0.00549583 0.00190236
2460 0.00547085 0.00191474
2470 0.00544624 0.00192708
2480 0.00542199 0.00193939
2490 0.00539808 0.00195165
2500 0.00537451 0.00196388
2510 0.00535127 0.00197606
2520 0.00532836 0.00198819
2530 0.00530575 0.00200028
2540 0.00528345 0.00201233
2550 0.00526145 0.00202433
2560 0.00523973 0.00203628
2570 0.0052183 0.00204818
2580 0.00519713 0.00206004
2590 0.00517624 0.00207184
2600 0.0051556 0.0020836
2610 0.00513522 0.0020953
2620 0.00511508 0.00210695
2630 0.00509518 0.00211854
2640 0.00507551 0.00213008
2650 0.00505607 0.00214156
2660 0.00503686 0.00215299
2670 0.00501785 0.00216436
2680 0.00499906 0.00217567
2690 0.00498047 0.00218692
2700 0.00496208 0.00219812
2710 0.00494389 0.00220925
2720 0.00492588 0.00222032
2730 0.00490806 0.00223132
2740 0.00489042 0.00224226
2750 0.00487295 0.00225314
2760 0.00485565 0.00226395
2770 0.00483852 0.00227469
2780 0.00482155 0.00228537
2790 0.00480474 0.00229598
2800 0.00478809 0.00230652
2810 0.00477158 0.00231699
2820 0.00475522 0.00232739
2830 0.004739 0.00233771
2840 0.00472292 0.00234797
2850 0.00470698 0.00235815
2860 0.00469117 0.00236825
2870 0.00467548 0.00237828
2880 0.00465993 0.00238824
2890 0.00464449 0.00239812
2900 0.00462918 0.00240792
2910 0.00461398 0.00241764
2920 0.00459889 0.00242728
2930 0.00458392 0.00243684
2940 0.00456905 0.00244632
2950 0.00455429 0.00245572
2960 0.00453964 0.00246503
2970 0.00452508 0.00247427
2980 0.00451062 0.00248342
2990 0.00449626 0.00249248
3000 0.004482 0.00250146
3010 0.00446782 0.00251035
3020 0.00445373 0.00251915
3030 0.00443973 0.00252787
3040 0.00442582 0.00253649
3050 0.00441199 0.00254503
3060 0.00439824 0.00255348
3070 0.00438457 0.00256184
3080 0.00437097 0.0025701
3090 0.00435746 0.00257827
3100 0.00434401 0.00258635
3110 0.00433064 0.00259434
3120 0.00431735 0.00260223
3130 0.00430412 0.00261003
3140 0.00429095 0.00261773
3150 0.00427786 0.00262534
3160 0.00426483 0.00263285
3170 0.00425186 0.00264026
3180 0.00423896 0.00264758
3190 0.00422612 0.0026548
3200 0.00421334 0.00266191
3210 0.00420061 0.00266893
3220 0.00418795 0.00267585
3230 0.00417534 0.00268267
3240 0.00416279 0.00268939
3250 0.00415029 0.00269601
3260 0.00413784 0.00270252
3270 0.00412545 0.00270893
3280 0.00411311 0.00271524
3290 0.00410082 0.00272145
3300 0.00408857 0.00272755
3310 0.00407638 0.00273355
3320 0.00406424 0.00273945
3330 0.00405214 0.00274524
3340 0.00404009 0.00275093
3350 0.00402808 0.00275651
3360 0.00401612 0.00276199
3370 0.00400421 0.00276736
3380 0.00399233 0.00277262
3390 0.0039805 0.00277778
3400 0.00396872 0.00278283
3410 0.00395697 0.00278778
3420 0.00394527 0.00279262
3430 0.00393361 0.00279735
3440 0.00392198 0.00280197
3450 0.0039104 0.00280649
3460 0.00389886 0.0028109
3470 0.00388735 0.0028152
3480 0.00387588 0.0028194
3490 0.00386446 0.00282349
3500 0.00385306 0.00282747
3510 0.00384171 0.00283134
3520 0.00383039 0.0028351
3530 0.00381911 0.00283876
3540 0.00380787 0.00284231
3550 0.00379666 0.00284575
3560 0.00378549 0.00284908
3570 0.00377435 0.0028523
3580 0.00376324 0.00285542
3590 0.00375217 0.00285843
3600 0.00374114 0.00286133
3610 0.00373014 0.00286413
3620 0.00371917 0.00286682
3630 0.00370824 0.0028694
3640 0.00369734 0.00287187
3650 0.00368647 0.00287424
3660 0.00367564 0.0028765
3670 0.00366484 0.00287865
3680 0.00365407 0.0028807
3690 0.00364333 0.00288264
3700 0.00363263 0.00288448
3710 0.00362195 0.00288621
3720 0.00361131 0.00288783
3730 0.0036007 0.00288935
3740 0.00359012 0.00289077
3750 0.00357958 0.00289208
3760 0.00356906 0.00289329
3770 0.00355858 0.00289439
3780 0.00354812 0.00289539
3790 0.0035377 0.00289629
3800 0.0035273 0.00289708
3810 0.00351694 0.00289777
3820 0.0035066 0.00289836
3830 0.0034963 0.00289885
3840 0.00348602 0.00289924
3850 0.00347578 0.00289952
3860 0.00346556 0.00289971
3870 0.00345537 0.00289979
3880 0.00344521 0.00289977
3890 0.00343508 0.00289966
3900 0.00342498 0.00289944
3910 0.0034149 0.00289913
3920 0.00340485 0.00289872
3930 0.00339483 0.00289821
3940 0.00338484 0.0028976
3950 0.00337488 0.00289689
3960 0.00336494 0.00289609
3970 0.00335502 0.00289519
3980 0.00334514 0.0028942
3990 0.00333527 0.00289311
4000 0.00332544 0.00289192
4010 0.00331563 0.00289064
4020 0.00330584 0.00288926
4030 0.00329608 0.00288779
4040 0.00328634 0.00288623
4050 0.00327662 0.00288457
4060 0.00326693 0.00288282
4070 0.00325726 0.00288097
4080 0.00324761 0.00287904
4090 0.00323798 0.00287701
4100 0.00322838 0.00287488
4110 0.00321879 0.00287267
4120 0.00320923 0.00287036
4130 0.00319968 0.00286797
4140 0.00319015 0.00286548
4150 0.00318064 0.0028629
4160 0.00317115 0.00286023
4170 0.00316168 0.00285747
4180 0.00315222 0.00285462
4190 0.00314278 0.00285168
4200 0.00313335 0.00284865
4210 0.00312393 0.00284552
4220 0.00311453 0.00284231
4230 0.00310514 0.00283901
4240 0.00309576 0.00283562
4250 0.0030864 0.00283214
4260 0.00307704 0.00282857
4270 0.00306769 0.00282491
4280 0.00305835 0.00282116
4290 0.00304901 0.00281732
4300 0.00303969 0.00281339
4310 0.00303036 0.00280937
4320 0.00302104 0.00280525
4330 0.00301172 0.00280105
4340 0.00300241 0.00279676
4350 0.00299309 0.00279238
4360 0.00298377 0.0027879
4370 0.00297445 0.00278334
4380 0.00296513 0.00277868
4390 0.0029558 0.00277393
4400 0.00294647 0.00276908
4410 0.00293712 0.00276415
4420 0.00292777 0.00275912
4430 0.00291841 0.00275399
4440 0.00290904 0.00274878
4450 0.00289965 0.00274346
4460 0.00289025 0.00273805
4470 0.00288083 0.00273255
4480 0.00287139 0.00272694
4490 0.00286193 0.00272124
4500 0.00285245 0.00271544
4510 0.00284295 0.00270954
4520 0.00283342 0.00270354
4530 0.00282386 0.00269744
4540 0.00281428 0.00269124
4550 0.00280466 0.00268494
4560 0.00279501 0.00267853
4570 0.00278532 0.00267201
4580 0.0027756 0.00266539
4590 0.00276584 0.00265867
4600 0.00275604 0.00265183
4610 0.0027462 0.00264489
4620 0.00273631 0.00263783
4630 0.00272637 0.00263067
4640 0.00271638 0.00262339
4650 0.00270634 0.00261599
4660 0.00269625 0.00260848
4670 0.0026861 0.00260085
4680 0.00267589 0.00259311
4690 0.00266562 0.00258524
4700 0.00265529 0.00257726
4710 0.00264488 0.00256915
4720 0.00263442 0.00256091
4730 0.00262388 0.00255255
4740 0.00261326 0.00254407
4750 0.00260257 0.00253545
4760 0.0025918 0.0025267
4770 0.00258096 0.00251783
4780 0.00257002 0.00250881
4790 0.002559 0.00249966
4800 0.00254789 0.00249038
4810 0.00253669 0.00248095
4820 0.0025254 0.00247139
4830 0.00251401 0.00246168
4840 0.00250252 0.00245182
4850 0.00249093 0.00244183
4860 0.00247923 0.00243168
4870 0.00246743 0.00242138
4880 0.00245552 0.00241094
4890 0.0024435 0.00240034
4900 0.00243136 0.00238959
4910 0.0024191 0.00237868
4920 0.00240673 0.00236761
4930 0.00239423 0.00235638
4940 0.00238161 0.002345
4950 0.00236887 0.00233345
4960 0.00235599 0.00232173
4970 0.00234299 0.00230985
4980 0.00232985 0.00229781
4990 0.00231657 0.0022856
5000 0.00230316 0.00227321
5010 0.00228961 0.00226066
5020 0.00227592 0.00224794
5030 0.00226209 0.00223504
5040 0.00224811 0.00222197
5050 0.00223398 0.00220873
5060 0.00221971 0.00219531
5070 0.00220529 0.00218172
5080 0.00219072 0.00216795
5090 0.002176 0.002154
5100 0.00216113 0.00213987
5110 0.00214611 0.00212557
5120 0.00213093 0.00211109
5130 0.00211559 0.00209644
5140 0.00210011 0.00208161
5150 0.00208447 0.0020666
5160 0.00206867 0.00205142
5170 0.00205272 0.00203606
5180 0.00203662 0.00202053
5190 0.00202036 0.00200482
5200 0.00200395 0.00198894
5210 0.00198739 0.0019729
5220 0.00197067 0.00195668
5230 0.00195381 0.0019403
5240 0.0019368 0.00192375
5250 0.00191964 0.00190704
5260 0.00190234 0.00189017
5270 0.0018849 0.00187315
5280 0.00186732 0.00185597
5290 0.0018496 0.00183864
5300 0.00183175 0.00182116
5310 0.00181376 0.00180354
5320 0.00179565 0.00178578
5330 0.00177742 0.00176788
5340 0.00175907 0.00174985
5350 0.0017406 0.00173169
5360 0.00172202 0.00171342
5370 0.00170333 0.00169502
5380 0.00168454 0.00167651
5390 0.00166565 0.0016579
5400 0.00164667 0.00163918
5410 0.00162761 0.00162037
5420 0.00160847 0.00160147
5430 0.00158925 0.00158248
5440 0.00156996 0.00156342
5450 0.00155061 0.00154429
5460 0.00153121 0.0015251
5470 0.00151175 0.00150585
5480 0.00149226 0.00148656
5490 0.00147273 0.00146722
5500 0.00145317 0.00144784
5510 0.00143359 0.00142844
5520 0.001414 0.00140903
5530 0.00139441 0.0013896
5540 0.00137482 0.00137017
5550 0.00135523 0.00135074
5560 0.00133567 0.00133133
5570 0.00131613 0.00131193
5580 0.00129663 0.00129257
5590 0.00127717 0.00127325
5600 0.00125776 0.00125397
5610 0.0012384 0.00123474
5620 0.00121912 0.00121558
5630 0.00119991 0.00119649
5640 0.00118078 0.00117748
5650 0.00116174 0.00115855
5660 0.0011428 0.00113972
5670 0.00112397 0.001121
5680 0.00110525 0.00110238
5690 0.00108665 0.00108388
5700 0.00106818 0.00106551
5710 0.00104985 0.00104728
5720 0.00103167 0.00102918
5730 0.00101363 0.00101123
5740 0.000995756 0.000993443
5750 0.000978045 0.000975814
5760 0.000960505 0.000958355
5770 0.000943144 0.000941072
5780 0.000925967 0.00092397
5790 0.000908981 0.000907057
5800 0.00089219 0.000890337
5810 1.78396e-06 0
5820 0.00297113 0.00296941
5830 1.65282e-06 0
5840 1.59034e-06 0
5850 1.52983e-06 0
5860 1.45935e-05 1.31223e-05
5870 0.00308667 0.00308526
5880 1.3597e-06 0
5890 1.3066e-06 0
5900 1.25524e-06 0
5910 1.20556e-06 0
5920 1.15751e-06 0
5930 1.11105e-06 0
5940 1.06613e-06 0
5950 1.02272e-06 0
5960 4.03299e-05 3.93491e-05
5970 9.40226e-07 0
5980 9.01067e-07 0
5990 8.63249e-07 0
6000 0.00340499 0.00340416
6010 7.91482e-07 0
6020 7.57462e-07 0
6030 7.24638e-07 0
6040 0.00357352 0.00357283
6050 6.62444e-07 0
6060 6.33011e-07 0
6070 7.10104e-05 7.04058e-05
6080 5.77321e-07 0
6090 5.51004e-07 0
6100 5.25669e-07 0
6110 5.01287e-07 0
6120 0.00372295 0.00372247
6130 0.00375054 0.00375008
6140 4.33588e-07 0
6150 4.12749e-07 0
6160 3.92731e-07 0
6170 3.73509e-07 0
6180 3.55059e-07 0
6190 3.37358e-07 0
6200 3.20382e-07 0
6210 1.75313e-05 1.72272e-05
6220 2.88517e-07 0
6230 2.73586e-07 0
6240 1.78848e-05 1.76255e-05
6250 2.45621e-07 0
6260 2.32547e-07 0
6270 0.00415527 0.00415505
6280 2.0812e-07 0
6290 1.96729e-07 0
6300 1.8586e-07 0
6310 1.75496e-07 0
6320 0.00430847 0.0043083
6330 1.56209e-07 0
6340 1.47252e-07 0
6350 1.38729e-07 0
6360 1.30624e-07 0
6370 1.22921e-07 0
6380 1.15602e-07 0
6390 1.08654e-07 0
6400 1.0206e-07 0
6410 9.58053e-08 0
6420 8.98762e-08 0
6430 8.42584e-08 0
6440 7.89381e-08 0
6450 7.39024e-08 0
6460 6.91384e-08 0
6470 6.4634e-08 0
6480 6.03774e-08 0
6490 5.63574e-08 0
6500 5.25632e-08 0
6510 4.89849e-08 0
6520 4.56127e-08 0
6530 0.000240418 0.000240376
6540 3.94513e-08 0
6550 3.66458e-08 0
6560 3.40133e-08 0
6570 3.15459e-08 0
6580 0.00518452 0.00518449
6590 2.70769e-08 0
6600 2.50606e-08 0
6610 0.00529469 0.00529467
6620 2.14288e-08 0
6630 1.97995e-08 0
6640 1.82859e-08 0
6650 1.68813e-08 0
6660 1.55795e-08 0
6670 1.43743e-08 0
6680 1.32598e-08 0
6690 1.22301e-08 0
6700 1.12797e-08 0
6710 0.00567648 0.00567647
6720 9.59536e-09 0
6730 8.85123e-09 0
6740 8.16599e-09 0
6750 7.535e-09 0
6760 6.95384e-09 0
6770 6.41828e-09 0
6780 5.92431e-09 0
6790 5.46815e-09 0
6800 5.04623e-09 0
6810 4.65525e-09 0
6820 4.29213e-09 0
6830 3.95409e-09 0
6840 3.63859e-09 0
6850 3.3434e-09 0
6860 3.06658e-09 0
6870 2.8065e-09 0
6880 2.56184e-09 0
6890 2.84787e-05 2.84764e-05
6900 2.11529e-09 0
6910 0.00651115 0.00651114
6920 1.72254e-09 0
6930 1.54547e-09 0
6940 1.38083e-09 0
6950 1.22825e-09 0
6960 1.08733e-09 0
6970 9.57692e-10 0
6980 8.38903e-10 0
6990 7.30531e-10 0
7000 6.32125e-10 0
7010 5.43219e-10 0
7020 4.63337e-10 0
7030 3.91989e-10 0
7040 3.2868e-10 0
7050 2.72903e-10 0
7060 2.24148e-10 0
7070 1.81902e-10 0
7080 1.4565e-10 0
7090 1.14879e-10 0
7100 8.90792e-11 0
7110 6.77485e-11 0
7120 5.03939e-11 0
7130 3.65347e-11 0
7140 2.57063e-11 0
7150 1.7463e-11 0
7160 1.13817e-11 0
7170 7.06528e-12 0
7180 4.14667e-12 0
7190 2.29256e-12 0
7200 1.20754e-12 0
7210 6.38275e-13 0
7220 3.77913e-13 0
7230 2.70539e-13 0
7240 2.15826e-13 0
7250 1.7237e-13 0
7260 1.35542e-13 0
7270 1.04718e-13 0
7280 7.92842e-14 0
7290 5.86381e-14 0
7300 4.21946e-14 0
7310 2.93885e-14 0
7320 1.96788e-14 0
7330 1.25531e-14 0
7340 7.53162e-15 0
7350 4.17187e-15 0
7360 2.07316e-15 0
7370 8.81304e-16 0
7380 2.93454e-16 0
7390 6.30344e-17 0
7400 4.80147e-18 0
7410 4.4776e-06 4.4776e-06
