0 0 0
10 1.85257e-09 9.75048e-12
20 0.0440858 1.28653e-10
30 1.09293e-07 6.01461e-10
40 3.1906e-07 1.81356e-09
50 7.38269e-07 4.28318e-09
60 0.000297918 8.65386e-09
70 2.61486e-06 1.56872e-08
80 4.23781e-06 2.62557e-08
90 6.46172e-06 4.13361e-08
100 9.38883e-06 6.20029e-08
110 1.31964e-05 8.94216e-08
120 1.78506e-05 1.24843e-07
130 2.34992e-05 1.69597e-07
140 3.0722e-05 2.25088e-07
150 3.87255e-05 2.92786e-07
160 4.93888e-05 3.74227e-07
170 0.275499 4.71002e-07
180 7.25075e-05 5.84755e-07
190 0.000121934 7.1718e-07
200 0.000105513 8.70012e-07
210 0.000123796 1.04503e-06
220 0.000142774 1.24403e-06
230 0.000163343 1.46887e-06
240 0.00760653 1.7214e-06
250 0.000225109 2.00353e-06
260 0.000289383 2.31715e-06
270 0.00105802 2.66419e-06
280 0.00149302 3.04659e-06
290 0.000357426 3.46631e-06
300 0.0181096 3.92528e-06
310 0.000428512 4.42547e-06
320 0.00123792 4.96884e-06
330 0.0075728 5.55734e-06
340 0.000816787 6.19292e-06
350 0.00580775 6.87752e-06
360 0.000691687 7.61309e-06
370 0.00203478 8.40153e-06
380 0.000843112 9.24477e-06
390 0.00775127 1.01447e-05
400 0.000919083 1.11032e-05
410 0.00129887 1.21221e-05
420 0.00104399 1.32032e-05
430 0.00145597 1.43485e-05
440 0.00238396 1.55595e-05
450 0.00128522 1.68382e-05
460 0.00155406 1.81862e-05
470 0.0014723 1.96053e-05
480 0.00153315 2.10971e-05
490 0.00159412 2.26633e-05
500 0.272133 2.43055e-05
510 0.00700441 2.60253e-05
520 0.00876393 2.78241e-05
530 0.0064085 2.97036e-05
540 0.00212101 3.16652e-05
550 0.00232907 3.37104e-05
560 0.0022453 3.58405e-05
570 0.011445 3.80569e-05
580 0.00267517 4.03609e-05
590 0.00696089 4.27539e-05
600 0.00264162 4.5237e-05
610 0.0109082 4.78115e-05
620 0.00279657 5.04786e-05
630 0.0258392 5.32394e-05
640 0.0176207 5.60949e-05
650 0.00293004 5.90462e-05
660 0.00298483 6.20944e-05
670 0.00305005 6.52404e-05
680 0.00448263 6.84851e-05
690 0.0031431 7.18293e-05
700 0.0846636 7.5274e-05
710 0.0330716 7.882e-05
720 0.00347291 8.24679e-05
730 0.00397176 8.62185e-05
740 0.011671 9.00726e-05
750 0.00409428 9.40306e-05
760 0.00412482 9.80933e-05
770 0.00417355 0.000102261
780 0.00863109 0.000106535
790 0.00588043 0.000110914
800 0.0205713 0.0001154
810 0.00610294 0.000119994
820 0.0114229 0.000124694
830 0.0398661 0.000129502
840 0.00628278 0.000134418
850 0.00706842 0.000139443
860 0.00617412 0.000144575
870 0.00690538 0.000149816
880 0.0259474 0.000155166
890 0.00690941 0.000160624
900 0.00701954 0.000166191
910 0.00989878 0.000171867
920 0.0106652 0.000177652
930 0.00851423 0.000183545
940 0.00847527 0.000189547
950 0.0089376 0.000195657
960 0.00994922 0.000201876
970 0.0236878 0.000208202
980 0.00831701 0.000214637
990 0.00827758 0.000221179
1000 0.00829357 0.000227829
1010 0.012168 0.000234585
1020 0.00955234 0.000241448
1030 0.0109826 0.000248418
1040 0.00939326 0.000255493
1050 0.00840961 0.000262674
1060 0.00811988 0.000269959
1070 0.00808195 0.000277349
1080 0.00803603 0.000284843
1090 0.0293427 0.000292441
1100 0.00886879 0.000300141
1110 0.0125804 0.000307943
1120 0.0125379 0.000315847
1130 0.0122867 0.000323851
1140 0.0262598 0.000331956
1150 0.0120057 0.000340161
1160 0.0118698 0.000348464
1170 0.0117367 0.000356865
1180 0.0116065 0.000365364
1190 0.0114791 0.000373959
1200 0.013141 0.00038265
1210 0.0120062 0.000391436
1220 0.0111129 0.000400316
1230 0.0111788 0.000409288
1240 0.0108943 0.000418354
1250 0.0107692 0.00042751
1260 0.0106594 0.000436758
1270 0.0105518 0.000446094
1280 0.0104464 0.00045552
1290 0.0169635 0.000465032
1300 0.0102542 0.000474632
1310 0.0101427 0.000484317
1320 0.0100455 0.000494087
1330 0.0100531 0.000503941
1340 0.0151451 0.000513878
1350 0.0097652 0.000523895
1360 0.00976127 0.000533994
1370 0.0106591 0.000544172
1380 0.0095353 0.000554428
1390 0.00941582 0.000564762
1400 0.00939048 0.000575172
1410 0.0102183 0.000585657
1420 0.00929029 0.000596217
1430 0.00914931 0.000606849
1440 0.0145197 0.000617553
1450 0.0142696 0.000628327
1460 0.0140268 0.000639171
1470 0.013791 0.000650084
1480 0.013562 0.000661064
1490 0.0133395 0.00067211
1500 0.0131234 0.00068322
1510 0.0129135 0.000694395
1520 0.0127094 0.000705632
1530 0.0125111 0.000716931
1540 0.0132715 0.00072829
1550 0.0121309 0.000739708
1560 0.0119487 0.000751184
1570 0.0117716 0.000762717
1580 0.0115992 0.000774305
1590 0.0115084 0.000785947
1600 0.0112686 0.000797643
1610 0.0111168 0.000809391
1620 0.0109622 0.00082119
1630 0.0108118 0.000833038
1640 0.0106654 0.000844934
1650 0.0105229 0.000856878
1660 0.0103842 0.000868868
1670 0.0102491 0.000880903
1680 0.0101176 0.000892982
1690 0.00998959 0.000905103
1700 0.00986488 0.000917265
1710 0.00974341 0.000929467
1720 0.00962509 0.000941709
1730 0.00950981 0.000953988
1740 0.00939749 0.000966304
1750 0.00928804 0.000978656
1760 0.00918138 0.000991041
1770 0.00907742 0.00100346
1780 0.00897608 0.00101591
1790 0.00887729 0.00102839
1800 0.00878097 0.0010409
1810 0.00868704 0.00105344
1820 0.00859545 0.00106601
1830 0.00850612 0.0010786
1840 0.00841898 0.00109122
1850 0.00833397 0.00110387
1860 0.00825103 0.00111653
1870 0.00817011 0.00112922
1880 0.00809113 0.00114193
1890 0.00801406 0.00115465
1900 0.00793882 0.0011674
1910 0.00786537 0.00118016
1920 0.00779366 0.00119294
1930 0.00772363 0.00120573
1940 0.00765525 0.00121854
1950 0.00758845 0.00123136
1960 0.0075232 0.00124419
1970 0.00745945 0.00125704
1980 0.00739717 0.00126989
1990 0.00733629 0.00128275
2000 0.0072768 0.00129562
2010 0.00721864 0.0013085
2020 0.00716178 0.00132138
2030 0.00710618 0.00133426
2040 0.00705181 0.00134715
2050 0.00699862 0.00136004
2060 0.0069466 0.00137293
2070 0.00689569 0.00138582
2080 0.00684588 0.00139871
2090 0.00679713 0.0014116
2100 0.00674941 0.00142449
2110 0.00670269 0.00143737
2120 0.00665695 0.00145025
2130 0.00661215 0.00146312
2140 0.00656826 0.00147598
2150 0.00652527 0.00148884
2160 0.00648315 0.00150169
2170 0.00644187 0.00151452
2180 0.0064014 0.00152735
2190 0.00636173 0.00154017
2200 0.00632284 0.00155297
2210 0.00628469 0.00156575
2220 0.00624728 0.00157853
2230 0.00621057 0.00159128
2240 0.00617456 0.00160402
2250 0.00613921 0.00161675
2260 0.00610452 0.00162945
2270 0.00607045 0.00164213
2280 0.00603701 0.0016548
2290 0.00600416 0.00166744
2300 0.00597189 0.00168006
2310 0.00594019 0.00169265
2320 0.00590903 0.00170522
2330 0.00587841 0.00171777
2340 0.00584831 0.00173029
2350 0.00581872 0.00174278
2360 0.00578961 0.00175524
2370 0.00576098 0.00176768
2380 0.00573282 0.00178008
2390 0.00570511 0.00179246
2400 0.00567783 0.0018048
2410 0.00565099 0.00181711
2420 0.00562455 0.00182938
2430 0.00559852 0.00184162
2440 0.00557289 0.00185382
2450 0.00554763 0.00186599
2460 0.00552275 0.00187812
2470 0.00549823 0.00189021
2480 0.00547405 0.00190226
2490 0.00545022 0.00191428
2500 0.00542672 0.00192625
2510 0.00540355 0.00193817
2520 0.00538069 0.00195006
2530 0.00535813 0.0019619
2540 0.00533588 0.0019737
2550 0.00531391 0.00198545
2560 0.00529222 0.00199715
2570 0.00527081 0.00200881
2580 0.00524967 0.00202041
2590 0.00522878 0.00203197
2600 0.00520815 0.00204348
2610 0.00518776 0.00205493
2620 0.00516761 0.00206634
2630 0.0051477 0.00207769
2640 0.00512801 0.00208899
2650 0.00510854 0.00210023
2660 0.00508929 0.00211142
2670 0.00507024 0.00212254
2680 0.0050514 0.00213362
2690 0.00503275 0.00214463
2700 0.0050143 0.00215558
2710 0.00499604 0.00216648
2720 0.00497795 0.00217731
2730 0.00496005 0.00218808
2740 0.00494232 0.00219879
2750 0.00492475 0.00220943
2760 0.00490735 0.00222001
2770 0.00489011 0.00223053
2780 0.00487302 0.00224098
2790 0.00485609 0.00225136
2800 0.0048393 0.00226167
2810 0.00482265 0.00227191
2820 0.00480615 0.00228208
2830 0.00478978 0.00229219
2840 0.00477354 0.00230222
2850 0.00475743 0.00231218
2860 0.00474145 0.00232206
2870 0.00472558 0.00233188
2880 0.00470984 0.00234161
2890 0.00469421 0.00235127
2900 0.0046787 0.00236086
2910 0.00466329 0.00237037
2920 0.004648 0.0023798
2930 0.0046328 0.00238915
2940 0.00461771 0.00239842
2950 0.00460272 0.00240761
2960 0.00458782 0.00241672
2970 0.00457302 0.00242575
2980 0.0045583 0.00243469
2990 0.00454368 0.00244355
3000 0.00452915 0.00245233
3010 0.0045147 0.00246102
3020 0.00450033 0.00246963
3030 0.00448604 0.00247815
3040 0.00447183 0.00248658
3050 0.0044577 0.00249493
3060 0.00444364 0.00250319
3070 0.00442966 0.00251135
3080 0.00441575 0.00251943
3090 0.0044019 0.00252742
3100 0.00438813 0.00253532
3110 0.00437442 0.00254312
3120 0.00436077 0.00255084
3130 0.00434719 0.00255846
3140 0.00433367 0.00256598
3150 0.00432022 0.00257341
3160 0.00430682 0.00258075
3170 0.00429347 0.00258799
3180 0.00428019 0.00259514
3190 0.00426696 0.00260219
3200 0.00425378 0.00260915
3210 0.00424066 0.002616
3220 0.00422759 0.00262276
3230 0.00421457 0.00262942
3240 0.0042016 0.00263598
3250 0.00418868 0.00264245
3260 0.0041758 0.00264881
3270 0.00416298 0.00265507
3280 0.0041502 0.00266123
3290 0.00413746 0.0026673
3300 0.00412477 0.00267326
3310 0.00411213 0.00267912
3320 0.00409952 0.00268487
3330 0.00408696 0.00269053
3340 0.00407444 0.00269608
3350 0.00406196 0.00270153
3360 0.00404953 0.00270688
3370 0.00403713 0.00271213
3380 0.00402477 0.00271727
3390 0.00401245 0.0027223
3400 0.00400017 0.00272724
3410 0.00398792 0.00273207
3420 0.00397572 0.00273679
3430 0.00396355 0.00274141
3440 0.00395141 0.00274593
3450 0.00393932 0.00275034
3460 0.00392725 0.00275465
3470 0.00391523 0.00275885
3480 0.00390324 0.00276295
3490 0.00389128 0.00276694
3500 0.00387936 0.00277083
3510 0.00386747 0.00277461
3520 0.00385562 0.00277828
3530 0.0038438 0.00278186
3540 0.00383201 0.00278533
3550 0.00382026 0.00278869
3560 0.00380854 0.00279195
3570 0.00379685 0.0027951
3580 0.00378519 0.00279815
3590 0.00377357 0.00280109
3600 0.00376198 0.00280393
3610 0.00375043 0.00280667
3620 0.0037389 0.0028093
3630 0.00372741 0.00281183
3640 0.00371595 0.00281425
3650 0.00370452 0.00281657
3660 0.00369312 0.00281879
3670 0.00368176 0.00282091
3680 0.00367043 0.00282292
3690 0.00365913 0.00282483
3700 0.00364786 0.00282664
3710 0.00363662 0.00282834
3720 0.00362541 0.00282995
3730 0.00361424 0.00283145
3740 0.0036031 0.00283285
3750 0.00359199 0.00283416
3760 0.00358091 0.00283536
3770 0.00356986 0.00283646
3780 0.00355885 0.00283746
3790 0.00354786 0.00283836
3800 0.00353691 0.00283917
3810 0.00352599 0.00283987
3820 0.0035151 0.00284048
3830 0.00350424 0.00284099
3840 0.00349342 0.00284141
3850 0.00348262 0.00284172
3860 0.00347186 0.00284194
3870 0.00346113 0.00284207
3880 0.00345043 0.0028421
3890 0.00343976 0.00284203
3900 0.00342912 0.00284188
3910 0.00341852 0.00284162
3920 0.00340794 0.00284128
3930 0.0033974 0.00284084
3940 0.00338689 0.0028403
3950 0.00337641 0.00283968
3960 0.00336596 0.00283896
3970 0.00335554 0.00283816
3980 0.00334515 0.00283726
3990 0.00333479 0.00283627
4000 0.00332447 0.00283519
4010 0.00331417 0.00283403
4020 0.0033039 0.00283277
4030 0.00329367 0.00283143
4040 0.00328346 0.00283
4050 0.00327329 0.00282848
4060 0.00326314 0.00282688
4070 0.00325303 0.00282518
4080 0.00324294 0.00282341
4090 0.00323288 0.00282154
4100 0.00322285 0.00281959
4110 0.00321285 0.00281756
4120 0.00320288 0.00281544
4130 0.00319293 0.00281324
4140 0.00318301 0.00281096
4150 0.00317312 0.00280859
4160 0.00316326 0.00280614
4170 0.00315342 0.00280361
4180 0.00314361 0.00280099
4190 0.00313382 0.00279829
4200 0.00312406 0.00279551
4210 0.00311432 0.00279266
4220 0.00310461 0.00278971
4230 0.00309492 0.00278669
4240 0.00308525 0.00278359
4250 0.00307561 0.00278041
4260 0.00306599 0.00277715
4270 0.00305638 0.00277381
4280 0.0030468 0.00277039
4290 0.00303724 0.00276688
4300 0.0030277 0.0027633
4310 0.00301818 0.00275965
4320 0.00300867 0.00275591
4330 0.00299918 0.00275209
4340 0.00298971 0.00274819
4350 0.00298025 0.00274422
4360 0.0029708 0.00274016
4370 0.00296137 0.00273603
4380 0.00295195 0.00273182
4390 0.00294255 0.00272753
4400 0.00293315 0.00272315
4410 0.00292376 0.0027187
4420 0.00291438 0.00271417
4430 0.00290501 0.00270956
4440 0.00289564 0.00270487
4450 0.00288628 0.0027001
4460 0.00287693 0.00269525
4470 0.00286757 0.00269032
4480 0.00285822 0.0026853
4490 0.00284886 0.00268021
4500 0.00283951 0.00267503
4510 0.00283015 0.00266977
4520 0.00282079 0.00266442
4530 0.00281142 0.002659
4540 0.00280204 0.00265348
4550 0.00279266 0.00264789
4560 0.00278326 0.0026422
4570 0.00277386 0.00263644
4580 0.00276444 0.00263058
4590 0.002755 0.00262464
4600 0.00274555 0.00261861
4610 0.00273608 0.00261249
4620 0.00272659 0.00260627
4630 0.00271708 0.00259997
4640 0.00270755 0.00259358
4650 0.00269798 0.00258709
4660 0.0026884 0.00258051
4670 0.00267878 0.00257384
4680 0.00266913 0.00256707
4690 0.00265944 0.0025602
4700 0.00264972 0.00255324
4710 0.00263997 0.00254617
4720 0.00263017 0.002539
4730 0.00262033 0.00253174
4740 0.00261045 0.00252437
4750 0.00260052 0.00251689
4760 0.00259054 0.00250931
4770 0.00258051 0.00250163
4780 0.00257043 0.00249383
4790 0.0025603 0.00248593
4800 0.0025501 0.00247791
4810 0.00253985 0.00246978
4820 0.00252953 0.00246154
4830 0.00251915 0.00245318
4840 0.00250871 0.0024447
4850 0.00249819 0.00243611
4860 0.0024876 0.00242739
4870 0.00247694 0.00241856
4880 0.0024662 0.0024096
4890 0.00245538 0.00240051
4900 0.00244448 0.0023913
4910 0.00243349 0.00238195
4920 0.00242242 0.00237248
4930 0.00241126 0.00236288
4940 0.0024 0.00235314
4950 0.00238866 0.00234327
4960 0.00237721 0.00233326
4970 0.00236567 0.00232311
4980 0.00235402 0.00231283
4990 0.00234228 0.0023024
5000 0.00233042 0.00229182
5010 0.00231846 0.0022811
5020 0.00230638 0.00227024
5030 0.0022942 0.00225923
5040 0.00228189 0.00224807
5050 0.00226947 0.00223675
5060 0.00225693 0.00222529
5070 0.00224427 0.00221367
5080 0.00223148 0.0022019
5090 0.00221857 0.00218997
5100 0.00220553 0.00217788
5110 0.00219236 0.00216563
5120 0.00217906 0.00215323
5130 0.00216563 0.00214066
5140 0.00215206 0.00212793
5150 0.00213836 0.00211504
5160 0.00212452 0.00210199
5170 0.00211054 0.00208878
5180 0.00209642 0.0020754
5190 0.00208217 0.00206185
5200 0.00206777 0.00204814
5210 0.00205322 0.00203427
5220 0.00203854 0.00202023
5230 0.00202371 0.00200603
5240 0.00200874 0.00199166
5250 0.00199363 0.00197713
5260 0.00197837 0.00196244
5270 0.00196297 0.00194759
5280 0.00194742 0.00193257
5290 0.00193174 0.00191739
5300 0.00191591 0.00190206
5310 0.00189994 0.00188656
5320 0.00188383 0.00187092
5330 0.00186759 0.00185511
5340 0.00185121 0.00183916
5350 0.00183469 0.00182305
5360 0.00181804 0.0018068
5370 0.00180126 0.00179041
5380 0.00178435 0.00177387
5390 0.00176732 0.0017572
5400 0.00175016 0.00174038
5410 0.00173289 0.00172344
5420 0.0017155 0.00170637
5430 0.00169799 0.00168918
5440 0.00168038 0.00167186
5450 0.00166266 0.00165444
5460 0.00164484 0.0016369
5470 0.00162693 0.00161925
5480 0.00160892 0.0016015
5490 0.00159083 0.00158366
5500 0.00157266 0.00156573
5510 0.00155441 0.00154771
5520 0.00153609 0.00152962
5530 0.00151771 0.00151145
5540 0.00149926 0.00149322
5550 0.00148077 0.00147492
5560 0.00146223 0.00145657
5570 0.00144364 0.00143818
5580 0.00142503 0.00141975
5590 0.00140639 0.00140128
5600 0.00138772 0.00138279
5610 0.00136905 0.00136428
5620 0.00135037 0.00134576
5630 0.00133169 0.00132723
5640 0.00131303 0.00130871
5650 0.00129438 0.00129021
5660 0.00127575 0.00127172
5670 0.00125715 0.00125326
5680 0.0012386 0.00123483
5690 0.00122009 0.00121645
5700 0.00120164 0.00119812
5710 0.00118325 0.00117985
5720 0.00116493 0.00116165
5730 0.0011467 0.00114352
5740 0.00112854 0.00112547
5750 0.00111048 0.00110752
5760 0.00109252 0.00108966
5770 0.00107467 0.00107191
5780 0.00105694 0.00105427
5790 0.00103933 0.00103675
5800 0.00102185 0.00101936
5810 0.00100451 0.00100211
5820 0.000987314 0.000984993
5830 0.000970269 0.000968029
5840 0.000953382 0.000951221
5850 0.00093666 0.000934576
5860 0.000920108 0.000918099
5870 0.000903734 0.000901797
5880 0.000887542 0.000885675
5890 0.00087154 0.00086974
5900 0.000855731 0.000853997
5910 1.67052e-06 0
5920 0.00282939 0.00282778
5930 1.54912e-06 0
5940 1.49125e-06 0
5950 1.4352e-06 0
5960 1.39092e-05 1.25282e-05
5970 0.00293799 0.00293667
5980 1.27746e-06 0
5990 1.22821e-06 0
6000 1.18054e-06 0
6010 1.13441e-06 0
6020 1.08978e-06 0
6030 1.04661e-06 0
6040 1.00486e-06 0
6050 9.64491e-07 0
6060 4.79228e-05 4.69973e-05
6070 8.87731e-07 0
6080 8.51269e-07 0
6090 8.1604e-07 0
6100 0.00323702 0.00323624
6110 7.49141e-07 0
6120 7.17406e-07 0
6130 6.86772e-07 0
6140 0.00340871 0.00340806
6150 6.28684e-07 0
6160 6.01172e-07 0
6170 8.14752e-05 8.09005e-05
6180 5.49075e-07 0
6190 5.24437e-07 0
6200 5.00704e-07 0
6210 4.7785e-07 0
6220 0.0035355 0.00353504
6230 0.00356139 0.00356095
6240 4.14319e-07 0
6250 3.94738e-07 0
6260 3.75916e-07 0
6270 3.57832e-07 0
6280 3.40462e-07 0
6290 3.23785e-07 0
6300 3.0778e-07 0
6310 1.66919e-05 1.63994e-05
6320 2.77706e-07 0
6330 2.63597e-07 0
6340 1.70249e-05 1.67748e-05
6350 2.37143e-07 0
6360 2.24761e-07 0
6370 0.00394104 0.00394082
6380 2.01597e-07 0
6390 1.9078e-07 0
6400 1.80451e-07 0
6410 1.70592e-07 0
6420 0.00408468 0.00408452
6430 1.5222e-07 0
6440 1.43676e-07 0
6450 1.35537e-07 0
6460 1.2779e-07 0
6470 1.20418e-07 0
6480 1.13408e-07 0
6490 1.06744e-07 0
6500 1.00414e-07 0
6510 9.44028e-08 0
6520 8.86975e-08 0
6530 8.32852e-08 0
6540 7.81533e-08 0
6550 7.32897e-08 0
6560 6.86826e-08 0
6570 6.43208e-08 0
6580 6.01933e-08 0
6590 5.62897e-08 0
6600 5.26002e-08 0
6610 4.91153e-08 0
6620 4.58261e-08 0
6630 0.000273528 0.000273485
6640 3.98018e-08 0
6650 3.70514e-08 0
6660 3.44659e-08 0
6670 3.20379e-08 0
6680 0.00490548 0.00490545
6690 2.76267e-08 0
6700 2.56298e-08 0
6710 0.00500865 0.00500862
6720 2.20204e-08 0
6730 2.0395e-08 0
6740 1.88809e-08 0
6750 1.74719e-08 0
6760 1.61622e-08 0
6770 1.4946e-08 0
6780 1.38177e-08 0
6790 1.27719e-08 0
6800 1.18034e-08 0
6810 0.00536605 0.00536604
6820 1.0078e-08 0
6830 9.31164e-09 0
6840 8.60331e-09 0
6850 7.9487e-09 0
6860 7.34362e-09 0
6870 6.78406e-09 0
6880 6.26623e-09 0
6890 5.78651e-09 0
6900 5.34153e-09 0
6910 4.92811e-09 0
6920 4.54331e-09 0
6930 4.18444e-09 0
6940 3.84908e-09 0
6950 3.53504e-09 0
6960 3.24044e-09 0
6970 2.96367e-09 0
6980 2.70344e-09 0
6990 2.69902e-05 2.69878e-05
7000 2.22898e-09 0
7010 0.00614697 0.00614697
7020 1.81241e-09 0
7030 1.62487e-09 0
7040 1.45064e-09 0
7050 1.28932e-09 0
7060 1.14049e-09 0
7070 1.0037e-09 0
7080 8.78487e-10 0
7090 7.64367e-10 0
7100 6.60848e-10 0
7110 5.67422e-10 0
7120 4.83566e-10 0
7130 4.0875e-10 0
7140 3.42435e-10 0
7150 2.84074e-10 0
7160 2.33117e-10 0
7170 1.89012e-10 0
7180 1.51208e-10 0
7190 1.19155e-10 0
7200 9.23118e-11 0
7210 7.01438e-11 0
7220 5.21287e-11 0
7230 3.77588e-11 0
7240 2.65444e-11 0
7250 1.8017e-11 0
7260 1.17333e-11 0
7270 7.27829e-12 0
7280 4.2692e-12 0
7290 2.35952e-12 0
7300 1.24292e-12 0
7310 6.57371e-13 0
7320 3.89457e-13 0
7330 2.78708e-13 0
7340 2.22097e-13 0
7350 1.77167e-13 0
7360 1.39148e-13 0
7370 1.07375e-13 0
7380 8.11984e-14 0
7390 5.99818e-14 0
7400 4.31096e-14 0
7410 2.99897e-14 0
7420 2.00572e-14 0
7430 1.27791e-14 0
7440 7.65793e-15 0
7450 4.2367e-15 0
7460 2.10282e-15 0
7470 8.92825e-16 0
7480 2.96925e-16 0
7490 6.37001e-17 0
7500 4.84579e-18 0
7510 4.21515e-06 4.21515e-06
