0 0 0
10 0.216874 9.663e-12
20 1.205e-08 1.2754e-10
30 5.4973e-08 5.96516e-10
40 1.61789e-07 1.79949e-09
50 0.167403 4.25199e-09
60 0.0252845 8.59507e-09
70 1.30289e-06 1.55883e-08
80 2.13006e-06 2.61033e-08
90 3.27626e-06 4.11168e-08
100 4.80418e-06 6.1705e-08
110 6.77115e-06 8.9037e-08
120 9.23975e-06 1.24369e-07
130 1.22702e-05 1.69039e-07
140 1.59213e-05 2.24461e-07
150 2.025e-05 2.9212e-07
160 2.53111e-05 3.73565e-07
170 3.11565e-05 4.70408e-07
180 3.78354e-05 5.84316e-07
190 4.53936e-05 7.17008e-07
200 5.38735e-05 8.70247e-07
210 0.000189914 1.04584e-06
220 7.37506e-05 1.24564e-06
230 0.00952029 1.47152e-06
240 0.000100934 1.72539e-06
250 0.000114892 2.0092e-06
260 0.000129966 2.3249e-06
270 0.00014617 2.67448e-06
280 0.0578879 3.05993e-06
290 0.115276 3.48326e-06
300 0.000202691 3.94651e-06
310 0.000232472 4.45169e-06
320 0.00475298 5.00085e-06
330 0.000283422 5.59601e-06
340 0.00861628 6.23922e-06
350 0.00066791 6.93251e-06
360 0.000373624 7.67791e-06
370 0.111579 8.47744e-06
380 0.00676779 9.3331e-06
390 0.000464567 1.02469e-05
400 0.000496945 1.12208e-05
410 0.00695654 1.22569e-05
420 0.000564606 1.33569e-05
430 0.0473124 1.4523e-05
440 0.000635905 1.57569e-05
450 0.000672824 1.70606e-05
460 0.000710537 1.8436e-05
470 0.000749003 1.98849e-05
480 0.0252415 2.1409e-05
490 0.000894901 2.30103e-05
500 0.0422041 2.46904e-05
510 0.000951503 2.64511e-05
520 0.000994071 2.82941e-05
530 0.0132904 3.0221e-05
540 0.044805 3.22335e-05
550 0.00112437 3.43331e-05
560 0.0168776 3.65216e-05
570 0.00141111 3.88003e-05
580 0.0013657 4.11707e-05
590 0.00145238 4.36344e-05
600 0.0014583 4.61927e-05
610 0.00550758 4.88471e-05
620 0.00157041 5.15988e-05
630 0.00161827 5.44492e-05
640 0.00168382 5.73996e-05
650 0.00257562 6.04512e-05
660 0.00175892 6.36051e-05
670 0.00256531 6.68625e-05
680 0.00185187 7.02246e-05
690 0.00199676 7.36924e-05
700 0.00628326 7.72669e-05
710 0.00212807 8.09491e-05
720 0.00221342 8.474e-05
730 0.00245055 8.86405e-05
740 0.00838913 9.26514e-05
750 0.00254896 9.67736e-05
760 0.0252762 0.000101008
770 0.00266961 0.000105355
780 0.00365495 0.000109816
790 0.00273999 0.00011439
800 0.00278661 0.00011908
810 0.00283232 0.000123885
820 0.00287788 0.000128806
830 0.00763313 0.000133843
840 0.00296649 0.000138998
850 0.00324678 0.000144269
860 0.00329394 0.000149659
870 0.00333995 0.000155166
880 0.00356782 0.000160792
890 0.00361057 0.000166537
900 0.0154296 0.0001724
910 0.00488235 0.000178383
920 0.0125088 0.000184485
930 0.0037749 0.000190707
940 0.00381427 0.000197048
950 0.00385343 0.000203508
960 0.00389095 0.000210089
970 0.00538051 0.000216789
980 0.00396931 0.000223608
990 0.0114532 0.000230547
1000 0.00404028 0.000237606
1010 0.00613108 0.000244783
1020 0.00410837 0.00025208
1030 0.00996047 0.000259496
1040 0.00491426 0.00026703
1050 0.00493285 0.000274683
1060 0.00685634 0.000282454
1070 0.0055416 0.000290342
1080 0.00556272 0.000298349
1090 0.00558323 0.000306472
1100 0.00560315 0.000314712
1110 0.00562246 0.000323068
1120 0.00585585 0.000331539
1130 0.00591405 0.000340126
1140 0.00593317 0.000348828
1150 0.00595168 0.000357644
1160 0.00596956 0.000366574
1170 0.00599067 0.000375617
1180 0.00600343 0.000384772
1190 0.00601941 0.000394039
1200 0.00603476 0.000403418
1210 0.00604947 0.000412906
1220 0.00606352 0.000422505
1230 0.00827264 0.000432213
1240 0.00823556 0.000442029
1250 0.0108709 0.000451953
1260 0.0105815 0.000461983
1270 0.0122361 0.00047212
1280 0.0121022 0.000482362
1290 0.0119707 0.000492708
1300 0.0118417 0.000503158
1310 0.011715 0.000513711
1320 0.0115905 0.000524365
1330 0.0114683 0.000535121
1340 0.0113483 0.000545976
1350 0.0112305 0.000556931
1360 0.0111148 0.000567984
1370 0.0110011 0.000579134
1380 0.0108895 0.00059038
1390 0.0107798 0.000601722
1400 0.0106721 0.000613158
1410 0.0105663 0.000624688
1420 0.0104623 0.00063631
1430 0.0103601 0.000648023
1440 0.0102597 0.000659827
1450 0.0101609 0.00067172
1460 0.0100639 0.000683701
1470 0.00996849 0.000695769
1480 0.00987467 0.000707924
1490 0.00978242 0.000720164
1500 0.00969168 0.000732488
1510 0.00960243 0.000744894
1520 0.00951462 0.000757383
1530 0.00942822 0.000769953
1540 0.0093432 0.000782602
1550 0.00925952 0.00079533
1560 0.0132869 0.000808135
1570 0.0130902 0.000821017
1580 0.0128982 0.000833974
1590 0.0127106 0.000847005
1600 0.0125274 0.000860109
1610 0.0133041 0.000873286
1620 0.0131298 0.000886533
1630 0.0129571 0.00089985
1640 0.0127884 0.000913235
1650 0.0126236 0.000926688
1660 0.0124625 0.000940207
1670 0.0123051 0.000953791
1680 0.0121512 0.00096744
1690 0.0120009 0.000981151
1700 0.0118539 0.000994924
1710 0.0117102 0.00100876
1720 0.0115697 0.00102265
1730 0.0114324 0.0010366
1740 0.011298 0.00105061
1750 0.0111667 0.00106468
1760 0.0110382 0.0010788
1770 0.0109124 0.00109297
1780 0.0107894 0.0011072
1790 0.0106691 0.00112148
1800 0.0105513 0.0011358
1810 0.010436 0.00115018
1820 0.0103232 0.00116461
1830 0.0102127 0.00117908
1840 0.0101045 0.0011936
1850 0.00999857 0.00120816
1860 0.0098948 0.00122277
1870 0.00979314 0.00123742
1880 0.00969354 0.00125211
1890 0.00959594 0.00126684
1900 0.00950029 0.00128161
1910 0.00940652 0.00129642
1920 0.00931459 0.00131127
1930 0.00922445 0.00132615
1940 0.00913604 0.00134107
1950 0.00904933 0.00135602
1960 0.00896426 0.001371
1970 0.00888078 0.00138601
1980 0.00879886 0.00140106
1990 0.00871844 0.00141613
2000 0.0086395 0.00143123
2010 0.00856199 0.00144636
2020 0.00848586 0.00146152
2030 0.00841109 0.0014767
2040 0.00833764 0.0014919
2050 0.00826547 0.00150713
2060 0.00819454 0.00152237
2070 0.00812483 0.00153764
2080 0.00805631 0.00155293
2090 0.00798893 0.00156823
2100 0.00792268 0.00158356
2110 0.00785753 0.00159889
2120 0.00779344 0.00161425
2130 0.00773039 0.00162962
2140 0.00766836 0.001645
2150 0.00760732 0.00166039
2160 0.00754725 0.00167579
2170 0.00748813 0.0016912
2180 0.00742993 0.00170662
2190 0.00737263 0.00172205
2200 0.00731622 0.00173748
2210 0.00726067 0.00175292
2220 0.00720596 0.00176836
2230 0.00715209 0.00178381
2240 0.00709903 0.00179926
2250 0.00704676 0.00181471
2260 0.00699527 0.00183015
2270 0.00694455 0.0018456
2280 0.00689458 0.00186104
2290 0.00684535 0.00187648
2300 0.00679683 0.00189192
2310 0.00674904 0.00190735
2320 0.00670194 0.00192277
2330 0.00665552 0.00193819
2340 0.00660979 0.00195359
2350 0.00656471 0.00196898
2360 0.0065203 0.00198437
2370 0.00647653 0.00199974
2380 0.00643339 0.00201509
2390 0.00639088 0.00203043
2400 0.00634899 0.00204576
2410 0.0063077 0.00206107
2420 0.00626702 0.00207635
2430 0.00622692 0.00209162
2440 0.00618741 0.00210687
2450 0.00614848 0.0021221
2460 0.00611011 0.0021373
2470 0.00607231 0.00215248
2480 0.00603505 0.00216763
2490 0.00599835 0.00218276
2500 0.00596218 0.00219786
2510 0.00592654 0.00221293
2520 0.00589143 0.00222797
2530 0.00585684 0.00224298
2540 0.00582277 0.00225795
2550 0.0057892 0.0022729
2560 0.00575612 0.0022878
2570 0.00572355 0.00230267
2580 0.00569146 0.0023175
2590 0.00565985 0.0023323
2600 0.00562871 0.00234705
2610 0.00559805 0.00236176
2620 0.00556785 0.00237643
2630 0.0055381 0.00239106
2640 0.00550881 0.00240564
2650 0.00547996 0.00242018
2660 0.00545156 0.00243466
2670 0.00542358 0.0024491
2680 0.00539604 0.00246349
2690 0.00536892 0.00247783
2700 0.00534221 0.00249211
2710 0.00531592 0.00250634
2720 0.00529003 0.00252051
2730 0.00526455 0.00253463
2740 0.00523946 0.00254869
2750 0.00521475 0.00256269
2760 0.00519043 0.00257663
2770 0.00516649 0.00259051
2780 0.00514292 0.00260433
2790 0.00511972 0.00261808
2800 0.00509688 0.00263176
2810 0.0050744 0.00264538
2820 0.00505227 0.00265893
2830 0.00503049 0.00267241
2840 0.00500904 0.00268582
2850 0.00498793 0.00269916
2860 0.00496716 0.00271243
2870 0.0049467 0.00272561
2880 0.00492657 0.00273873
2890 0.00490675 0.00275176
2900 0.00488724 0.00276472
2910 0.00486804 0.0027776
2920 0.00484914 0.00279039
2930 0.00483053 0.0028031
2940 0.00481221 0.00281573
2950 0.00479418 0.00282827
2960 0.00477642 0.00284073
2970 0.00475895 0.0028531
2980 0.00474174 0.00286537
2990 0.0047248 0.00287756
3000 0.00470812 0.00288966
3010 0.0046917 0.00290166
3020 0.00467553 0.00291357
3030 0.0046596 0.00292538
3040 0.00464392 0.0029371
3050 0.00462848 0.00294871
3060 0.00461328 0.00296023
3070 0.0045983 0.00297165
3080 0.00458355 0.00298296
3090 0.00456902 0.00299417
3100 0.00455471 0.00300528
3110 0.00454061 0.00301628
3120 0.00452671 0.00302717
3130 0.00451303 0.00303796
3140 0.00449954 0.00304863
3150 0.00448625 0.0030592
3160 0.00447315 0.00306965
3170 0.00446024 0.00307999
3180 0.00444751 0.00309022
3190 0.00443496 0.00310033
3200 0.00442259 0.00311032
3210 0.0044104 0.0031202
3220 0.00439837 0.00312995
3230 0.00438651 0.00313959
3240 0.0043748 0.00314911
3250 0.00436326 0.0031585
3260 0.00435187 0.00316777
3270 0.00434063 0.00317692
3280 0.00432954 0.00318594
3290 0.00431859 0.00319483
3300 0.00430778 0.0032036
3310 0.0042971 0.00321223
3320 0.00428656 0.00322074
3330 0.00427615 0.00322912
3340 0.00426586 0.00323736
3350 0.0042557 0.00324548
3360 0.00424565 0.00325345
3370 0.00423572 0.0032613
3380 0.00422591 0.003269
3390 0.0042162 0.00327657
3400 0.0042066 0.00328401
3410 0.0041971 0.0032913
3420 0.00418771 0.00329845
3430 0.0041784 0.00330547
3440 0.0041692 0.00331234
3450 0.00416008 0.00331907
3460 0.00415105 0.00332566
3470 0.0041421 0.0033321
3480 0.00413324 0.00333839
3490 0.00412445 0.00334454
3500 0.00411573 0.00335055
3510 0.00410709 0.0033564
3520 0.00409852 0.00336211
3530 0.00409001 0.00336766
3540 0.00408157 0.00337307
3550 0.00407319 0.00337832
3560 0.00406486 0.00338343
3570 0.00405659 0.00338838
3580 0.00404837 0.00339317
3590 0.00404019 0.00339781
3600 0.00403206 0.00340229
3610 0.00402398 0.00340662
3620 0.00401593 0.00341079
3630 0.00400792 0.0034148
3640 0.00399995 0.00341865
3650 0.003992 0.00342234
3660 0.00398408 0.00342587
3670 0.00397619 0.00342924
3680 0.00396832 0.00343245
3690 0.00396047 0.00343549
3700 0.00395263 0.00343837
3710 0.00394481 0.00344108
3720 0.003937 0.00344362
3730 0.00392919 0.003446
3740 0.00392139 0.00344821
3750 0.00391359 0.00345025
3760 0.00390579 0.00345211
3770 0.00389799 0.00345381
3780 0.00389018 0.00345534
3790 0.00388236 0.00345669
3800 0.00387452 0.00345786
3810 0.00386667 0.00345886
3820 0.0038588 0.00345969
3830 0.00385091 0.00346033
3840 0.00384299 0.0034608
3850 0.00383505 0.00346108
3860 0.00382707 0.00346119
3870 0.00381906 0.00346111
3880 0.00381101 0.00346085
3890 0.00380292 0.0034604
3900 0.00379479 0.00345977
3910 0.0037866 0.00345895
3920 0.00377837 0.00345794
3930 0.00377009 0.00345673
3940 0.00376174 0.00345534
3950 0.00375334 0.00345375
3960 0.00374487 0.00345197
3970 0.00373634 0.00344999
3980 0.00372774 0.00344781
3990 0.00371906 0.00344544
4000 0.0037103 0.00344286
4010 0.00370147 0.00344007
4020 0.00369255 0.00343709
4030 0.00368354 0.00343389
4040 0.00367444 0.00343049
4050 0.00366525 0.00342688
4060 0.00365595 0.00342305
4070 0.00364656 0.00341901
4080 0.00363706 0.00341476
4090 0.00362744 0.00341028
4100 0.00361772 0.00340559
4110 0.00360788 0.00340067
4120 0.00359791 0.00339553
4130 0.00358783 0.00339016
4140 0.00357761 0.00338457
4150 0.00356726 0.00337874
4160 0.00355677 0.00337268
4170 0.00354615 0.00336638
4180 0.00353538 0.00335984
4190 0.00352446 0.00335307
4200 0.00351338 0.00334605
4210 0.00350216 0.00333879
4220 0.00349077 0.00333127
4230 0.00347921 0.00332351
4240 0.00346749 0.0033155
4250 0.0034556 0.00330723
4260 0.00344352 0.0032987
4270 0.00343127 0.00328991
4280 0.00341884 0.00328086
4290 0.00340621 0.00327154
4300 0.00339339 0.00326196
4310 0.00338038 0.0032521
4320 0.00336716 0.00324198
4330 0.00335374 0.00323157
4340 0.00334011 0.00322089
4350 0.00332627 0.00320993
4360 0.00331222 0.00319869
4370 0.00329794 0.00318716
4380 0.00328344 0.00317534
4390 0.00326871 0.00316323
4400 0.00325376 0.00315083
4410 0.00323857 0.00313814
4420 0.00322314 0.00312515
4430 0.00320747 0.00311187
4440 0.00319156 0.00309828
4450 0.0031754 0.00308439
4460 0.00315899 0.0030702
4470 0.00314233 0.0030557
4480 0.00312541 0.00304089
4490 0.00310824 0.00302578
4500 0.00309081 0.00301036
4510 0.00307311 0.00299463
4520 0.00305515 0.00297858
4530 0.00303693 0.00296223
4540 0.00301843 0.00294556
4550 0.00299967 0.00292858
4560 0.00298064 0.00291129
4570 0.00296134 0.00289369
4580 0.00294176 0.00287577
4590 0.00292192 0.00285754
4600 0.0029018 0.002839
4610 0.00288141 0.00282015
4620 0.00286075 0.00280099
4630 0.00283982 0.00278152
4640 0.00281861 0.00276175
4650 0.00279714 0.00274168
4660 0.0027754 0.0027213
4670 0.00275339 0.00270063
4680 0.00273112 0.00267966
4690 0.00270859 0.0026584
4700 0.0026858 0.00263685
4710 0.00266276 0.00261501
4720 0.00263947 0.0025929
4730 0.00261592 0.00257051
4740 0.00259214 0.00254785
4750 0.00256811 0.00252492
4760 0.00254385 0.00250174
4770 0.00251936 0.0024783
4780 0.00249465 0.00245461
4790 0.00246972 0.00243068
4800 0.00244458 0.00240652
4810 0.00241924 0.00238213
4820 0.0023937 0.00235752
4830 0.00236797 0.0023327
4840 0.00234205 0.00230768
4850 0.00231597 0.00228246
4860 0.00228972 0.00225706
4870 0.00226331 0.00223149
4880 0.00223675 0.00220574
4890 0.00221006 0.00217984
4900 0.00218323 0.00215379
4910 0.00215629 0.00212761
4920 0.00212924 0.0021013
4930 0.00210209 0.00207488
4940 0.00207485 0.00204835
4950 0.00204754 0.00202173
4960 0.00202016 0.00199502
4970 0.00199272 0.00196825
4980 0.00196525 0.00194142
4990 0.00193773 0.00191454
5000 0.0019102 0.00188763
5010 0.00188266 0.00186069
5020 0.00185512 0.00183375
5030 0.0018276 0.0018068
5040 0.00180011 0.00177987
5050 0.00177265 0.00175297
5060 0.00174524 0.0017261
5070 0.0017179 0.00169928
5080 0.00169062 0.00167253
5090 0.00166344 0.00164585
5100 0.00163635 0.00161925
5110 0.00160937 0.00159275
5120 0.00158251 0.00156636
5130 0.00155578 0.0015401
5140 0.0015292 0.00151396
5150 0.00150277 0.00148796
5160 0.0014765 0.00146212
5170 1.39556e-05 0
5180 1.35477e-05 0
5190 1.31495e-05 0
5200 1.27609e-05 0
5210 1.23818e-05 0
5220 1.20119e-05 0
5230 1.16511e-05 0
5240 1.12992e-05 0
5250 1.0956e-05 0
5260 1.06214e-05 0
5270 1.02953e-05 0
5280 9.97743e-06 0
5290 9.66766e-06 0
5300 9.36584e-06 0
5310 9.07182e-06 0
5320 8.78545e-06 0
5330 8.50657e-06 0
5340 8.23504e-06 0
5350 7.97071e-06 0
5360 7.71344e-06 0
5370 7.46308e-06 0
5380 7.2195e-06 0
5390 6.98254e-06 0
5400 0.00376172 0.00375497
5410 6.52799e-06 0
5420 6.31012e-06 0
5430 6.09835e-06 0
5440 2.19097e-05 1.60172e-05
5450 5.69256e-06 0
5460 5.49829e-06 0
5470 0.00397985 0.00397454
5480 5.12638e-06 0
5490 4.94849e-06 0
5500 4.77581e-06 0
5510 4.60823e-06 0
5520 0.00414218 0.00413774
5530 4.28789e-06 0
5540 4.1349e-06 0
5550 3.98653e-06 0
5560 3.84269e-06 0
5570 3.70326e-06 0
5580 3.56814e-06 0
5590 3.4372e-06 0
5600 3.31036e-06 0
5610 3.1875e-06 0
5620 3.06853e-06 0
5630 2.95333e-06 0
5640 2.84182e-06 0
5650 0.00459077 0.00458803
5660 2.62945e-06 0
5670 2.52841e-06 0
5680 2.43066e-06 0
5690 2.33613e-06 0
5700 2.24471e-06 0
5710 2.15633e-06 0
5720 2.0709e-06 0
5730 1.98833e-06 0
5740 0.00492478 0.00492287
5750 1.83146e-06 0
5760 1.75699e-06 0
5770 2.26825e-05 2.09974e-05
5780 1.61563e-06 0
5790 1.54859e-06 0
5800 1.48387e-06 0
5810 1.42141e-06 0
5820 1.36115e-06 0
5830 1.30302e-06 0
5840 1.24695e-06 0
5850 6.47379e-05 6.3545e-05
5860 1.14075e-06 0
5870 2.38346e-05 2.2744e-05
5880 2.39675e-05 2.29253e-05
5890 0.00552684 0.00552585
5900 9.50569e-07 0
5910 9.07331e-07 0
5920 8.65713e-07 0
5930 8.25664e-07 0
5940 7.87135e-07 0
5950 7.5008e-07 0
5960 7.14452e-07 0
5970 6.80204e-07 0
5980 6.47294e-07 0
5990 6.15678e-07 0
6000 5.85315e-07 0
6010 0.000125433 0.000124877
6020 5.28186e-07 0
6030 5.01343e-07 0
6040 4.75599e-07 0
6050 4.50916e-07 0
6060 4.27259e-07 0
6070 4.04593e-07 0
6080 3.82884e-07 0
6090 3.62099e-07 0
6100 3.42205e-07 0
6110 3.23171e-07 0
6120 3.04966e-07 0
6130 2.87561e-07 0
6140 2.70926e-07 0
6150 2.55034e-07 0
6160 2.39857e-07 0
6170 2.2537e-07 0
6180 2.11547e-07 0
6190 1.98365e-07 0
6200 1.858e-07 0
6210 1.73831e-07 0
6220 1.62436e-07 0
6230 0.000193094 0.000192942
6240 1.41293e-07 0
6250 1.31508e-07 0
6260 1.22224e-07 0
6270 1.13425e-07 0
6280 3.13797e-05 3.12746e-05
6290 9.72144e-08 0
6300 8.97724e-08 0
6310 8.2752e-08 0
6320 7.61383e-08 0
6330 6.99164e-08 0
6340 6.40716e-08 0
6350 5.85893e-08 0
6360 5.34555e-08 0
6370 4.86559e-08 0
6380 4.41767e-08 0
6390 0.00800015 0.00800011
6400 3.61257e-08 0
6410 3.25274e-08 0
6420 0.00817423 0.0081742
6430 2.61209e-08 0
6440 2.32878e-08 0
6450 2.06852e-08 0
6460 1.83012e-08 0
6470 1.6124e-08 0
6480 1.41422e-08 0
6490 1.23446e-08 0
6500 1.072e-08 0
6510 9.25771e-09 0
6520 7.94723e-09 0
6530 6.77827e-09 0
6540 5.74083e-09 0
6550 4.82517e-09 0
6560 4.02185e-09 0
6570 3.32174e-09 0
6580 2.71598e-09 0
6590 2.19604e-09 0
6600 1.75374e-09 0
6610 1.3812e-09 0
6620 1.07091e-09 0
6630 8.15713e-10 0
6640 6.08836e-10 0
6650 4.43885e-10 0
6660 3.14873e-10 0
6670 2.16223e-10 0
6680 1.42794e-10 0
6690 8.98863e-11 0
6700 5.32654e-11 0
6710 2.91734e-11 0
6720 0.0101 0.0101
6730 6.03769e-12 0
6740 1.99012e-12 0
6750 4.23103e-13 0
6760 3.18768e-14 0
6770 4.50159e-05 4.50159e-05
6780 0 0
