0 0 0
10 0.214365 9.40617e-12
20 1.19571e-08 1.2415e-10
30 5.45423e-08 5.80655e-10
40 1.60501e-07 1.75163e-09
50 0.168238 4.13889e-09
60 0.0260502 8.3664e-09
70 1.29204e-06 1.51735e-08
80 2.11208e-06 2.54085e-08
90 3.2482e-06 4.00223e-08
100 4.7626e-06 6.00621e-08
110 6.71176e-06 8.66658e-08
120 9.15766e-06 1.21056e-07
130 1.21598e-05 1.64536e-07
140 1.57763e-05 2.1848e-07
150 2.00635e-05 2.84334e-07
160 2.50752e-05 3.63606e-07
170 3.0863e-05 4.57865e-07
180 3.74751e-05 5.68733e-07
190 4.49568e-05 6.97881e-07
200 5.335e-05 8.47028e-07
210 0.0001885 1.01793e-06
220 7.30206e-05 1.21239e-06
230 0.00968389 1.43223e-06
240 9.99593e-05 1.67932e-06
250 0.000113774 1.95554e-06
260 0.000128691 2.26279e-06
270 0.000144725 2.60301e-06
280 0.0587923 2.97815e-06
290 0.116284 3.39015e-06
300 0.000200651 3.84099e-06
310 0.000230235 4.33264e-06
320 0.00478972 4.86708e-06
330 0.000281026 5.44629e-06
340 0.00874378 6.07226e-06
350 0.000666966 6.74696e-06
360 0.000370143 7.47236e-06
370 0.112549 8.25043e-06
380 0.00693552 9.08313e-06
390 0.00046019 9.9724e-06
400 0.000492248 1.09202e-05
410 0.00690486 1.19284e-05
420 0.000559241 1.29989e-05
430 0.0467982 1.41336e-05
440 0.000629838 1.53343e-05
450 0.000666396 1.6603e-05
460 0.000703741 1.79413e-05
470 0.000741834 1.93512e-05
480 0.0249117 2.08343e-05
490 0.000888866 2.23925e-05
500 0.0419194 2.40273e-05
510 0.000943002 2.57406e-05
520 0.000985198 2.75339e-05
530 0.0134948 2.94088e-05
540 0.0440277 3.13671e-05
550 0.00111438 3.34101e-05
560 0.0167407 3.55394e-05
570 0.00139915 3.77566e-05
580 0.00135495 4.0063e-05
590 0.0014441 4.24602e-05
600 0.00144693 4.49494e-05
610 0.00546686 4.7532e-05
620 0.0015583 5.02093e-05
630 0.0016059 5.29826e-05
640 0.00167244 5.58532e-05
650 0.00257178 5.88221e-05
660 0.0017457 6.18907e-05
670 0.00255381 6.50599e-05
680 0.00183815 6.83309e-05
690 0.00198083 7.17046e-05
700 0.00620499 7.51822e-05
710 0.00211132 7.87646e-05
720 0.00219613 8.24527e-05
730 0.00243324 8.62473e-05
740 0.00834787 9.01493e-05
750 0.00253117 9.41596e-05
760 0.0249471 9.82788e-05
770 0.00265426 0.000102508
780 0.00363878 0.000106847
790 0.00272139 0.000111297
800 0.00276786 0.000115859
810 0.00281339 0.000120534
820 0.00285884 0.000125321
830 0.00757362 0.000130221
840 0.00294717 0.000135235
850 0.00322322 0.000140363
860 0.0032702 0.000145605
870 0.00331597 0.000150962
880 0.00354538 0.000156435
890 0.00358798 0.000162023
900 0.0153061 0.000167726
910 0.00484946 0.000173545
920 0.0124391 0.000179481
930 0.00375184 0.000185532
940 0.00379114 0.0001917
950 0.00383029 0.000197984
960 0.00386771 0.000204384
970 0.00535554 0.0002109
980 0.00394623 0.000217533
990 0.0113759 0.000224282
1000 0.00401721 0.000231147
1010 0.00609311 0.000238128
1020 0.00408538 0.000245224
1030 0.00995421 0.000252437
1040 0.00489506 0.000259764
1050 0.00491388 0.000267207
1060 0.00684636 0.000274764
1070 0.00551181 0.000282436
1080 0.00553297 0.000290222
1090 0.00555353 0.000298121
1100 0.00557351 0.000306134
1110 0.0055929 0.00031426
1120 0.005825 0.000322499
1130 0.00588479 0.000330849
1140 0.00590395 0.000339311
1150 0.00592249 0.000347884
1160 0.00594043 0.000356567
1170 0.00596199 0.00036536
1180 0.00597445 0.000374263
1190 0.00599052 0.000383274
1200 0.00600598 0.000392393
1210 0.0060208 0.000401619
1220 0.00603499 0.000410953
1230 0.0082509 0.000420392
1240 0.00821446 0.000429936
1250 0.0108407 0.000439585
1260 0.010569 0.000449337
1270 0.0122328 0.000459193
1280 0.0121003 0.000469151
1290 0.0119702 0.00047921
1300 0.0118424 0.00048937
1310 0.0117169 0.000499629
1320 0.0115937 0.000509987
1330 0.0114726 0.000520444
1340 0.0113538 0.000530997
1350 0.011237 0.000541647
1360 0.0111223 0.000552392
1370 0.0110097 0.000563231
1380 0.010899 0.000574164
1390 0.0107903 0.00058519
1400 0.0106835 0.000596307
1410 0.0105786 0.000607515
1420 0.0104754 0.000618812
1430 0.0103741 0.000630198
1440 0.0102744 0.000641672
1450 0.0101765 0.000653232
1460 0.0100802 0.000664878
1470 0.00998557 0.000676608
1480 0.00989248 0.000688422
1490 0.00980093 0.000700319
1500 0.00971089 0.000712297
1510 0.0096223 0.000724356
1520 0.00953515 0.000736494
1530 0.00944939 0.000748711
1540 0.009365 0.000761004
1550 0.00928193 0.000773374
1560 0.0133214 0.000785819
1570 0.0131262 0.000798339
1580 0.0129355 0.000810931
1590 0.0127492 0.000823595
1600 0.0125673 0.00083633
1610 0.0133395 0.000849134
1620 0.0131661 0.000862007
1630 0.0129942 0.000874948
1640 0.0128262 0.000887955
1650 0.012662 0.000901028
1660 0.0125016 0.000914165
1670 0.0123448 0.000927364
1680 0.0121915 0.000940626
1690 0.0120416 0.000953949
1700 0.0118951 0.000967332
1710 0.0117518 0.000980773
1720 0.0116117 0.000994272
1730 0.0114747 0.00100783
1740 0.0113407 0.00102144
1750 0.0112096 0.0010351
1760 0.0110813 0.00104882
1770 0.0109558 0.00106259
1780 0.010833 0.00107641
1790 0.0107129 0.00109028
1800 0.0105952 0.0011042
1810 0.0104801 0.00111817
1820 0.0103673 0.00113218
1830 0.0102569 0.00114624
1840 0.0101488 0.00116035
1850 0.0100429 0.0011745
1860 0.00993915 0.00118868
1870 0.0098375 0.00120291
1880 0.00973789 0.00121719
1890 0.00964027 0.00123149
1900 0.00954458 0.00124584
1910 0.00945076 0.00126023
1920 0.00935877 0.00127464
1930 0.00926856 0.0012891
1940 0.00918007 0.00130359
1950 0.00909326 0.00131811
1960 0.00900808 0.00133266
1970 0.0089245 0.00134724
1980 0.00884245 0.00136185
1990 0.00876191 0.00137649
2000 0.00868283 0.00139115
2010 0.00860518 0.00140584
2020 0.0085289 0.00142056
2030 0.00845398 0.0014353
2040 0.00838036 0.00145006
2050 0.00830803 0.00146485
2060 0.00823693 0.00147965
2070 0.00816705 0.00149448
2080 0.00809834 0.00150932
2090 0.00803079 0.00152418
2100 0.00796435 0.00153906
2110 0.00789901 0.00155395
2120 0.00783473 0.00156886
2130 0.00777149 0.00158378
2140 0.00770926 0.00159871
2150 0.00764802 0.00161365
2160 0.00758775 0.0016286
2170 0.00752842 0.00164357
2180 0.00747001 0.00165854
2190 0.0074125 0.00167351
2200 0.00735588 0.00168849
2210 0.00730012 0.00170348
2220 0.0072452 0.00171847
2230 0.00719111 0.00173346
2240 0.00713783 0.00174846
2250 0.00708534 0.00176345
2260 0.00703363 0.00177845
2270 0.00698268 0.00179344
2280 0.00693249 0.00180843
2290 0.00688302 0.00182341
2300 0.00683428 0.00183839
2310 0.00678625 0.00185337
2320 0.00673891 0.00186833
2330 0.00669226 0.00188329
2340 0.00664628 0.00189824
2350 0.00660096 0.00191318
2360 0.0065563 0.00192811
2370 0.00651228 0.00194302
2380 0.00646889 0.00195793
2390 0.00642612 0.00197281
2400 0.00638397 0.00198768
2410 0.00634242 0.00200254
2420 0.00630146 0.00201737
2430 0.0062611 0.00203219
2440 0.00622131 0.00204698
2450 0.00618209 0.00206175
2460 0.00614344 0.00207651
2470 0.00610534 0.00209123
2480 0.00606779 0.00210593
2490 0.00603079 0.00212061
2500 0.00599431 0.00213526
2510 0.00595837 0.00214988
2520 0.00592294 0.00216447
2530 0.00588803 0.00217903
2540 0.00585362 0.00219356
2550 0.00581972 0.00220805
2560 0.00578631 0.00222251
2570 0.00575338 0.00223694
2580 0.00572094 0.00225133
2590 0.00568897 0.00226568
2600 0.00565747 0.00227999
2610 0.00562643 0.00229426
2620 0.00559585 0.00230849
2630 0.00556572 0.00232267
2640 0.00553604 0.00233682
2650 0.00550679 0.00235092
2660 0.00547798 0.00236497
2670 0.00544959 0.00237897
2680 0.00542162 0.00239293
2690 0.00539407 0.00240683
2700 0.00536693 0.00242069
2710 0.00534019 0.00243449
2720 0.00531385 0.00244824
2730 0.00528791 0.00246193
2740 0.00526235 0.00247557
2750 0.00523717 0.00248915
2760 0.00521237 0.00250267
2770 0.00518794 0.00251613
2780 0.00516387 0.00252953
2790 0.00514016 0.00254287
2800 0.00511681 0.00255614
2810 0.0050938 0.00256935
2820 0.00507114 0.0025825
2830 0.00504882 0.00259557
2840 0.00502683 0.00260858
2850 0.00500517 0.00262152
2860 0.00498383 0.00263438
2870 0.00496281 0.00264718
2880 0.0049421 0.0026599
2890 0.0049217 0.00267254
2900 0.0049016 0.00268511
2910 0.0048818 0.0026976
2920 0.00486229 0.00271002
2930 0.00484307 0.00272235
2940 0.00482413 0.0027346
2950 0.00480547 0.00274677
2960 0.00478708 0.00275886
2970 0.00476896 0.00277086
2980 0.00475111 0.00278277
2990 0.00473351 0.0027946
3000 0.00471617 0.00280634
3010 0.00469908 0.00281799
3020 0.00468224 0.00282955
3030 0.00466564 0.00284102
3040 0.00464927 0.00285239
3050 0.00463314 0.00286367
3060 0.00461724 0.00287485
3070 0.00460156 0.00288594
3080 0.0045861 0.00289693
3090 0.00457086 0.00290782
3100 0.00455583 0.00291861
3110 0.004541 0.0029293
3120 0.00452639 0.00293988
3130 0.00451197 0.00295036
3140 0.00449775 0.00296074
3150 0.00448372 0.00297101
3160 0.00446987 0.00298117
3170 0.00445622 0.00299123
3180 0.00444274 0.00300118
3190 0.00442944 0.00301101
3200 0.00441632 0.00302074
3210 0.00440337 0.00303035
3220 0.00439058 0.00303985
3230 0.00437795 0.00304924
3240 0.00436549 0.00305851
3250 0.00435318 0.00306766
3260 0.00434102 0.0030767
3270 0.00432902 0.00308561
3280 0.00431716 0.00309441
3290 0.00430544 0.00310309
3300 0.00429386 0.00311165
3310 0.00428242 0.00312008
3320 0.00427112 0.0031284
3330 0.00425994 0.00313659
3340 0.00424889 0.00314465
3350 0.00423796 0.00315259
3360 0.00422716 0.0031604
3370 0.00421647 0.00316808
3380 0.0042059 0.00317564
3390 0.00419544 0.00318307
3400 0.00418509 0.00319037
3410 0.00417485 0.00319753
3420 0.00416471 0.00320457
3430 0.00415467 0.00321147
3440 0.00414473 0.00321825
3450 0.00413488 0.00322488
3460 0.00412513 0.00323139
3470 0.00411547 0.00323776
3480 0.00410589 0.00324399
3490 0.0040964 0.00325008
3500 0.00408699 0.00325604
3510 0.00407766 0.00326187
3520 0.0040684 0.00326755
3530 0.00405922 0.00327309
3540 0.00405012 0.0032785
3550 0.00404108 0.00328376
3560 0.0040321 0.00328888
3570 0.00402319 0.00329387
3580 0.00401435 0.0032987
3590 0.00400556 0.0033034
3600 0.00399683 0.00330795
3610 0.00398815 0.00331236
3620 0.00397952 0.00331663
3630 0.00397095 0.00332075
3640 0.00396242 0.00332472
3650 0.00395393 0.00332854
3660 0.00394548 0.00333222
3670 0.00393708 0.00333576
3680 0.00392871 0.00333914
3690 0.00392038 0.00334237
3700 0.00391208 0.00334546
3710 0.00390381 0.00334839
3720 0.00389556 0.00335118
3730 0.00388735 0.00335381
3740 0.00387915 0.0033563
3750 0.00387097 0.00335862
3760 0.00386282 0.0033608
3770 0.00385467 0.00336282
3780 0.00384655 0.00336469
3790 0.00383843 0.00336641
3800 0.00383032 0.00336796
3810 0.00382221 0.00336937
3820 0.00381411 0.00337061
3830 0.00380601 0.0033717
3840 0.00379791 0.00337263
3850 0.0037898 0.0033734
3860 0.00378169 0.00337401
3870 0.00377357 0.00337446
3880 0.00376544 0.00337475
3890 0.00375729 0.00337487
3900 0.00374913 0.00337484
3910 0.00374094 0.00337464
3920 0.00373274 0.00337427
3930 0.00372451 0.00337374
3940 0.00371625 0.00337305
3950 0.00370797 0.00337218
3960 0.00369965 0.00337115
3970 0.00369129 0.00336995
3980 0.0036829 0.00336857
3990 0.00367447 0.00336703
4000 0.00366599 0.00336531
4010 0.00365747 0.00336342
4020 0.0036489 0.00336136
4030 0.00364027 0.00335911
4040 0.0036316 0.00335669
4050 0.00362286 0.0033541
4060 0.00361406 0.00335132
4070 0.0036052 0.00334836
4080 0.00359627 0.00334522
4090 0.00358727 0.00334189
4100 0.0035782 0.00333838
4110 0.00356905 0.00333468
4120 0.00355983 0.00333079
4130 0.00355052 0.00332671
4140 0.00354112 0.00332244
4150 0.00353163 0.00331798
4160 0.00352206 0.00331332
4170 0.00351238 0.00330846
4180 0.00350261 0.00330341
4190 0.00349274 0.00329815
4200 0.00348275 0.00329269
4210 0.00347266 0.00328702
4220 0.00346246 0.00328115
4230 0.00345214 0.00327507
4240 0.0034417 0.00326878
4250 0.00343113 0.00326228
4260 0.00342044 0.00325556
4270 0.00340962 0.00324863
4280 0.00339866 0.00324147
4290 0.00338756 0.00323409
4300 0.00337632 0.00322649
4310 0.00336494 0.00321867
4320 0.00335341 0.00321061
4330 0.00334172 0.00320233
4340 0.00332987 0.00319381
4350 0.00331787 0.00318505
4360 0.0033057 0.00317606
4370 0.00329336 0.00316683
4380 0.00328085 0.00315735
4390 0.00326817 0.00314763
4400 0.0032553 0.00313767
4410 0.00324225 0.00312745
4420 0.00322902 0.00311698
4430 0.00321559 0.00310626
4440 0.00320197 0.00309527
4450 0.00318815 0.00308403
4460 0.00317413 0.00307253
4470 0.00315991 0.00306077
4480 0.00314548 0.00304874
4490 0.00313083 0.00303644
4500 0.00311598 0.00302387
4510 0.0031009 0.00301103
4520 0.0030856 0.00299791
4530 0.00307008 0.00298452
4540 0.00305433 0.00297085
4550 0.00303835 0.0029569
4560 0.00302214 0.00294267
4570 0.0030057 0.00292816
4580 0.00298901 0.00291336
4590 0.00297209 0.00289828
4600 0.00295492 0.00288291
4610 0.00293751 0.00286725
4620 0.00291986 0.00285131
4630 0.00290196 0.00283508
4640 0.00288381 0.00281856
4650 0.00286541 0.00280175
4660 0.00284675 0.00278465
4670 0.00282785 0.00276726
4680 0.0028087 0.00274959
4690 0.00278929 0.00273162
4700 0.00276963 0.00271337
4710 0.00274971 0.00269483
4720 0.00272955 0.002676
4730 0.00270913 0.0026569
4740 0.00268846 0.00263751
4750 0.00266755 0.00261784
4760 0.00264638 0.00259789
4770 0.00262497 0.00257767
4780 0.00260332 0.00255717
4790 0.00258142 0.00253641
4800 0.00255929 0.00251538
4810 0.00253692 0.00249409
4820 0.00251432 0.00247255
4830 0.0024915 0.00245075
4840 0.00246845 0.0024287
4850 0.00244518 0.00240641
4860 0.00242169 0.00238389
4870 0.002398 0.00236113
4880 0.0023741 0.00233815
4890 0.00235001 0.00231494
4900 0.00232572 0.00229153
4910 0.00230125 0.00226791
4920 0.0022766 0.00224409
4930 0.00225177 0.00222008
4940 0.00222679 0.00219589
4950 0.00220165 0.00217152
4960 0.00217636 0.00214699
4970 0.00215093 0.00212231
4980 0.00212537 0.00209747
4990 0.00209969 0.0020725
5000 0.00207389 0.0020474
5010 0.00204799 0.00202218
5020 0.002022 0.00199685
5030 0.00199593 0.00197143
5040 0.00196978 0.00194591
5050 0.00194357 0.00192032
5060 0.00191731 0.00189466
5070 0.00189101 0.00186895
5080 0.00186467 0.0018432
5090 0.00183832 0.00181741
5100 0.00181195 0.0017916
5110 0.00178559 0.00176578
5120 0.00175924 0.00173996
5130 0.00173292 0.00171415
5140 0.00170663 0.00168837
5150 0.00168039 0.00166263
5160 0.00165421 0.00163693
5170 0.0016281 0.0016113
5180 0.00160207 0.00158573
5190 0.00157613 0.00156024
5200 0.0015503 0.00153485
5210 0.00152458 0.00150956
5220 0.00149899 0.00148439
5230 0.00147353 0.00145934
5240 0.00144821 0.00143444
5250 0.00142306 0.00140967
5260 0.00139807 0.00138507
5270 1.26252e-05 0
5280 1.22585e-05 0
5290 1.19005e-05 0
5300 1.15511e-05 0
5310 1.12101e-05 0
5320 1.08773e-05 0
5330 1.05526e-05 0
5340 1.02359e-05 0
5350 9.92698e-06 0
5360 9.62571e-06 0
5370 9.33196e-06 0
5380 9.04559e-06 0
5390 8.76646e-06 0
5400 8.49443e-06 0
5410 8.22938e-06 0
5420 7.97115e-06 0
5430 7.71963e-06 0
5440 7.47468e-06 0
5450 7.23618e-06 0
5460 7.00399e-06 0
5470 6.77799e-06 0
5480 6.55806e-06 0
5490 6.34407e-06 0
5500 0.00358377 0.00357763
5510 5.93344e-06 0
5520 5.73655e-06 0
5530 5.54514e-06 0
5540 2.0654e-05 1.52949e-05
5550 5.17824e-06 0
5560 5.00254e-06 0
5570 0.00378859 0.00378376
5580 4.66606e-06 0
5590 4.50506e-06 0
5600 4.34875e-06 0
5610 4.19702e-06 0
5620 0.00394094 0.00393689
5630 3.90689e-06 0
5640 3.76828e-06 0
5650 3.63384e-06 0
5660 3.50346e-06 0
5670 3.37706e-06 0
5680 3.25453e-06 0
5690 3.13578e-06 0
5700 3.02071e-06 0
5710 2.90923e-06 0
5720 2.80125e-06 0
5730 2.69668e-06 0
5740 2.59543e-06 0
5750 0.00436166 0.00435916
5760 2.40254e-06 0
5770 2.31073e-06 0
5780 2.2219e-06 0
5790 2.13596e-06 0
5800 2.05284e-06 0
5810 1.97246e-06 0
5820 1.89474e-06 0
5830 1.81961e-06 0
5840 0.00467468 0.00467293
5850 1.67681e-06 0
5860 1.609e-06 0
5870 2.15272e-05 1.99837e-05
5880 1.48023e-06 0
5890 1.41913e-06 0
5900 1.36013e-06 0
5910 1.30318e-06 0
5920 1.24822e-06 0
5930 1.19518e-06 0
5940 1.14401e-06 0
5950 7.44513e-05 7.33567e-05
5960 1.04706e-06 0
5970 2.26275e-05 2.16263e-05
5980 2.27537e-05 2.17967e-05
5990 0.00523845 0.00523754
6000 8.73278e-07 0
6010 8.33741e-07 0
6020 7.95673e-07 0
6030 7.59031e-07 0
6040 7.23769e-07 0
6050 6.89846e-07 0
6060 6.57219e-07 0
6070 6.25848e-07 0
6080 5.95693e-07 0
6090 5.66716e-07 0
6100 5.38878e-07 0
6110 0.000142682 0.000142169
6120 4.86479e-07 0
6130 4.61848e-07 0
6140 4.38217e-07 0
6150 4.15555e-07 0
6160 3.93828e-07 0
6170 3.73006e-07 0
6180 3.53058e-07 0
6190 3.33953e-07 0
6200 3.15662e-07 0
6210 2.98157e-07 0
6220 2.81411e-07 0
6230 2.65395e-07 0
6240 2.50085e-07 0
6250 2.35454e-07 0
6260 2.21479e-07 0
6270 2.08135e-07 0
6280 1.954e-07 0
6290 1.83252e-07 0
6300 1.7167e-07 0
6310 1.60635e-07 0
6320 1.50128e-07 0
6330 0.000227839 0.000227699
6340 1.30624e-07 0
6350 1.21594e-07 0
6360 1.13026e-07 0
6370 1.04903e-07 0
6380 2.97361e-05 2.96389e-05
6390 8.99341e-08 0
6400 8.30599e-08 0
6410 7.6574e-08 0
6420 7.04626e-08 0
6430 6.47121e-08 0
6440 5.93091e-08 0
6450 5.42402e-08 0
6460 4.94925e-08 0
6470 4.50531e-08 0
6480 4.09093e-08 0
6490 0.00755011 0.00755007
6500 3.34589e-08 0
6510 3.0128e-08 0
6520 0.00771262 0.00771259
6530 2.41963e-08 0
6540 2.15724e-08 0
6550 1.91617e-08 0
6560 1.69532e-08 0
6570 1.4936e-08 0
6580 1.30997e-08 0
6590 1.14339e-08 0
6600 9.92839e-09 0
6610 8.57325e-09 0
6620 7.35876e-09 0
6630 6.27543e-09 0
6640 5.31402e-09 0
6650 4.46554e-09 0
6660 3.72123e-09 0
6670 3.07264e-09 0
6680 2.51156e-09 0
6690 2.03008e-09 0
6700 1.62061e-09 0
6710 1.27583e-09 0
6720 9.88767e-10 0
6730 7.52783e-10 0
6740 5.61577e-10 0
6750 4.0921e-10 0
6760 2.90116e-10 0
6770 1.99114e-10 0
6780 1.31429e-10 0
6790 8.2698e-11 0
6800 4.8992e-11 0
6810 2.683e-11 0
6820 0.00950904 0.00950904
6830 5.55329e-12 0
6840 1.83057e-12 0
6850 3.89206e-13 0
6860 2.93246e-14 0
6870 4.2525e-05 4.2525e-05
6880 0 0
