0 1.5401e-20 7.61949e-23 0
10 4.62031e-20 8.02186e-23 1.19173e-24
20 7.70054e-20 8.44431e-23 5.95864e-25
30 1.07808e-19 8.88777e-23 3.97245e-25
40 1.38611e-19 9.35323e-23 2.97935e-25
50 1.69414e-19 9.84171e-23 2.3835e-25
60 2.00219e-19 1.03543e-22 1.98627e-25
70 2.31023e-19 1.0892e-22 1.70253e-25
80 2.61829e-19 1.14561e-22 1.48974e-25
90 2.92636e-19 1.20477e-22 1.32423e-25
100 3.23444e-19 1.26681e-22 1.19182e-25
110 3.54253e-19 1.33187e-22 1.0835e-25
120 3.85064e-19 1.40006e-22 9.93224e-26
130 4.15875e-19 1.47155e-22 9.16841e-26
140 4.46689e-19 1.54648e-22 8.51372e-26
150 4.77504e-19 1.62499e-22 7.94633e-26
160 5.08321e-19 1.70726e-22 7.44988e-26
170 5.3914e-19 1.79344e-22 7.01185e-26
180 5.69961e-19 1.88371e-22 6.62249e-26
190 6.00785e-19 1.97825e-22 6.27414e-26
200 6.3161e-19 2.07724e-22 5.96063e-26
210 6.62438e-19 2.18089e-22 5.67698e-26
220 6.93268e-19 2.2894e-22 5.41913e-26
230 7.24101e-19 2.40297e-22 5.18371e-26
240 7.54937e-19 2.52182e-22 4.96792e-26
250 7.85776e-19 2.64619e-22 4.7694e-26
260 8.16618e-19 2.77631e-22 4.58616e-26
270 8.47462e-19 2.91242e-22 4.4165e-26
280 8.7831e-19 3.05478e-22 4.25896e-26
290 9.09162e-19 3.20366e-22 4.1123e-26
300 9.40017e-19 3.35932e-22 3.97542e-26
310 9.70875e-19 3.52207e-22 3.84738e-26
320 1.00174e-18 3.69218e-22 3.72734e-26
330 1.0326e-18 3.86998e-22 3.61459e-26
340 1.06347e-18 4.05578e-22 3.50848e-26
350 1.09435e-18 4.24991e-22 3.40843e-26
360 1.12523e-18 4.45272e-22 3.31395e-26
370 1.15611e-18 4.66456e-22 3.22458e-26
380 1.18699e-18 4.8858e-22 3.13992e-26
390 1.21789e-18 5.11682e-22 3.05961e-26
400 1.24878e-18 5.35803e-22 2.98332e-26
410 1.27968e-18 5.60983e-22 2.91075e-26
420 1.31059e-18 5.87265e-22 2.84165e-26
430 1.3415e-18 6.14694e-22 2.77576e-26
440 1.37241e-18 6.43315e-22 2.71287e-26
450 1.40334e-18 6.73175e-22 2.65279e-26
460 1.43426e-18 7.04323e-22 2.59531e-26
470 1.46519e-18 7.36811e-22 2.54029e-26
480 1.49613e-18 7.7069e-22 2.48757e-26
490 1.52707e-18 8.06016e-22 2.437e-26
500 1.55802e-18 8.42844e-22 2.38846e-26
510 1.58898e-18 8.81234e-22 2.34183e-26
520 1.61994e-18 9.21244e-22 2.29699e-26
530 1.65091e-18 9.62937e-22 2.25385e-26
540 1.68188e-18 1.00638e-21 2.21231e-26
550 1.71286e-18 1.05163e-21 2.17229e-26
560 1.74384e-18 1.09877e-21 2.13369e-26
570 1.77484e-18 1.14786e-21 2.09646e-26
580 1.80584e-18 1.19898e-21 2.06051e-26
590 1.83684e-18 1.25221e-21 2.02579e-26
600 1.86786e-18 1.30761e-21 1.99222e-26
610 1.89888e-18 1.36528e-21 1.95976e-26
620 1.92991e-18 1.42529e-21 1.92835e-26
630 1.96094e-18 1.48774e-21 1.89795e-26
640 1.99199e-18 1.5527e-21 1.86849e-26
650 2.02304e-18 1.62028e-21 1.83994e-26
660 2.05409e-18 1.69057e-21 1.81226e-26
670 2.08516e-18 1.76366e-21 1.78542e-26
680 2.11623e-18 1.83965e-21 1.75936e-26
690 2.14732e-18 1.91866e-21 1.73406e-26
700 2.17841e-18 2.00078e-21 1.70949e-26
710 2.20951e-18 2.08613e-21 1.68561e-26
720 2.24061e-18 2.17481e-21 1.6624e-26
730 2.27173e-18 2.26696e-21 1.63983e-26
740 2.30285e-18 2.36268e-21 1.61787e-26
750 2.33399e-18 2.4621e-21 1.5965e-26
760 2.36513e-18 2.56535e-21 1.57569e-26
770 2.39628e-18 2.67256e-21 1.55543e-26
780 2.42744e-18 2.78386e-21 1.53569e-26
790 2.45861e-18 2.8994e-21 1.51645e-26
800 2.48979e-18 3.01931e-21 1.49769e-26
810 2.52098e-18 3.14376e-21 1.4794e-26
820 2.55218e-18 3.27287e-21 1.46156e-26
830 2.58338e-18 3.40682e-21 1.44415e-26
840 2.6146e-18 3.54576e-21 1.42716e-26
850 2.64583e-18 3.68985e-21 1.41057e-26
860 2.67707e-18 3.83927e-21 1.39437e-26
870 2.70832e-18 3.99419e-21 1.37854e-26
880 2.73958e-18 4.15478e-21 1.36308e-26
890 2.77085e-18 4.32123e-21 1.34796e-26
900 2.80213e-18 4.49373e-21 1.33319e-26
910 2.83342e-18 4.67246e-21 1.31874e-26
920 2.86472e-18 4.85764e-21 1.30461e-26
930 2.89603e-18 5.04945e-21 1.29078e-26
940 2.92735e-18 5.24811e-21 1.27725e-26
950 2.95869e-18 5.45383e-21 1.264e-26
960 2.99004e-18 5.66683e-21 1.25104e-26
970 3.02139e-18 5.88734e-21 1.23834e-26
980 3.05276e-18 6.11558e-21 1.22591e-26
990 3.08414e-18 6.35179e-21 1.21373e-26
1000 3.11554e-18 6.5962e-21 1.20179e-26
1010 3.14694e-18 6.84908e-21 1.19009e-26
1020 3.17836e-18 7.11066e-21 1.17863e-26
1030 3.20979e-18 7.38122e-21 1.16739e-26
1040 3.24123e-18 7.66101e-21 1.15636e-26
1050 3.27268e-18 7.9503e-21 1.14555e-26
1060 3.30415e-18 8.24938e-21 1.13495e-26
1070 3.33563e-18 8.55852e-21 1.12454e-26
1080 3.36712e-18 8.87802e-21 1.11433e-26
1090 3.39863e-18 9.20817e-21 1.10431e-26
1100 3.43015e-18 9.54928e-21 1.09447e-26
1110 3.46168e-18 9.90165e-21 1.08482e-26
1120 3.49322e-18 1.02656e-20 1.07533e-26
1130 3.52478e-18 1.06415e-20 1.06602e-26
1140 3.55635e-18 1.10296e-20 1.05687e-26
1150 3.58794e-18 1.14302e-20 1.04788e-26
1160 3.61954e-18 1.18438e-20 1.03905e-26
1170 3.65115e-18 1.22706e-20 1.03037e-26
1180 3.68278e-18 1.27111e-20 1.02184e-26
1190 3.71442e-18 1.31656e-20 1.01346e-26
1200 3.74608e-18 1.36344e-20 1.00522e-26
1210 3.77775e-18 1.4118e-20 9.97112e-27
1220 3.80943e-18 1.46166e-20 9.89142e-27
1230 3.84113e-18 1.51308e-20 9.81303e-27
1240 3.87285e-18 1.5661e-20 9.73592e-27
1250 3.90457e-18 1.62074e-20 9.66007e-27
1260 3.93632e-18 1.67706e-20 9.58543e-27
1270 3.96808e-18 1.7351e-20 9.51199e-27
1280 3.99985e-18 1.7949e-20 9.43971e-27
1290 4.03164e-18 1.8565e-20 9.36857e-27
1300 4.06345e-18 1.91995e-20 9.29854e-27
1310 4.09527e-18 1.98529e-20 9.22959e-27
1320 4.12711e-18 2.05258e-20 9.16171e-27
1330 4.15896e-18 2.12185e-20 9.09486e-27
1340 4.19083e-18 2.19315e-20 9.02902e-27
1350 4.22272e-18 2.26654e-20 8.96418e-27
1360 4.25462e-18 2.34206e-20 8.90031e-27
1370 4.28654e-18 2.41976e-20 8.83738e-27
1380 4.31848e-18 2.49969e-20 8.77538e-27
1390 4.35043e-18 2.5819e-20 8.71429e-27
1400 4.3824e-18 2.66645e-20 8.65409e-27
1410 4.41439e-18 2.75339e-20 8.59475e-27
1420 4.44639e-18 2.84276e-20 8.53627e-27
1430 4.47841e-18 2.93464e-20 8.47862e-27
1440 4.51045e-18 3.02906e-20 8.42179e-27
1450 4.5425e-18 3.12609e-20 8.36575e-27
1460 4.57458e-18 3.22578e-20 8.3105e-27
1470 4.60667e-18 3.32818e-20 8.25601e-27
1480 4.63877e-18 3.43337e-20 8.20228e-27
1490 4.6709e-18 3.54138e-20 8.14928e-27
1500 4.70305e-18 3.65229e-20 8.097e-27
1510 4.73521e-18 3.76616e-20 8.04542e-27
1520 4.76739e-18 3.88303e-20 7.99455e-27
1530 4.79959e-18 4.00298e-20 7.94435e-27
1540 4.83181e-18 4.12606e-20 7.89481e-27
1550 4.86405e-18 4.25234e-20 7.84593e-27
1560 4.8963e-18 4.38187e-20 7.79769e-27
1570 4.92858e-18 4.51473e-20 7.75008e-27
1580 4.96088e-18 4.65097e-20 7.70309e-27
1590 4.99319e-18 4.79066e-20 7.6567e-27
1600 5.02552e-18 4.93386e-20 7.6109e-27
1610 5.05788e-18 5.08064e-20 7.56568e-27
1620 5.09025e-18 5.23106e-20 7.52104e-27
1630 5.12264e-18 5.38519e-20 7.47696e-27
1640 5.15506e-18 5.5431e-20 7.43343e-27
1650 5.18749e-18 5.70484e-20 7.39044e-27
1660 5.21994e-18 5.87049e-20 7.34799e-27
1670 5.25242e-18 6.04012e-20 7.30605e-27
1680 5.28491e-18 6.21379e-20 7.26463e-27
1690 5.31742e-18 6.39156e-20 7.22371e-27
1700 5.34996e-18 6.57351e-20 7.18328e-27
1710 5.38252e-18 6.75971e-20 7.14334e-27
1720 5.41509e-18 6.95022e-20 7.10388e-27
1730 5.44769e-18 7.1451e-20 7.06488e-27
1740 5.48031e-18 7.34444e-20 7.02635e-27
1750 5.51296e-18 7.54829e-20 6.98827e-27
1760 5.54562e-18 7.75673e-20 6.95064e-27
1770 5.5783e-18 7.96981e-20 6.91344e-27
1780 5.61101e-18 8.18762e-20 6.87668e-27
1790 5.64374e-18 8.41022e-20 6.84033e-27
1800 5.67649e-18 8.63767e-20 6.80441e-27
1810 5.70926e-18 8.87005e-20 6.76889e-27
1820 5.74206e-18 9.10742e-20 6.73378e-27
1830 5.77488e-18 9.34985e-20 6.69906e-27
1840 5.80772e-18 9.5974e-20 6.66473e-27
1850 5.84058e-18 9.85014e-20 6.63079e-27
1860 5.87347e-18 1.01081e-19 6.59722e-27
1870 5.90638e-18 1.03715e-19 6.56402e-27
1880 5.93931e-18 1.06402e-19 6.53119e-27
1890 5.97227e-18 1.09143e-19 6.49872e-27
1900 6.00525e-18 1.1194e-19 6.4666e-27
1910 6.03825e-18 1.14792e-19 6.43483e-27
1920 6.07128e-18 1.17701e-19 6.4034e-27
1930 6.10433e-18 1.20667e-19 6.37231e-27
1940 6.13741e-18 1.23691e-19 6.34156e-27
1950 6.17051e-18 1.26773e-19 6.31113e-27
1960 6.20363e-18 1.29913e-19 6.28102e-27
1970 6.23678e-18 1.33113e-19 6.25123e-27
1980 6.26995e-18 1.36373e-19 6.22175e-27
1990 6.30315e-18 1.39693e-19 6.19258e-27
2000 6.33638e-18 1.43075e-19 6.16371e-27
2010 6.36962e-18 1.46518e-19 6.13515e-27
2020 6.4029e-18 1.50023e-19 6.10687e-27
2030 6.4362e-18 1.5359e-19 6.07889e-27
2040 6.46952e-18 1.57221e-19 6.05119e-27
2050 6.50287e-18 1.60915e-19 6.02377e-27
2060 6.53624e-18 1.64674e-19 5.99663e-27
2070 6.56965e-18 1.68496e-19 5.96977e-27
2080 6.60307e-18 1.72384e-19 5.94317e-27
2090 6.63653e-18 1.76337e-19 5.91684e-27
2100 6.67001e-18 1.80355e-19 5.89077e-27
2110 6.70351e-18 1.8444e-19 5.86496e-27
2120 6.73705e-18 1.88591e-19 5.83941e-27
2130 6.77061e-18 1.92809e-19 5.8141e-27
2140 6.80419e-18 1.97094e-19 5.78904e-27
2150 6.83781e-18 2.01446e-19 5.76423e-27
2160 6.87145e-18 2.05865e-19 5.73966e-27
2170 6.90511e-18 2.10353e-19 5.71532e-27
2180 6.93881e-18 2.14909e-19 5.69122e-27
2190 6.97253e-18 2.19533e-19 5.66735e-27
2200 7.00629e-18 2.24225e-19 5.64371e-27
2210 7.04006e-18 2.28986e-19 5.62029e-27
2220 7.07387e-18 2.33816e-19 5.5971e-27
2230 7.10771e-18 2.38715e-19 5.57412e-27
2240 7.14157e-18 2.43682e-19 5.55136e-27
2250 7.17546e-18 2.48718e-19 5.52881e-27
2260 7.20938e-18 2.53824e-19 5.50647e-27
2270 7.24333e-18 2.58998e-19 5.48434e-27
2280 7.27731e-18 2.64241e-19 5.46241e-27
2290 7.31132e-18 2.69553e-19 5.44069e-27
2300 7.34536e-18 2.74934e-19 5.41916e-27
2310 7.37942e-18 2.80384e-19 5.39784e-27
2320 7.41352e-18 2.85901e-19 5.3767e-27
2330 7.44764e-18 2.91487e-19 5.35576e-27
2340 7.4818e-18 2.97142e-19 5.33501e-27
2350 7.51599e-18 3.02863e-19 5.31444e-27
2360 7.5502e-18 3.08653e-19 5.29406e-27
2370 7.58445e-18 3.14509e-19 5.27386e-27
2380 7.61872e-18 3.20432e-19 5.25384e-27
2390 7.65303e-18 3.26422e-19 5.234e-27
2400 7.68737e-18 3.32477e-19 5.21434e-27
2410 7.72174e-18 3.38598e-19 5.19485e-27
2420 7.75614e-18 3.44784e-19 5.17552e-27
2430 7.79057e-18 3.51035e-19 5.15637e-27
2440 7.82503e-18 3.57349e-19 5.13739e-27
2450 7.85952e-18 3.63726e-19 5.11857e-27
2460 7.89405e-18 3.70166e-19 5.09991e-27
2470 7.92861e-18 3.76668e-19 5.08142e-27
2480 7.9632e-18 3.83231e-19 5.06308e-27
2490 7.99782e-18 3.89855e-19 5.0449e-27
2500 8.03247e-18 3.96538e-19 5.02688e-27
2510 8.06716e-18 4.03279e-19 5.00901e-27
2520 8.10188e-18 4.10079e-19 4.99129e-27
2530 8.13663e-18 4.16936e-19 4.97372e-27
2540 8.17141e-18 4.23848e-19 4.9563e-27
2550 8.20623e-18 4.30816e-19 4.93903e-27
2560 8.24108e-18 4.37837e-19 4.9219e-27
2570 8.27597e-18 4.44912e-19 4.90492e-27
2580 8.31088e-18 4.52038e-19 4.88807e-27
2590 8.34584e-18 4.59214e-19 4.87137e-27
2600 8.38082e-18 4.6644e-19 4.8548e-27
2610 8.41584e-18 4.73714e-19 4.83837e-27
2620 8.45089e-18 4.81035e-19 4.82208e-27
2630 8.48598e-18 4.88402e-19 4.80592e-27
2640 8.5211e-18 4.95812e-19 4.78989e-27
2650 8.55626e-18 5.03266e-19 4.77399e-27
2660 8.59145e-18 5.10761e-19 4.75822e-27
2670 8.62668e-18 5.18295e-19 4.74258e-27
2680 8.66194e-18 5.25868e-19 4.72707e-27
2690 8.69724e-18 5.33478e-19 4.71168e-27
2700 8.73257e-18 5.41123e-19 4.69641e-27
2710 8.76794e-18 5.48802e-19 4.68127e-27
2720 8.80334e-18 5.56513e-19 4.66624e-27
2730 8.83878e-18 5.64254e-19 4.65134e-27
2740 8.87426e-18 5.72023e-19 4.63656e-27
2750 8.90977e-18 5.79819e-19 4.62189e-27
2760 8.94532e-18 5.8764e-19 4.60734e-27
2770 8.98091e-18 5.95484e-19 4.5929e-27
2780 9.01653e-18 6.03349e-19 4.57857e-27
2790 9.05219e-18 6.11234e-19 4.56436e-27
2800 9.08788e-18 6.19136e-19 4.55026e-27
2810 9.12362e-18 6.27053e-19 4.53627e-27
2820 9.15939e-18 6.34983e-19 4.52238e-27
2830 9.1952e-18 6.42925e-19 4.50861e-27
2840 9.23104e-18 6.50876e-19 4.49494e-27
2850 9.26693e-18 6.58834e-19 4.48138e-27
2860 9.30285e-18 6.66798e-19 4.46792e-27
2870 9.33881e-18 6.74764e-19 4.45456e-27
2880 9.37481e-18 6.82731e-19 4.4413e-27
2890 9.41085e-18 6.90696e-19 4.42815e-27
2900 9.44692e-18 6.98657e-19 4.4151e-27
2910 9.48304e-18 7.06613e-19 4.40214e-27
2920 9.51919e-18 7.1456e-19 4.38928e-27
2930 9.55539e-18 7.22496e-19 4.37652e-27
2940 9.59162e-18 7.3042e-19 4.36386e-27
2950 9.62789e-18 7.38328e-19 4.35129e-27
2960 9.66421e-18 7.46218e-19 4.33882e-27
2970 9.70056e-18 7.54089e-19 4.32644e-27
2980 9.73695e-18 7.61937e-19 4.31415e-27
2990 9.77339e-18 7.6976e-19 4.30195e-27
3000 9.80986e-18 7.77556e-19 4.28984e-27
3010 9.84637e-18 7.85322e-19 4.27782e-27
3020 9.88293e-18 7.93056e-19 4.26589e-27
3030 9.91953e-18 8.00755e-19 4.25405e-27
3040 9.95616e-18 8.08417e-19 4.2423e-27
3050 9.99284e-18 8.1604e-19 4.23063e-27
3060 1.00296e-17 8.2362e-19 4.21905e-27
3070 1.00663e-17 8.31156e-19 4.20755e-27
3080 1.01031e-17 8.38644e-19 4.19613e-27
3090 1.014e-17 8.46083e-19 4.1848e-27
3100 1.01769e-17 8.5347e-19 4.17355e-27
3110 1.02138e-17 8.60802e-19 4.16238e-27
3120 1.02508e-17 8.68077e-19 4.15129e-27
3130 1.02878e-17 8.75292e-19 4.14029e-27
3140 1.03248e-17 8.82445e-19 4.12936e-27
3150 1.03619e-17 8.89533e-19 4.11851e-27
3160 1.03991e-17 8.96555e-19 4.10773e-27
3170 1.04363e-17 9.03506e-19 4.09704e-27
3180 1.04735e-17 9.10386e-19 4.08642e-27
3190 1.05108e-17 9.17191e-19 4.07587e-27
3200 1.05481e-17 9.23919e-19 4.0654e-27
3210 1.05855e-17 9.30567e-19 4.05501e-27
3220 1.06229e-17 9.37134e-19 4.04469e-27
3230 1.06603e-17 9.43616e-19 4.03444e-27
3240 1.06978e-17 9.50011e-19 4.02426e-27
3250 1.07354e-17 9.56318e-19 4.01415e-27
3260 1.0773e-17 9.62533e-19 4.00412e-27
3270 1.08106e-17 9.68655e-19 3.99416e-27
3280 1.08483e-17 9.74681e-19 3.98426e-27
3290 1.0886e-17 9.80608e-19 3.97444e-27
3300 1.09238e-17 9.86435e-19 3.96468e-27
3310 1.09616e-17 9.92159e-19 3.95499e-27
3320 1.09995e-17 9.97778e-19 3.94537e-27
3330 1.10374e-17 1.00329e-18 3.93581e-27
3340 1.10753e-17 1.00869e-18 3.92632e-27
3350 1.11133e-17 1.01399e-18 3.9169e-27
3360 1.11514e-17 1.01916e-18 3.90754e-27
3370 1.11895e-17 1.02423e-18 3.89824e-27
3380 1.12276e-17 1.02917e-18 3.88901e-27
3390 1.12658e-17 1.034e-18 3.87984e-27
3400 1.13041e-17 1.0387e-18 3.87074e-27
3410 1.13424e-17 1.04329e-18 3.86169e-27
3420 1.13807e-17 1.04775e-18 3.85271e-27
3430 1.14191e-17 1.05208e-18 3.84379e-27
3440 1.14575e-17 1.05628e-18 3.83493e-27
3450 1.1496e-17 1.06035e-18 3.82613e-27
3460 1.15345e-17 1.06429e-18 3.81739e-27
3470 1.15731e-17 1.0681e-18 3.80871e-27
3480 1.16118e-17 1.07177e-18 3.80009e-27
3490 1.16504e-17 1.07531e-18 3.79152e-27
3500 1.16892e-17 1.07871e-18 3.78302e-27
3510 1.17279e-17 1.08197e-18 3.77457e-27
3520 1.17668e-17 1.08509e-18 3.76617e-27
3530 1.18057e-17 1.08807e-18 3.75784e-27
3540 1.18446e-17 1.09091e-18 3.74956e-27
3550 1.18836e-17 1.0936e-18 3.74133e-27
3560 1.19226e-17 1.09615e-18 3.73316e-27
3570 1.19617e-17 1.09855e-18 3.72505e-27
3580 1.20008e-17 1.1008e-18 3.71698e-27
3590 1.204e-17 1.10291e-18 3.70897e-27
3600 1.20793e-17 1.10486e-18 3.70102e-27
3610 1.21185e-17 1.10667e-18 3.69312e-27
3620 1.21579e-17 1.10833e-18 3.68527e-27
3630 1.21973e-17 1.10983e-18 3.67747e-27
3640 1.22367e-17 1.11118e-18 3.66972e-27
3650 1.22762e-17 1.11239e-18 3.66203e-27
3660 1.23158e-17 1.11343e-18 3.65438e-27
3670 1.23554e-17 1.11433e-18 3.64679e-27
3680 1.23951e-17 1.11507e-18 3.63924e-27
3690 1.24348e-17 1.11566e-18 3.63175e-27
3700 1.24745e-17 1.11609e-18 3.6243e-27
3710 1.25144e-17 1.11637e-18 3.6169e-27
3720 1.25542e-17 1.1165e-18 3.60955e-27
3730 1.25942e-17 1.11647e-18 3.60225e-27
3740 1.26342e-17 1.11629e-18 3.595e-27
3750 1.26742e-17 1.11595e-18 3.58779e-27
3760 1.27143e-17 1.11545e-18 3.58064e-27
3770 1.27545e-17 1.11481e-18 3.57352e-27
3780 1.27947e-17 1.11401e-18 3.56646e-27
3790 1.28349e-17 1.11305e-18 3.55944e-27
3800 1.28752e-17 1.11195e-18 3.55246e-27
3810 1.29156e-17 1.11069e-18 3.54553e-27
3820 1.29561e-17 1.10928e-18 3.53865e-27
3830 1.29965e-17 1.10771e-18 3.53181e-27
3840 1.30371e-17 1.106e-18 3.52501e-27
3850 1.30777e-17 1.10414e-18 3.51826e-27
3860 1.31184e-17 1.10212e-18 3.51155e-27
3870 1.31591e-17 1.09996e-18 3.50489e-27
3880 1.31998e-17 1.09765e-18 3.49827e-27
3890 1.32407e-17 1.0952e-18 3.49169e-27
3900 1.32816e-17 1.0926e-18 3.48515e-27
3910 1.33225e-17 1.08985e-18 3.47866e-27
3920 1.33635e-17 1.08696e-18 3.4722e-27
3930 1.34046e-17 1.08393e-18 3.46579e-27
3940 1.34457e-17 1.08076e-18 3.45942e-27
3950 1.34869e-17 1.07745e-18 3.45309e-27
3960 1.35282e-17 1.074e-18 3.4468e-27
3970 1.35695e-17 1.07041e-18 3.44055e-27
3980 1.36108e-17 1.06669e-18 3.43434e-27
3990 1.36523e-17 1.06283e-18 3.42817e-27
4000 1.36937e-17 1.05884e-18 3.42205e-27
4010 1.37353e-17 1.05472e-18 3.41595e-27
4020 1.37769e-17 1.05047e-18 3.4099e-27
4030 1.38186e-17 1.04609e-18 3.40389e-27
4040 1.38603e-17 1.04159e-18 3.39792e-27
4050 1.39021e-17 1.03697e-18 3.39198e-27
4060 1.39439e-17 1.03222e-18 3.38608e-27
4070 1.39859e-17 1.02735e-18 3.38022e-27
4080 1.40278e-17 1.02236e-18 3.3744e-27
4090 1.40699e-17 1.01726e-18 3.36861e-27
4100 1.4112e-17 1.01204e-18 3.36286e-27
4110 1.41542e-17 1.00672e-18 3.35715e-27
4120 1.41964e-17 1.00128e-18 3.35147e-27
4130 1.42387e-17 9.95729e-19 3.34583e-27
4140 1.4281e-17 9.90076e-19 3.34023e-27
4150 1.43235e-17 9.8432e-19 3.33466e-27
4160 1.43659e-17 9.78462e-19 3.32912e-27
4170 1.44085e-17 9.72505e-19 3.32363e-27
4180 1.44511e-17 9.66451e-19 3.31816e-27
4190 1.44938e-17 9.60302e-19 3.31273e-27
4200 1.45365e-17 9.54061e-19 3.30734e-27
4210 1.45793e-17 9.47731e-19 3.30198e-27
4220 1.46222e-17 9.41312e-19 3.29665e-27
4230 1.46652e-17 9.34809e-19 3.29136e-27
4240 1.47082e-17 9.28223e-19 3.2861e-27
4250 1.47512e-17 9.21557e-19 3.28088e-27
4260 1.47944e-17 9.14812e-19 3.27569e-27
4270 1.48376e-17 9.07993e-19 3.27053e-27
4280 1.48809e-17 9.011e-19 3.2654e-27
4290 1.49242e-17 8.94138e-19 3.26031e-27
4300 1.49676e-17 8.87107e-19 3.25525e-27
4310 1.50111e-17 8.80011e-19 3.25022e-27
4320 1.50546e-17 8.72852e-19 3.24522e-27
4330 1.50983e-17 8.65633e-19 3.24025e-27
4340 1.51419e-17 8.58357e-19 3.23532e-27
4350 1.51857e-17 8.51025e-19 3.23042e-27
4360 1.52295e-17 8.4364e-19 3.22555e-27
4370 1.52734e-17 8.36206e-19 3.22071e-27
4380 1.53174e-17 8.28724e-19 3.2159e-27
4390 1.53614e-17 8.21197e-19 3.21112e-27
4400 1.54055e-17 8.13628e-19 3.20637e-27
4410 1.54497e-17 8.06019e-19 3.20165e-27
4420 1.54939e-17 7.98373e-19 3.19696e-27
4430 1.55382e-17 7.90692e-19 3.19231e-27
4440 1.55826e-17 7.82979e-19 3.18768e-27
4450 1.56271e-17 7.75237e-19 3.18308e-27
4460 1.56716e-17 7.67467e-19 3.17851e-27
4470 1.57162e-17 7.59673e-19 3.17397e-27
4480 1.57609e-17 7.51857e-19 3.16946e-27
4490 1.58056e-17 7.44021e-19 3.16497e-27
4500 1.58505e-17 7.36168e-19 3.16052e-27
4510 1.58953e-17 7.283e-19 3.1561e-27
4520 1.59403e-17 7.20421e-19 3.1517e-27
4530 1.59854e-17 7.12531e-19 3.14733e-27
4540 1.60305e-17 7.04635e-19 3.14299e-27
4550 1.60757e-17 6.96733e-19 3.13868e-27
4560 1.61209e-17 6.88829e-19 3.13439e-27
4570 1.61663e-17 6.80925e-19 3.13013e-27
4580 1.62117e-17 6.73023e-19 3.1259e-27
4590 1.62572e-17 6.65126e-19 3.1217e-27
4600 1.63027e-17 6.57236e-19 3.11752e-27
4610 1.63484e-17 6.49354e-19 3.11338e-27
4620 1.63941e-17 6.41484e-19 3.10925e-27
4630 1.64399e-17 6.33628e-19 3.10516e-27
4640 1.64857e-17 6.25788e-19 3.10109e-27
4650 1.65317e-17 6.17965e-19 3.09705e-27
4660 1.65777e-17 6.10163e-19 3.09303e-27
4670 1.66238e-17 6.02383e-19 3.08904e-27
4680 1.667e-17 5.94628e-19 3.08507e-27
4690 1.67162e-17 5.86899e-19 3.08114e-27
4700 1.67626e-17 5.79198e-19 3.07722e-27
4710 1.6809e-17 5.71529e-19 3.07334e-27
4720 1.68555e-17 5.63892e-19 3.06947e-27
4730 1.69021e-17 5.56289e-19 3.06564e-27
4740 1.69487e-17 5.48723e-19 3.06182e-27
4750 1.69954e-17 5.41196e-19 3.05804e-27
4760 1.70423e-17 5.33708e-19 3.05428e-27
4770 1.70891e-17 5.26264e-19 3.05054e-27
4780 1.71361e-17 5.18863e-19 3.04683e-27
4790 1.71832e-17 5.11508e-19 3.04314e-27
4800 1.72303e-17 5.042e-19 3.03947e-27
4810 1.72775e-17 4.96942e-19 3.03583e-27
4820 1.73248e-17 4.89735e-19 3.03222e-27
4830 1.73722e-17 4.82581e-19 3.02863e-27
4840 1.74197e-17 4.75481e-19 3.02506e-27
4850 1.74672e-17 4.68438e-19 3.02151e-27
4860 1.75149e-17 4.61452e-19 3.01799e-27
4870 1.75626e-17 4.54525e-19 3.0145e-27
4880 1.76104e-17 4.47659e-19 3.01102e-27
4890 1.76583e-17 4.40855e-19 3.00757e-27
4900 1.77062e-17 4.34116e-19 3.00414e-27
4910 1.77543e-17 4.27441e-19 3.00074e-27
4920 1.78024e-17 4.20834e-19 2.99736e-27
4930 1.78506e-17 4.14294e-19 2.994e-27
4940 1.78989e-17 4.07824e-19 2.99066e-27
4950 1.79473e-17 4.01426e-19 2.98735e-27
4960 1.79958e-17 3.95099e-19 2.98406e-27
4970 1.80444e-17 3.88846e-19 2.98079e-27
4980 1.8093e-17 3.82668e-19 2.97754e-27
4990 1.81418e-17 3.76566e-19 2.97432e-27
5000 1.81906e-17 3.70542e-19 2.97112e-27
5010 1.82395e-17 3.64596e-19 2.96794e-27
5020 1.82885e-17 3.5873e-19 2.96478e-27
5030 1.83376e-17 3.52946e-19 2.96164e-27
5040 1.83868e-17 3.47244e-19 2.95853e-27
5050 1.84361e-17 3.41625e-19 2.95543e-27
5060 1.84854e-17 3.36091e-19 2.95236e-27
5070 1.85349e-17 3.30643e-19 2.94931e-27
5080 1.85844e-17 3.25281e-19 2.94628e-27
5090 1.86341e-17 3.20008e-19 2.94327e-27
5100 1.86838e-17 3.14824e-19 2.94028e-27
5110 1.87336e-17 3.0973e-19 2.93732e-27
5120 1.87835e-17 3.04728e-19 2.93437e-27
5130 1.88335e-17 2.99817e-19 2.93145e-27
5140 1.88836e-17 2.95e-19 2.92854e-27
5150 1.89338e-17 2.90278e-19 2.92566e-27
5160 1.89841e-17 2.85651e-19 2.9228e-27
5170 1.90344e-17 2.81121e-19 2.91995e-27
5180 1.90849e-17 2.76689e-19 2.91713e-27
5190 1.91354e-17 2.72355e-19 2.91433e-27
5200 1.91861e-17 2.6812e-19 2.91155e-27
5210 1.92368e-17 2.63987e-19 2.90878e-27
5220 1.92877e-17 2.59955e-19 2.90604e-27
5230 1.93386e-17 2.56026e-19 2.90332e-27
5240 1.93897e-17 2.52201e-19 2.90062e-27
5250 1.94408e-17 2.48481e-19 2.89793e-27
5260 1.9492e-17 2.44866e-19 2.89527e-27
5270 1.95433e-17 2.41359e-19 2.89263e-27
5280 1.95947e-17 2.3796e-19 2.89e-27
5290 1.96463e-17 2.3467e-19 2.8874e-27
5300 1.96979e-17 2.3149e-19 2.88481e-27
5310 1.97496e-17 2.28421e-19 2.88224e-27
5320 1.98014e-17 2.25465e-19 2.8797e-27
5330 1.98533e-17 2.22623e-19 2.87717e-27
5340 1.99053e-17 2.19895e-19 2.87466e-27
5350 1.99574e-17 2.17283e-19 2.87217e-27
5360 2.00096e-17 2.14789e-19 2.8697e-27
5370 2.00619e-17 2.12412e-19 2.86725e-27
5380 2.01143e-17 2.10155e-19 2.86481e-27
5390 2.01668e-17 2.08019e-19 2.8624e-27
5400 2.02194e-17 2.06005e-19 2.86e-27
5410 2.02722e-17 2.04114e-19 2.85762e-27
5420 2.0325e-17 2.02348e-19 2.85526e-27
5430 2.03779e-17 2.00707e-19 2.85292e-27
5440 2.04309e-17 1.99195e-19 2.8506e-27
5450 2.0484e-17 1.9781e-19 2.84829e-27
5460 2.05373e-17 1.96557e-19 2.846e-27
5470 2.05906e-17 1.95435e-19 2.84373e-27
5480 2.0644e-17 1.94446e-19 2.84148e-27
5490 2.06976e-17 1.93591e-19 2.83925e-27
5500 2.07512e-17 1.92874e-19 2.83703e-27
5510 2.0805e-17 1.92294e-19 2.83484e-27
5520 2.08588e-17 1.91853e-19 2.83266e-27
5530 2.09128e-17 1.91554e-19 2.8305e-27
5540 2.09668e-17 1.91398e-19 2.82835e-27
5550 2.1021e-17 1.91387e-19 2.82622e-27
5560 2.10753e-17 1.91522e-19 2.82411e-27
5570 2.11297e-17 1.91806e-19 2.82202e-27
5580 2.11842e-17 1.9224e-19 2.81995e-27
5590 2.12388e-17 1.92827e-19 2.81789e-27
5600 2.12935e-17 1.93568e-19 2.81585e-27
5610 2.13483e-17 1.94465e-19 2.81383e-27
5620 2.14033e-17 1.95521e-19 2.81182e-27
5630 2.14583e-17 1.96737e-19 2.80983e-27
5640 2.15135e-17 1.98116e-19 2.80786e-27
5650 2.15688e-17 1.9966e-19 2.80591e-27
5660 2.16241e-17 2.01371e-19 2.80397e-27
5670 2.16796e-17 2.03253e-19 2.80205e-27
5680 2.17352e-17 2.05306e-19 2.80014e-27
5690 2.17909e-17 2.07533e-19 2.79825e-27
5700 2.18468e-17 2.09938e-19 2.79638e-27
5710 2.19027e-17 2.12523e-19 2.79453e-27
5720 2.19588e-17 2.15289e-19 2.79269e-27
5730 2.2015e-17 2.18241e-19 2.79087e-27
5740 2.20712e-17 2.2138e-19 2.78907e-27
5750 2.21276e-17 2.24709e-19 2.78728e-27
5760 2.21842e-17 2.28232e-19 2.7855e-27
5770 2.22408e-17 2.3195e-19 2.78375e-27
5780 2.22975e-17 2.35868e-19 2.78201e-27
5790 2.23544e-17 2.39988e-19 2.78029e-27
5800 2.24114e-17 2.44313e-19 2.77858e-27
5810 2.24685e-17 2.48847e-19 2.77689e-27
5820 2.25257e-17 2.53591e-19 2.77521e-27
5830 2.25831e-17 2.58551e-19 2.77355e-27
5840 2.26405e-17 2.63728e-19 2.77191e-27
5850 2.26981e-17 2.69127e-19 2.77028e-27
5860 2.27558e-17 2.74751e-19 2.76867e-27
5870 2.28136e-17 2.80603e-19 2.76708e-27
5880 2.28716e-17 2.86686e-19 2.7655e-27
5890 2.29296e-17 2.93005e-19 2.76393e-27
5900 2.29878e-17 2.99563e-19 2.76239e-27
5910 2.30461e-17 3.06363e-19 2.76085e-27
5920 2.31045e-17 3.13409e-19 2.75934e-27
5930 2.31631e-17 3.20706e-19 2.75784e-27
5940 2.32218e-17 3.28257e-19 2.75635e-27
5950 2.32806e-17 3.36066e-19 2.75488e-27
5960 2.33395e-17 3.44136e-19 2.75342e-27
5970 2.33985e-17 3.52472e-19 2.75198e-27
5980 2.34577e-17 3.61078e-19 2.75056e-27
5990 2.3517e-17 3.69958e-19 2.74915e-27
6000 2.35764e-17 3.79117e-19 2.74776e-27
6010 2.3636e-17 3.88557e-19 2.74638e-27
6020 2.36957e-17 3.98284e-19 2.74502e-27
6030 2.37555e-17 4.08301e-19 2.74367e-27
6040 2.38154e-17 4.18614e-19 2.74234e-27
6050 2.38755e-17 4.29225e-19 2.74102e-27
6060 2.39357e-17 4.40141e-19 2.73972e-27
6070 2.3996e-17 4.51365e-19 2.73843e-27
6080 2.40565e-17 4.62901e-19 2.73716e-27
6090 2.4117e-17 4.74755e-19 2.7359e-27
6100 2.41778e-17 4.8693e-19 2.73466e-27
6110 2.42386e-17 4.99431e-19 2.73343e-27
6120 2.42996e-17 5.12263e-19 2.73222e-27
6130 2.43607e-17 5.2543e-19 2.73102e-27
6140 2.44219e-17 5.38937e-19 2.72983e-27
6150 2.44833e-17 5.52788e-19 2.72867e-27
6160 2.45448e-17 5.66989e-19 2.72751e-27
6170 2.46065e-17 5.81543e-19 2.72637e-27
6180 2.46683e-17 5.96456e-19 2.72525e-27
6190 2.47302e-17 6.11732e-19 2.72414e-27
6200 2.47922e-17 6.27376e-19 2.72304e-27
6210 2.48544e-17 6.43392e-19 2.72196e-27
6220 2.49168e-17 6.59785e-19 2.7209e-27
6230 2.49792e-17 6.7656e-19 2.71984e-27
6240 2.50418e-17 6.93722e-19 2.71881e-27
6250 2.51046e-17 7.11275e-19 2.71778e-27
6260 2.51675e-17 7.29223e-19 2.71678e-27
6270 2.52305e-17 7.47572e-19 2.71578e-27
6280 2.52936e-17 7.66327e-19 2.7148e-27
6290 2.53569e-17 7.8549e-19 2.71384e-27
6300 2.54204e-17 8.05068e-19 2.71289e-27
6310 2.5484e-17 8.25065e-19 2.71195e-27
6320 2.55477e-17 8.45485e-19 2.71103e-27
6330 2.56116e-17 8.66333e-19 2.71012e-27
6340 2.56756e-17 8.87612e-19 2.70922e-27
6350 2.57398e-17 9.09329e-19 2.70834e-27
6360 2.58041e-17 9.31486e-19 2.70748e-27
6370 2.58685e-17 9.54088e-19 2.70663e-27
6380 2.59331e-17 9.77139e-19 2.70579e-27
6390 2.59978e-17 1.00064e-18 2.70496e-27
6400 2.60627e-17 1.02461e-18 2.70416e-27
6410 2.61278e-17 1.04903e-18 2.70336e-27
6420 2.61929e-17 1.07392e-18 2.70258e-27
6430 2.62583e-17 1.09928e-18 2.70181e-27
6440 2.63237e-17 1.12511e-18 2.70106e-27
6450 2.63894e-17 1.15142e-18 2.70032e-27
6460 2.64552e-17 1.17821e-18 2.69959e-27
6470 2.65211e-17 1.20549e-18 2.69888e-27
6480 2.65872e-17 1.23325e-18 2.69818e-27
6490 2.66534e-17 1.2615e-18 2.6975e-27
6500 2.67198e-17 1.29025e-18 2.69683e-27
6510 2.67863e-17 1.31949e-18 2.69617e-27
6520 2.6853e-17 1.34923e-18 2.69553e-27
6530 2.69199e-17 1.37948e-18 2.6949e-27
6540 2.69868e-17 1.41023e-18 2.69429e-27
6550 2.7054e-17 1.4415e-18 2.69369e-27
6560 2.71213e-17 1.47327e-18 2.6931e-27
6570 2.71888e-17 1.50555e-18 2.69252e-27
6580 2.72564e-17 1.53835e-18 2.69196e-27
6590 2.73242e-17 1.57167e-18 2.69142e-27
6600 2.73921e-17 1.60551e-18 2.69088e-27
6610 2.74602e-17 1.63987e-18 2.69037e-27
6620 2.75285e-17 1.67475e-18 2.68986e-27
6630 2.75969e-17 1.71016e-18 2.68937e-27
6640 2.76655e-17 1.74609e-18 2.68889e-27
6650 2.77342e-17 1.78254e-18 2.68842e-27
6660 2.78031e-17 1.81953e-18 2.68797e-27
6670 2.78722e-17 1.85704e-18 2.68754e-27
6680 2.79414e-17 1.89508e-18 2.68711e-27
6690 2.80108e-17 1.93365e-18 2.6867e-27
6700 2.80803e-17 1.97275e-18 2.6863e-27
6710 2.81501e-17 2.01238e-18 2.68592e-27
6720 2.82199e-17 2.05254e-18 2.68555e-27
6730 2.829e-17 2.09323e-18 2.68519e-27
6740 2.83602e-17 2.13444e-18 2.68485e-27
6750 2.84306e-17 2.17618e-18 2.68452e-27
6760 2.85012e-17 2.21845e-18 2.68421e-27
6770 2.85719e-17 2.26124e-18 2.6839e-27
6780 2.86428e-17 2.30455e-18 2.68361e-27
6790 2.87138e-17 2.34839e-18 2.68334e-27
6800 2.87851e-17 2.39274e-18 2.68307e-27
6810 2.88565e-17 2.43761e-18 2.68283e-27
6820 2.8928e-17 2.483e-18 2.68259e-27
6830 2.89998e-17 2.52889e-18 2.68237e-27
6840 2.90717e-17 2.5753e-18 2.68216e-27
6850 2.91438e-17 2.62221e-18 2.68196e-27
6860 2.92161e-17 2.66962e-18 2.68178e-27
6870 2.92885e-17 2.71753e-18 2.68161e-27
6880 2.93611e-17 2.76594e-18 2.68145e-27
