0 0 0
10 0.216621 9.63644e-12
20 1.20406e-08 1.2719e-10
30 5.4929e-08 5.94876e-10
40 1.61657e-07 1.79454e-09
50 0.167487 4.2403e-09
60 0.025361 8.57142e-09
70 1.30178e-06 1.55454e-08
80 2.12823e-06 2.60314e-08
90 3.27339e-06 4.10036e-08
100 4.79994e-06 6.15352e-08
110 6.76509e-06 8.87918e-08
120 9.23138e-06 1.24027e-07
130 1.22589e-05 1.68574e-07
140 1.59065e-05 2.23843e-07
150 2.0231e-05 2.91315e-07
160 2.52871e-05 3.72535e-07
170 3.11266e-05 4.69111e-07
180 3.77987e-05 5.82705e-07
190 4.53491e-05 7.1503e-07
200 5.38202e-05 8.67846e-07
210 0.000189768 1.04296e-06
220 7.36763e-05 1.2422e-06
230 0.00953685 1.46746e-06
240 0.000100835 1.72063e-06
250 0.000114779 2.00365e-06
260 0.000129837 2.31848e-06
270 0.000146023 2.66709e-06
280 0.0579796 3.05147e-06
290 0.115377 3.47363e-06
300 0.000202484 3.9356e-06
310 0.000232245 4.43938e-06
320 0.00475668 4.98701e-06
330 0.000283178 5.58053e-06
340 0.00862921 6.22196e-06
350 0.000667814 6.91332e-06
360 0.000373272 7.65666e-06
370 0.111676 8.45396e-06
380 0.0067847 9.30726e-06
390 0.000464125 1.02185e-05
400 0.000496471 1.11897e-05
410 0.00695145 1.22229e-05
420 0.000564064 1.33199e-05
430 0.0472609 1.44827e-05
440 0.000635292 1.57132e-05
450 0.000672175 1.70133e-05
460 0.000709851 1.83849e-05
470 0.00074828 1.98297e-05
480 0.0252084 2.13496e-05
490 0.00089429 2.29464e-05
500 0.0421753 2.46218e-05
510 0.000950647 2.63776e-05
520 0.000993178 2.82155e-05
530 0.0133111 3.0137e-05
540 0.0447269 3.21439e-05
550 0.00112336 3.42377e-05
560 0.0168641 3.642e-05
570 0.0014099 3.86923e-05
580 0.00136462 4.10562e-05
590 0.00145155 4.3513e-05
600 0.00145717 4.60642e-05
610 0.00550357 4.87111e-05
620 0.0015692 5.14551e-05
630 0.00161703 5.42976e-05
640 0.00168268 5.72397e-05
650 0.00257521 6.02827e-05
660 0.0017576 6.34278e-05
670 0.00256416 6.66761e-05
680 0.00185051 7.00288e-05
690 0.00199517 7.34868e-05
700 0.00627542 7.70513e-05
710 0.0021264 8.07232e-05
720 0.00221169 8.45035e-05
730 0.00244882 8.8393e-05
740 0.00838486 9.23927e-05
750 0.0025472 9.65033e-05
760 0.0252432 0.000100726
770 0.00266808 0.000105061
780 0.00365336 0.000109509
790 0.00273815 0.000114071
800 0.00278475 0.000118747
810 0.00283045 0.000123538
820 0.002876 0.000128445
830 0.00762724 0.000133469
840 0.00296458 0.000138608
850 0.00324443 0.000143865
860 0.00329158 0.000149239
870 0.00333757 0.000154731
880 0.0035656 0.000160342
890 0.00360834 0.00016607
900 0.0154174 0.000171917
910 0.0048791 0.000177883
920 0.0125016 0.000183968
930 0.00377262 0.000190172
940 0.00381199 0.000196495
950 0.00385115 0.000202937
960 0.00388867 0.000209499
970 0.00537809 0.00021618
980 0.00396704 0.00022298
990 0.0114452 0.000229899
1000 0.00403801 0.000236938
1010 0.00612736 0.000244095
1020 0.00410612 0.000251371
1030 0.00995983 0.000258766
1040 0.00491241 0.000266279
1050 0.00493103 0.00027391
1060 0.00685534 0.000281659
1070 0.00553867 0.000289525
1080 0.00555979 0.000297508
1090 0.00558032 0.000305608
1100 0.00560024 0.000313825
1110 0.00561956 0.000322157
1120 0.00585281 0.000330604
1130 0.00591118 0.000339167
1140 0.0059303 0.000347844
1150 0.00594881 0.000356635
1160 0.0059667 0.000365539
1170 0.00598786 0.000374556
1180 0.00600059 0.000383685
1190 0.00601659 0.000392926
1200 0.00603194 0.000402277
1210 0.00604666 0.000411739
1220 0.00606074 0.00042131
1230 0.00827059 0.00043099
1240 0.00823357 0.000440778
1250 0.0108679 0.000450674
1260 0.0105805 0.000460675
1270 0.012236 0.000470783
1280 0.0121022 0.000480996
1290 0.0119709 0.000491312
1300 0.011842 0.000501732
1310 0.0117154 0.000512254
1320 0.0115911 0.000522878
1330 0.011469 0.000533603
1340 0.0113491 0.000544427
1350 0.0112314 0.00055535
1360 0.0111158 0.000566371
1370 0.0110022 0.000577489
1380 0.0108907 0.000588703
1390 0.0107811 0.000600012
1400 0.0106735 0.000611416
1410 0.0105677 0.000622912
1420 0.0104638 0.0006345
1430 0.0103617 0.00064618
1440 0.0102613 0.000657949
1450 0.0101627 0.000669808
1460 0.0100657 0.000681754
1470 0.00997038 0.000693788
1480 0.00987664 0.000705907
1490 0.00978445 0.000718111
1500 0.00969378 0.000730399
1510 0.00960459 0.00074277
1520 0.00951685 0.000755223
1530 0.00943051 0.000767756
1540 0.00934555 0.000780368
1550 0.00926193 0.000793059
1560 0.0132906 0.000805827
1570 0.0130941 0.000818671
1580 0.0129021 0.000831591
1590 0.0127147 0.000844584
1600 0.0125316 0.00085765
1610 0.0133079 0.000870788
1620 0.0131336 0.000883996
1630 0.012961 0.000897274
1640 0.0127924 0.000910621
1650 0.0126276 0.000924034
1660 0.0124665 0.000937514
1670 0.0123092 0.000951058
1680 0.0121554 0.000964667
1690 0.0120051 0.000978338
1700 0.0118581 0.000992071
1710 0.0117145 0.00100586
1720 0.0115741 0.00101972
1730 0.0114367 0.00103363
1740 0.0113024 0.00104759
1750 0.0111711 0.00106162
1760 0.0110426 0.0010757
1770 0.0109169 0.00108983
1780 0.0107939 0.00110401
1790 0.0106736 0.00111825
1800 0.0105558 0.00113254
1810 0.0104405 0.00114687
1820 0.0103277 0.00116125
1830 0.0102172 0.00117568
1840 0.010109 0.00119016
1850 0.0100031 0.00120468
1860 0.0098993 0.00121925
1870 0.00979764 0.00123385
1880 0.00969804 0.0012485
1890 0.00960043 0.00126319
1900 0.00950477 0.00127791
1910 0.00941099 0.00129268
1920 0.00931906 0.00130748
1930 0.0092289 0.00132232
1940 0.00914049 0.00133719
1950 0.00905376 0.0013521
1960 0.00896867 0.00136704
1970 0.00888518 0.001382
1980 0.00880324 0.001397
1990 0.00872282 0.00141203
2000 0.00864386 0.00142709
2010 0.00856633 0.00144217
2020 0.00849018 0.00145728
2030 0.0084154 0.00147242
2040 0.00834192 0.00148757
2050 0.00826973 0.00150275
2060 0.00819879 0.00151796
2070 0.00812906 0.00153318
2080 0.00806051 0.00154842
2090 0.00799312 0.00156368
2100 0.00792685 0.00157895
2110 0.00786167 0.00159425
2120 0.00779756 0.00160955
2130 0.00773449 0.00162487
2140 0.00767244 0.00164021
2150 0.00761138 0.00165555
2160 0.00755128 0.00167091
2170 0.00749214 0.00168628
2180 0.00743391 0.00170165
2190 0.00737659 0.00171703
2200 0.00732016 0.00173242
2210 0.00726459 0.00174781
2220 0.00720986 0.0017632
2230 0.00715596 0.0017786
2240 0.00710287 0.001794
2250 0.00705058 0.00180941
2260 0.00699907 0.00182481
2270 0.00694833 0.00184021
2280 0.00689833 0.0018556
2290 0.00684907 0.001871
2300 0.00680053 0.00188638
2310 0.00675271 0.00190177
2320 0.00670558 0.00191714
2330 0.00665914 0.00193251
2340 0.00661338 0.00194787
2350 0.00656828 0.00196321
2360 0.00652384 0.00197855
2370 0.00648004 0.00199387
2380 0.00643688 0.00200918
2390 0.00639434 0.00202447
2400 0.00635242 0.00203975
2410 0.00631111 0.00205501
2420 0.00627039 0.00207025
2430 0.00623027 0.00208548
2440 0.00619073 0.00210068
2450 0.00615176 0.00211586
2460 0.00611337 0.00213102
2470 0.00607553 0.00214615
2480 0.00603824 0.00216125
2490 0.0060015 0.00217633
2500 0.0059653 0.00219139
2510 0.00592964 0.00220641
2520 0.00589449 0.0022214
2530 0.00585987 0.00223637
2540 0.00582575 0.0022513
2550 0.00579215 0.00226619
2560 0.00575904 0.00228105
2570 0.00572642 0.00229588
2580 0.00569429 0.00231066
2590 0.00566265 0.00232541
2600 0.00563147 0.00234012
2610 0.00560077 0.00235478
2620 0.00557053 0.00236941
2630 0.00554074 0.00238399
2640 0.00551141 0.00239853
2650 0.00548252 0.00241301
2660 0.00545407 0.00242746
2670 0.00542605 0.00244185
2680 0.00539846 0.00245619
2690 0.00537129 0.00247049
2700 0.00534454 0.00248473
2710 0.0053182 0.00249891
2720 0.00529227 0.00251304
2730 0.00526673 0.00252712
2740 0.00524159 0.00254113
2750 0.00521683 0.00255509
2760 0.00519246 0.00256899
2770 0.00516847 0.00258282
2780 0.00514485 0.0025966
2790 0.00512159 0.00261031
2800 0.0050987 0.00262395
2810 0.00507616 0.00263753
2820 0.00505397 0.00265103
2830 0.00503213 0.00266447
2840 0.00501063 0.00267784
2850 0.00498946 0.00269114
2860 0.00496862 0.00270436
2870 0.00494811 0.00271751
2880 0.00492792 0.00273058
2890 0.00490804 0.00274358
2900 0.00488846 0.00275649
2910 0.0048692 0.00276933
2920 0.00485023 0.00278209
2930 0.00483156 0.00279476
2940 0.00481317 0.00280735
2950 0.00479507 0.00281985
2960 0.00477725 0.00283227
2970 0.00475971 0.0028446
2980 0.00474243 0.00285684
2990 0.00472542 0.00286899
3000 0.00470867 0.00288105
3010 0.00469218 0.00289302
3020 0.00467594 0.00290489
3030 0.00465995 0.00291667
3040 0.00464419 0.00292835
3050 0.00462868 0.00293993
3060 0.0046134 0.00295142
3070 0.00459835 0.0029628
3080 0.00458353 0.00297408
3090 0.00456892 0.00298526
3100 0.00455453 0.00299633
3110 0.00454036 0.0030073
3120 0.00452639 0.00301816
3130 0.00451262 0.00302892
3140 0.00449906 0.00303956
3150 0.00448569 0.0030501
3160 0.00447252 0.00306052
3170 0.00445953 0.00307083
3180 0.00444672 0.00308103
3190 0.0044341 0.00309112
3200 0.00442165 0.00310108
3210 0.00440937 0.00311093
3220 0.00439727 0.00312066
3230 0.00438532 0.00313028
3240 0.00437354 0.00313977
3250 0.00436192 0.00314914
3260 0.00435045 0.00315838
3270 0.00433913 0.00316751
3280 0.00432796 0.00317651
3290 0.00431693 0.00318538
3300 0.00430604 0.00319413
3310 0.00429529 0.00320274
3320 0.00428467 0.00321123
3330 0.00427418 0.00321959
3340 0.00426381 0.00322782
3350 0.00425357 0.00323591
3360 0.00424345 0.00324388
3370 0.00423344 0.00325171
3380 0.00422355 0.0032594
3390 0.00421377 0.00326696
3400 0.00420409 0.00327438
3410 0.00419452 0.00328166
3420 0.00418505 0.0032888
3430 0.00417567 0.00329581
3440 0.00416639 0.00330267
3450 0.0041572 0.00330939
3460 0.00414809 0.00331597
3470 0.00413907 0.00332241
3480 0.00413014 0.0033287
3490 0.00412128 0.00333485
3500 0.0041125 0.00334085
3510 0.00410379 0.0033467
3520 0.00409515 0.00335241
3530 0.00408657 0.00335797
3540 0.00407807 0.00336338
3550 0.00406962 0.00336864
3560 0.00406123 0.00337374
3570 0.00405289 0.0033787
3580 0.00404461 0.0033835
3590 0.00403638 0.00338815
3600 0.00402819 0.00339264
3610 0.00402005 0.00339698
3620 0.00401195 0.00340117
3630 0.00400388 0.00340519
3640 0.00399585 0.00340906
3650 0.00398786 0.00341277
3660 0.00397989 0.00341632
3670 0.00397195 0.00341971
3680 0.00396403 0.00342294
3690 0.00395614 0.003426
3700 0.00394826 0.00342891
3710 0.0039404 0.00343165
3720 0.00393255 0.00343422
3730 0.00392471 0.00343663
3740 0.00391687 0.00343887
3750 0.00390904 0.00344095
3760 0.00390121 0.00344285
3770 0.00389338 0.00344459
3780 0.00388555 0.00344615
3790 0.0038777 0.00344755
3800 0.00386985 0.00344877
3810 0.00386198 0.00344982
3820 0.00385409 0.00345069
3830 0.00384619 0.00345139
3840 0.00383826 0.00345191
3850 0.00383031 0.00345225
3860 0.00382233 0.00345242
3870 0.00381431 0.0034524
3880 0.00380627 0.0034522
3890 0.00379818 0.00345182
3900 0.00379005 0.00345126
3910 0.00378188 0.00345051
3920 0.00377366 0.00344958
3930 0.00376539 0.00344845
3940 0.00375707 0.00344714
3950 0.00374869 0.00344564
3960 0.00374025 0.00344394
3970 0.00373175 0.00344205
3980 0.00372318 0.00343997
3990 0.00371454 0.00343768
4000 0.00370583 0.0034352
4010 0.00369704 0.00343252
4020 0.00368816 0.00342964
4030 0.00367921 0.00342656
4040 0.00367017 0.00342327
4050 0.00366103 0.00341977
4060 0.00365181 0.00341607
4070 0.00364248 0.00341215
4080 0.00363305 0.00340802
4090 0.00362352 0.00340368
4100 0.00361388 0.00339912
4110 0.00360412 0.00339434
4120 0.00359425 0.00338934
4130 0.00358426 0.00338412
4140 0.00357415 0.00337867
4150 0.0035639 0.003373
4160 0.00355353 0.0033671
4170 0.00354302 0.00336096
4180 0.00353236 0.0033546
4190 0.00352157 0.00334799
4200 0.00351063 0.00334115
4210 0.00349953 0.00333406
4220 0.00348829 0.00332674
4230 0.00347688 0.00331916
4240 0.00346531 0.00331134
4250 0.00345357 0.00330327
4260 0.00344166 0.00329494
4270 0.00342957 0.00328636
4280 0.00341731 0.00327752
4290 0.00340486 0.00326842
4300 0.00339222 0.00325906
4310 0.00337939 0.00324943
4320 0.00336637 0.00323953
4330 0.00335315 0.00322936
4340 0.00333972 0.00321892
4350 0.00332609 0.0032082
4360 0.00331225 0.00319721
4370 0.00329819 0.00318593
4380 0.00328392 0.00317437
4390 0.00326942 0.00316253
4400 0.0032547 0.0031504
4410 0.00323975 0.00313797
4420 0.00322456 0.00312526
4430 0.00320914 0.00311225
4440 0.00319348 0.00309895
4450 0.00317758 0.00308535
4460 0.00316144 0.00307145
4470 0.00314505 0.00305725
4480 0.0031284 0.00304274
4490 0.00311151 0.00302793
4500 0.00309435 0.00301282
4510 0.00307694 0.0029974
4520 0.00305927 0.00298167
4530 0.00304134 0.00296563
4540 0.00302314 0.00294928
4550 0.00300468 0.00293262
4560 0.00298595 0.00291566
4570 0.00296696 0.00289838
4580 0.00294769 0.00288079
4590 0.00292816 0.00286289
4600 0.00290835 0.00284469
4610 0.00288828 0.00282617
4620 0.00286793 0.00280735
4630 0.00284731 0.00278822
4640 0.00282643 0.00276879
4650 0.00280528 0.00274905
4660 0.00278386 0.00272901
4670 0.00276217 0.00270867
4680 0.00274022 0.00268804
4690 0.00271801 0.00266712
4700 0.00269554 0.0026459
4710 0.00267282 0.0026244
4720 0.00264984 0.00260262
4730 0.00262661 0.00258056
4740 0.00260314 0.00255822
4750 0.00257942 0.00253562
4760 0.00255547 0.00251276
4770 0.00253129 0.00248963
4780 0.00250688 0.00246626
4790 0.00248225 0.00244264
4800 0.0024574 0.00241878
4810 0.00243234 0.00239469
4820 0.00240709 0.00237038
4830 0.00238163 0.00234585
4840 0.00235599 0.00232111
4850 0.00233017 0.00229617
4860 0.00230418 0.00227104
4870 0.00227802 0.00224572
4880 0.00225171 0.00222023
4890 0.00222525 0.00219458
4900 0.00219866 0.00216877
4910 0.00217194 0.00214281
4920 0.0021451 0.00211673
4930 0.00211816 0.00209051
4940 0.00209112 0.00206419
4950 0.00206399 0.00203776
4960 0.00203678 0.00201124
4970 0.00200952 0.00198464
4980 0.00198219 0.00195798
4990 0.00195483 0.00193125
5000 0.00192743 0.00190448
5010 0.00190002 0.00187768
5020 0.0018726 0.00185086
5030 0.00184518 0.00182403
5040 0.00181778 0.0017972
5050 0.0017904 0.00177038
5060 0.00176307 0.00174359
5070 0.00173579 0.00171684
5080 0.00170857 0.00169014
5090 0.00168142 0.00166351
5100 0.00165436 0.00163695
5110 0.0016274 0.00161047
5120 0.00160055 0.0015841
5130 0.00157381 0.00155783
5140 0.00154721 0.00153169
5150 0.00152076 0.00150567
5160 0.00149445 0.0014798
5170 0.00146832 0.00145409
5180 1.3814e-05 0
5190 1.34105e-05 0
5200 1.30166e-05 0
5210 1.26322e-05 0
5220 1.22571e-05 0
5230 1.18912e-05 0
5240 1.15342e-05 0
5250 1.1186e-05 0
5260 1.08465e-05 0
5270 1.05155e-05 0
5280 1.01928e-05 0
5290 9.87831e-06 0
5300 9.5718e-06 0
5310 9.27316e-06 0
5320 8.98223e-06 0
5330 8.69885e-06 0
5340 8.42289e-06 0
5350 8.15419e-06 0
5360 7.89261e-06 0
5370 7.63801e-06 0
5380 7.39024e-06 0
5390 7.14917e-06 0
5400 6.91466e-06 0
5410 0.00374353 0.00373684
5420 6.46479e-06 0
5430 6.24915e-06 0
5440 6.03954e-06 0
5450 2.17792e-05 1.59433e-05
5460 5.63789e-06 0
5470 5.4456e-06 0
5480 0.00396028 0.00395502
5490 5.07746e-06 0
5500 4.90136e-06 0
5510 4.73043e-06 0
5520 4.56453e-06 0
5530 0.00412158 0.00411718
5540 4.2474e-06 0
5550 4.09594e-06 0
5560 3.94906e-06 0
5570 3.80665e-06 0
5580 3.66861e-06 0
5590 3.53482e-06 0
5600 3.40518e-06 0
5610 3.27959e-06 0
5620 3.15794e-06 0
5630 3.04013e-06 0
5640 2.92607e-06 0
5650 2.81565e-06 0
5660 0.00456729 0.00456458
5670 2.60535e-06 0
5680 2.50528e-06 0
5690 2.40849e-06 0
5700 2.31486e-06 0
5710 2.22433e-06 0
5720 2.1368e-06 0
5730 2.05219e-06 0
5740 1.97041e-06 0
5750 0.00489913 0.00489724
5760 1.81503e-06 0
5770 1.74128e-06 0
5780 2.25635e-05 2.08935e-05
5790 1.60125e-06 0
5800 1.53484e-06 0
5810 1.47073e-06 0
5820 1.40886e-06 0
5830 1.34916e-06 0
5840 1.29157e-06 0
5850 1.23602e-06 0
5860 6.55467e-05 6.43642e-05
5870 1.13081e-06 0
5880 2.37104e-05 2.26294e-05
5890 2.38426e-05 2.28096e-05
5900 0.00549723 0.00549625
5910 9.42365e-07 0
5920 8.9952e-07 0
5930 8.58279e-07 0
5940 8.18592e-07 0
5950 7.8041e-07 0
5960 7.43688e-07 0
5970 7.08378e-07 0
5980 6.74437e-07 0
5990 6.41819e-07 0
6000 6.10484e-07 0
6010 5.80389e-07 0
6020 0.000126974 0.000126423
6030 5.23762e-07 0
6040 4.97154e-07 0
6050 4.71634e-07 0
6060 4.47166e-07 0
6070 4.23714e-07 0
6080 4.01244e-07 0
6090 3.79722e-07 0
6100 3.59115e-07 0
6110 3.39391e-07 0
6120 3.2052e-07 0
6130 3.0247e-07 0
6140 2.85212e-07 0
6150 2.68718e-07 0
6160 2.52959e-07 0
6170 2.3791e-07 0
6180 2.23544e-07 0
6190 2.09837e-07 0
6200 1.96765e-07 0
6210 1.84304e-07 0
6220 1.72434e-07 0
6230 1.61133e-07 0
6240 0.000196374 0.000196224
6250 1.40164e-07 0
6260 1.30459e-07 0
6270 1.21251e-07 0
6280 1.12523e-07 0
6290 3.12106e-05 3.11064e-05
6300 9.64446e-08 0
6310 8.90627e-08 0
6320 8.2099e-08 0
6330 7.55385e-08 0
6340 6.93664e-08 0
6350 6.35684e-08 0
6360 5.81299e-08 0
6370 5.30369e-08 0
6380 4.82754e-08 0
6390 4.38317e-08 0
6400 0.0079538 0.00795376
6410 3.58442e-08 0
6420 3.22741e-08 0
6430 0.00812668 0.00812665
6440 2.59178e-08 0
6450 2.31069e-08 0
6460 2.05245e-08 0
6470 1.8159e-08 0
6480 1.59988e-08 0
6490 1.40323e-08 0
6500 1.22486e-08 0
6510 1.06366e-08 0
6520 9.18562e-09 0
6530 7.88527e-09 0
6540 6.72534e-09 0
6550 5.69591e-09 0
6560 4.78733e-09 0
6570 3.99023e-09 0
6580 3.29554e-09 0
6590 2.69448e-09 0
6600 2.1786e-09 0
6610 1.73975e-09 0
6620 1.37013e-09 0
6630 1.06228e-09 0
6640 8.09104e-10 0
6650 6.03874e-10 0
6660 4.40246e-10 0
6670 3.12274e-10 0
6680 2.14428e-10 0
6690 1.41601e-10 0
6700 8.91323e-11 0
6710 5.28172e-11 0
6720 2.89276e-11 0
6730 0.010039 0.010039
6740 5.9869e-12 0
6750 1.97339e-12 0
6760 4.19549e-13 0
6770 3.16092e-14 0
6780 4.47591e-05 4.47591e-05
6790 0 0
