0 0 0
10 0.00064744 9.26049e-12
20 0.000681638 1.22118e-10
30 0.000674329 5.70683e-10
40 0.000657857 1.72018e-09
50 0.000639894 4.06137e-09
60 0.000623112 8.20328e-09
70 0.000608808 1.48661e-08
80 0.000597789 2.48744e-08
90 0.00059064 3.91506e-08
100 0.000587818 5.87083e-08
110 0.000589685 8.46468e-08
120 0.00059652 1.18145e-07
130 0.000608527 1.60454e-07
140 0.000625836 2.12895e-07
150 0.000649782 2.7685e-07
160 0.0006781 3.53762e-07
170 0.000711748 4.45124e-07
180 0.000750605 5.52477e-07
190 0.000794496 6.77408e-07
200 0.000843197 8.21541e-07
210 0.000896445 9.86536e-07
220 0.000953937 1.17408e-06
230 0.00168233 1.3859e-06
240 0.00108031 1.62373e-06
250 0.00114845 1.88933e-06
260 0.0012194 2.18448e-06
270 0.00129274 2.51097e-06
280 0.00136809 2.8706e-06
290 0.00144505 3.26518e-06
300 0.00152324 3.69651e-06
310 0.00160228 4.16641e-06
320 0.00168182 4.67669e-06
330 0.00176165 5.22915e-06
340 0.00184118 5.8256e-06
350 0.00192024 6.46783e-06
360 0.00200386 7.15761e-06
370 0.00208157 7.89671e-06
380 0.00215807 8.68689e-06
390 0.00236301 9.52988e-06
400 0.00242956 1.04274e-05
410 0.00250192 1.13812e-05
420 0.00257415 1.23928e-05
430 0.00264513 1.3464e-05
440 0.0027144 1.45964e-05
450 0.00278173 1.57915e-05
460 0.00361604 1.7051e-05
470 0.00291011 1.83764e-05
480 0.00297105 1.97693e-05
490 0.0223724 2.1231e-05
500 0.00308626 2.2763e-05
510 0.00314055 2.43668e-05
520 0.00355941 2.60438e-05
530 0.00324257 2.77953e-05
540 0.00329038 2.96226e-05
550 0.0033361 3.1527e-05
560 0.00337981 3.35098e-05
570 0.00342154 3.55721e-05
580 0.00346137 3.77151e-05
590 0.442469 3.994e-05
600 0.204449 4.22479e-05
610 0.00357004 4.46398e-05
620 0.00360287 4.71167e-05
630 0.00363413 4.96796e-05
640 0.00366584 5.23295e-05
650 0.00369416 5.50672e-05
660 0.00372108 5.78937e-05
670 0.00374669 6.08097e-05
680 0.00377103 6.3816e-05
690 0.00379418 6.69134e-05
700 0.00854033 7.01025e-05
710 0.00433274 7.33841e-05
720 0.00385699 7.67588e-05
730 0.00422994 8.02271e-05
740 0.0038939 8.37896e-05
750 0.00391102 8.74469e-05
760 0.00392732 9.11993e-05
770 0.00394285 9.50473e-05
780 0.00395764 9.89913e-05
790 0.00397174 0.000103032
800 0.00398519 0.000107169
810 0.00399803 0.000111403
820 0.0040103 0.000115734
830 0.00436814 0.000120162
840 0.00403886 0.000124689
850 0.00404961 0.000129312
860 0.210104 0.000134034
870 0.00552166 0.000138854
880 0.00599605 0.000143771
890 0.00535533 0.000148786
900 0.00531497 0.0001539
910 0.00528533 0.000159111
920 0.0052622 0.000164419
930 0.00524334 0.000169825
940 0.00522745 0.000175329
950 0.0052137 0.00018093
960 0.0161879 0.000186627
970 0.00519062 0.000192422
980 0.00518064 0.000198313
990 0.00658757 0.0002043
1000 0.00516284 0.000210382
1010 0.00515473 0.00021656
1020 0.00515847 0.000222833
1030 0.00513968 0.0002292
1040 0.0051326 0.000235662
1050 0.00512575 0.000242217
1060 0.00511909 0.000248865
1070 0.00512825 0.000255606
1080 0.0051217 0.000262439
1090 0.0161968 0.000269363
1100 0.0469649 0.000276378
1110 0.0126446 0.000283483
1120 0.0120632 0.000290677
1130 0.0116527 0.000297961
1140 0.011336 0.000305333
1150 0.0110776 0.000312792
1160 0.0108583 0.000320338
1170 0.010667 0.00032797
1180 0.0104967 0.000335687
1190 0.0103424 0.000343489
1200 0.0522872 0.000351374
1210 0.0100697 0.000359343
1220 0.00994712 0.000367393
1230 0.00983161 0.000375524
1240 0.00972212 0.000383736
1250 0.00961775 0.000392028
1260 0.00951776 0.000400398
1270 0.00942155 0.000408845
1280 0.0093286 0.00041737
1290 0.00923848 0.00042597
1300 0.0091508 0.000434645
1310 0.00921811 0.000443394
1320 0.00898159 0.000452217
1330 0.012418 0.000461111
1340 0.00881892 0.000470076
1350 0.00996538 0.000479111
1360 0.00987401 0.000488216
1370 0.00978378 0.000497388
1380 0.00969459 0.000506628
1390 0.0096064 0.000515934
1400 0.00951916 0.000525305
1410 0.00943286 0.00053474
1420 0.00934748 0.000544237
1430 0.00926304 0.000553797
1440 0.00917956 0.000563418
1450 0.00909707 0.000573099
1460 0.00901559 0.000582838
1470 0.00893517 0.000592635
1480 0.00885584 0.000602489
1490 0.00877766 0.000612398
1500 0.00870065 0.000622363
1510 0.00862486 0.00063238
1520 0.00855032 0.00064245
1530 0.00847705 0.000652572
1540 0.00840509 0.000662743
1550 0.00833446 0.000672964
1560 0.00826516 0.000683234
1570 0.00819722 0.00069355
1580 0.00813065 0.000703912
1590 0.00806543 0.000714319
1600 0.00863885 0.000724771
1610 0.0079391 0.000735265
1620 0.00787798 0.0007458
1630 0.00784829 0.000756377
1640 0.00775976 0.000766993
1650 0.00770265 0.000777647
1660 0.00764685 0.000788339
1670 0.00759236 0.000799068
1680 0.00753915 0.000809832
1690 0.00748722 0.00082063
1700 0.00743654 0.000831461
1710 0.00738711 0.000842325
1720 0.0073389 0.00085322
1730 0.0072919 0.000864145
1740 0.0072461 0.000875099
1750 0.00720147 0.000886081
1760 0.00715801 0.000897091
1770 0.00711569 0.000908126
1780 0.00707449 0.000919186
1790 0.00703441 0.000930271
1800 0.00699541 0.000941378
1810 0.00695748 0.000952507
1820 0.00692061 0.000963657
1830 0.00688476 0.000974827
1840 0.00684993 0.000986016
1850 0.00681608 0.000997222
1860 0.0067832 0.00100845
1870 0.00675127 0.00101969
1880 0.00672027 0.00103094
1890 0.00669016 0.00104221
1900 0.00666094 0.00105349
1910 0.00663257 0.00106478
1920 0.00660504 0.00107609
1930 0.00657832 0.0010874
1940 0.0179023 0.00109873
1950 0.00652722 0.00111006
1960 0.0143939 0.0011214
1970 0.0142216 0.00113274
1980 0.014053 0.0011441
1990 0.0138882 0.00115545
2000 0.0137268 0.00116681
2010 0.0135688 0.00117817
2020 0.0134141 0.00118953
2030 0.0132624 0.0012009
2040 0.0131137 0.00121226
2050 0.0129678 0.00122362
2060 0.0128247 0.00123498
2070 0.0126841 0.00124634
2080 0.0125461 0.00125769
2090 0.0124103 0.00126904
2100 0.0122769 0.00128038
2110 0.0121455 0.00129171
2120 0.0120163 0.00130304
2130 0.011889 0.00131436
2140 0.0117635 0.00132567
2150 0.0116399 0.00133697
2160 0.0237826 0.00134826
2170 0.0113978 0.00135953
2180 0.0112792 0.0013708
2190 0.0125783 0.00138204
2200 0.0110466 0.00139328
2210 0.0109326 0.0014045
2220 0.0108201 0.0014157
2230 0.010709 0.00142688
2240 0.0105993 0.00143805
2250 0.0104911 0.00144919
2260 0.0103844 0.00146032
2270 0.010279 0.00147142
2280 0.0101752 0.00148251
2290 0.0100728 0.00149357
2300 0.00997194 0.0015046
2310 0.00987258 0.00151561
2320 0.00977476 0.0015266
2330 0.0096785 0.00153756
2340 0.00958382 0.00154849
2350 0.00949076 0.00155939
2360 0.00939932 0.00157026
2370 0.00930953 0.00158111
2380 0.00922141 0.00159192
2390 0.00913497 0.0016027
2400 0.0132509 0.00161345
2410 0.00896716 0.00162416
2420 0.0088858 0.00163484
2430 0.00880614 0.00164548
2440 0.00872818 0.00165609
2450 0.00865191 0.00166666
2460 0.00857731 0.00167719
2470 0.00850438 0.00168768
2480 0.00843309 0.00169813
2490 0.00836342 0.00170854
2500 0.00829536 0.00171891
2510 0.00822886 0.00172924
2520 0.00816391 0.00173952
2530 0.00810048 0.00174975
2540 0.00803852 0.00175994
2550 0.00817219 0.00177009
2560 0.00810645 0.00178018
2570 0.00804239 0.00179023
2580 0.00797994 0.00180023
2590 0.00791904 0.00181017
2600 0.00785963 0.00182007
2610 0.00780167 0.00182991
2620 0.00774511 0.0018397
2630 0.00768989 0.00184944
2640 0.00763598 0.00185912
2650 0.00758333 0.00186874
2660 0.0075319 0.00187831
2670 0.00748164 0.00188781
2680 0.00743253 0.00189726
2690 0.00738451 0.00190665
2700 0.00733756 0.00191598
2710 0.00729164 0.00192525
2720 0.0072467 0.00193445
2730 0.00720273 0.00194359
2740 0.00715968 0.00195267
2750 0.00711752 0.00196168
2760 0.00707622 0.00197062
2770 0.00703576 0.0019795
2780 0.0069961 0.0019883
2790 0.00695722 0.00199704
2800 0.00691909 0.00200571
2810 0.00688168 0.00201431
2820 0.00684497 0.00202283
2830 0.00680893 0.00203128
2840 0.00677354 0.00203966
2850 0.00673878 0.00204796
2860 0.00670462 0.00205619
2870 0.00667105 0.00206434
2880 0.00663804 0.00207241
2890 0.00660558 0.00208041
2900 0.00657364 0.00208832
2910 0.0065422 0.00209616
2920 0.00651126 0.00210391
2930 0.00648078 0.00211158
2940 0.00645076 0.00211917
2950 0.00642118 0.00212668
2960 0.00639202 0.0021341
2970 0.00636327 0.00214144
2980 0.0063349 0.00214869
2990 0.00630692 0.00215585
3000 0.0062793 0.00216293
3010 0.00625203 0.00216992
3020 0.0062251 0.00217682
3030 0.0061985 0.00218363
3040 0.00617221 0.00219035
3050 0.00614622 0.00219698
3060 0.00612052 0.00220351
3070 0.0060951 0.00220995
3080 0.00606995 0.0022163
3090 0.00604505 0.00222256
3100 0.00602041 0.00222872
3110 0.005996 0.00223479
3120 0.00597183 0.00224076
3130 0.00594787 0.00224663
3140 0.00592413 0.00225241
3150 0.00590058 0.00225809
3160 0.00587724 0.00226367
3170 0.00585408 0.00226915
3180 0.0058311 0.00227453
3190 0.00580829 0.00227981
3200 0.00578565 0.002285
3210 0.00576316 0.00229008
3220 0.00574082 0.00229506
3230 0.00571863 0.00229994
3240 0.00569658 0.00230471
3250 0.00567466 0.00230939
3260 0.00565287 0.00231396
3270 0.0056312 0.00231843
3280 0.00560964 0.00232279
3290 0.0055882 0.00232705
3300 0.00556686 0.00233121
3310 0.00554562 0.00233526
3320 0.00552447 0.00233921
3330 0.00550342 0.00234305
3340 0.00548245 0.00234679
3350 0.00546157 0.00235042
3360 0.00544076 0.00235395
3370 0.00542003 0.00235737
3380 0.00539937 0.00236069
3390 0.00537878 0.0023639
3400 0.00535826 0.002367
3410 0.00533779 0.00237
3420 0.00531738 0.0023729
3430 0.00529703 0.00237568
3440 0.00527673 0.00237836
3450 0.00525648 0.00238094
3460 0.00523628 0.00238341
3470 0.00521612 0.00238577
3480 0.005196 0.00238803
3490 0.00517593 0.00239018
3500 0.00515589 0.00239223
3510 0.00513589 0.00239418
3520 0.00511592 0.00239601
3530 0.00509598 0.00239775
3540 0.00507608 0.00239938
3550 0.0050562 0.0024009
3560 0.00503636 0.00240232
3570 0.00501653 0.00240364
3580 0.00499674 0.00240486
3590 0.00497697 0.00240597
3600 0.00495722 0.00240698
3610 0.00493749 0.00240789
3620 0.00491778 0.00240869
3630 0.00489809 0.0024094
3640 0.00487843 0.00241001
3650 0.00485878 0.00241051
3660 0.00483915 0.00241092
3670 0.00481953 0.00241122
3680 0.00479993 0.00241143
3690 0.00478035 0.00241154
3700 0.00476079 0.00241155
3710 0.00474124 0.00241147
3720 0.00472171 0.00241129
3730 0.00470219 0.00241101
3740 0.00468269 0.00241064
3750 0.0046632 0.00241018
3760 0.00464373 0.00240962
3770 0.00462428 0.00240897
3780 0.00460484 0.00240823
3790 0.00458541 0.00240739
3800 0.004566 0.00240647
3810 0.00454661 0.00240546
3820 0.00452723 0.00240435
3830 0.00450787 0.00240316
3840 0.00448853 0.00240189
3850 0.0044692 0.00240052
3860 0.00444989 0.00239907
3870 0.0044306 0.00239754
3880 0.00441133 0.00239592
3890 0.00439208 0.00239422
3900 0.00437285 0.00239244
3910 0.00435364 0.00239057
3920 0.00433445 0.00238863
3930 0.00431528 0.00238661
3940 0.00429613 0.00238451
3950 0.00427701 0.00238233
3960 0.00425791 0.00238007
3970 0.00423883 0.00237774
3980 0.00421978 0.00237534
3990 0.00420075 0.00237286
4000 0.00418175 0.00237031
4010 0.00416278 0.00236769
4020 0.00414384 0.00236499
4030 0.00412492 0.00236223
4040 0.00410603 0.0023594
4050 0.00408718 0.0023565
4060 0.00406835 0.00235354
4070 0.00404956 0.00235051
4080 0.0040308 0.00234741
4090 0.00401207 0.00234426
4100 0.00399338 0.00234103
4110 0.00397472 0.00233775
4120 0.0039561 0.00233441
4130 0.00393752 0.00233101
4140 0.00391897 0.00232755
4150 0.00390047 0.00232403
4160 0.003882 0.00232046
4170 0.00386357 0.00231683
4180 0.00384518 0.00231315
4190 0.00382684 0.00230941
4200 0.00380854 0.00230562
4210 0.00379028 0.00230178
4220 0.00377206 0.00229789
4230 0.00375389 0.00229395
4240 0.00373577 0.00228997
4250 0.00371769 0.00228593
4260 0.00369966 0.00228185
4270 0.00368168 0.00227772
4280 0.00366375 0.00227355
4290 0.00364587 0.00226934
4300 0.00362803 0.00226508
4310 0.00361025 0.00226078
4320 0.00359252 0.00225645
4330 0.00357485 0.00225207
4340 0.00355722 0.00224765
4350 0.00353965 0.0022432
4360 0.00352214 0.00223871
4370 0.00350468 0.00223418
4380 0.00348727 0.00222962
4390 0.00346993 0.00222502
4400 0.00345263 0.00222039
4410 0.0034354 0.00221573
4420 0.00341823 0.00221103
4430 0.00340111 0.00220631
4440 0.00338405 0.00220156
4450 0.00336706 0.00219677
4460 0.00335012 0.00219196
4470 0.00333325 0.00218712
4480 0.00331643 0.00218225
4490 0.00329968 0.00217736
4500 0.00328299 0.00217245
4510 0.00326636 0.0021675
4520 0.0032498 0.00216254
4530 0.0032333 0.00215755
4540 0.00321686 0.00215254
4550 0.00320049 0.00214751
4560 0.00318419 0.00214246
4570 0.00316794 0.00213739
4580 0.00315177 0.00213229
4590 0.00313566 0.00212718
4600 0.00311961 0.00212205
4610 0.00310364 0.00211691
4620 0.00308773 0.00211175
4630 0.00307188 0.00210657
4640 0.00305611 0.00210137
4650 0.0030404 0.00209616
4660 0.00302476 0.00209094
4670 0.00300918 0.0020857
4680 0.00299368 0.00208045
4690 0.00297824 0.00207518
4700 0.00296287 0.00206991
4710 0.00294758 0.00206462
4720 0.00293234 0.00205932
4730 0.00291718 0.00205401
4740 0.00290209 0.00204869
4750 0.00288707 0.00204336
4760 0.00287211 0.00203802
4770 0.00285723 0.00203267
4780 0.00284242 0.00202731
4790 0.00282767 0.00202195
4800 0.002813 0.00201657
4810 0.00279839 0.00201119
4820 0.00278385 0.00200581
4830 0.00276939 0.00200041
4840 0.00275499 0.00199501
4850 0.00274066 0.00198961
4860 0.00272641 0.0019842
4870 0.00271222 0.00197878
4880 0.0026981 0.00197336
4890 0.00268405 0.00196794
4900 0.00267007 0.00196251
4910 0.00265616 0.00195707
4920 0.00264232 0.00195164
4930 0.00262855 0.0019462
4940 0.00261485 0.00194076
4950 0.00260122 0.00193531
4960 0.00258766 0.00192987
4970 0.00257416 0.00192442
4980 0.00256074 0.00191897
4990 0.00254738 0.00191351
5000 0.00253409 0.00190806
5010 0.00252087 0.0019026
5020 0.00250772 0.00189715
5030 0.00249464 0.00189169
5040 0.00248162 0.00188623
5050 0.00246867 0.00188077
5060 0.00245579 0.00187532
5070 0.00244298 0.00186986
5080 0.00243024 0.0018644
5090 0.00241756 0.00185894
5100 0.00240495 0.00185348
5110 0.0023924 0.00184803
5120 0.00237993 0.00184257
5130 0.00236751 0.00183711
5140 0.00235517 0.00183166
5150 0.00234289 0.0018262
5160 0.00233067 0.00182075
5170 0.00231853 0.0018153
5180 0.00230644 0.00180985
5190 0.00229442 0.0018044
5200 0.00228247 0.00179895
5210 0.00227058 0.00179351
5220 0.00225875 0.00178806
5230 0.00224699 0.00178262
5240 0.00223529 0.00177718
5250 0.00222366 0.00177174
5260 0.00221209 0.00176631
5270 0.00220058 0.00176087
5280 0.00218913 0.00175544
5290 0.00217775 0.00175001
5300 0.00216643 0.00174458
5310 0.00215517 0.00173916
5320 0.00214397 0.00173373
5330 0.00213283 0.00172831
5340 0.00212175 0.0017229
5350 0.00211074 0.00171748
5360 0.00209978 0.00171207
5370 0.00208888 0.00170665
5380 0.00207805 0.00170124
5390 0.00206727 0.00169584
5400 0.00205655 0.00169043
5410 0.00204589 0.00168503
5420 0.00203529 0.00167963
5430 0.00202475 0.00167424
5440 0.00201426 0.00166884
5450 0.00200384 0.00166345
5460 0.00199347 0.00165806
5470 0.00198315 0.00165267
5480 0.00197289 0.00164729
5490 0.00196269 0.0016419
5500 0.00195255 0.00163652
5510 0.00194246 0.00163115
5520 0.00193242 0.00162577
5530 0.00192244 0.0016204
5540 0.00191251 0.00161503
5550 0.00190264 0.00160966
5560 0.00189282 0.00160429
5570 0.00188305 0.00159892
5580 0.00187334 0.00159356
5590 0.00186368 0.0015882
5600 0.00185407 0.00158284
5610 0.00184451 0.00157748
5620 0.00183501 0.00157212
5630 0.00182555 0.00156677
5640 0.00181615 0.00156142
5650 0.00180679 0.00155606
5660 0.00179749 0.00155071
5670 0.00178823 0.00154536
5680 0.00177903 0.00154002
5690 0.00176987 0.00153467
5700 0.00176076 0.00152932
5710 0.00175169 0.00152398
5720 0.00174268 0.00151863
5730 0.00173371 0.00151329
5740 0.00172478 0.00150794
5750 0.00171591 0.0015026
5760 0.00170708 0.00149726
5770 0.00169829 0.00149191
5780 0.00168954 0.00148657
5790 0.00168085 0.00148122
5800 0.00167219 0.00147588
5810 0.00166358 0.00147053
5820 0.001655 0.00146519
5830 0.00164648 0.00145984
5840 0.00163799 0.00145449
5850 0.00162954 0.00144914
5860 0.00162113 0.00144379
5870 0.00161277 0.00143844
5880 0.00160444 0.00143308
5890 0.00159615 0.00142772
5900 0.0015879 0.00142236
5910 0.00157969 0.001417
5920 0.00157151 0.00141163
5930 0.00156337 0.00140626
5940 0.00155527 0.00140089
5950 0.0015472 0.00139552
5960 0.00153916 0.00139013
5970 0.00153116 0.00138475
5980 0.00152319 0.00137936
5990 0.00151526 0.00137397
6000 0.00150736 0.00136857
6010 0.00149949 0.00136316
6020 0.00149165 0.00135775
6030 0.00148384 0.00135233
6040 0.00147605 0.00134691
6050 0.0014683 0.00134148
6060 0.00146058 0.00133604
6070 0.00145288 0.0013306
6080 0.00144521 0.00132515
6090 0.00143757 0.00131969
6100 0.00142995 0.00131422
6110 0.00142236 0.00130874
6120 0.00141479 0.00130325
6130 0.00140724 0.00129775
6140 0.00139972 0.00129224
6150 0.00139222 0.00128673
6160 0.00138474 0.0012812
6170 0.00137728 0.00127566
6180 0.00136983 0.0012701
6190 0.00136241 0.00126454
6200 0.00135501 0.00125896
6210 0.00134762 0.00125337
6220 0.00134025 0.00124777
6230 0.00133289 0.00124215
6240 0.00132555 0.00123652
6250 0.00131822 0.00123087
6260 0.00131091 0.0012252
6270 0.00130361 0.00121953
6280 0.00129632 0.00121383
6290 0.00128904 0.00120812
6300 0.00128177 0.00120239
6310 0.00127451 0.00119664
6320 0.00126726 0.00119088
6330 0.00126001 0.00118509
6340 0.00125278 0.00117929
6350 0.00124555 0.00117347
6360 0.00123832 0.00116763
6370 0.0012311 0.00116176
6380 0.00122388 0.00115588
6390 0.00121667 0.00114997
6400 0.00120946 0.00114405
6410 0.00120225 0.0011381
6420 0.00119504 0.00113213
6430 0.00118783 0.00112613
6440 0.00118062 0.00112012
6450 0.00117341 0.00111408
6460 0.0011662 0.00110801
6470 0.00115898 0.00110192
6480 0.00115176 0.00109581
6490 0.00114454 0.00108967
6500 0.00113731 0.0010835
6510 0.00113008 0.00107731
6520 0.00112284 0.0010711
6530 0.0011156 0.00106486
6540 0.00110835 0.00105859
6550 0.00110109 0.0010523
6560 0.00109383 0.00104598
6570 0.00108655 0.00103963
6580 0.00107927 0.00103326
6590 0.00107198 0.00102686
6600 0.00106469 0.00102043
6610 0.00105738 0.00101398
6620 0.00105006 0.0010075
6630 0.00104274 0.00100099
6640 0.0010354 0.000994458
6650 0.00102805 0.000987899
6660 0.0010207 0.000981315
6670 0.00101333 0.000974705
6680 0.00100596 0.00096807
6690 0.000998573 0.00096141
6700 0.000991178 0.000954725
6710 0.000983774 0.000948016
6720 0.000976361 0.000941284
6730 0.000968939 0.000934529
6740 0.000961508 0.000927752
6750 0.000954069 0.000920952
6760 0.000946622 0.000914132
6770 0.000939169 0.000907292
6780 0.000931708 0.000900433
6790 0.000924242 0.000893555
6800 0.00091677 0.000886659
6810 0.000909294 0.000879747
6820 0.000901814 0.00087282
6830 0.000894331 0.000865878
6840 0.000886846 0.000858923
6850 0.00087936 0.000851956
6860 0.000871875 0.000844978
6870 0.00086439 0.000837991
6880 0.000856907 0.000830995
6890 0.000849428 0.000823994
6900 0.000841954 0.000816987
6910 0.000834486 0.000809976
6920 0.000827025 0.000802963
6930 0.000819573 0.00079595
6940 0.00081213 0.000788938
6950 0.0008047 0.000781929
6960 0.000797283 0.000774925
6970 0.00078988 0.000767927
6980 0.000782494 0.000760937
6990 0.000775125 0.000753957
7000 0.000767777 0.000746989
7010 0.000760449 0.000740035
7020 0.000753145 0.000733096
7030 0.000745865 0.000726175
7040 0.000738612 0.000719273
7050 0.000731386 0.000712393
7060 0.000724191 0.000705536
7070 0.000717028 0.000698704
7080 0.000709898 0.000691899
7090 0.000702803 0.000685124
7100 0.000695745 0.000678379
7110 0.000688726 0.000671667
7120 0.000681748 0.000664991
7130 0.000674811 0.00065835
7140 0.000667919 0.000651748
7150 0.000661072 0.000645187
7160 0.000654272 0.000638667
7170 0.000647521 0.000632191
7180 0.00064082 0.000625761
7190 0.000634171 0.000619377
7200 0.000627575 0.000613042
7210 0.000621034 0.000606758
7220 0.000614548 0.000600525
7230 0.00060812 0.000594344
7240 0.000601751 0.000588219
7250 0.000595441 0.000582149
7260 0.000589192 0.000576135
7270 0.000583004 0.00057018
7280 0.00057688 0.000564284
7290 0.000570819 0.000558447
7300 0.000564822 0.000552672
7310 0.000558891 0.000546958
7320 0.000553026 0.000541307
7330 0.000547227 0.000535719
7340 0.000541495 0.000530195
7350 0.000535831 0.000524735
7360 0.000530234 0.00051934
7370 0.000524706 0.00051401
7380 0.000519246 0.000508745
7390 0.000513854 0.000503545
7400 0.00050853 0.000498412
7410 0.000503275 0.000493343
7420 0.000498088 0.000488341
7430 0.00049297 0.000483403
7440 0.000487919 0.000478531
7450 0.000482936 0.000473724
7460 0.000478019 0.000468982
7470 0.00047317 0.000464303
7480 0.000468386 0.000459688
7490 0.000463668 0.000455137
7500 0.000459015 0.000450648
7510 0.000454426 0.00044622
7520 0.000449901 0.000441854
7530 0.000445438 0.000437547
7540 0.000441036 0.000433301
7550 0.000436696 0.000429112
7560 0.000432415 0.000424982
7570 0.000428193 0.000420908
7580 0.000424029 0.000416889
7590 0.000419922 0.000412925
7600 0.00041587 0.000409015
7610 0.000411872 0.000405157
7620 0.000407928 0.00040135
7630 0.000404036 0.000397593
7640 0.000400195 0.000393885
7650 6.17933e-06 0
7660 0.0012555 0.00124945
7670 5.92356e-06 0
7680 5.79869e-06 0
7690 5.67581e-06 0
7700 5.55489e-06 0
7710 5.43592e-06 0
7720 5.31889e-06 0
7730 5.20377e-06 0
7740 5.09054e-06 0
7750 4.97919e-06 0
7760 4.8697e-06 0
7770 4.76205e-06 0
7780 4.65623e-06 0
7790 4.5522e-06 0
7800 4.44997e-06 0
7810 4.34949e-06 0
7820 4.25077e-06 0
7830 4.15378e-06 0
7840 4.05849e-06 0
7850 3.9649e-06 0
7860 3.87298e-06 0
7870 3.78272e-06 0
7880 3.69409e-06 0
7890 3.60708e-06 0
7900 3.52166e-06 0
7910 3.43783e-06 0
7920 3.35556e-06 0
7930 3.27483e-06 0
7940 3.19562e-06 0
7950 3.11792e-06 0
7960 3.04171e-06 0
7970 2.96696e-06 0
7980 2.89367e-06 0
7990 2.82181e-06 0
8000 9.67576e-06 6.92439e-06
8010 2.68232e-06 0
8020 2.61465e-06 0
8030 0.000370658 0.00036811
8040 2.48337e-06 0
8050 2.41974e-06 0
8060 2.35741e-06 0
8070 2.29637e-06 0
8080 2.2366e-06 0
8090 2.17809e-06 0
8100 2.12082e-06 0
8110 2.06477e-06 0
8120 2.00991e-06 0
8130 1.95625e-06 0
8140 1.90375e-06 0
8150 1.8524e-06 0
8160 1.80218e-06 0
8170 1.75307e-06 0
8180 1.70506e-06 0
8190 1.65812e-06 0
8200 1.61224e-06 0
8210 1.56741e-06 0
8220 1.5236e-06 0
8230 1.48079e-06 0
8240 1.43898e-06 0
8250 1.39813e-06 0
8260 1.35824e-06 0
8270 1.31929e-06 0
8280 1.28126e-06 0
8290 1.24413e-06 0
8300 1.20788e-06 0
8310 1.1725e-06 0
8320 1.13797e-06 0
8330 1.10428e-06 0
8340 1.0714e-06 0
8350 1.03933e-06 0
8360 1.00804e-06 0
8370 9.77524e-07 0
8380 9.47759e-07 0
8390 9.18732e-07 0
8400 8.90427e-07 0
8410 8.62829e-07 0
8420 8.35922e-07 0
8430 8.09693e-07 0
8440 7.84127e-07 0
8450 7.59209e-07 0
8460 7.34925e-07 0
8470 7.11261e-07 0
8480 6.88204e-07 0
8490 6.65741e-07 0
8500 0.000452919 0.000452275
8510 6.22544e-07 0
8520 6.01786e-07 0
8530 5.81572e-07 0
8540 5.61889e-07 0
8550 5.42727e-07 0
8560 5.24073e-07 0
8570 5.05917e-07 0
8580 4.88246e-07 0
8590 4.7105e-07 0
8600 4.54319e-07 0
8610 4.38041e-07 0
8620 4.22206e-07 0
8630 4.06804e-07 0
8640 3.91826e-07 0
8650 3.77261e-07 0
8660 3.63101e-07 0
8670 3.49337e-07 0
8680 3.35959e-07 0
8690 3.2296e-07 0
8700 3.10331e-07 0
8710 2.98064e-07 0
8720 2.86153e-07 0
8730 0.000472828 0.000472553
8740 2.63368e-07 0
8750 2.52481e-07 0
8760 2.41923e-07 0
8770 2.31687e-07 0
8780 2.21766e-07 0
8790 2.12155e-07 0
8800 2.02847e-07 0
8810 1.93837e-07 0
8820 1.85117e-07 0
8830 1.76682e-07 0
8840 1.68526e-07 0
8850 1.60642e-07 0
8860 1.53025e-07 0
8870 1.4567e-07 0
8880 1.38569e-07 0
8890 1.31718e-07 0
8900 1.25111e-07 0
8910 1.18742e-07 0
8920 1.12606e-07 0
8930 1.06697e-07 0
8940 1.01011e-07 0
8950 9.55416e-08 0
8960 9.02843e-08 0
8970 8.5234e-08 0
8980 8.0386e-08 0
8990 1.34671e-05 1.33914e-05
9000 7.12777e-08 0
9010 6.70083e-08 0
9020 6.29228e-08 0
9030 5.90166e-08 0
9040 5.52852e-08 0
9050 5.17241e-08 0
9060 4.83289e-08 0
9070 4.5095e-08 0
9080 4.2018e-08 0
9090 3.90934e-08 0
9100 3.63169e-08 0
9110 3.3684e-08 0
9120 3.11902e-08 0
9130 2.88314e-08 0
9140 2.6603e-08 0
9150 2.45008e-08 0
9160 2.25205e-08 0
9170 2.06578e-08 0
9180 1.89085e-08 0
9190 1.72685e-08 0
9200 1.57334e-08 0
9210 1.42993e-08 0
9220 1.2962e-08 0
9230 1.17175e-08 0
9240 1.05618e-08 0
9250 9.49105e-09 0
9260 8.50124e-09 0
9270 7.58856e-09 0
9280 6.74924e-09 0
9290 5.97956e-09 0
9300 5.27584e-09 0
9310 4.63449e-09 0
9320 4.05197e-09 0
9330 3.52482e-09 0
9340 3.04965e-09 0
9350 2.62314e-09 0
9360 2.24204e-09 0
9370 1.90321e-09 0
9380 1.60358e-09 0
9390 1.34014e-09 0
9400 1.11002e-09 0
9410 9.10401e-10 0
9420 7.38593e-10 0
9430 5.91991e-10 0
9440 4.68098e-10 0
9450 3.64525e-10 0
9460 2.78995e-10 0
9470 2.09348e-10 0
9480 1.53541e-10 0
9490 1.09655e-10 0
9500 7.58995e-11 0
9510 5.06141e-11 0
9520 3.22735e-11 0
9530 1.94922e-11 0
9540 1.10282e-11 0
9550 5.78733e-12 0
9560 2.82792e-12 0
9570 1.36499e-12 0
9580 7.74927e-13 0
9590 6.0003e-13 0
9600 1.99973e-05 1.99973e-05
9610 5.19327e-13 0
9620 4.86882e-13 0
9630 4.55909e-13 0
9640 4.26368e-13 0
9650 3.9822e-13 0
9660 3.71424e-13 0
9670 3.45944e-13 0
9680 3.21738e-13 0
9690 2.98771e-13 0
9700 2.77002e-13 0
9710 2.56395e-13 0
9720 2.36912e-13 0
9730 2.18516e-13 0
9740 2.0117e-13 0
9750 1.84837e-13 0
9760 1.69481e-13 0
9770 1.55067e-13 0
9780 1.41559e-13 0
9790 1.28921e-13 0
9800 1.1712e-13 0
9810 1.06121e-13 0
9820 9.58889e-14 0
9830 8.63917e-14 0
9840 7.75959e-14 0
9850 6.94689e-14 0
9860 6.19788e-14 0
9870 5.50939e-14 0
9880 4.87833e-14 0
9890 4.30163e-14 0
9900 3.77631e-14 0
9910 3.29944e-14 0
9920 2.86813e-14 0
9930 2.47957e-14 0
9940 2.13101e-14 0
9950 1.81977e-14 0
9960 1.54324e-14 0
9970 1.29887e-14 0
9980 1.0842e-14 0
9990 8.9684e-15 0
10000 7.3447e-15 0
10010 5.94864e-15 0
10020 4.75878e-15 0
10030 3.75453e-15 0
10040 2.91621e-15 0
10050 2.2251e-15 0
10060 1.6634e-15 0
10070 1.21433e-15 0
10080 8.62138e-16 0
10090 5.92111e-16 0
10100 3.90637e-16 0
10110 2.45226e-16 0
10120 1.44546e-16 0
10130 7.84569e-17 0
10140 3.8047e-17 0
10150 1.56711e-17 0
10160 4.98616e-18 0
10170 9.90436e-19 0
10180 6.22495e-20 0
10190 0 0
