0 0 0
10 0.000651035 9.16348e-12
20 0.000685641 1.20839e-10
30 0.000678519 5.64705e-10
40 0.000662174 1.70216e-09
50 0.000644311 4.01882e-09
60 0.000627615 8.11734e-09
70 0.000613384 1.47104e-08
80 0.000602425 2.46138e-08
90 0.000595324 3.87404e-08
100 0.000592538 5.80933e-08
110 0.000594429 8.376e-08
120 0.000601278 1.16907e-07
130 0.000613287 1.58773e-07
140 0.000630589 2.10664e-07
150 0.000654517 2.7395e-07
160 0.000682812 3.50055e-07
170 0.000716433 4.4046e-07
180 0.00075526 5.46688e-07
190 0.00079912 6.7031e-07
200 0.000847791 8.12933e-07
210 0.000901012 9.76199e-07
220 0.000958485 1.16178e-06
230 0.00168638 1.37138e-06
240 0.00108484 1.60672e-06
250 0.001153 1.86953e-06
260 0.00122397 2.16159e-06
270 0.00129736 2.48466e-06
280 0.00137278 2.84052e-06
290 0.00144983 3.23096e-06
300 0.00152813 3.65777e-06
310 0.00160731 4.12274e-06
320 0.001687 4.62767e-06
330 0.00176701 5.17435e-06
340 0.00184675 5.76454e-06
350 0.00192606 6.40004e-06
360 0.00200992 7.08259e-06
370 0.00208792 7.81394e-06
380 0.00216474 8.59584e-06
390 0.00237017 9.43e-06
400 0.002437 1.03181e-05
410 0.00250972 1.12619e-05
420 0.00258234 1.22629e-05
430 0.00265373 1.33229e-05
440 0.00272343 1.44434e-05
450 0.00279121 1.5626e-05
460 0.00362197 1.68723e-05
470 0.00292056 1.81838e-05
480 0.00298199 1.9562e-05
490 0.0223698 2.10084e-05
500 0.00309823 2.25244e-05
510 0.00315305 2.41114e-05
520 0.00357981 2.57708e-05
530 0.00325613 2.75039e-05
540 0.00330448 2.93121e-05
550 0.00335074 3.11965e-05
560 0.00339498 3.31585e-05
570 0.00343724 3.51991e-05
580 0.00347759 3.73197e-05
590 0.442166 3.95213e-05
600 0.204516 4.18049e-05
610 0.00358777 4.41717e-05
620 0.00362109 4.66227e-05
630 0.00365281 4.91587e-05
640 0.00368498 5.17808e-05
650 0.00371374 5.44898e-05
660 0.0037411 5.72867e-05
670 0.00376711 6.01721e-05
680 0.00379185 6.31469e-05
690 0.00381537 6.62118e-05
700 0.00853717 6.93675e-05
710 0.00435236 7.26147e-05
720 0.0038792 7.5954e-05
730 0.00425083 7.93859e-05
740 0.0039167 8.2911e-05
750 0.00393409 8.65299e-05
760 0.00395063 9.0243e-05
770 0.00396638 9.40506e-05
780 0.00398137 9.79532e-05
790 0.00399565 0.000101951
800 0.00400927 0.000106045
810 0.00402225 0.000110234
820 0.00403464 0.00011452
830 0.0043945 0.000118902
840 0.0040634 0.000123381
850 0.00407422 0.000127956
860 0.210253 0.000132629
870 0.00555168 0.000137398
880 0.00603533 0.000142263
890 0.00538407 0.000147226
900 0.00534338 0.000152286
910 0.00531347 0.000157442
920 0.00529011 0.000162695
930 0.00527106 0.000168044
940 0.00525498 0.00017349
950 0.00524105 0.000179032
960 0.0161576 0.00018467
970 0.00521763 0.000190404
980 0.00520748 0.000196233
990 0.00660773 0.000202157
1000 0.00518931 0.000208176
1010 0.00518102 0.000214289
1020 0.00518494 0.000220496
1030 0.00516557 0.000226797
1040 0.00515828 0.00023319
1050 0.0051512 0.000239677
1060 0.00514431 0.000246255
1070 0.00515324 0.000252925
1080 0.00514644 0.000259686
1090 0.0162776 0.000266538
1100 0.0470042 0.000273479
1110 0.0127007 0.00028051
1120 0.0121146 0.000287629
1130 0.0117007 0.000294836
1140 0.0113813 0.00030213
1150 0.0111207 0.000309511
1160 0.0108997 0.000316978
1170 0.0107069 0.00032453
1180 0.0105352 0.000332166
1190 0.0103797 0.000339886
1200 0.0522913 0.000347689
1210 0.010105 0.000355574
1220 0.00998154 0.00036354
1230 0.00986522 0.000371586
1240 0.00975497 0.000379712
1250 0.00964989 0.000387916
1260 0.00954923 0.000396198
1270 0.00945238 0.000404557
1280 0.00935882 0.000412992
1290 0.00926811 0.000421503
1300 0.00917988 0.000430087
1310 0.00925024 0.000438744
1320 0.00900959 0.000447474
1330 0.0124652 0.000456275
1340 0.00884591 0.000465146
1350 0.00998779 0.000474087
1360 0.00989608 0.000483096
1370 0.00980551 0.000492172
1380 0.009716 0.000501315
1390 0.00962749 0.000510523
1400 0.00953993 0.000519796
1410 0.00945331 0.000529132
1420 0.00936763 0.00053853
1430 0.00928288 0.000547989
1440 0.00919908 0.000557509
1450 0.00911627 0.000567088
1460 0.00903448 0.000576726
1470 0.00895374 0.00058642
1480 0.00887409 0.000596171
1490 0.00879557 0.000605976
1500 0.00871823 0.000615836
1510 0.0086421 0.000625749
1520 0.00856721 0.000635713
1530 0.00849359 0.000645729
1540 0.00842126 0.000655794
1550 0.00835026 0.000665908
1560 0.00828059 0.000676069
1570 0.00821226 0.000686277
1580 0.0081453 0.000696531
1590 0.00807968 0.000706829
1600 0.00864976 0.000717171
1610 0.00795253 0.000727555
1620 0.00789099 0.00073798
1630 0.00786185 0.000748446
1640 0.00777191 0.00075895
1650 0.00771437 0.000769493
1660 0.00765813 0.000780074
1670 0.00760319 0.00079069
1680 0.00754953 0.000801341
1690 0.00749715 0.000812026
1700 0.00744601 0.000822744
1710 0.00739612 0.000833494
1720 0.00734745 0.000844275
1730 0.0073 0.000855085
1740 0.00725373 0.000865925
1750 0.00720864 0.000876792
1760 0.00716472 0.000887686
1770 0.00712193 0.000898606
1780 0.00708028 0.00090955
1790 0.00703973 0.000920518
1800 0.00700028 0.000931509
1810 0.0069619 0.000942522
1820 0.00692457 0.000953555
1830 0.00688828 0.000964608
1840 0.006853 0.00097568
1850 0.00681872 0.00098677
1860 0.00678541 0.000997876
1870 0.00675306 0.001009
1880 0.00672163 0.00102013
1890 0.00669112 0.00103129
1900 0.00666149 0.00104245
1910 0.00663272 0.00105362
1920 0.0066048 0.00106481
1930 0.00657769 0.00107601
1940 0.017965 0.00108721
1950 0.00652585 0.00109843
1960 0.0143581 0.00110965
1970 0.0141865 0.00112087
1980 0.0140188 0.00113211
1990 0.0138547 0.00114334
2000 0.0136941 0.00115458
2010 0.0135369 0.00116582
2020 0.013383 0.00117707
2030 0.0132321 0.00118831
2040 0.0130842 0.00119956
2050 0.0129391 0.0012108
2060 0.0127968 0.00122204
2070 0.012657 0.00123328
2080 0.0125198 0.00124451
2090 0.0123848 0.00125574
2100 0.0122522 0.00126697
2110 0.0121217 0.00127818
2120 0.0119932 0.00128939
2130 0.0118667 0.00130059
2140 0.0117421 0.00131178
2150 0.0116193 0.00132297
2160 0.0238288 0.00133414
2170 0.0113787 0.00134529
2180 0.0112609 0.00135644
2190 0.0125543 0.00136757
2200 0.0110299 0.00137869
2210 0.0109167 0.00138979
2220 0.0108049 0.00140087
2230 0.0106945 0.00141194
2240 0.0105856 0.00142299
2250 0.0104782 0.00143402
2260 0.0103721 0.00144503
2270 0.0102675 0.00145602
2280 0.0101644 0.00146698
2290 0.0100627 0.00147793
2300 0.00996251 0.00148885
2310 0.00986381 0.00149975
2320 0.00976663 0.00151062
2330 0.009671 0.00152146
2340 0.00957694 0.00153228
2350 0.00948448 0.00154307
2360 0.00939362 0.00155383
2370 0.0093044 0.00156456
2380 0.00921683 0.00157526
2390 0.00913091 0.00158593
2400 0.0132926 0.00159656
2410 0.00896411 0.00160717
2420 0.00888323 0.00161773
2430 0.00880404 0.00162827
2440 0.00872652 0.00163876
2450 0.00865068 0.00164922
2460 0.00857649 0.00165964
2470 0.00850396 0.00167003
2480 0.00843305 0.00168037
2490 0.00836375 0.00169067
2500 0.00829604 0.00170093
2510 0.00822988 0.00171115
2520 0.00816526 0.00172132
2530 0.00810214 0.00173145
2540 0.00804049 0.00174154
2550 0.00817628 0.00175157
2560 0.00811078 0.00176157
2570 0.00804695 0.00177151
2580 0.00798472 0.0017814
2590 0.00792404 0.00179125
2600 0.00786484 0.00180104
2610 0.00780709 0.00181078
2620 0.00775073 0.00182047
2630 0.00769571 0.0018301
2640 0.00764199 0.00183968
2650 0.00758952 0.00184921
2660 0.00753827 0.00185867
2670 0.00748819 0.00186808
2680 0.00743925 0.00187744
2690 0.00739141 0.00188673
2700 0.00734462 0.00189596
2710 0.00729886 0.00190513
2720 0.00725409 0.00191424
2730 0.00721027 0.00192329
2740 0.00716738 0.00193227
2750 0.00712537 0.00194119
2760 0.00708423 0.00195004
2770 0.00704392 0.00195882
2780 0.00700442 0.00196754
2790 0.00696569 0.00197619
2800 0.00692771 0.00198476
2810 0.00689045 0.00199327
2820 0.00685389 0.00200171
2830 0.006818 0.00201007
2840 0.00678277 0.00201837
2850 0.00674816 0.00202658
2860 0.00671416 0.00203473
2870 0.00668075 0.00204279
2880 0.0066479 0.00205078
2890 0.00661559 0.0020587
2900 0.00658381 0.00206653
2910 0.00655254 0.00207429
2920 0.00652176 0.00208196
2930 0.00649145 0.00208955
2940 0.0064616 0.00209707
2950 0.00643219 0.0021045
2960 0.0064032 0.00211184
2970 0.00637462 0.0021191
2980 0.00634644 0.00212628
2990 0.00631863 0.00213337
3000 0.00629119 0.00214038
3010 0.00626411 0.00214729
3020 0.00623736 0.00215412
3030 0.00621094 0.00216086
3040 0.00618484 0.00216752
3050 0.00615904 0.00217408
3060 0.00613354 0.00218055
3070 0.00610831 0.00218692
3080 0.00608336 0.00219321
3090 0.00605866 0.0021994
3100 0.00603422 0.0022055
3110 0.00601001 0.00221151
3120 0.00598604 0.00221742
3130 0.00596229 0.00222323
3140 0.00593876 0.00222895
3150 0.00591542 0.00223457
3160 0.00589229 0.0022401
3170 0.00586934 0.00224552
3180 0.00584657 0.00225085
3190 0.00582398 0.00225608
3200 0.00580155 0.00226121
3210 0.00577928 0.00226624
3220 0.00575717 0.00227117
3230 0.0057352 0.002276
3240 0.00571336 0.00228073
3250 0.00569166 0.00228536
3260 0.00567009 0.00228989
3270 0.00564864 0.00229431
3280 0.00562731 0.00229863
3290 0.00560608 0.00230285
3300 0.00558497 0.00230697
3310 0.00556395 0.00231098
3320 0.00554303 0.00231489
3330 0.0055222 0.0023187
3340 0.00550145 0.0023224
3350 0.00548079 0.002326
3360 0.00546021 0.00232949
3370 0.0054397 0.00233288
3380 0.00541926 0.00233616
3390 0.00539889 0.00233934
3400 0.00537858 0.00234242
3410 0.00535833 0.00234539
3420 0.00533814 0.00234826
3430 0.00531801 0.00235102
3440 0.00529792 0.00235367
3450 0.00527788 0.00235623
3460 0.00525789 0.00235867
3470 0.00523795 0.00236102
3480 0.00521804 0.00236326
3490 0.00519817 0.00236539
3500 0.00517834 0.00236742
3510 0.00515854 0.00236935
3520 0.00513877 0.00237117
3530 0.00511904 0.00237289
3540 0.00509933 0.0023745
3550 0.00507965 0.00237602
3560 0.00506 0.00237743
3570 0.00504037 0.00237874
3580 0.00502076 0.00237994
3590 0.00500117 0.00238105
3600 0.00498161 0.00238205
3610 0.00496206 0.00238295
3620 0.00494253 0.00238375
3630 0.00492302 0.00238446
3640 0.00490353 0.00238506
3650 0.00488405 0.00238556
3660 0.00486459 0.00238597
3670 0.00484514 0.00238627
3680 0.00482571 0.00238648
3690 0.00480629 0.0023866
3700 0.00478688 0.00238661
3710 0.00476748 0.00238654
3720 0.0047481 0.00238636
3730 0.00472873 0.00238609
3740 0.00470937 0.00238573
3750 0.00469003 0.00238528
3760 0.00467069 0.00238473
3770 0.00465137 0.00238409
3780 0.00463206 0.00238336
3790 0.00461277 0.00238254
3800 0.00459348 0.00238163
3810 0.00457421 0.00238063
3820 0.00455495 0.00237954
3830 0.00453571 0.00237837
3840 0.00451647 0.00237711
3850 0.00449726 0.00237577
3860 0.00447805 0.00237434
3870 0.00445886 0.00237282
3880 0.00443969 0.00237123
3890 0.00442053 0.00236955
3900 0.00440139 0.00236779
3910 0.00438226 0.00236595
3920 0.00436315 0.00236403
3930 0.00434407 0.00236204
3940 0.00432499 0.00235996
3950 0.00430594 0.00235781
3960 0.00428691 0.00235559
3970 0.0042679 0.00235328
3980 0.00424891 0.00235091
3990 0.00422994 0.00234846
4000 0.004211 0.00234594
4010 0.00419208 0.00234336
4020 0.00417318 0.0023407
4030 0.00415431 0.00233797
4040 0.00413547 0.00233517
4050 0.00411665 0.00233231
4060 0.00409786 0.00232938
4070 0.0040791 0.00232639
4080 0.00406037 0.00232333
4090 0.00404167 0.00232021
4100 0.004023 0.00231703
4110 0.00400436 0.00231379
4120 0.00398575 0.00231049
4130 0.00396718 0.00230713
4140 0.00394864 0.00230371
4150 0.00393014 0.00230024
4160 0.00391168 0.00229671
4170 0.00389325 0.00229312
4180 0.00387486 0.00228949
4190 0.00385651 0.0022858
4200 0.0038382 0.00228205
4210 0.00381992 0.00227826
4220 0.00380169 0.00227442
4230 0.00378351 0.00227053
4240 0.00376536 0.00226659
4250 0.00374726 0.0022626
4260 0.00372921 0.00225857
4270 0.00371119 0.00225449
4280 0.00369323 0.00225037
4290 0.00367531 0.00224621
4300 0.00365744 0.00224201
4310 0.00363962 0.00223776
4320 0.00362185 0.00223348
4330 0.00360413 0.00222915
4340 0.00358645 0.00222479
4350 0.00356883 0.00222039
4360 0.00355127 0.00221595
4370 0.00353375 0.00221148
4380 0.00351629 0.00220697
4390 0.00349888 0.00220243
4400 0.00348153 0.00219786
4410 0.00346423 0.00219325
4420 0.00344699 0.00218862
4430 0.0034298 0.00218395
4440 0.00341267 0.00217926
4450 0.0033956 0.00217453
4460 0.00337859 0.00216978
4470 0.00336164 0.002165
4480 0.00334475 0.00216019
4490 0.00332791 0.00215536
4500 0.00331114 0.00215051
4510 0.00329443 0.00214563
4520 0.00327778 0.00214072
4530 0.00326119 0.0021358
4540 0.00324466 0.00213085
4550 0.0032282 0.00212588
4560 0.00321179 0.00212089
4570 0.00319546 0.00211588
4580 0.00317918 0.00211085
4590 0.00316297 0.00210581
4600 0.00314683 0.00210074
4610 0.00313075 0.00209566
4620 0.00311473 0.00209057
4630 0.00309878 0.00208545
4640 0.0030829 0.00208032
4650 0.00306708 0.00207518
4660 0.00305133 0.00207002
4670 0.00303565 0.00206485
4680 0.00302003 0.00205967
4690 0.00300448 0.00205447
4700 0.00298899 0.00204926
4710 0.00297358 0.00204404
4720 0.00295823 0.00203881
4730 0.00294295 0.00203357
4740 0.00292773 0.00202832
4750 0.00291259 0.00202306
4760 0.00289751 0.00201779
4770 0.0028825 0.00201251
4780 0.00286756 0.00200722
4790 0.00285269 0.00200193
4800 0.00283789 0.00199663
4810 0.00282316 0.00199132
4820 0.00280849 0.00198601
4830 0.00279389 0.00198069
4840 0.00277937 0.00197536
4850 0.00276491 0.00197003
4860 0.00275052 0.00196469
4870 0.0027362 0.00195935
4880 0.00272194 0.001954
4890 0.00270776 0.00194866
4900 0.00269364 0.0019433
4910 0.0026796 0.00193795
4920 0.00266562 0.00193259
4930 0.00265171 0.00192722
4940 0.00263787 0.00192186
4950 0.0026241 0.00191649
4960 0.0026104 0.00191112
4970 0.00259676 0.00190575
4980 0.0025832 0.00190038
4990 0.0025697 0.00189501
5000 0.00255627 0.00188963
5010 0.00254291 0.00188426
5020 0.00252961 0.00187888
5030 0.00251639 0.00187351
5040 0.00250323 0.00186813
5050 0.00249014 0.00186276
5060 0.00247711 0.00185738
5070 0.00246416 0.00185201
5080 0.00245127 0.00184663
5090 0.00243844 0.00184126
5100 0.00242569 0.00183589
5110 0.002413 0.00183052
5120 0.00240037 0.00182515
5130 0.00238782 0.00181978
5140 0.00237533 0.00181441
5150 0.0023629 0.00180905
5160 0.00235054 0.00180368
5170 0.00233825 0.00179832
5180 0.00232602 0.00179296
5190 0.00231386 0.0017876
5200 0.00230176 0.00178225
5210 0.00228972 0.0017769
5220 0.00227775 0.00177155
5230 0.00226585 0.0017662
5240 0.002254 0.00176086
5250 0.00224223 0.00175551
5260 0.00223051 0.00175017
5270 0.00221886 0.00174484
5280 0.00220727 0.00173951
5290 0.00219575 0.00173418
5300 0.00218428 0.00172885
5310 0.00217288 0.00172352
5320 0.00216155 0.0017182
5330 0.00215027 0.00171289
5340 0.00213905 0.00170757
5350 0.0021279 0.00170226
5360 0.00211681 0.00169696
5370 0.00210578 0.00169165
5380 0.0020948 0.00168636
5390 0.00208389 0.00168106
5400 0.00207304 0.00167577
5410 0.00206225 0.00167048
5420 0.00205152 0.00166519
5430 0.00204085 0.00165991
5440 0.00203023 0.00165464
5450 0.00201968 0.00164936
5460 0.00200918 0.00164409
5470 0.00199874 0.00163883
5480 0.00198836 0.00163357
5490 0.00197804 0.00162831
5500 0.00196777 0.00162305
5510 0.00195756 0.0016178
5520 0.00194741 0.00161256
5530 0.00193732 0.00160731
5540 0.00192728 0.00160208
5550 0.00191729 0.00159684
5560 0.00190736 0.00159161
5570 0.00189749 0.00158638
5580 0.00188767 0.00158116
5590 0.00187791 0.00157594
5600 0.0018682 0.00157073
5610 0.00185854 0.00156551
5620 0.00184894 0.00156031
5630 0.00183939 0.0015551
5640 0.00182989 0.0015499
5650 0.00182045 0.0015447
5660 0.00181106 0.00153951
5670 0.00180172 0.00153432
5680 0.00179243 0.00152913
5690 0.00178319 0.00152395
5700 0.00177401 0.00151877
5710 0.00176487 0.0015136
5720 0.00175579 0.00150842
5730 0.00174675 0.00150325
5740 0.00173776 0.00149809
5750 0.00172883 0.00149293
5760 0.00171994 0.00148777
5770 0.0017111 0.00148261
5780 0.00170231 0.00147745
5790 0.00169356 0.0014723
5800 0.00168486 0.00146715
5810 0.00167621 0.00146201
5820 0.00166761 0.00145686
5830 0.00165905 0.00145172
5840 0.00165054 0.00144658
5850 0.00164207 0.00144144
5860 0.00163364 0.00143631
5870 0.00162526 0.00143117
5880 0.00161693 0.00142604
5890 0.00160864 0.00142091
5900 0.00160039 0.00141578
5910 0.00159218 0.00141066
5920 0.00158401 0.00140553
5930 0.00157589 0.0014004
5940 0.0015678 0.00139528
5950 0.00155976 0.00139015
5960 0.00155176 0.00138503
5970 0.00154379 0.0013799
5980 0.00153587 0.00137478
5990 0.00152798 0.00136966
6000 0.00152013 0.00136453
6010 0.00151232 0.0013594
6020 0.00150455 0.00135428
6030 0.00149681 0.00134915
6040 0.00148911 0.00134402
6050 0.00148144 0.00133889
6060 0.00147381 0.00133376
6070 0.00146621 0.00132862
6080 0.00145864 0.00132348
6090 0.00145111 0.00131834
6100 0.0014436 0.0013132
6110 0.00143613 0.00130805
6120 0.0014287 0.0013029
6130 0.00142129 0.00129774
6140 0.00141391 0.00129259
6150 0.00140656 0.00128742
6160 0.00139924 0.00128225
6170 0.00139194 0.00127708
6180 0.00138467 0.0012719
6190 0.00137743 0.00126671
6200 0.00137022 0.00126152
6210 0.00136303 0.00125632
6220 0.00135586 0.00125111
6230 0.00134872 0.0012459
6240 0.0013416 0.00124067
6250 0.0013345 0.00123544
6260 0.00132742 0.0012302
6270 0.00132036 0.00122495
6280 0.00131333 0.0012197
6290 0.00130631 0.00121443
6300 0.00129931 0.00120915
6310 0.00129233 0.00120386
6320 0.00128536 0.00119855
6330 0.00127841 0.00119324
6340 0.00127148 0.00118791
6350 0.00126456 0.00118258
6360 0.00125765 0.00117722
6370 0.00125076 0.00117186
6380 0.00124388 0.00116648
6390 0.00123701 0.00116108
6400 0.00123015 0.00115567
6410 0.00122331 0.00115025
6420 0.00121647 0.00114481
6430 0.00120963 0.00113935
6440 0.00120281 0.00113387
6450 0.00119599 0.00112838
6460 0.00118918 0.00112287
6470 0.00118238 0.00111734
6480 0.00117558 0.00111179
6490 0.00116878 0.00110623
6500 0.00116198 0.00110064
6510 0.00115519 0.00109503
6520 0.0011484 0.00108941
6530 0.00114161 0.00108376
6540 0.00113482 0.00107809
6550 0.00112803 0.0010724
6560 0.00112124 0.00106669
6570 0.00111444 0.00106095
6580 0.00110765 0.0010552
6590 0.00110085 0.00104941
6600 0.00109405 0.00104361
6610 0.00108724 0.00103778
6620 0.00108043 0.00103193
6630 0.00107361 0.00102606
6640 0.00106679 0.00102016
6650 0.00105996 0.00101423
6660 0.00105312 0.00100828
6670 0.00104627 0.00100231
6680 0.00103942 0.000996308
6690 0.00103256 0.000990283
6700 0.0010257 0.000984234
6710 0.00101882 0.00097816
6720 0.00101193 0.00097206
6730 0.00100504 0.000965935
6740 0.000998134 0.000959786
6750 0.00099122 0.000953611
6760 0.000984297 0.000947412
6770 0.000977364 0.000941189
6780 0.000970422 0.000934941
6790 0.000963469 0.000928669
6800 0.000956507 0.000922374
6810 0.000949536 0.000916056
6820 0.000942556 0.000909714
6830 0.000935566 0.000903351
6840 0.000928567 0.000896965
6850 0.00092156 0.000890559
6860 0.000914545 0.000884131
6870 0.000907522 0.000877684
6880 0.000900492 0.000871217
6890 0.000893455 0.000864732
6900 0.000886412 0.00085823
6910 0.000879363 0.00085171
6920 0.000872309 0.000845175
6930 0.000865252 0.000838625
6940 0.000858191 0.00083206
6950 0.000851127 0.000825483
6960 0.000844062 0.000818894
6970 0.000836996 0.000812295
6980 0.000829931 0.000805686
6990 0.000822866 0.00079907
7000 0.000815805 0.000792446
7010 0.000808747 0.000785817
7020 0.000801693 0.000779184
7030 0.000794646 0.000772548
7040 0.000787606 0.000765911
7050 0.000780574 0.000759274
7060 0.000773552 0.000752639
7070 0.000766542 0.000746008
7080 0.000759544 0.000739381
7090 0.000752561 0.000732762
7100 0.000745593 0.00072615
7110 0.000738642 0.000719549
7120 0.000731709 0.000712959
7130 0.000724797 0.000706382
7140 0.000717906 0.000699821
7150 0.000711039 0.000693276
7160 0.000704196 0.00068675
7170 0.00069738 0.000680245
7180 0.000690591 0.000673761
7190 0.000683833 0.000667301
7200 0.000677105 0.000660866
7210 0.00067041 0.000654458
7220 0.000663749 0.00064808
7230 0.000657123 0.000641731
7240 0.000650535 0.000635415
7250 0.000643986 0.000629133
7260 0.000637477 0.000622886
7270 0.000631009 0.000616676
7280 0.000624584 0.000610504
7290 0.000618204 0.000604372
7300 0.000611869 0.000598282
7310 0.000605581 0.000592234
7320 0.000599342 0.00058623
7330 0.000593151 0.000580272
7340 0.000587011 0.00057436
7350 0.000580923 0.000568495
7360 0.000574887 0.00056268
7370 0.000568904 0.000556914
7380 0.000562976 0.0005512
7390 0.000557103 0.000545537
7400 0.000551286 0.000539926
7410 0.000545525 0.000534369
7420 0.000539822 0.000528866
7430 0.000534177 0.000523418
7440 0.00052859 0.000518025
7450 0.000523062 0.000512688
7460 0.000517593 0.000507408
7470 0.000512183 0.000502183
7480 0.000506833 0.000497016
7490 0.000501543 0.000491906
7500 0.000496313 0.000486853
7510 0.000491142 0.000481858
7520 0.000486032 0.000476919
7530 0.000480982 0.000472039
7540 0.000475991 0.000467215
7550 0.000471059 0.000462448
7560 0.000466187 0.000457738
7570 0.000461374 0.000453085
7580 0.000456618 0.000448487
7590 0.000451921 0.000443946
7600 0.000447282 0.000439459
7610 0.000442699 0.000435027
7620 0.000438172 0.00043065
7630 0.000433701 0.000426325
7640 0.000429285 0.000422054
7650 0.000424924 0.000417835
7660 0.000420615 0.000413667
7670 0.00041636 0.000409549
7680 0.000412156 0.000405482
7690 0.000408003 0.000401463
7700 0.0004039 0.000397492
7710 0.000399847 0.000393569
7720 0.000395841 0.000389692
7730 0.000391883 0.00038586
7740 0.000387972 0.000382073
7750 5.77655e-06 0
7760 0.00118637 0.00118072
7770 5.53745e-06 0
7780 5.42071e-06 0
7790 5.30584e-06 0
7800 5.1928e-06 0
7810 5.08158e-06 0
7820 4.97218e-06 0
7830 4.86456e-06 0
7840 4.75871e-06 0
7850 4.65462e-06 0
7860 4.55227e-06 0
7870 4.45164e-06 0
7880 4.35271e-06 0
7890 4.25547e-06 0
7900 4.15989e-06 0
7910 4.06597e-06 0
7920 3.97369e-06 0
7930 3.88302e-06 0
7940 3.79395e-06 0
7950 3.70646e-06 0
7960 3.62054e-06 0
7970 3.53616e-06 0
7980 3.45331e-06 0
7990 3.37198e-06 0
8000 3.29213e-06 0
8010 3.21377e-06 0
8020 3.13686e-06 0
8030 3.0614e-06 0
8040 2.98736e-06 0
8050 2.91473e-06 0
8060 2.84349e-06 0
8070 2.77363e-06 0
8080 2.70512e-06 0
8090 2.63794e-06 0
8100 9.13809e-06 6.566e-06
8110 2.50755e-06 0
8120 2.4443e-06 0
8130 0.000349111 0.000346728
8140 2.32159e-06 0
8150 2.26211e-06 0
8160 2.20385e-06 0
8170 2.14679e-06 0
8180 2.09093e-06 0
8190 2.03623e-06 0
8200 1.9827e-06 0
8210 1.93031e-06 0
8220 1.87903e-06 0
8230 1.82887e-06 0
8240 1.7798e-06 0
8250 1.7318e-06 0
8260 1.68485e-06 0
8270 1.63895e-06 0
8280 1.59407e-06 0
8290 1.5502e-06 0
8300 1.50732e-06 0
8310 1.46541e-06 0
8320 1.42446e-06 0
8330 1.38445e-06 0
8340 1.34536e-06 0
8350 1.30718e-06 0
8360 1.26989e-06 0
8370 1.23348e-06 0
8380 1.19793e-06 0
8390 1.16322e-06 0
8400 1.12934e-06 0
8410 1.09627e-06 0
8420 1.06399e-06 0
8430 1.0325e-06 0
8440 1.00176e-06 0
8450 9.71783e-07 0
8460 9.42536e-07 0
8470 9.14007e-07 0
8480 8.86183e-07 0
8490 8.59048e-07 0
8500 8.32588e-07 0
8510 8.06789e-07 0
8520 7.81637e-07 0
8530 7.57118e-07 0
8540 7.33217e-07 0
8550 7.09923e-07 0
8560 6.87221e-07 0
8570 6.65098e-07 0
8580 6.43543e-07 0
8590 6.22543e-07 0
8600 0.000410433 0.00040983
8610 5.82159e-07 0
8620 5.62753e-07 0
8630 5.43854e-07 0
8640 5.25453e-07 0
8650 5.07538e-07 0
8660 4.90098e-07 0
8670 4.73122e-07 0
8680 4.56601e-07 0
8690 4.40524e-07 0
8700 4.2488e-07 0
8710 4.09661e-07 0
8720 3.94856e-07 0
8730 3.80455e-07 0
8740 3.6645e-07 0
8750 3.52832e-07 0
8760 3.39592e-07 0
8770 3.26722e-07 0
8780 3.14213e-07 0
8790 3.02058e-07 0
8800 2.90249e-07 0
8810 2.78779e-07 0
8820 2.6764e-07 0
8830 0.000424641 0.000424384
8840 2.46334e-07 0
8850 2.36153e-07 0
8860 2.2628e-07 0
8870 2.16707e-07 0
8880 2.0743e-07 0
8890 1.98442e-07 0
8900 1.89738e-07 0
8910 1.81311e-07 0
8920 1.73156e-07 0
8930 1.65268e-07 0
8940 1.5764e-07 0
8950 1.50267e-07 0
8960 1.43143e-07 0
8970 1.36264e-07 0
8980 1.29623e-07 0
8990 1.23215e-07 0
9000 1.17036e-07 0
9010 1.11079e-07 0
9020 1.0534e-07 0
9030 9.98132e-08 0
9040 9.44946e-08 0
9050 8.93789e-08 0
9060 8.44614e-08 0
9070 7.97376e-08 0
9080 7.52028e-08 0
9090 1.27477e-05 1.26769e-05
9100 6.66829e-08 0
9110 6.26893e-08 0
9120 5.88676e-08 0
9130 5.52136e-08 0
9140 5.17231e-08 0
9150 4.83919e-08 0
9160 4.52157e-08 0
9170 4.21905e-08 0
9180 3.9312e-08 0
9190 3.65761e-08 0
9200 3.39786e-08 0
9210 3.15155e-08 0
9220 2.91825e-08 0
9230 2.69757e-08 0
9240 2.4891e-08 0
9250 2.29243e-08 0
9260 2.10715e-08 0
9270 1.93289e-08 0
9280 1.76923e-08 0
9290 1.61578e-08 0
9300 1.47216e-08 0
9310 1.33798e-08 0
9320 1.21286e-08 0
9330 1.09642e-08 0
9340 9.88294e-09 0
9350 8.88105e-09 0
9360 7.95492e-09 0
9370 7.10095e-09 0
9380 6.31561e-09 0
9390 5.59543e-09 0
9400 4.93695e-09 0
9410 4.33684e-09 0
9420 3.79176e-09 0
9430 3.29849e-09 0
9440 2.85385e-09 0
9450 2.45475e-09 0
9460 2.09813e-09 0
9470 1.78107e-09 0
9480 1.50067e-09 0
9490 1.25415e-09 0
9500 1.0388e-09 0
9510 8.52001e-10 0
9520 6.9122e-10 0
9530 5.54025e-10 0
9540 4.38081e-10 0
9550 3.41152e-10 0
9560 2.61108e-10 0
9570 1.95927e-10 0
9580 1.43699e-10 0
9590 1.02626e-10 0
9600 7.10348e-11 0
9610 4.73699e-11 0
9620 3.02046e-11 0
9630 1.82423e-11 0
9640 1.03205e-11 0
9650 5.41536e-12 0
9660 2.64556e-12 0
9670 1.2764e-12 0
9680 7.24204e-13 0
9690 5.60599e-13 0
9700 1.89274e-05 1.89274e-05
9710 4.85238e-13 0
9720 4.54949e-13 0
9730 4.26032e-13 0
9740 3.9845e-13 0
9750 3.72166e-13 0
9760 3.47144e-13 0
9770 3.23348e-13 0
9780 3.00741e-13 0
9790 2.79288e-13 0
9800 2.58955e-13 0
9810 2.39704e-13 0
9820 2.21503e-13 0
9830 2.04315e-13 0
9840 1.88107e-13 0
9850 1.72845e-13 0
9860 1.58495e-13 0
9870 1.45024e-13 0
9880 1.32399e-13 0
9890 1.20586e-13 0
9900 1.09554e-13 0
9910 9.92714e-14 0
9920 8.97055e-14 0
9930 8.08256e-14 0
9940 7.26009e-14 0
9950 6.50011e-14 0
9960 5.79962e-14 0
9970 5.15569e-14 0
9980 4.56542e-14 0
9990 4.02597e-14 0
10000 3.53453e-14 0
10010 3.08838e-14 0
10020 2.68483e-14 0
10030 2.32125e-14 0
10040 1.99507e-14 0
10050 1.70379e-14 0
10060 1.44498e-14 0
10070 1.21625e-14 0
10080 1.0153e-14 0
10090 8.39895e-15 0
10100 6.87879e-15 0
10110 5.57165e-15 0
10120 4.45748e-15 0
10130 3.51704e-15 0
10140 2.73193e-15 0
10150 2.08462e-15 0
10160 1.55848e-15 0
10170 1.13782e-15 0
10180 8.07867e-16 0
10190 5.54874e-16 0
10200 3.66095e-16 0
10210 2.29835e-16 0
10220 1.35483e-16 0
10230 7.35423e-17 0
10240 3.56661e-17 0
10250 1.46914e-17 0
10260 4.67476e-18 0
10270 9.28643e-19 0
10280 5.83697e-20 0
10290 0 0
