0 0 0
10 0.00170034 9.98377e-12
20 0.00179105 1.31632e-10
30 0.00177253 6.1506e-10
40 0.00172933 1.8537e-09
50 0.0016812 4.3761e-09
60 0.00163471 8.83793e-09
70 0.00159284 1.60144e-08
80 0.00155724 2.67926e-08
90 0.00152901 4.21649e-08
100 0.00150889 6.32212e-08
110 0.00149743 9.11433e-08
120 0.00149501 1.27197e-07
130 0.00150184 1.72729e-07
140 0.001518 2.29156e-07
150 0.00154361 2.97963e-07
160 0.00157821 3.80697e-07
170 0.00162167 4.7896e-07
180 0.00167361 5.94407e-07
190 0.00173359 7.28736e-07
200 0.00180108 8.8369e-07
210 0.00187549 1.06105e-06
220 0.00195617 1.26262e-06
230 0.00280745 1.49024e-06
240 0.00213361 1.74577e-06
250 0.00222894 2.0311e-06
260 0.00232769 2.34813e-06
270 0.00242915 2.69877e-06
280 0.00253261 3.08495e-06
290 0.00263737 3.50858e-06
300 0.00274277 3.97161e-06
310 0.00284821 4.47597e-06
320 0.00295309 5.02358e-06
330 0.0030569 5.61638e-06
340 0.00315914 6.25627e-06
350 0.00325937 6.94518e-06
360 0.00336183 7.68498e-06
370 0.00345728 8.47756e-06
380 0.00354975 9.32478e-06
390 0.00378781 1.02285e-05
400 0.00384608 1.11905e-05
410 0.00392068 1.22126e-05
420 0.00399626 1.32966e-05
430 0.00407009 1.44443e-05
440 0.00414121 1.56573e-05
450 0.00420919 1.69373e-05
460 0.00499398 1.82861e-05
470 0.00433504 1.97051e-05
480 0.00439282 2.11962e-05
490 0.0266321 2.27607e-05
500 0.0044982 2.44003e-05
510 0.00454595 2.61164e-05
520 0.00460602 2.79105e-05
530 0.00463203 2.9784e-05
540 0.00467058 3.17383e-05
550 0.00470631 3.37747e-05
560 0.00473933 3.58945e-05
570 0.00476978 3.80991e-05
580 0.00479777 4.03895e-05
590 0.287533 4.27671e-05
600 0.267227 4.52329e-05
610 0.00486829 4.77881e-05
620 0.00488771 5.04337e-05
630 0.00490528 5.31706e-05
640 0.00492133 5.6e-05
650 0.00493554 5.89227e-05
660 0.00494823 6.19396e-05
670 0.00495948 6.50515e-05
680 0.00496941 6.82593e-05
690 0.0049781 7.15637e-05
700 0.00940941 7.49654e-05
710 0.00512253 7.84652e-05
720 0.00499758 8.20635e-05
730 0.0050953 8.57611e-05
740 0.00500585 8.95585e-05
750 0.00500879 9.34561e-05
760 0.00501102 9.74544e-05
770 0.00501259 0.000101554
780 0.00501357 0.000105755
790 0.005014 0.000110058
800 0.00501395 0.000114463
810 0.00501345 0.000118971
820 0.00501255 0.000123581
830 0.00527805 0.000128294
840 0.00501031 0.00013311
850 0.00500844 0.000138029
860 0.341654 0.000143051
870 0.00758462 0.000148176
880 0.00731118 0.000153405
890 0.00710255 0.000158737
900 0.00697563 0.000164171
910 0.0068778 0.000169709
920 0.0067979 0.000175349
930 0.00673001 0.000181092
940 0.00667061 0.000186938
950 0.0066175 0.000192885
960 0.016857 0.000198934
970 0.00652472 0.000205085
980 0.0064833 0.000211337
990 0.00681703 0.000217689
1000 0.00640759 0.000224142
1010 0.00637257 0.000230695
1020 0.00633935 0.000237347
1030 0.00630693 0.000244098
1040 0.00627593 0.000250948
1050 0.00624596 0.000257895
1060 0.00621691 0.00026494
1070 0.00619037 0.000272081
1080 0.00616282 0.000279319
1090 0.031064 0.000286652
1100 0.0625555 0.000294079
1110 0.0217811 0.000301601
1120 0.0202821 0.000309215
1130 0.0192337 0.000316922
1140 0.0184326 0.000324721
1150 0.017785 0.000332611
1160 0.0172409 0.000340591
1170 0.0167706 0.000348661
1180 0.0163552 0.000356819
1190 0.015982 0.000365064
1200 0.0446524 0.000373396
1210 0.0153299 0.000381814
1220 0.0150396 0.000390317
1230 0.0147678 0.000398904
1240 0.0145117 0.000407573
1250 0.0142689 0.000416325
1260 0.0140375 0.000425158
1270 0.0138159 0.000434071
1280 0.0136028 0.000443063
1290 0.013397 0.000452133
1300 0.0131976 0.00046128
1310 0.0130093 0.000470503
1320 0.0128149 0.000479801
1330 0.0153807 0.000489173
1340 0.0124496 0.000498618
1350 0.0132897 0.000508134
1360 0.0131001 0.000517721
1370 0.0129135 0.000527377
1380 0.0127299 0.000537102
1390 0.012549 0.000546895
1400 0.0123708 0.000556753
1410 0.0121952 0.000566677
1420 0.0120222 0.000576664
1430 0.0118519 0.000586714
1440 0.0116842 0.000596826
1450 0.0115194 0.000606999
1460 0.0113574 0.000617231
1470 0.0111984 0.000627521
1480 0.0110424 0.000637868
1490 0.0108895 0.000648272
1500 0.0107399 0.00065873
1510 0.0105936 0.000669241
1520 0.0104507 0.000679806
1530 0.0103112 0.000690421
1540 0.0101751 0.000701087
1550 0.0100425 0.000711801
1560 0.00991345 0.000722564
1570 0.00978786 0.000733373
1580 0.00966573 0.000744228
1590 0.00954705 0.000755127
1600 0.00959945 0.000766069
1610 0.00931983 0.000777053
1620 0.0092112 0.000788078
1630 0.0091065 0.000799143
1640 0.00900358 0.000810246
1650 0.00890445 0.000821387
1660 0.00880835 0.000832565
1670 0.0087152 0.000843777
1680 0.00862492 0.000855023
1690 0.00853744 0.000866302
1700 0.00845268 0.000877613
1710 0.00837056 0.000888955
1720 0.00829101 0.000900326
1730 0.00821396 0.000911726
1740 0.00813933 0.000923152
1750 0.00806705 0.000934605
1760 0.00799705 0.000946083
1770 0.00792927 0.000957585
1780 0.00786363 0.00096911
1790 0.00780008 0.000980656
1800 0.00773855 0.000992223
1810 0.00767898 0.00100381
1820 0.0076213 0.00101542
1830 0.00756547 0.00102704
1840 0.00751141 0.00103868
1850 0.00745909 0.00105033
1860 0.00740843 0.001062
1870 0.00735939 0.00107368
1880 0.00731193 0.00108537
1890 0.00726597 0.00109708
1900 0.00722148 0.00110879
1910 0.00717841 0.00112052
1920 0.00713672 0.00113225
1930 0.00709634 0.00114399
1940 0.0159293 0.00115573
1950 0.00701939 0.00116748
1960 0.0129315 0.00117923
1970 0.0127564 0.00119099
1980 0.0125862 0.00120275
1990 0.0124208 0.00121451
2000 0.0122599 0.00122626
2010 0.0121034 0.00123802
2020 0.0119511 0.00124978
2030 0.0118027 0.00126153
2040 0.0116582 0.00127328
2050 0.0115172 0.00128502
2060 0.0113797 0.00129675
2070 0.0112455 0.00130848
2080 0.0111144 0.00132021
2090 0.0109862 0.00133192
2100 0.0108609 0.00134362
2110 0.0107383 0.00135531
2120 0.0106183 0.00136699
2130 0.0105007 0.00137866
2140 0.0103855 0.00139031
2150 0.0102725 0.00140195
2160 0.0107748 0.00141357
2170 0.0100528 0.00142518
2180 0.00994591 0.00143677
2190 0.0102136 0.00144833
2200 0.00973788 0.00145988
2210 0.00963658 0.00147141
2220 0.00953704 0.00148292
2230 0.00943921 0.00149441
2240 0.00934307 0.00150587
2250 0.00924859 0.00151731
2260 0.00915576 0.00152872
2270 0.00906458 0.00154011
2280 0.00897502 0.00155147
2290 0.0088871 0.0015628
2300 0.00880081 0.0015741
2310 0.00871616 0.00158538
2320 0.00863315 0.00159662
2330 0.0085518 0.00160783
2340 0.0084721 0.00161901
2350 0.00839407 0.00163015
2360 0.00831771 0.00164126
2370 0.00824303 0.00165234
2380 0.00817002 0.00166338
2390 0.00809869 0.00167438
2400 0.00816931 0.00168534
2410 0.00796105 0.00169626
2420 0.00789473 0.00170714
2430 0.00783006 0.00171799
2440 0.00776701 0.00172878
2450 0.00770559 0.00173954
2460 0.00764575 0.00175025
2470 0.00758749 0.00176092
2480 0.00753076 0.00177154
2490 0.00747555 0.00178212
2500 0.00742182 0.00179264
2510 0.00736954 0.00180312
2520 0.00731867 0.00181355
2530 0.00726918 0.00182392
2540 0.00722102 0.00183425
2550 0.00720149 0.00184452
2560 0.00715453 0.00185474
2570 0.00710886 0.00186491
2580 0.00706445 0.00187501
2590 0.00702125 0.00188507
2600 0.00697922 0.00189506
2610 0.00693831 0.001905
2620 0.00689847 0.00191487
2630 0.00685968 0.00192469
2640 0.00682188 0.00193445
2650 0.00678505 0.00194414
2660 0.00674913 0.00195377
2670 0.0067141 0.00196333
2680 0.00667992 0.00197283
2690 0.00664656 0.00198227
2700 0.00661397 0.00199164
2710 0.00658214 0.00200093
2720 0.00655102 0.00201016
2730 0.00652059 0.00201932
2740 0.00649082 0.00202841
2750 0.00646168 0.00203743
2760 0.00643315 0.00204637
2770 0.00640519 0.00205524
2780 0.00637778 0.00206404
2790 0.0063509 0.00207276
2800 0.00632453 0.0020814
2810 0.00629865 0.00208997
2820 0.00627322 0.00209846
2830 0.00624824 0.00210686
2840 0.00622368 0.00211519
2850 0.00619953 0.00212344
2860 0.00617576 0.0021316
2870 0.00615235 0.00213968
2880 0.0061293 0.00214768
2890 0.00610659 0.00215559
2900 0.00608419 0.00216342
2910 0.0060621 0.00217116
2920 0.0060403 0.00217882
2930 0.00601877 0.00218638
2940 0.00599751 0.00219386
2950 0.0059765 0.00220124
2960 0.00595573 0.00220854
2970 0.00593519 0.00221574
2980 0.00591486 0.00222286
2990 0.00589474 0.00222987
3000 0.00587481 0.0022368
3010 0.00585506 0.00224363
3020 0.00583549 0.00225037
3030 0.00581608 0.00225701
3040 0.00579683 0.00226355
3050 0.00577772 0.00226999
3060 0.00575875 0.00227634
3070 0.00573992 0.00228259
3080 0.0057212 0.00228874
3090 0.0057026 0.00229479
3100 0.00568411 0.00230073
3110 0.00566572 0.00230658
3120 0.00564743 0.00231233
3130 0.00562922 0.00231797
3140 0.00561109 0.00232351
3150 0.00559304 0.00232894
3160 0.00557506 0.00233427
3170 0.00555714 0.0023395
3180 0.00553929 0.00234462
3190 0.00552148 0.00234964
3200 0.00550373 0.00235454
3210 0.00548602 0.00235935
3220 0.00546835 0.00236404
3230 0.00545072 0.00236863
3240 0.00543311 0.00237311
3250 0.00541554 0.00237748
3260 0.00539799 0.00238175
3270 0.00538046 0.0023859
3280 0.00536295 0.00238995
3290 0.00534545 0.00239389
3300 0.00532796 0.00239771
3310 0.00531048 0.00240143
3320 0.005293 0.00240504
3330 0.00527553 0.00240854
3340 0.00525806 0.00241192
3350 0.00524058 0.0024152
3360 0.0052231 0.00241837
3370 0.00520561 0.00242142
3380 0.00518811 0.00242437
3390 0.0051706 0.0024272
3400 0.00515307 0.00242992
3410 0.00513554 0.00243254
3420 0.00511798 0.00243504
3430 0.00510041 0.00243743
3440 0.00508282 0.00243971
3450 0.00506521 0.00244188
3460 0.00504758 0.00244394
3470 0.00502993 0.00244589
3480 0.00501225 0.00244773
3490 0.00499455 0.00244946
3500 0.00497682 0.00245108
3510 0.00495907 0.00245259
3520 0.0049413 0.002454
3530 0.00492349 0.00245529
3540 0.00490566 0.00245647
3550 0.00488781 0.00245755
3560 0.00486992 0.00245852
3570 0.00485201 0.00245938
3580 0.00483407 0.00246014
3590 0.0048161 0.00246078
3600 0.00479811 0.00246133
3610 0.00478009 0.00246176
3620 0.00476204 0.00246209
3630 0.00474396 0.00246232
3640 0.00472586 0.00246244
3650 0.00470773 0.00246246
3660 0.00468957 0.00246238
3670 0.00467139 0.00246219
3680 0.00465319 0.00246191
3690 0.00463495 0.00246152
3700 0.0046167 0.00246103
3710 0.00459842 0.00246044
3720 0.00458012 0.00245975
3730 0.0045618 0.00245897
3740 0.00454346 0.00245809
3750 0.00452509 0.00245711
3760 0.00450671 0.00245603
3770 0.00448831 0.00245486
3780 0.00446989 0.00245359
3790 0.00445146 0.00245223
3800 0.00443301 0.00245078
3810 0.00441454 0.00244924
3820 0.00439607 0.0024476
3830 0.00437757 0.00244588
3840 0.00435907 0.00244406
3850 0.00434056 0.00244216
3860 0.00432204 0.00244017
3870 0.00430351 0.00243809
3880 0.00428498 0.00243593
3890 0.00426643 0.00243368
3900 0.00424789 0.00243135
3910 0.00422934 0.00242894
3920 0.00421079 0.00242645
3930 0.00419224 0.00242387
3940 0.00417369 0.00242121
3950 0.00415514 0.00241848
3960 0.00413659 0.00241567
3970 0.00411805 0.00241278
3980 0.00409952 0.00240982
3990 0.00408099 0.00240678
4000 0.00406247 0.00240367
4010 0.00404396 0.00240048
4020 0.00402546 0.00239723
4030 0.00400697 0.0023939
4040 0.0039885 0.0023905
4050 0.00397004 0.00238704
4060 0.0039516 0.00238351
4070 0.00393317 0.00237991
4080 0.00391477 0.00237625
4090 0.00389638 0.00237253
4100 0.00387801 0.00236874
4110 0.00385967 0.00236489
4120 0.00384135 0.00236097
4130 0.00382305 0.002357
4140 0.00380478 0.00235297
4150 0.00378654 0.00234889
4160 0.00376833 0.00234474
4170 0.00375014 0.00234054
4180 0.00373199 0.00233629
4190 0.00371387 0.00233198
4200 0.00369578 0.00232763
4210 0.00367773 0.00232322
4220 0.00365971 0.00231876
4230 0.00364173 0.00231425
4240 0.00362378 0.00230969
4250 0.00360588 0.00230508
4260 0.00358801 0.00230043
4270 0.00357019 0.00229574
4280 0.00355241 0.002291
4290 0.00353467 0.00228622
4300 0.00351697 0.00228139
4310 0.00349932 0.00227653
4320 0.00348171 0.00227162
4330 0.00346415 0.00226668
4340 0.00344664 0.0022617
4350 0.00342918 0.00225668
4360 0.00341177 0.00225162
4370 0.00339441 0.00224653
4380 0.00337709 0.00224141
4390 0.00335984 0.00223625
4400 0.00334263 0.00223106
4410 0.00332548 0.00222584
4420 0.00330838 0.00222058
4430 0.00329133 0.0022153
4440 0.00327435 0.00220999
4450 0.00325742 0.00220465
4460 0.00324054 0.00219928
4470 0.00322373 0.00219389
4480 0.00320697 0.00218847
4490 0.00319027 0.00218302
4500 0.00317363 0.00217756
4510 0.00315705 0.00217206
4520 0.00314054 0.00216655
4530 0.00312408 0.00216101
4540 0.00310769 0.00215546
4550 0.00309136 0.00214988
4560 0.00307509 0.00214428
4570 0.00305889 0.00213867
4580 0.00304275 0.00213303
4590 0.00302667 0.00212738
4600 0.00301066 0.00212171
4610 0.00299471 0.00211603
4620 0.00297883 0.00211033
4630 0.00296302 0.00210461
4640 0.00294727 0.00209888
4650 0.00293159 0.00209314
4660 0.00291598 0.00208738
4670 0.00290043 0.00208161
4680 0.00288495 0.00207583
4690 0.00286954 0.00207004
4700 0.0028542 0.00206424
4710 0.00283892 0.00205843
4720 0.00282371 0.0020526
4730 0.00280858 0.00204677
4740 0.00279351 0.00204093
4750 0.00277851 0.00203508
4760 0.00276358 0.00202922
4770 0.00274872 0.00202336
4780 0.00273392 0.00201748
4790 0.0027192 0.00201161
4800 0.00270455 0.00200572
4810 0.00268997 0.00199983
4820 0.00267545 0.00199393
4830 0.00266101 0.00198803
4840 0.00264664 0.00198213
4850 0.00263233 0.00197622
4860 0.0026181 0.00197031
4870 0.00260394 0.00196439
4880 0.00258984 0.00195847
4890 0.00257582 0.00195255
4900 0.00256187 0.00194662
4910 0.00254798 0.00194069
4920 0.00253417 0.00193476
4930 0.00252043 0.00192883
4940 0.00250675 0.0019229
4950 0.00249315 0.00191697
4960 0.00247961 0.00191103
4970 0.00246615 0.0019051
4980 0.00245275 0.00189916
4990 0.00243943 0.00189323
5000 0.00242617 0.00188729
5010 0.00241298 0.00188136
5020 0.00239986 0.00187542
5030 0.00238681 0.00186949
5040 0.00237383 0.00186356
5050 0.00236092 0.00185763
5060 0.00234807 0.0018517
5070 0.00233529 0.00184577
5080 0.00232258 0.00183984
5090 0.00230994 0.00183392
5100 0.00229737 0.00182799
5110 0.00228486 0.00182207
5120 0.00227242 0.00181615
5130 0.00226005 0.00181024
5140 0.00224775 0.00180432
5150 0.00223551 0.00179841
5160 0.00222333 0.00179251
5170 0.00221123 0.0017866
5180 0.00219919 0.0017807
5190 0.00218721 0.0017748
5200 0.0021753 0.0017689
5210 0.00216346 0.00176301
5220 0.00215168 0.00175712
5230 0.00213996 0.00175123
5240 0.00212831 0.00174535
5250 0.00211672 0.00173947
5260 0.0021052 0.0017336
5270 0.00209374 0.00172772
5280 0.00208234 0.00172186
5290 0.00207101 0.00171599
5300 0.00205974 0.00171013
5310 0.00204853 0.00170427
5320 0.00203738 0.00169842
5330 0.00202629 0.00169257
5340 0.00201527 0.00168673
5350 0.00200431 0.00168089
5360 0.00199341 0.00167505
5370 0.00198256 0.00166922
5380 0.00197178 0.00166339
5390 0.00196106 0.00165756
5400 0.0019504 0.00165174
5410 0.0019398 0.00164593
5420 0.00192925 0.00164012
5430 0.00191877 0.00163431
5440 0.00190834 0.0016285
5450 0.00189797 0.0016227
5460 0.00188766 0.00161691
5470 0.0018774 0.00161111
5480 0.00186721 0.00160533
5490 0.00185706 0.00159954
5500 0.00184698 0.00159376
5510 0.00183695 0.00158799
5520 0.00182697 0.00158221
5530 0.00181706 0.00157645
5540 0.00180719 0.00157068
5550 0.00179738 0.00156492
5560 0.00178762 0.00155916
5570 0.00177792 0.00155341
5580 0.00176827 0.00154766
5590 0.00175867 0.00154191
5600 0.00174913 0.00153617
5610 0.00173964 0.00153043
5620 0.0017302 0.0015247
5630 0.00172081 0.00151896
5640 0.00171147 0.00151323
5650 0.00170218 0.00150751
5660 0.00169294 0.00150178
5670 0.00168375 0.00149606
5680 0.00167461 0.00149035
5690 0.00166552 0.00148463
5700 0.00165647 0.00147892
5710 0.00164748 0.00147321
5720 0.00163853 0.0014675
5730 0.00162962 0.0014618
5740 0.00162077 0.0014561
5750 0.00161196 0.0014504
5760 0.0016032 0.0014447
5770 0.00159448 0.001439
5780 0.0015858 0.00143331
5790 0.00157717 0.00142762
5800 0.00156858 0.00142192
5810 0.00156004 0.00141623
5820 0.00155154 0.00141054
5830 0.00154308 0.00140485
5840 0.00153466 0.00139917
5850 0.00152628 0.00139348
5860 0.00151795 0.00138779
5870 0.00150965 0.0013821
5880 0.00150139 0.00137642
5890 0.00149318 0.00137073
5900 0.001485 0.00136504
5910 0.00147685 0.00135935
5920 0.00146875 0.00135366
5930 0.00146068 0.00134797
5940 0.00145265 0.00134228
5950 0.00144465 0.00133659
5960 0.00143669 0.00133089
5970 0.00142876 0.0013252
5980 0.00142087 0.0013195
5990 0.00141301 0.00131379
6000 0.00140518 0.00130809
6010 0.00139738 0.00130238
6020 0.00138962 0.00129667
6030 0.00138188 0.00129095
6040 0.00137418 0.00128523
6050 0.0013665 0.00127951
6060 0.00135885 0.00127378
6070 0.00135124 0.00126804
6080 0.00134364 0.0012623
6090 0.00133608 0.00125656
6100 0.00132854 0.00125081
6110 0.00132103 0.00124505
6120 0.00131354 0.00123929
6130 0.00130607 0.00123351
6140 0.00129863 0.00122774
6150 0.00129121 0.00122195
6160 0.00128381 0.00121615
6170 0.00127643 0.00121035
6180 0.00126908 0.00120454
6190 0.00126174 0.00119872
6200 0.00125442 0.00119288
6210 0.00124712 0.00118704
6220 0.00123984 0.00118119
6230 0.00123257 0.00117533
6240 0.00122532 0.00116945
6250 0.00121809 0.00116357
6260 0.00121087 0.00115767
6270 0.00120366 0.00115176
6280 0.00119647 0.00114584
6290 0.00118929 0.0011399
6300 0.00118212 0.00113395
6310 0.00117496 0.00112799
6320 0.00116781 0.00112201
6330 0.00116067 0.00111601
6340 0.00115354 0.00111
6350 0.00114642 0.00110398
6360 0.0011393 0.00109794
6370 0.00113219 0.00109188
6380 0.00112509 0.00108581
6390 0.00111799 0.00107972
6400 0.00111089 0.00107361
6410 0.0011038 0.00106748
6420 0.00109672 0.00106134
6430 0.00108963 0.00105517
6440 0.00108255 0.00104899
6450 0.00107547 0.00104279
6460 0.00106839 0.00103657
6470 0.00106131 0.00103033
6480 0.00105423 0.00102407
6490 0.00104714 0.00101779
6500 0.00104006 0.00101149
6510 0.00103297 0.00100517
6520 0.00102589 0.000998832
6530 0.0010188 0.00099247
6540 0.0010117 0.000986088
6550 0.0010046 0.000979684
6560 0.0009975 0.000973259
6570 0.000990394 0.000966814
6580 0.000983282 0.000960347
6590 0.000976166 0.000953859
6600 0.000969044 0.00094735
6610 0.000961917 0.00094082
6620 0.000954784 0.00093427
6630 0.000947646 0.000927699
6640 0.000940502 0.000921107
6650 0.000933352 0.000914496
6660 0.000926196 0.000907864
6670 0.000919034 0.000901213
6680 0.000911867 0.000894543
6690 0.000904694 0.000887854
6700 0.000897516 0.000881147
6710 0.000890332 0.000874422
6720 0.000883144 0.00086768
6730 0.000875951 0.000860921
6740 0.000868754 0.000854146
6750 0.000861553 0.000847356
6760 0.000854349 0.000840551
6770 0.000847142 0.000833732
6780 0.000839933 0.000826901
6790 0.000832723 0.000820057
6800 0.000825512 0.000813202
6810 0.0008183 0.000806336
6820 0.000811089 0.000799462
6830 0.00080388 0.00079258
6840 0.000796673 0.00078569
6850 0.00078947 0.000778795
6860 0.000782271 0.000771895
6870 0.000775077 0.000764992
6880 0.00076789 0.000758087
6890 0.00076071 0.000751181
6900 0.00075354 0.000744276
6910 0.000746379 0.000737373
6920 0.000739229 0.000730474
6930 0.000732092 0.00072358
6940 0.000724969 0.000716693
6950 0.000717862 0.000709814
6960 0.000710771 0.000702945
6970 0.000703698 0.000696088
6980 0.000696645 0.000689244
6990 0.000689613 0.000682414
7000 0.000682603 0.000675602
7010 0.000675618 0.000668807
7020 0.000668659 0.000662033
7030 0.000661727 0.000655281
7040 0.000654824 0.000648552
7050 0.000647951 0.000641848
7060 0.00064111 0.000635172
7070 0.000634304 0.000628524
7080 0.000627532 0.000621907
7090 0.000620797 0.000615322
7100 0.0006141 0.000608771
7110 0.000607444 0.000602256
7120 0.000600829 0.000595778
7130 0.000594257 0.000589339
7140 0.000587729 0.000582941
7150 0.000581247 0.000576585
7160 0.000574813 0.000570272
7170 0.000568427 0.000564005
7180 0.000562091 0.000557785
7190 0.000555806 0.000551612
7200 0.000549574 0.000545489
7210 0.000543396 0.000539417
7220 0.000537272 0.000533397
7230 0.000531205 0.00052743
7240 0.000525194 0.000521517
7250 0.000519242 0.00051566
7260 0.000513348 0.000509859
7270 0.000507514 0.000504115
7280 0.00050174 0.00049843
7290 0.000496028 0.000492803
7300 0.000490377 0.000487236
7310 0.000484789 0.00048173
7320 0.000479263 0.000476284
7330 0.000473801 0.000470899
7340 0.000468402 0.000465576
7350 0.000463067 0.000460316
7360 0.000457796 0.000455117
7370 0.00045259 0.000449982
7380 0.000447448 0.000444909
7390 0.000442369 0.000439898
7400 0.000437356 0.00043495
7410 0.000432406 0.000430065
7420 0.00042752 0.000425242
7430 0.000422697 0.000420481
7440 0.000417937 0.000415783
7450 0.000413241 0.000411145
7460 0.000408606 0.000406569
7470 0.000404033 0.000402053
7480 0.000399522 0.000397597
7490 0.00039507 0.0003932
7500 0.000390679 0.000388862
7510 0.000386346 0.000384582
7520 0.000382072 0.000380359
7530 0.000377856 0.000376192
7540 0.000373695 0.000372081
7550 0.000369591 0.000368024
7560 0.00036554 0.000364021
7570 0.000361544 0.000360071
7580 0.0003576 0.000356172
7590 0.000353708 0.000352324
7600 0.000349866 0.000348525
7610 0.000346074 0.000344775
7620 0.00034233 0.000341072
7630 0.000338633 0.000337416
7640 0.000334981 0.000333804
7650 1.13881e-06 0
7660 1.1011e-06 0
7670 1.06427e-06 0
7680 1.0283e-06 0
7690 9.9318e-07 0
7700 9.58904e-07 0
7710 9.2546e-07 0
7720 8.92836e-07 0
7730 8.61024e-07 0
7740 8.30011e-07 0
7750 7.99786e-07 0
7760 7.70341e-07 0
7770 7.41662e-07 0
7780 7.1374e-07 0
7790 6.86563e-07 0
7800 6.60122e-07 0
7810 6.34403e-07 0
7820 6.09398e-07 0
7830 5.85094e-07 0
7840 5.61481e-07 0
7850 5.38548e-07 0
7860 5.16283e-07 0
7870 4.94676e-07 0
7880 4.73716e-07 0
7890 4.53392e-07 0
7900 4.33692e-07 0
7910 4.14606e-07 0
7920 3.96123e-07 0
7930 3.78232e-07 0
7940 3.60921e-07 0
7950 3.44181e-07 0
7960 3.28e-07 0
7970 3.12367e-07 0
7980 2.97273e-07 0
7990 2.82705e-07 0
8000 2.68654e-07 0
8010 2.55109e-07 0
8020 2.42059e-07 0
8030 8.96305e-06 8.73355e-06
8040 2.17404e-07 0
8050 2.05779e-07 0
8060 1.94607e-07 0
8070 1.8388e-07 0
8080 1.73587e-07 0
8090 1.63716e-07 0
8100 1.5426e-07 0
8110 1.45206e-07 0
8120 1.36545e-07 0
8130 1.28266e-07 0
8140 1.2036e-07 0
8150 1.12817e-07 0
8160 1.05626e-07 0
8170 9.8777e-08 0
8180 9.22606e-08 0
8190 8.60666e-08 0
8200 8.01852e-08 0
8210 7.46065e-08 0
8220 6.93208e-08 0
8230 6.43185e-08 0
8240 5.959e-08 0
8250 5.51257e-08 0
8260 5.09162e-08 0
8270 4.69522e-08 0
8280 4.32245e-08 0
8290 3.97239e-08 0
8300 3.64413e-08 0
8310 3.3368e-08 0
8320 3.04951e-08 0
8330 2.7814e-08 0
8340 2.53161e-08 0
8350 2.29931e-08 0
8360 2.08367e-08 0
8370 1.88388e-08 0
8380 1.69915e-08 0
8390 1.52871e-08 0
8400 1.3718e-08 0
8410 1.22767e-08 0
8420 1.09561e-08 0
8430 9.74919e-09 0
8440 8.6491e-09 0
8450 7.64926e-09 0
8460 6.74328e-09 0
8470 5.925e-09 0
8480 5.18851e-09 0
8490 4.52814e-09 0
8500 1.19713e-05 1.19674e-05
8510 3.41431e-09 0
8520 2.95074e-09 0
8530 2.54296e-09 0
8540 2.18634e-09 0
8550 1.87639e-09 0
8560 1.60882e-09 0
8570 1.37949e-09 0
8580 1.18445e-09 0
8590 1.01991e-09 0
8600 8.82312e-10 0
8610 7.68258e-10 0
8620 6.74573e-10 0
8630 5.98285e-10 0
8640 5.3664e-10 0
8650 4.8711e-10 0
8660 4.47392e-10 0
8670 4.15424e-10 0
8680 3.89387e-10 0
8690 3.67712e-10 0
8700 3.49091e-10 0
8710 3.32482e-10 0
8720 3.17114e-10 0
8730 0.000584048 0.000584048
8740 2.88436e-10 0
8750 2.74889e-10 0
8760 2.61844e-10 0
8770 2.49288e-10 0
8780 2.37208e-10 0
8790 2.2559e-10 0
8800 2.1442e-10 0
8810 2.03685e-10 0
8820 1.93374e-10 0
8830 1.83473e-10 0
8840 1.7397e-10 0
8850 1.64853e-10 0
8860 1.5611e-10 0
8870 1.4773e-10 0
8880 1.39702e-10 0
8890 1.32013e-10 0
8900 1.24655e-10 0
8910 1.17615e-10 0
8920 1.10884e-10 0
8930 1.04452e-10 0
8940 9.83082e-11 0
8950 9.24442e-11 0
8960 8.68503e-11 0
8970 8.15175e-11 0
8980 7.6437e-11 0
8990 7.16005e-11 0
9000 6.69997e-11 0
9010 6.26266e-11 0
9020 5.84733e-11 0
9030 5.45321e-11 0
9040 5.07955e-11 0
9050 4.72561e-11 0
9060 4.39066e-11 0
9070 4.07399e-11 0
9080 3.77491e-11 0
9090 3.49273e-11 0
9100 3.2268e-11 0
9110 2.97646e-11 0
9120 2.74107e-11 0
9130 2.52001e-11 0
9140 2.31268e-11 0
9150 2.11848e-11 0
9160 1.93683e-11 0
9170 1.76718e-11 0
9180 1.60897e-11 0
9190 1.46167e-11 0
9200 1.32476e-11 0
9210 1.19772e-11 0
9220 1.08007e-11 0
9230 9.71327e-12 0
9240 8.71022e-12 0
9250 7.78703e-12 0
9260 6.93932e-12 0
9270 6.16281e-12 0
9280 5.45338e-12 0
9290 4.80703e-12 0
9300 4.21989e-12 0
9310 3.68821e-12 0
9320 3.20837e-12 0
9330 2.77689e-12 0
9340 2.3904e-12 0
9350 2.04566e-12 0
9360 1.73955e-12 0
9370 1.46908e-12 0
9380 1.23137e-12 0
9390 1.02368e-12 0
9400 8.4337e-13 0
9410 6.87937e-13 0
9420 5.54991e-13 0
9430 4.42261e-13 0
9440 3.47597e-13 0
9450 2.68968e-13 0
9460 2.04464e-13 0
9470 1.52292e-13 0
9480 1.1078e-13 0
9490 7.83741e-14 0
9500 5.36425e-14 0
9510 3.52723e-14 0
9520 2.20717e-14 0
9530 1.29704e-14 0
9540 7.02028e-15 0
9550 3.39603e-15 0
9560 1.39618e-15 0
9570 4.43982e-16 0
9580 8.8508e-17 0
9590 5.80948e-18 0
9600 1.69275e-19 0
9610 1.4534e-19 0
9620 1.24461e-19 0
9630 1.06291e-19 0
9640 9.05174e-20 0
9650 7.68585e-20 0
9660 6.5062e-20 0
9670 5.4902e-20 0
9680 4.61764e-20 0
9690 3.87048e-20 0
9700 3.23267e-20 0
9710 2.68995e-20 0
9720 2.2297e-20 0
9730 1.84074e-20 0
9740 1.51324e-20 0
9750 1.23852e-20 0
9760 1.00901e-20 0
9770 8.18059e-21 0
9780 6.5989e-21 0
9790 5.29475e-21 0
9800 4.22462e-21 0
9810 3.35099e-21 0
9820 2.64157e-21 0
9830 2.06874e-21 0
9840 1.60896e-21 0
9850 1.24223e-21 0
9860 9.51679e-22 0
9870 7.23099e-22 0
9880 5.44625e-22 0
9890 4.06386e-22 0
9900 3.00225e-22 0
9910 2.19439e-22 0
9920 1.58564e-22 0
9930 1.13173e-22 0
9940 7.97087e-23 0
9950 5.53379e-23 0
9960 3.78235e-23 0
9970 2.54167e-23 0
9980 1.67652e-23 0
9990 1.08353e-23 0
10000 6.84717e-24 0
10010 4.22045e-24 0
10020 2.53017e-24 0
10030 1.47035e-24 0
10040 8.24954e-25 0
10050 4.44702e-25 0
10060 2.28963e-25 0
10070 1.11771e-25 0
10080 5.12548e-26 0
10090 2.18177e-26 0
10100 8.48678e-27 0
10110 2.95339e-27 0
10120 8.92568e-28 0
10130 2.24309e-28 0
10140 4.38373e-29 0
10150 5.96373e-30 0
10160 4.63497e-31 0
10170 1.47677e-32 0
10180 0 0
10190 0 0
