0 0 0
10 0.00170203 9.87363e-12
20 0.00179337 1.3018e-10
30 0.00177539 6.08275e-10
40 0.00173267 1.83326e-09
50 0.00168496 4.32784e-09
60 0.00163885 8.74047e-09
70 0.00159729 1.58378e-08
80 0.00156196 2.64973e-08
90 0.00153392 4.17001e-08
100 0.00151394 6.25245e-08
110 0.00150257 9.01389e-08
120 0.00150017 1.25796e-07
130 0.00150696 1.70826e-07
140 0.00152303 2.26631e-07
150 0.00154851 2.94681e-07
160 0.00158293 3.76504e-07
170 0.00162616 4.73686e-07
180 0.00167784 5.87862e-07
190 0.00173754 7.20713e-07
200 0.00180472 8.73962e-07
210 0.0018788 1.04937e-06
220 0.00195915 1.24872e-06
230 0.00280923 1.47384e-06
240 0.00213593 1.72656e-06
250 0.00223094 2.00876e-06
260 0.0023294 2.3223e-06
270 0.00243058 2.66909e-06
280 0.00253379 3.05102e-06
290 0.00263834 3.47e-06
300 0.00274357 3.92795e-06
310 0.00284887 4.42676e-06
320 0.00295367 4.96836e-06
330 0.00305744 5.55465e-06
340 0.00315967 6.18752e-06
350 0.00325996 6.86886e-06
360 0.00336251 7.60054e-06
370 0.0034581 8.38443e-06
380 0.00355077 9.22236e-06
390 0.00378938 1.01162e-05
400 0.00384789 1.10676e-05
410 0.00392279 1.20785e-05
420 0.00399873 1.31507e-05
430 0.00407295 1.42857e-05
440 0.0041445 1.54854e-05
450 0.00421294 1.67514e-05
460 0.00499539 1.80854e-05
470 0.00433981 1.9489e-05
480 0.00439813 2.09637e-05
490 0.0266129 2.25111e-05
500 0.00450464 2.41327e-05
510 0.00455297 2.583e-05
520 0.00461445 2.76045e-05
530 0.00464024 2.94575e-05
540 0.0046794 3.13904e-05
550 0.00471573 3.34045e-05
560 0.00474936 3.55012e-05
570 0.0047804 3.76817e-05
580 0.00480898 3.99471e-05
590 0.287855 4.22987e-05
600 0.267162 4.47376e-05
610 0.00488119 4.72648e-05
620 0.00490115 4.98815e-05
630 0.00491925 5.25886e-05
640 0.00493582 5.53871e-05
650 0.00495051 5.82779e-05
660 0.00496367 6.12618e-05
670 0.00497537 6.43398e-05
680 0.00498573 6.75126e-05
690 0.00499483 7.0781e-05
700 0.00940913 7.41456e-05
710 0.00514253 7.76072e-05
720 0.00501539 8.11664e-05
730 0.00511523 8.48237e-05
740 0.00502428 8.85796e-05
750 0.00502748 9.24348e-05
760 0.00502996 9.63896e-05
770 0.00503175 0.000100445
780 0.00503293 0.0001046
790 0.00503354 0.000108856
800 0.00503364 0.000113213
810 0.00503327 0.000117672
820 0.00503249 0.000122232
830 0.00529973 0.000126893
840 0.00503043 0.000131657
850 0.00502861 0.000136523
860 0.34134 0.00014149
870 0.00760441 0.00014656
880 0.00733174 0.000151732
890 0.00712127 0.000157006
900 0.0069941 0.000162381
910 0.00689607 0.000167859
920 0.00681604 0.000173438
930 0.00674805 0.000179119
940 0.00668856 0.000184901
950 0.00663539 0.000190784
960 0.0168344 0.000196767
970 0.00654248 0.000202851
980 0.00650099 0.000209035
990 0.00684188 0.000215319
1000 0.00642514 0.000221702
1010 0.00639004 0.000228184
1020 0.00635676 0.000234764
1030 0.00632423 0.000241443
1040 0.00629313 0.000248218
1050 0.00626306 0.00025509
1060 0.00623388 0.000262059
1070 0.00620729 0.000269123
1080 0.0061796 0.000276282
1090 0.0310922 0.000283536
1100 0.062528 0.000290883
1110 0.0217908 0.000298323
1120 0.0202879 0.000305856
1130 0.0192368 0.00031348
1140 0.0184339 0.000321195
1150 0.0177852 0.000329
1160 0.0172402 0.000336894
1170 0.0167693 0.000344876
1180 0.0163535 0.000352946
1190 0.0159802 0.000361103
1200 0.0447159 0.000369345
1210 0.0153281 0.000377673
1220 0.0150379 0.000386084
1230 0.0147664 0.000394578
1240 0.0145105 0.000403155
1250 0.0142681 0.000411813
1260 0.014037 0.000420551
1270 0.0138158 0.000429368
1280 0.0136031 0.000438263
1290 0.0133977 0.000447236
1300 0.0131988 0.000456285
1310 0.0130112 0.000465409
1320 0.0128171 0.000474607
1330 0.0154001 0.000483879
1340 0.0124527 0.000493222
1350 0.0132899 0.000502636
1360 0.0131009 0.000512121
1370 0.012915 0.000521674
1380 0.0127319 0.000531295
1390 0.0125516 0.000540982
1400 0.0123739 0.000550735
1410 0.0121989 0.000560553
1420 0.0120264 0.000570433
1430 0.0118566 0.000580376
1440 0.0116895 0.00059038
1450 0.0115251 0.000600444
1460 0.0113636 0.000610567
1470 0.011205 0.000620748
1480 0.0110494 0.000630984
1490 0.0108969 0.000641277
1500 0.0107476 0.000651623
1510 0.0106016 0.000662023
1520 0.0104589 0.000672475
1530 0.0103196 0.000682977
1540 0.0101837 0.00069353
1550 0.0100513 0.00070413
1560 0.00992231 0.000714778
1570 0.00979679 0.000725473
1580 0.0096747 0.000736212
1590 0.00955602 0.000746995
1600 0.00961165 0.000757821
1610 0.00932872 0.000768689
1620 0.00922 0.000779597
1630 0.00911522 0.000790545
1640 0.00901211 0.000801531
1650 0.00891282 0.000812554
1660 0.00881652 0.000823612
1670 0.00872315 0.000834706
1680 0.00863264 0.000845834
1690 0.0085449 0.000856994
1700 0.00845987 0.000868185
1710 0.00837747 0.000879407
1720 0.00829761 0.000890658
1730 0.00822025 0.000901937
1740 0.00814529 0.000913243
1750 0.00807267 0.000924576
1760 0.00800233 0.000935933
1770 0.00793419 0.000947313
1780 0.0078682 0.000958717
1790 0.00780428 0.000970142
1800 0.00774238 0.000981587
1810 0.00768244 0.000993052
1820 0.00762439 0.00100454
1830 0.00756818 0.00101604
1840 0.00751376 0.00102755
1850 0.00746106 0.00103908
1860 0.00741004 0.00105063
1870 0.00736063 0.00106219
1880 0.0073128 0.00107376
1890 0.00726649 0.00108534
1900 0.00722165 0.00109694
1910 0.00717823 0.00110854
1920 0.0071362 0.00112015
1930 0.00709549 0.00113176
1940 0.0159822 0.00114338
1950 0.0070179 0.00115501
1960 0.0129083 0.00116664
1970 0.0127335 0.00117827
1980 0.0125637 0.00118991
1990 0.0123987 0.00120155
2000 0.0122382 0.00121318
2010 0.0120821 0.00122482
2020 0.0119301 0.00123645
2030 0.0117821 0.00124808
2040 0.011638 0.0012597
2050 0.0114974 0.00127133
2060 0.0113603 0.00128294
2070 0.0112265 0.00129455
2080 0.0110959 0.00130615
2090 0.0109682 0.00131774
2100 0.0108433 0.00132932
2110 0.0107212 0.00134089
2120 0.0106017 0.00135245
2130 0.0104845 0.001364
2140 0.0103698 0.00137553
2150 0.0102573 0.00138705
2160 0.0107928 0.00139855
2170 0.0100386 0.00141004
2180 0.00993225 0.00142151
2190 0.0102077 0.00143296
2200 0.00972527 0.00144439
2210 0.0096245 0.0014558
2220 0.00952548 0.00146719
2230 0.00942818 0.00147856
2240 0.00933257 0.00148991
2250 0.00923863 0.00150123
2260 0.00914634 0.00151252
2270 0.00905568 0.00152379
2280 0.00896665 0.00153504
2290 0.00887926 0.00154626
2300 0.00879349 0.00155744
2310 0.00870936 0.0015686
2320 0.00862686 0.00157973
2330 0.00854601 0.00159083
2340 0.00846682 0.00160189
2350 0.00838928 0.00161292
2360 0.00831341 0.00162392
2370 0.0082392 0.00163488
2380 0.00816667 0.00164581
2390 0.00809581 0.0016567
2400 0.00817563 0.00166755
2410 0.00795907 0.00167836
2420 0.00789319 0.00168914
2430 0.00782895 0.00169987
2440 0.00776633 0.00171056
2450 0.00770532 0.00172121
2460 0.00764589 0.00173181
2470 0.00758802 0.00174237
2480 0.00753169 0.00175289
2490 0.00747686 0.00176336
2500 0.00742351 0.00177378
2510 0.0073716 0.00178415
2520 0.0073211 0.00179448
2530 0.00727196 0.00180475
2540 0.00722416 0.00181497
2550 0.00720606 0.00182515
2560 0.00715939 0.00183526
2570 0.00711402 0.00184533
2580 0.00706991 0.00185534
2590 0.007027 0.00186529
2600 0.00698525 0.00187519
2610 0.00694462 0.00188502
2620 0.00690507 0.0018948
2630 0.00686655 0.00190452
2640 0.00682904 0.00191418
2650 0.00679248 0.00192378
2660 0.00675684 0.00193332
2670 0.00672208 0.00194279
2680 0.00668818 0.0019522
2690 0.00665508 0.00196154
2700 0.00662277 0.00197082
2710 0.00659121 0.00198003
2720 0.00656036 0.00198917
2730 0.0065302 0.00199824
2740 0.0065007 0.00200724
2750 0.00647183 0.00201617
2760 0.00644356 0.00202503
2770 0.00641587 0.00203381
2780 0.00638873 0.00204252
2790 0.00636212 0.00205116
2800 0.00633602 0.00205972
2810 0.00631041 0.00206821
2820 0.00628525 0.00207661
2830 0.00626054 0.00208494
2840 0.00623625 0.00209319
2850 0.00621236 0.00210136
2860 0.00618886 0.00210945
2870 0.00616573 0.00211745
2880 0.00614295 0.00212538
2890 0.00612051 0.00213321
2900 0.00609839 0.00214097
2910 0.00607657 0.00214864
2920 0.00605504 0.00215622
2930 0.00603379 0.00216372
2940 0.00601281 0.00217112
2950 0.00599207 0.00217844
2960 0.00597158 0.00218567
2970 0.00595131 0.00219281
2980 0.00593125 0.00219986
2990 0.00591141 0.00220681
3000 0.00589175 0.00221368
3010 0.00587228 0.00222045
3020 0.00585298 0.00222712
3030 0.00583385 0.0022337
3040 0.00581488 0.00224019
3050 0.00579605 0.00224658
3060 0.00577736 0.00225287
3070 0.0057588 0.00225906
3080 0.00574036 0.00226516
3090 0.00572204 0.00227115
3100 0.00570382 0.00227705
3110 0.00568571 0.00228285
3120 0.00566768 0.00228854
3130 0.00564975 0.00229414
3140 0.0056319 0.00229963
3150 0.00561412 0.00230502
3160 0.00559641 0.0023103
3170 0.00557877 0.00231549
3180 0.00556118 0.00232057
3190 0.00554365 0.00232554
3200 0.00552616 0.00233041
3210 0.00550872 0.00233517
3220 0.00549132 0.00233983
3230 0.00547395 0.00234439
3240 0.00545661 0.00234883
3250 0.0054393 0.00235317
3260 0.00542202 0.0023574
3270 0.00540475 0.00236153
3280 0.00538749 0.00236554
3290 0.00537025 0.00236945
3300 0.00535302 0.00237325
3310 0.00533579 0.00237694
3320 0.00531857 0.00238052
3330 0.00530134 0.002384
3340 0.00528412 0.00238736
3350 0.00526689 0.00239062
3360 0.00524965 0.00239376
3370 0.0052324 0.0023968
3380 0.00521514 0.00239973
3390 0.00519787 0.00240255
3400 0.00518058 0.00240525
3410 0.00516327 0.00240785
3420 0.00514595 0.00241034
3430 0.00512861 0.00241272
3440 0.00511124 0.00241499
3450 0.00509385 0.00241715
3460 0.00507644 0.0024192
3470 0.005059 0.00242115
3480 0.00504154 0.00242298
3490 0.00502405 0.00242471
3500 0.00500653 0.00242633
3510 0.00498898 0.00242783
3520 0.00497141 0.00242924
3530 0.0049538 0.00243053
3540 0.00493617 0.00243172
3550 0.0049185 0.0024328
3560 0.00490081 0.00243377
3570 0.00488308 0.00243464
3580 0.00486532 0.0024354
3590 0.00484754 0.00243605
3600 0.00482972 0.0024366
3610 0.00481186 0.00243705
3620 0.00479398 0.00243739
3630 0.00477607 0.00243763
3640 0.00475813 0.00243777
3650 0.00474015 0.0024378
3660 0.00472215 0.00243773
3670 0.00470412 0.00243756
3680 0.00468606 0.00243729
3690 0.00466797 0.00243692
3700 0.00464986 0.00243646
3710 0.00463171 0.00243589
3720 0.00461354 0.00243522
3730 0.00459535 0.00243446
3740 0.00457713 0.0024336
3750 0.00455888 0.00243265
3760 0.00454062 0.0024316
3770 0.00452233 0.00243045
3780 0.00450402 0.00242921
3790 0.00448569 0.00242788
3800 0.00446734 0.00242646
3810 0.00444897 0.00242495
3820 0.00443058 0.00242335
3830 0.00441218 0.00242166
3840 0.00439376 0.00241988
3850 0.00437533 0.00241801
3860 0.00435689 0.00241605
3870 0.00433843 0.00241401
3880 0.00431996 0.00241189
3890 0.00430149 0.00240968
3900 0.004283 0.00240739
3910 0.00426451 0.00240502
3920 0.00424602 0.00240256
3930 0.00422751 0.00240003
3940 0.00420901 0.00239742
3950 0.0041905 0.00239473
3960 0.004172 0.00239196
3970 0.00415349 0.00238912
3980 0.00413499 0.0023862
3990 0.00411649 0.00238321
4000 0.00409799 0.00238015
4010 0.0040795 0.00237701
4020 0.00406102 0.00237381
4030 0.00404254 0.00237053
4040 0.00402408 0.00236719
4050 0.00400562 0.00236378
4060 0.00398718 0.0023603
4070 0.00396876 0.00235676
4080 0.00395035 0.00235315
4090 0.00393195 0.00234948
4100 0.00391357 0.00234574
4110 0.00389521 0.00234195
4120 0.00387688 0.00233809
4130 0.00385856 0.00233418
4140 0.00384026 0.00233021
4150 0.00382199 0.00232618
4160 0.00380375 0.0023221
4170 0.00378553 0.00231796
4180 0.00376734 0.00231377
4190 0.00374918 0.00230952
4200 0.00373105 0.00230523
4210 0.00371295 0.00230088
4220 0.00369488 0.00229648
4230 0.00367685 0.00229204
4240 0.00365885 0.00228754
4250 0.00364089 0.002283
4260 0.00362296 0.00227842
4270 0.00360507 0.00227379
4280 0.00358722 0.00226912
4290 0.00356942 0.0022644
4300 0.00355165 0.00225965
4310 0.00353392 0.00225485
4320 0.00351624 0.00225001
4330 0.00349861 0.00224514
4340 0.00348101 0.00224023
4350 0.00346347 0.00223528
4360 0.00344597 0.00223029
4370 0.00342852 0.00222527
4380 0.00341112 0.00222022
4390 0.00339377 0.00221513
4400 0.00337647 0.00221001
4410 0.00335922 0.00220486
4420 0.00334202 0.00219968
4430 0.00332487 0.00219447
4440 0.00330778 0.00218924
4450 0.00329075 0.00218397
4460 0.00327377 0.00217868
4470 0.00325684 0.00217336
4480 0.00323997 0.00216801
4490 0.00322316 0.00216265
4500 0.00320641 0.00215725
4510 0.00318972 0.00215184
4520 0.00317308 0.0021464
4530 0.00315651 0.00214094
4540 0.00313999 0.00213546
4550 0.00312354 0.00212996
4560 0.00310715 0.00212444
4570 0.00309081 0.00211891
4580 0.00307455 0.00211335
4590 0.00305834 0.00210778
4600 0.0030422 0.00210219
4610 0.00302612 0.00209659
4620 0.00301011 0.00209097
4630 0.00299416 0.00208533
4640 0.00297828 0.00207968
4650 0.00296246 0.00207402
4660 0.00294671 0.00206835
4670 0.00293102 0.00206266
4680 0.0029154 0.00205696
4690 0.00289985 0.00205125
4700 0.00288436 0.00204553
4710 0.00286894 0.0020398
4720 0.00285359 0.00203406
4730 0.00283831 0.00202831
4740 0.00282309 0.00202256
4750 0.00280795 0.00201679
4760 0.00279287 0.00201102
4770 0.00277785 0.00200524
4780 0.00276291 0.00199945
4790 0.00274804 0.00199366
4800 0.00273323 0.00198786
4810 0.0027185 0.00198205
4820 0.00270383 0.00197625
4830 0.00268923 0.00197043
4840 0.00267471 0.00196461
4850 0.00266025 0.00195879
4860 0.00264586 0.00195297
4870 0.00263154 0.00194714
4880 0.00261729 0.00194131
4890 0.00260311 0.00193547
4900 0.002589 0.00192964
4910 0.00257495 0.0019238
4920 0.00256098 0.00191796
4930 0.00254708 0.00191212
4940 0.00253324 0.00190628
4950 0.00251948 0.00190044
4960 0.00250578 0.0018946
4970 0.00249216 0.00188875
4980 0.0024786 0.00188291
4990 0.00246511 0.00187707
5000 0.0024517 0.00187123
5010 0.00243835 0.00186539
5020 0.00242506 0.00185955
5030 0.00241185 0.00185371
5040 0.00239871 0.00184787
5050 0.00238563 0.00184204
5060 0.00237262 0.00183621
5070 0.00235968 0.00183037
5080 0.00234681 0.00182455
5090 0.00233401 0.00181872
5100 0.00232127 0.00181289
5110 0.00230861 0.00180707
5120 0.002296 0.00180125
5130 0.00228347 0.00179544
5140 0.002271 0.00178963
5150 0.0022586 0.00178382
5160 0.00224627 0.00177801
5170 0.002234 0.00177221
5180 0.0022218 0.00176641
5190 0.00220967 0.00176062
5200 0.0021976 0.00175482
5210 0.00218559 0.00174904
5220 0.00217365 0.00174325
5230 0.00216178 0.00173748
5240 0.00214997 0.0017317
5250 0.00213823 0.00172593
5260 0.00212655 0.00172017
5270 0.00211493 0.0017144
5280 0.00210338 0.00170865
5290 0.00209189 0.0017029
5300 0.00208047 0.00169715
5310 0.00206911 0.00169141
5320 0.00205781 0.00168567
5330 0.00204657 0.00167994
5340 0.0020354 0.00167421
5350 0.00202428 0.00166849
5360 0.00201323 0.00166277
5370 0.00200225 0.00165706
5380 0.00199132 0.00165135
5390 0.00198045 0.00164565
5400 0.00196965 0.00163995
5410 0.0019589 0.00163426
5420 0.00194822 0.00162857
5430 0.00193759 0.00162289
5440 0.00192703 0.00161722
5450 0.00191652 0.00161155
5460 0.00190608 0.00160588
5470 0.00189569 0.00160022
5480 0.00188536 0.00159457
5490 0.00187509 0.00158892
5500 0.00186487 0.00158328
5510 0.00185472 0.00157764
5520 0.00184462 0.00157201
5530 0.00183458 0.00156638
5540 0.00182459 0.00156076
5550 0.00181466 0.00155514
5560 0.00180479 0.00154953
5570 0.00179497 0.00154393
5580 0.00178521 0.00153833
5590 0.0017755 0.00153274
5600 0.00176585 0.00152715
5610 0.00175625 0.00152156
5620 0.00174671 0.00151599
5630 0.00173722 0.00151041
5640 0.00172778 0.00150485
5650 0.0017184 0.00149928
5660 0.00170907 0.00149373
5670 0.00169979 0.00148818
5680 0.00169056 0.00148263
5690 0.00168138 0.00147709
5700 0.00167226 0.00147155
5710 0.00166318 0.00146602
5720 0.00165416 0.00146049
5730 0.00164519 0.00145497
5740 0.00163626 0.00144946
5750 0.00162739 0.00144394
5760 0.00161856 0.00143844
5770 0.00160979 0.00143293
5780 0.00160106 0.00142743
5790 0.00159238 0.00142194
5800 0.00158374 0.00141645
5810 0.00157516 0.00141096
5820 0.00156662 0.00140548
5830 0.00155812 0.00140001
5840 0.00154967 0.00139453
5850 0.00154127 0.00138906
5860 0.00153291 0.0013836
5870 0.0015246 0.00137813
5880 0.00151633 0.00137267
5890 0.0015081 0.00136722
5900 0.00149992 0.00136177
5910 0.00149177 0.00135632
5920 0.00148368 0.00135087
5930 0.00147562 0.00134542
5940 0.0014676 0.00133998
5950 0.00145962 0.00133454
5960 0.00145169 0.0013291
5970 0.00144379 0.00132367
5980 0.00143593 0.00131824
5990 0.00142811 0.0013128
6000 0.00142033 0.00130737
6010 0.00141259 0.00130194
6020 0.00140488 0.00129651
6030 0.00139721 0.00129108
6040 0.00138958 0.00128566
6050 0.00138198 0.00128023
6060 0.00137441 0.0012748
6070 0.00136688 0.00126937
6080 0.00135938 0.00126395
6090 0.00135192 0.00125852
6100 0.00134449 0.00125309
6110 0.00133709 0.00124766
6120 0.00132972 0.00124222
6130 0.00132238 0.00123679
6140 0.00131507 0.00123135
6150 0.00130779 0.00122591
6160 0.00130054 0.00122047
6170 0.00129332 0.00121502
6180 0.00128613 0.00120957
6190 0.00127896 0.00120412
6200 0.00127182 0.00119866
6210 0.0012647 0.0011932
6220 0.00125761 0.00118774
6230 0.00125054 0.00118226
6240 0.0012435 0.00117679
6250 0.00123647 0.0011713
6260 0.00122947 0.00116582
6270 0.00122249 0.00116032
6280 0.00121554 0.00115482
6290 0.0012086 0.00114931
6300 0.00120168 0.00114379
6310 0.00119478 0.00113826
6320 0.00118789 0.00113273
6330 0.00118103 0.00112718
6340 0.00117418 0.00112163
6350 0.00116734 0.00111607
6360 0.00116053 0.00111049
6370 0.00115372 0.00110491
6380 0.00114693 0.00109931
6390 0.00114015 0.00109371
6400 0.00113338 0.00108809
6410 0.00112663 0.00108246
6420 0.00111988 0.00107681
6430 0.00111314 0.00107116
6440 0.00110642 0.00106549
6450 0.0010997 0.0010598
6460 0.00109299 0.00105411
6470 0.00108629 0.00104839
6480 0.00107959 0.00104267
6490 0.0010729 0.00103692
6500 0.00106621 0.00103117
6510 0.00105953 0.00102539
6520 0.00105285 0.0010196
6530 0.00104617 0.00101379
6540 0.0010395 0.00100797
6550 0.00103283 0.00100212
6560 0.00102616 0.000996263
6570 0.00101949 0.000990385
6580 0.00101282 0.000984489
6590 0.00100615 0.000978574
6600 0.000999475 0.00097264
6610 0.000992802 0.000966687
6620 0.000986126 0.000960715
6630 0.000979449 0.000954724
6640 0.000972768 0.000948714
6650 0.000966084 0.000942683
6660 0.000959397 0.000936633
6670 0.000952705 0.000930564
6680 0.000946009 0.000924474
6690 0.000939308 0.000918365
6700 0.000932602 0.000912236
6710 0.000925891 0.000906087
6720 0.000919175 0.000899919
6730 0.000912453 0.000893731
6740 0.000905726 0.000887523
6750 0.000898992 0.000881296
6760 0.000892253 0.00087505
6770 0.000885508 0.000868786
6780 0.000878757 0.000862503
6790 0.000872001 0.000856201
6800 0.000865239 0.000849882
6810 0.000858471 0.000843546
6820 0.000851698 0.000837193
6830 0.000844921 0.000830823
6840 0.000838138 0.000824437
6850 0.000831351 0.000818037
6860 0.000824561 0.000811621
6870 0.000817766 0.000805192
6880 0.000810969 0.000798749
6890 0.000804169 0.000792294
6900 0.000797368 0.000785827
6910 0.000790565 0.000779349
6920 0.000783761 0.000772862
6930 0.000776957 0.000766365
6940 0.000770155 0.000759861
6950 0.000763354 0.000753349
6960 0.000756555 0.000746832
6970 0.00074976 0.00074031
6980 0.00074297 0.000733784
6990 0.000736185 0.000727256
7000 0.000729406 0.000720727
7010 0.000722635 0.000714198
7020 0.000715872 0.000707671
7030 0.000709119 0.000701146
7040 0.000702377 0.000694625
7050 0.000695647 0.00068811
7060 0.000688931 0.000681602
7070 0.000682229 0.000675103
7080 0.000675544 0.000668613
7090 0.000668875 0.000662135
7100 0.000662226 0.00065567
7110 0.000655596 0.00064922
7120 0.000648988 0.000642785
7130 0.000642403 0.000636368
7140 0.000635842 0.000629971
7150 0.000629306 0.000623594
7160 0.000622798 0.000617239
7170 0.000616318 0.000610909
7180 0.000609868 0.000604604
7190 0.00060345 0.000598326
7200 0.000597064 0.000592076
7210 0.000590712 0.000585857
7220 0.000584396 0.000579669
7230 0.000578116 0.000573515
7240 0.000571875 0.000567395
7250 0.000565673 0.000561311
7260 0.000559512 0.000555264
7270 0.000553392 0.000549256
7280 0.000547316 0.000543288
7290 0.000541285 0.000537361
7300 0.000535298 0.000531477
7310 0.000529359 0.000525637
7320 0.000523467 0.000519842
7330 0.000517623 0.000514093
7340 0.00051183 0.00050839
7350 0.000506086 0.000502736
7360 0.000500394 0.000497131
7370 0.000494754 0.000491575
7380 0.000489166 0.00048607
7390 0.000483632 0.000480617
7400 0.000478152 0.000475215
7410 0.000472727 0.000469866
7420 0.000467356 0.00046457
7430 0.000462042 0.000459328
7440 0.000456783 0.00045414
7450 0.00045158 0.000449007
7460 0.000446433 0.000443928
7470 0.000441343 0.000438904
7480 0.000436309 0.000433935
7490 0.000431332 0.000429021
7500 0.000426412 0.000424163
7510 0.000421549 0.00041936
7520 0.000416741 0.000414612
7530 0.00041199 0.000409919
7540 0.000407295 0.000405281
7550 0.000402656 0.000400697
7560 0.000398072 0.000396167
7570 0.000393543 0.000391691
7580 0.000389068 0.000387269
7590 0.000384648 0.000382899
7600 0.000380281 0.000378582
7610 0.000375966 0.000374317
7620 0.000371704 0.000370102
7630 0.000367494 0.000365939
7640 0.000363334 0.000361825
7650 0.000359225 0.00035776
7660 0.000355165 0.000353744
7670 0.000351153 0.000349776
7680 0.000347189 0.000345854
7690 0.000343272 0.000341978
7700 0.000339401 0.000338148
7710 0.000335575 0.000334361
7720 0.000331794 0.000330618
7730 0.000328055 0.000326918
7740 0.000324359 0.000323259
7750 1.06455e-06 0
7760 1.02929e-06 0
7770 9.94843e-07 0
7780 9.61207e-07 0
7790 9.28369e-07 0
7800 8.96319e-07 0
7810 8.65047e-07 0
7820 8.34543e-07 0
7830 8.04797e-07 0
7840 7.75799e-07 0
7850 7.4754e-07 0
7860 7.20008e-07 0
7870 6.93194e-07 0
7880 6.67087e-07 0
7890 6.41678e-07 0
7900 6.16956e-07 0
7910 5.92911e-07 0
7920 5.69533e-07 0
7930 5.4681e-07 0
7940 5.24734e-07 0
7950 5.03294e-07 0
7960 4.82479e-07 0
7970 4.6228e-07 0
7980 4.42685e-07 0
7990 4.23684e-07 0
8000 4.05268e-07 0
8010 3.87426e-07 0
8020 3.70148e-07 0
8030 3.53423e-07 0
8040 3.37241e-07 0
8050 3.21593e-07 0
8060 3.06468e-07 0
8070 2.91855e-07 0
8080 2.77746e-07 0
8090 2.64129e-07 0
8100 2.50995e-07 0
8110 2.38334e-07 0
8120 2.26137e-07 0
8130 8.48154e-06 8.26715e-06
8140 2.03094e-07 0
8150 1.92228e-07 0
8160 1.81787e-07 0
8170 1.71761e-07 0
8180 1.62141e-07 0
8190 1.52917e-07 0
8200 1.44079e-07 0
8210 1.35618e-07 0
8220 1.27524e-07 0
8230 1.19788e-07 0
8240 1.124e-07 0
8250 1.05351e-07 0
8260 9.86308e-08 0
8270 9.22312e-08 0
8280 8.61422e-08 0
8290 8.03547e-08 0
8300 7.48593e-08 0
8310 6.96469e-08 0
8320 6.47085e-08 0
8330 6.00349e-08 0
8340 5.56172e-08 0
8350 5.14464e-08 0
8360 4.75139e-08 0
8370 4.38108e-08 0
8380 4.03285e-08 0
8390 3.70585e-08 0
8400 3.39924e-08 0
8410 3.11218e-08 0
8420 2.84384e-08 0
8430 2.59343e-08 0
8440 2.36014e-08 0
8450 2.1432e-08 0
8460 1.94182e-08 0
8470 1.75526e-08 0
8480 1.58277e-08 0
8490 1.42363e-08 0
8500 1.27713e-08 0
8510 1.14258e-08 0
8520 1.01931e-08 0
8530 9.06656e-09 0
8540 8.03983e-09 0
8550 7.10676e-09 0
8560 6.26139e-09 0
8570 5.49795e-09 0
8580 4.81092e-09 0
8590 4.19499e-09 0
8600 1.13205e-05 1.13169e-05
8610 3.15643e-09 0
8620 2.72434e-09 0
8630 2.34436e-09 0
8640 2.01217e-09 0
8650 1.72357e-09 0
8660 1.47455e-09 0
8670 1.26123e-09 0
8680 1.07993e-09 0
8690 9.27127e-10 0
8700 7.99465e-10 0
8710 6.93786e-10 0
8720 6.0712e-10 0
8730 5.3669e-10 0
8740 4.79924e-10 0
8750 4.34458e-10 0
8760 3.98143e-10 0
8770 3.6905e-10 0
8780 3.4548e-10 0
8790 3.25969e-10 0
8800 3.09293e-10 0
8810 2.94478e-10 0
8820 2.80805e-10 0
8830 0.000523645 0.000523645
8840 2.55329e-10 0
8850 2.43304e-10 0
8860 2.3173e-10 0
8870 2.20595e-10 0
8880 2.09887e-10 0
8890 1.99591e-10 0
8900 1.89697e-10 0
8910 1.80192e-10 0
8920 1.71065e-10 0
8930 1.62304e-10 0
8940 1.53897e-10 0
8950 1.45834e-10 0
8960 1.38104e-10 0
8970 1.30696e-10 0
8980 1.236e-10 0
8990 1.16807e-10 0
9000 1.10305e-10 0
9010 1.04086e-10 0
9020 9.81407e-11 0
9030 9.24595e-11 0
9040 8.70337e-11 0
9050 8.18549e-11 0
9060 7.69146e-11 0
9070 7.2205e-11 0
9080 6.7718e-11 0
9090 6.34463e-11 0
9100 5.93824e-11 0
9110 5.55193e-11 0
9120 5.18499e-11 0
9130 4.83674e-11 0
9140 4.50652e-11 0
9150 4.19366e-11 0
9160 3.89753e-11 0
9170 3.61751e-11 0
9180 3.35297e-11 0
9190 3.10332e-11 0
9200 2.86797e-11 0
9210 2.64636e-11 0
9220 2.43791e-11 0
9230 2.24209e-11 0
9240 2.05837e-11 0
9250 1.88622e-11 0
9260 1.72514e-11 0
9270 1.57464e-11 0
9280 1.43423e-11 0
9290 1.30344e-11 0
9300 1.18183e-11 0
9310 1.06893e-11 0
9320 9.64332e-12 0
9330 8.67604e-12 0
9340 7.78339e-12 0
9350 6.9614e-12 0
9360 6.20624e-12 0
9370 5.51416e-12 0
9380 4.88153e-12 0
9390 4.30485e-12 0
9400 3.78071e-12 0
9410 3.30583e-12 0
9420 2.87702e-12 0
9430 2.49121e-12 0
9440 2.14543e-12 0
9450 1.83684e-12 0
9460 1.56268e-12 0
9470 1.32029e-12 0
9480 1.10715e-12 0
9490 9.20819e-13 0
9500 7.58964e-13 0
9510 6.1936e-13 0
9520 4.99884e-13 0
9530 3.98521e-13 0
9540 3.13354e-13 0
9550 2.42575e-13 0
9560 1.84479e-13 0
9570 1.37465e-13 0
9580 1.00036e-13 0
9590 7.08024e-14 0
9600 4.848e-14 0
9610 3.18907e-14 0
9620 1.99637e-14 0
9630 1.17364e-14 0
9640 6.35488e-15 0
9650 3.07538e-15 0
9660 1.26487e-15 0
9670 4.02399e-16 0
9680 8.02567e-17 0
9690 5.2697e-18 0
9700 1.51491e-19 0
9710 1.30116e-19 0
9720 1.11462e-19 0
9730 9.52218e-20 0
9740 8.11171e-20 0
9750 6.88984e-20 0
9760 5.83417e-20 0
9770 4.92458e-20 0
9780 4.14311e-20 0
9790 3.47371e-20 0
9800 2.90207e-20 0
9810 2.41549e-20 0
9820 2.0027e-20 0
9830 1.65375e-20 0
9840 1.35983e-20 0
9850 1.11321e-20 0
9860 9.07116e-21 0
9870 7.356e-21 0
9880 5.9349e-21 0
9890 4.76286e-21 0
9900 3.8009e-21 0
9910 3.01539e-21 0
9920 2.37739e-21 0
9930 1.86212e-21 0
9940 1.44846e-21 0
9950 1.11846e-21 0
9960 8.56954e-22 0
9970 6.51196e-22 0
9980 4.90517e-22 0
9990 3.66044e-22 0
10000 2.70442e-22 0
10010 1.97685e-22 0
10020 1.42853e-22 0
10030 1.01965e-22 0
10040 7.18176e-23 0
10050 4.98612e-23 0
10060 3.4081e-23 0
10070 2.29022e-23 0
10080 1.51067e-23 0
10090 9.76342e-24 0
10100 6.16974e-24 0
10110 3.80284e-24 0
10120 2.27975e-24 0
10130 1.32479e-24 0
10140 7.43256e-25 0
10150 4.00644e-25 0
10160 2.06269e-25 0
10170 1.00687e-25 0
10180 4.61698e-26 0
10190 1.96521e-26 0
10200 7.64396e-27 0
10210 2.65996e-27 0
10220 8.03858e-28 0
10230 2.02012e-28 0
10240 3.94805e-29 0
10250 5.37151e-30 0
10260 4.17564e-31 0
10270 1.33087e-32 0
10280 0 0
10290 0 0
