0 1.58855e-20 8.83897e-23 0
10 4.76566e-20 9.30391e-23 1.20226e-24
20 7.94279e-20 9.79195e-23 6.01131e-25
30 1.11199e-19 1.03042e-22 4.00756e-25
40 1.42972e-19 1.08417e-22 3.00569e-25
50 1.74744e-19 1.14056e-22 2.40457e-25
60 2.06517e-19 1.19973e-22 2.00383e-25
70 2.38291e-19 1.26179e-22 1.71758e-25
80 2.70066e-19 1.32687e-22 1.50291e-25
90 3.01842e-19 1.39512e-22 1.33594e-25
100 3.33619e-19 1.46668e-22 1.20236e-25
110 3.65398e-19 1.54169e-22 1.09308e-25
120 3.97178e-19 1.62032e-22 1.00201e-25
130 4.28959e-19 1.70272e-22 9.24948e-26
140 4.60742e-19 1.78906e-22 8.589e-26
150 4.92527e-19 1.87952e-22 8.0166e-26
160 5.24314e-19 1.97428e-22 7.51576e-26
170 5.56102e-19 2.07354e-22 7.07386e-26
180 5.87893e-19 2.17748e-22 6.68107e-26
190 6.19686e-19 2.28631e-22 6.32963e-26
200 6.51482e-19 2.40025e-22 6.01335e-26
210 6.8328e-19 2.51953e-22 5.7272e-26
220 7.1508e-19 2.64436e-22 5.46707e-26
230 7.46884e-19 2.77499e-22 5.22958e-26
240 7.7869e-19 2.91168e-22 5.01188e-26
250 8.10499e-19 3.05467e-22 4.81161e-26
260 8.42312e-19 3.20424e-22 4.62675e-26
270 8.74127e-19 3.36067e-22 4.45559e-26
280 9.05946e-19 3.52425e-22 4.29666e-26
290 9.37769e-19 3.69529e-22 4.1487e-26
300 9.69595e-19 3.87408e-22 4.01061e-26
310 1.00142e-18 4.06096e-22 3.88144e-26
320 1.03326e-18 4.25627e-22 3.76035e-26
330 1.0651e-18 4.46036e-22 3.6466e-26
340 1.09694e-18 4.67358e-22 3.53955e-26
350 1.12878e-18 4.89632e-22 3.43862e-26
360 1.16063e-18 5.12897e-22 3.34331e-26
370 1.19249e-18 5.37193e-22 3.25315e-26
380 1.22435e-18 5.62561e-22 3.16775e-26
390 1.25621e-18 5.89046e-22 3.08673e-26
400 1.28808e-18 6.16693e-22 3.00976e-26
410 1.31996e-18 6.45548e-22 2.93656e-26
420 1.35183e-18 6.75659e-22 2.86684e-26
430 1.38372e-18 7.07077e-22 2.80037e-26
440 1.41561e-18 7.39854e-22 2.73693e-26
450 1.4475e-18 7.74043e-22 2.67632e-26
460 1.4794e-18 8.097e-22 2.61834e-26
470 1.51131e-18 8.46882e-22 2.56283e-26
480 1.54322e-18 8.85649e-22 2.50965e-26
490 1.57514e-18 9.26062e-22 2.45863e-26
500 1.60706e-18 9.68185e-22 2.40966e-26
510 1.63899e-18 1.01208e-21 2.36262e-26
520 1.67093e-18 1.05783e-21 2.31739e-26
530 1.70287e-18 1.10549e-21 2.27387e-26
540 1.73482e-18 1.15513e-21 2.23197e-26
550 1.76678e-18 1.20684e-21 2.19159e-26
560 1.79874e-18 1.26069e-21 2.15266e-26
570 1.83071e-18 1.31675e-21 2.1151e-26
580 1.86269e-18 1.37512e-21 2.07883e-26
590 1.89468e-18 1.43588e-21 2.0438e-26
600 1.92667e-18 1.49912e-21 2.00994e-26
610 1.95867e-18 1.56493e-21 1.9772e-26
620 1.99067e-18 1.63339e-21 1.94551e-26
630 2.02269e-18 1.70462e-21 1.91484e-26
640 2.05471e-18 1.77871e-21 1.88512e-26
650 2.08674e-18 1.85576e-21 1.85633e-26
660 2.11878e-18 1.93588e-21 1.82841e-26
670 2.15082e-18 2.01918e-21 1.80132e-26
680 2.18288e-18 2.10577e-21 1.77504e-26
690 2.21494e-18 2.19578e-21 1.74952e-26
700 2.24701e-18 2.28931e-21 1.72473e-26
710 2.27909e-18 2.38649e-21 1.70064e-26
720 2.31118e-18 2.48746e-21 1.67723e-26
730 2.34328e-18 2.59234e-21 1.65446e-26
740 2.37539e-18 2.70127e-21 1.63231e-26
750 2.40751e-18 2.81439e-21 1.61075e-26
760 2.43963e-18 2.93183e-21 1.58976e-26
770 2.47177e-18 3.05376e-21 1.56932e-26
780 2.50391e-18 3.18032e-21 1.5494e-26
790 2.53607e-18 3.31166e-21 1.53e-26
800 2.56823e-18 3.44795e-21 1.51108e-26
810 2.6004e-18 3.58935e-21 1.49263e-26
820 2.63259e-18 3.73603e-21 1.47463e-26
830 2.66478e-18 3.88817e-21 1.45707e-26
840 2.69699e-18 4.04595e-21 1.43993e-26
850 2.7292e-18 4.20954e-21 1.4232e-26
860 2.76143e-18 4.37914e-21 1.40685e-26
870 2.79367e-18 4.55495e-21 1.39089e-26
880 2.82591e-18 4.73716e-21 1.37529e-26
890 2.85817e-18 4.92597e-21 1.36004e-26
900 2.89044e-18 5.1216e-21 1.34514e-26
910 2.92272e-18 5.32427e-21 1.33056e-26
920 2.95501e-18 5.53419e-21 1.31631e-26
930 2.98732e-18 5.75158e-21 1.30236e-26
940 3.01963e-18 5.97669e-21 1.28871e-26
950 3.05196e-18 6.20976e-21 1.27535e-26
960 3.0843e-18 6.45101e-21 1.26228e-26
970 3.11665e-18 6.70072e-21 1.24947e-26
980 3.14901e-18 6.95912e-21 1.23693e-26
990 3.18138e-18 7.22649e-21 1.22464e-26
1000 3.21377e-18 7.50309e-21 1.2126e-26
1010 3.24617e-18 7.78921e-21 1.2008e-26
1020 3.27858e-18 8.08511e-21 1.18924e-26
1030 3.31101e-18 8.39109e-21 1.1779e-26
1040 3.34345e-18 8.70745e-21 1.16678e-26
1050 3.3759e-18 9.03448e-21 1.15587e-26
1060 3.40836e-18 9.3725e-21 1.14518e-26
1070 3.44084e-18 9.72183e-21 1.13468e-26
1080 3.47333e-18 1.00828e-20 1.12438e-26
1090 3.50583e-18 1.04557e-20 1.11428e-26
1100 3.53835e-18 1.08409e-20 1.10435e-26
1110 3.57088e-18 1.12387e-20 1.09461e-26
1120 3.60343e-18 1.16495e-20 1.08505e-26
1130 3.63599e-18 1.20737e-20 1.07565e-26
1140 3.66856e-18 1.25115e-20 1.06642e-26
1150 3.70115e-18 1.29635e-20 1.05736e-26
1160 3.73375e-18 1.34299e-20 1.04845e-26
1170 3.76637e-18 1.39112e-20 1.0397e-26
1180 3.799e-18 1.44077e-20 1.0311e-26
1190 3.83165e-18 1.49199e-20 1.02264e-26
1200 3.86431e-18 1.54481e-20 1.01433e-26
1210 3.89699e-18 1.59929e-20 1.00615e-26
1220 3.92968e-18 1.65545e-20 9.98114e-27
1230 3.96238e-18 1.71336e-20 9.90207e-27
1240 3.99511e-18 1.77304e-20 9.8243e-27
1250 4.02785e-18 1.83454e-20 9.7478e-27
1260 4.0606e-18 1.89792e-20 9.67252e-27
1270 4.09337e-18 1.96322e-20 9.59845e-27
1280 4.12615e-18 2.03048e-20 9.52555e-27
1290 4.15896e-18 2.09975e-20 9.4538e-27
1300 4.19177e-18 2.17109e-20 9.38317e-27
1310 4.22461e-18 2.24454e-20 9.31363e-27
1320 4.25746e-18 2.32015e-20 9.24517e-27
1330 4.29033e-18 2.39798e-20 9.17775e-27
1340 4.32321e-18 2.47808e-20 9.11135e-27
1350 4.35611e-18 2.5605e-20 9.04595e-27
1360 4.38903e-18 2.64529e-20 8.98153e-27
1370 4.42197e-18 2.73251e-20 8.91807e-27
1380 4.45492e-18 2.82222e-20 8.85555e-27
1390 4.48789e-18 2.91447e-20 8.79393e-27
1400 4.52088e-18 3.00932e-20 8.73322e-27
1410 4.55389e-18 3.10682e-20 8.67338e-27
1420 4.58691e-18 3.20704e-20 8.6144e-27
1430 4.61995e-18 3.31004e-20 8.55626e-27
1440 4.65301e-18 3.41587e-20 8.49894e-27
1450 4.68609e-18 3.52459e-20 8.44243e-27
1460 4.71918e-18 3.63628e-20 8.38671e-27
1470 4.7523e-18 3.75098e-20 8.33176e-27
1480 4.78543e-18 3.86876e-20 8.27757e-27
1490 4.81859e-18 3.9897e-20 8.22412e-27
1500 4.85176e-18 4.11384e-20 8.1714e-27
1510 4.88495e-18 4.24126e-20 8.11939e-27
1520 4.91816e-18 4.37202e-20 8.06809e-27
1530 4.95139e-18 4.50618e-20 8.01746e-27
1540 4.98464e-18 4.64383e-20 7.96751e-27
1550 5.0179e-18 4.78501e-20 7.91822e-27
1560 5.05119e-18 4.9298e-20 7.86957e-27
1570 5.0845e-18 5.07828e-20 7.82156e-27
1580 5.11783e-18 5.2305e-20 7.77417e-27
1590 5.15117e-18 5.38653e-20 7.72739e-27
1600 5.18454e-18 5.54646e-20 7.68121e-27
1610 5.21793e-18 5.71034e-20 7.63561e-27
1620 5.25134e-18 5.87825e-20 7.5906e-27
1630 5.28477e-18 6.05026e-20 7.54615e-27
1640 5.31822e-18 6.22644e-20 7.50225e-27
1650 5.35169e-18 6.40687e-20 7.4589e-27
1660 5.38519e-18 6.59161e-20 7.41609e-27
1670 5.4187e-18 6.78074e-20 7.37381e-27
1680 5.45224e-18 6.97433e-20 7.33204e-27
1690 5.48579e-18 7.17246e-20 7.29077e-27
1700 5.51937e-18 7.37519e-20 7.25001e-27
1710 5.55297e-18 7.5826e-20 7.20974e-27
1720 5.5866e-18 7.79477e-20 7.16995e-27
1730 5.62024e-18 8.01177e-20 7.13063e-27
1740 5.65391e-18 8.23366e-20 7.09178e-27
1750 5.6876e-18 8.46053e-20 7.05338e-27
1760 5.72131e-18 8.69245e-20 7.01544e-27
1770 5.75505e-18 8.92949e-20 6.97793e-27
1780 5.7888e-18 9.17173e-20 6.94086e-27
1790 5.82258e-18 9.41923e-20 6.90422e-27
1800 5.85639e-18 9.67207e-20 6.868e-27
1810 5.89022e-18 9.93033e-20 6.83219e-27
1820 5.92407e-18 1.01941e-19 6.79678e-27
1830 5.95794e-18 1.04634e-19 6.76178e-27
1840 5.99184e-18 1.07383e-19 6.72717e-27
1850 6.02576e-18 1.10189e-19 6.69294e-27
1860 6.0597e-18 1.13053e-19 6.6591e-27
1870 6.09367e-18 1.15975e-19 6.62563e-27
1880 6.12767e-18 1.18957e-19 6.59253e-27
1890 6.16169e-18 1.21998e-19 6.55979e-27
1900 6.19573e-18 1.25099e-19 6.52741e-27
1910 6.2298e-18 1.28262e-19 6.49538e-27
1920 6.26389e-18 1.31486e-19 6.4637e-27
1930 6.298e-18 1.34773e-19 6.43235e-27
1940 6.33215e-18 1.38123e-19 6.40135e-27
1950 6.36631e-18 1.41537e-19 6.37067e-27
1960 6.40051e-18 1.45014e-19 6.34032e-27
1970 6.43473e-18 1.48557e-19 6.31028e-27
1980 6.46897e-18 1.52165e-19 6.28057e-27
1990 6.50324e-18 1.55839e-19 6.25116e-27
2000 6.53754e-18 1.5958e-19 6.22206e-27
2010 6.57186e-18 1.63388e-19 6.19326e-27
2020 6.60621e-18 1.67264e-19 6.16476e-27
2030 6.64058e-18 1.71208e-19 6.13655e-27
2040 6.67498e-18 1.75221e-19 6.10862e-27
2050 6.70941e-18 1.79303e-19 6.08099e-27
2060 6.74387e-18 1.83455e-19 6.05363e-27
2070 6.77835e-18 1.87677e-19 6.02655e-27
2080 6.81286e-18 1.91969e-19 5.99974e-27
2090 6.84739e-18 1.96332e-19 5.9732e-27
2100 6.88196e-18 2.00767e-19 5.94692e-27
2110 6.91655e-18 2.05274e-19 5.9209e-27
2120 6.95117e-18 2.09853e-19 5.89514e-27
2130 6.98582e-18 2.14504e-19 5.86963e-27
2140 7.02049e-18 2.19228e-19 5.84438e-27
2150 7.0552e-18 2.24024e-19 5.81937e-27
2160 7.08993e-18 2.28895e-19 5.7946e-27
2170 7.12469e-18 2.33838e-19 5.77007e-27
2180 7.15948e-18 2.38856e-19 5.74578e-27
2190 7.1943e-18 2.43947e-19 5.72172e-27
2200 7.22914e-18 2.49112e-19 5.69789e-27
2210 7.26402e-18 2.54352e-19 5.67429e-27
2220 7.29893e-18 2.59666e-19 5.65091e-27
2230 7.33386e-18 2.65054e-19 5.62775e-27
2240 7.36883e-18 2.70516e-19 5.60481e-27
2250 7.40382e-18 2.76053e-19 5.58208e-27
2260 7.43884e-18 2.81664e-19 5.55957e-27
2270 7.4739e-18 2.8735e-19 5.53726e-27
2280 7.50898e-18 2.93109e-19 5.51517e-27
2290 7.5441e-18 2.98943e-19 5.49327e-27
2300 7.57924e-18 3.0485e-19 5.47158e-27
2310 7.61442e-18 3.10832e-19 5.45008e-27
2320 7.64963e-18 3.16886e-19 5.42879e-27
2330 7.68487e-18 3.23015e-19 5.40768e-27
2340 7.72013e-18 3.29215e-19 5.38677e-27
2350 7.75544e-18 3.35489e-19 5.36604e-27
2360 7.79077e-18 3.41835e-19 5.3455e-27
2370 7.82613e-18 3.48252e-19 5.32515e-27
2380 7.86153e-18 3.54741e-19 5.30498e-27
2390 7.89695e-18 3.61301e-19 5.28498e-27
2400 7.93241e-18 3.67932e-19 5.26517e-27
2410 7.9679e-18 3.74632e-19 5.24552e-27
2420 8.00343e-18 3.81401e-19 5.22605e-27
2430 8.03899e-18 3.88239e-19 5.20676e-27
2440 8.07457e-18 3.95145e-19 5.18763e-27
2450 8.1102e-18 4.02118e-19 5.16866e-27
2460 8.14585e-18 4.09157e-19 5.14987e-27
2470 8.18154e-18 4.16262e-19 5.13123e-27
2480 8.21726e-18 4.23432e-19 5.11275e-27
2490 8.25302e-18 4.30666e-19 5.09444e-27
2500 8.28881e-18 4.37962e-19 5.07628e-27
2510 8.32463e-18 4.45321e-19 5.05827e-27
2520 8.36049e-18 4.5274e-19 5.04042e-27
2530 8.39638e-18 4.6022e-19 5.02272e-27
2540 8.43231e-18 4.67758e-19 5.00517e-27
2550 8.46827e-18 4.75354e-19 4.98777e-27
2560 8.50426e-18 4.83007e-19 4.97051e-27
2570 8.54029e-18 4.90714e-19 4.9534e-27
2580 8.57636e-18 4.98476e-19 4.93643e-27
2590 8.61246e-18 5.0629e-19 4.9196e-27
2600 8.64859e-18 5.14156e-19 4.90291e-27
2610 8.68476e-18 5.22072e-19 4.88636e-27
2620 8.72097e-18 5.30036e-19 4.86994e-27
2630 8.75721e-18 5.38047e-19 4.85366e-27
2640 8.79349e-18 5.46104e-19 4.83752e-27
2650 8.8298e-18 5.54205e-19 4.8215e-27
2660 8.86615e-18 5.62348e-19 4.80562e-27
2670 8.90254e-18 5.70531e-19 4.78986e-27
2680 8.93897e-18 5.78754e-19 4.77424e-27
2690 8.97543e-18 5.87014e-19 4.75873e-27
2700 9.01193e-18 5.95309e-19 4.74336e-27
2710 9.04846e-18 6.03638e-19 4.7281e-27
2720 9.08503e-18 6.11999e-19 4.71297e-27
2730 9.12164e-18 6.2039e-19 4.69796e-27
2740 9.15829e-18 6.28809e-19 4.68307e-27
2750 9.19498e-18 6.37253e-19 4.66829e-27
2760 9.2317e-18 6.45722e-19 4.65364e-27
2770 9.26846e-18 6.54213e-19 4.6391e-27
2780 9.30526e-18 6.62724e-19 4.62467e-27
2790 9.3421e-18 6.71253e-19 4.61036e-27
2800 9.37898e-18 6.79797e-19 4.59615e-27
2810 9.4159e-18 6.88354e-19 4.58206e-27
2820 9.45285e-18 6.96923e-19 4.56808e-27
2830 9.48985e-18 7.05501e-19 4.55421e-27
2840 9.52688e-18 7.14086e-19 4.54044e-27
2850 9.56396e-18 7.22675e-19 4.52678e-27
2860 9.60107e-18 7.31267e-19 4.51323e-27
2870 9.63822e-18 7.39858e-19 4.49978e-27
2880 9.67542e-18 7.48446e-19 4.48643e-27
2890 9.71265e-18 7.57029e-19 4.47319e-27
2900 9.74993e-18 7.65605e-19 4.46004e-27
2910 9.78724e-18 7.7417e-19 4.447e-27
2920 9.8246e-18 7.82723e-19 4.43405e-27
2930 9.862e-18 7.91262e-19 4.4212e-27
2940 9.89943e-18 7.99782e-19 4.40845e-27
2950 9.93691e-18 8.08283e-19 4.3958e-27
2960 9.97444e-18 8.1676e-19 4.38324e-27
2970 1.0012e-17 8.25213e-19 4.37077e-27
2980 1.00496e-17 8.33637e-19 4.3584e-27
2990 1.00873e-17 8.42031e-19 4.34612e-27
3000 1.01249e-17 8.50392e-19 4.33393e-27
3010 1.01627e-17 8.58717e-19 4.32183e-27
3020 1.02004e-17 8.67003e-19 4.30982e-27
3030 1.02383e-17 8.75248e-19 4.2979e-27
3040 1.02761e-17 8.8345e-19 4.28607e-27
3050 1.0314e-17 8.91605e-19 4.27432e-27
3060 1.0352e-17 8.9971e-19 4.26266e-27
3070 1.039e-17 9.07764e-19 4.25109e-27
3080 1.0428e-17 9.15763e-19 4.2396e-27
3090 1.04661e-17 9.23704e-19 4.22819e-27
3100 1.05042e-17 9.31586e-19 4.21687e-27
3110 1.05424e-17 9.39404e-19 4.20562e-27
3120 1.05806e-17 9.47157e-19 4.19446e-27
3130 1.06188e-17 9.54842e-19 4.18338e-27
3140 1.06571e-17 9.62457e-19 4.17238e-27
3150 1.06955e-17 9.69997e-19 4.16146e-27
3160 1.07339e-17 9.77461e-19 4.15062e-27
3170 1.07723e-17 9.84847e-19 4.13986e-27
3180 1.08108e-17 9.92151e-19 4.12917e-27
3190 1.08493e-17 9.99371e-19 4.11856e-27
3200 1.08879e-17 1.0065e-18 4.10802e-27
3210 1.09265e-17 1.01355e-18 4.09756e-27
3220 1.09652e-17 1.0205e-18 4.08718e-27
3230 1.10039e-17 1.02736e-18 4.07686e-27
3240 1.10427e-17 1.03412e-18 4.06662e-27
3250 1.10815e-17 1.04078e-18 4.05645e-27
3260 1.11203e-17 1.04734e-18 4.04636e-27
3270 1.11592e-17 1.05379e-18 4.03633e-27
3280 1.11982e-17 1.06014e-18 4.02638e-27
3290 1.12372e-17 1.06637e-18 4.01649e-27
3300 1.12762e-17 1.0725e-18 4.00667e-27
3310 1.13153e-17 1.07851e-18 3.99692e-27
3320 1.13545e-17 1.08441e-18 3.98724e-27
3330 1.13937e-17 1.09018e-18 3.97763e-27
3340 1.14329e-17 1.09584e-18 3.96808e-27
3350 1.14722e-17 1.10137e-18 3.9586e-27
3360 1.15115e-17 1.10678e-18 3.94919e-27
3370 1.15509e-17 1.11206e-18 3.93984e-27
3380 1.15903e-17 1.11721e-18 3.93055e-27
3390 1.16298e-17 1.12223e-18 3.92133e-27
3400 1.16694e-17 1.12712e-18 3.91217e-27
3410 1.1709e-17 1.13187e-18 3.90308e-27
3420 1.17486e-17 1.13648e-18 3.89404e-27
3430 1.17883e-17 1.14095e-18 3.88507e-27
3440 1.1828e-17 1.14529e-18 3.87616e-27
3450 1.18678e-17 1.14948e-18 3.86731e-27
3460 1.19076e-17 1.15352e-18 3.85852e-27
3470 1.19475e-17 1.15742e-18 3.84979e-27
3480 1.19875e-17 1.16117e-18 3.84112e-27
3490 1.20275e-17 1.16478e-18 3.83251e-27
3500 1.20675e-17 1.16823e-18 3.82396e-27
3510 1.21076e-17 1.17153e-18 3.81546e-27
3520 1.21478e-17 1.17468e-18 3.80702e-27
3530 1.2188e-17 1.17767e-18 3.79864e-27
3540 1.22282e-17 1.18051e-18 3.79031e-27
3550 1.22686e-17 1.18319e-18 3.78205e-27
3560 1.23089e-17 1.18572e-18 3.77383e-27
3570 1.23493e-17 1.18808e-18 3.76567e-27
3580 1.23898e-17 1.19028e-18 3.75757e-27
3590 1.24303e-17 1.19233e-18 3.74952e-27
3600 1.24709e-17 1.19421e-18 3.74152e-27
3610 1.25116e-17 1.19592e-18 3.73358e-27
3620 1.25522e-17 1.19748e-18 3.72569e-27
3630 1.2593e-17 1.19887e-18 3.71785e-27
3640 1.26338e-17 1.2001e-18 3.71006e-27
3650 1.26746e-17 1.20116e-18 3.70233e-27
3660 1.27155e-17 1.20206e-18 3.69464e-27
3670 1.27565e-17 1.20279e-18 3.68701e-27
3680 1.27975e-17 1.20335e-18 3.67943e-27
3690 1.28386e-17 1.20375e-18 3.6719e-27
3700 1.28797e-17 1.20398e-18 3.66441e-27
3710 1.29209e-17 1.20405e-18 3.65698e-27
3720 1.29622e-17 1.20395e-18 3.6496e-27
3730 1.30035e-17 1.20368e-18 3.64226e-27
3740 1.30448e-17 1.20324e-18 3.63497e-27
3750 1.30863e-17 1.20264e-18 3.62773e-27
3760 1.31277e-17 1.20188e-18 3.62054e-27
3770 1.31693e-17 1.20095e-18 3.6134e-27
3780 1.32109e-17 1.19985e-18 3.6063e-27
3790 1.32525e-17 1.19859e-18 3.59925e-27
3800 1.32942e-17 1.19716e-18 3.59224e-27
3810 1.3336e-17 1.19557e-18 3.58528e-27
3820 1.33778e-17 1.19382e-18 3.57837e-27
3830 1.34197e-17 1.1919e-18 3.5715e-27
3840 1.34616e-17 1.18983e-18 3.56467e-27
3850 1.35037e-17 1.18759e-18 3.55789e-27
3860 1.35457e-17 1.18519e-18 3.55115e-27
3870 1.35878e-17 1.18264e-18 3.54446e-27
3880 1.363e-17 1.17992e-18 3.53781e-27
3890 1.36723e-17 1.17705e-18 3.5312e-27
3900 1.37146e-17 1.17403e-18 3.52464e-27
3910 1.3757e-17 1.17085e-18 3.51812e-27
3920 1.37994e-17 1.16752e-18 3.51164e-27
3930 1.38419e-17 1.16403e-18 3.5052e-27
3940 1.38844e-17 1.1604e-18 3.49881e-27
3950 1.3927e-17 1.15662e-18 3.49245e-27
3960 1.39697e-17 1.15269e-18 3.48614e-27
3970 1.40125e-17 1.14861e-18 3.47987e-27
3980 1.40553e-17 1.1444e-18 3.47364e-27
3990 1.40981e-17 1.14004e-18 3.46744e-27
4000 1.41411e-17 1.13554e-18 3.46129e-27
4010 1.4184e-17 1.1309e-18 3.45518e-27
4020 1.42271e-17 1.12612e-18 3.44911e-27
4030 1.42702e-17 1.12121e-18 3.44307e-27
4040 1.43134e-17 1.11617e-18 3.43708e-27
4050 1.43567e-17 1.111e-18 3.43112e-27
4060 1.44e-17 1.1057e-18 3.4252e-27
4070 1.44434e-17 1.10027e-18 3.41932e-27
4080 1.44868e-17 1.09471e-18 3.41348e-27
4090 1.45303e-17 1.08904e-18 3.40767e-27
4100 1.45739e-17 1.08325e-18 3.40191e-27
4110 1.46175e-17 1.07733e-18 3.39618e-27
4120 1.46612e-17 1.07131e-18 3.39048e-27
4130 1.4705e-17 1.06517e-18 3.38483e-27
4140 1.47488e-17 1.05891e-18 3.3792e-27
4150 1.47928e-17 1.05255e-18 3.37362e-27
4160 1.48367e-17 1.04609e-18 3.36807e-27
4170 1.48808e-17 1.03952e-18 3.36256e-27
4180 1.49249e-17 1.03285e-18 3.35708e-27
4190 1.49691e-17 1.02608e-18 3.35163e-27
4200 1.50133e-17 1.01922e-18 3.34623e-27
4210 1.50576e-17 1.01226e-18 3.34085e-27
4220 1.5102e-17 1.00522e-18 3.33551e-27
4230 1.51465e-17 9.98081e-19 3.33021e-27
4240 1.5191e-17 9.90861e-19 3.32494e-27
4250 1.52356e-17 9.83558e-19 3.3197e-27
4260 1.52802e-17 9.76175e-19 3.3145e-27
4270 1.5325e-17 9.68715e-19 3.30933e-27
4280 1.53698e-17 9.6118e-19 3.30419e-27
4290 1.54146e-17 9.53574e-19 3.29908e-27
4300 1.54596e-17 9.45898e-19 3.29401e-27
4310 1.55046e-17 9.38156e-19 3.28897e-27
4320 1.55497e-17 9.30351e-19 3.28397e-27
4330 1.55948e-17 9.22485e-19 3.27899e-27
4340 1.56401e-17 9.14561e-19 3.27405e-27
4350 1.56854e-17 9.06582e-19 3.26914e-27
4360 1.57307e-17 8.9855e-19 3.26426e-27
4370 1.57762e-17 8.90468e-19 3.25941e-27
4380 1.58217e-17 8.8234e-19 3.2546e-27
4390 1.58673e-17 8.74167e-19 3.24981e-27
4400 1.5913e-17 8.65953e-19 3.24506e-27
4410 1.59587e-17 8.577e-19 3.24033e-27
4420 1.60045e-17 8.49412e-19 3.23564e-27
4430 1.60504e-17 8.4109e-19 3.23097e-27
4440 1.60964e-17 8.32738e-19 3.22634e-27
4450 1.61424e-17 8.24359e-19 3.22174e-27
4460 1.61885e-17 8.15954e-19 3.21716e-27
4470 1.62347e-17 8.07528e-19 3.21262e-27
4480 1.6281e-17 7.99082e-19 3.2081e-27
4490 1.63273e-17 7.90619e-19 3.20362e-27
4500 1.63737e-17 7.82142e-19 3.19916e-27
4510 1.64202e-17 7.73654e-19 3.19473e-27
4520 1.64668e-17 7.65157e-19 3.19033e-27
4530 1.65134e-17 7.56654e-19 3.18596e-27
4540 1.65602e-17 7.48147e-19 3.18162e-27
4550 1.6607e-17 7.39639e-19 3.17731e-27
4560 1.66538e-17 7.31133e-19 3.17302e-27
4570 1.67008e-17 7.22631e-19 3.16876e-27
4580 1.67478e-17 7.14136e-19 3.16453e-27
4590 1.6795e-17 7.0565e-19 3.16033e-27
4600 1.68422e-17 6.97176e-19 3.15615e-27
4610 1.68894e-17 6.88716e-19 3.15201e-27
4620 1.69368e-17 6.80272e-19 3.14789e-27
4630 1.69842e-17 6.71848e-19 3.14379e-27
4640 1.70317e-17 6.63444e-19 3.13973e-27
4650 1.70793e-17 6.55065e-19 3.13568e-27
4660 1.7127e-17 6.46711e-19 3.13167e-27
4670 1.71748e-17 6.38386e-19 3.12768e-27
4680 1.72226e-17 6.30092e-19 3.12372e-27
4690 1.72705e-17 6.2183e-19 3.11979e-27
4700 1.73185e-17 6.13604e-19 3.11588e-27
4710 1.73666e-17 6.05415e-19 3.112e-27
4720 1.74148e-17 5.97265e-19 3.10814e-27
4730 1.74631e-17 5.89156e-19 3.10431e-27
4740 1.75114e-17 5.81092e-19 3.1005e-27
4750 1.75598e-17 5.73073e-19 3.09672e-27
4760 1.76083e-17 5.65102e-19 3.09296e-27
4770 1.76569e-17 5.57181e-19 3.08923e-27
4780 1.77056e-17 5.49311e-19 3.08553e-27
4790 1.77543e-17 5.41496e-19 3.08184e-27
4800 1.78032e-17 5.33736e-19 3.07819e-27
4810 1.78521e-17 5.26033e-19 3.07456e-27
4820 1.79011e-17 5.1839e-19 3.07095e-27
4830 1.79502e-17 5.10808e-19 3.06736e-27
4840 1.79994e-17 5.03289e-19 3.06381e-27
4850 1.80487e-17 4.95836e-19 3.06027e-27
4860 1.80981e-17 4.88448e-19 3.05676e-27
4870 1.81475e-17 4.8113e-19 3.05327e-27
4880 1.81971e-17 4.73881e-19 3.04981e-27
4890 1.82467e-17 4.66704e-19 3.04637e-27
4900 1.82964e-17 4.596e-19 3.04295e-27
4910 1.83462e-17 4.52571e-19 3.03956e-27
4920 1.83961e-17 4.45619e-19 3.03619e-27
4930 1.84461e-17 4.38745e-19 3.03284e-27
4940 1.84961e-17 4.31951e-19 3.02952e-27
4950 1.85463e-17 4.25238e-19 3.02622e-27
4960 1.85966e-17 4.18607e-19 3.02294e-27
4970 1.86469e-17 4.12061e-19 3.01968e-27
4980 1.86973e-17 4.05601e-19 3.01645e-27
4990 1.87479e-17 3.99228e-19 3.01324e-27
5000 1.87985e-17 3.92943e-19 3.01005e-27
5010 1.88492e-17 3.86748e-19 3.00688e-27
5020 1.89e-17 3.80645e-19 3.00374e-27
5030 1.89509e-17 3.74634e-19 3.00062e-27
5040 1.90019e-17 3.68718e-19 2.99752e-27
5050 1.9053e-17 3.62897e-19 2.99444e-27
5060 1.91041e-17 3.57172e-19 2.99138e-27
5070 1.91554e-17 3.51546e-19 2.98835e-27
5080 1.92068e-17 3.46019e-19 2.98534e-27
5090 1.92582e-17 3.40592e-19 2.98234e-27
5100 1.93098e-17 3.35268e-19 2.97937e-27
5110 1.93614e-17 3.30046e-19 2.97643e-27
5120 1.94132e-17 3.2493e-19 2.9735e-27
5130 1.9465e-17 3.19919e-19 2.97059e-27
5140 1.9517e-17 3.15014e-19 2.9677e-27
5150 1.9569e-17 3.10219e-19 2.96484e-27
5160 1.96211e-17 3.05532e-19 2.962e-27
5170 1.96734e-17 3.00957e-19 2.95917e-27
5180 1.97257e-17 2.96493e-19 2.95637e-27
5190 1.97781e-17 2.92143e-19 2.95359e-27
5200 1.98307e-17 2.87907e-19 2.95083e-27
5210 1.98833e-17 2.83787e-19 2.94808e-27
5220 1.9936e-17 2.79784e-19 2.94536e-27
5230 1.99888e-17 2.75899e-19 2.94266e-27
5240 2.00418e-17 2.72134e-19 2.93998e-27
5250 2.00948e-17 2.68489e-19 2.93732e-27
5260 2.01479e-17 2.64967e-19 2.93468e-27
5270 2.02012e-17 2.61568e-19 2.93206e-27
5280 2.02545e-17 2.58294e-19 2.92946e-27
5290 2.03079e-17 2.55146e-19 2.92688e-27
5300 2.03615e-17 2.52126e-19 2.92431e-27
5310 2.04151e-17 2.49235e-19 2.92177e-27
5320 2.04688e-17 2.46473e-19 2.91925e-27
5330 2.05227e-17 2.43844e-19 2.91674e-27
5340 2.05766e-17 2.41347e-19 2.91426e-27
5350 2.06307e-17 2.38986e-19 2.91179e-27
5360 2.06848e-17 2.3676e-19 2.90935e-27
5370 2.07391e-17 2.34671e-19 2.90692e-27
5380 2.07935e-17 2.32722e-19 2.90451e-27
5390 2.0848e-17 2.30913e-19 2.90213e-27
5400 2.09025e-17 2.29247e-19 2.89976e-27
5410 2.09572e-17 2.27724e-19 2.8974e-27
5420 2.1012e-17 2.26347e-19 2.89507e-27
5430 2.10669e-17 2.25117e-19 2.89276e-27
5440 2.11219e-17 2.24036e-19 2.89046e-27
5450 2.11771e-17 2.23106e-19 2.88819e-27
5460 2.12323e-17 2.22328e-19 2.88593e-27
5470 2.12876e-17 2.21705e-19 2.88369e-27
5480 2.13431e-17 2.21237e-19 2.88147e-27
5490 2.13986e-17 2.20928e-19 2.87926e-27
5500 2.14543e-17 2.20778e-19 2.87708e-27
5510 2.15101e-17 2.20791e-19 2.87491e-27
5520 2.1566e-17 2.20967e-19 2.87276e-27
5530 2.1622e-17 2.2131e-19 2.87063e-27
5540 2.16781e-17 2.21821e-19 2.86852e-27
5550 2.17343e-17 2.22502e-19 2.86642e-27
5560 2.17907e-17 2.23356e-19 2.86434e-27
5570 2.18471e-17 2.24385e-19 2.86229e-27
5580 2.19037e-17 2.25591e-19 2.86024e-27
5590 2.19603e-17 2.26977e-19 2.85822e-27
5600 2.20171e-17 2.28544e-19 2.85621e-27
5610 2.20741e-17 2.30297e-19 2.85422e-27
5620 2.21311e-17 2.32236e-19 2.85225e-27
5630 2.21882e-17 2.34364e-19 2.8503e-27
5640 2.22455e-17 2.36685e-19 2.84836e-27
5650 2.23028e-17 2.39201e-19 2.84644e-27
5660 2.23603e-17 2.41914e-19 2.84454e-27
5670 2.24179e-17 2.44828e-19 2.84265e-27
5680 2.24757e-17 2.47945e-19 2.84078e-27
5690 2.25335e-17 2.51268e-19 2.83893e-27
5700 2.25915e-17 2.54801e-19 2.8371e-27
5710 2.26496e-17 2.58545e-19 2.83528e-27
5720 2.27078e-17 2.62505e-19 2.83348e-27
5730 2.27661e-17 2.66683e-19 2.8317e-27
5740 2.28245e-17 2.71082e-19 2.82993e-27
5750 2.28831e-17 2.75707e-19 2.82818e-27
5760 2.29418e-17 2.80559e-19 2.82644e-27
5770 2.30006e-17 2.85643e-19 2.82473e-27
5780 2.30595e-17 2.90962e-19 2.82303e-27
5790 2.31186e-17 2.96519e-19 2.82134e-27
5800 2.31777e-17 3.02317e-19 2.81968e-27
5810 2.3237e-17 3.08361e-19 2.81803e-27
5820 2.32965e-17 3.14655e-19 2.81639e-27
5830 2.3356e-17 3.21201e-19 2.81477e-27
5840 2.34157e-17 3.28003e-19 2.81317e-27
5850 2.34755e-17 3.35066e-19 2.81159e-27
5860 2.35354e-17 3.42393e-19 2.81002e-27
5870 2.35955e-17 3.49988e-19 2.80846e-27
5880 2.36556e-17 3.57855e-19 2.80693e-27
5890 2.3716e-17 3.65998e-19 2.80541e-27
5900 2.37764e-17 3.74421e-19 2.8039e-27
5910 2.3837e-17 3.83128e-19 2.80241e-27
5920 2.38976e-17 3.92124e-19 2.80094e-27
5930 2.39585e-17 4.01412e-19 2.79948e-27
5940 2.40194e-17 4.10997e-19 2.79804e-27
5950 2.40805e-17 4.20883e-19 2.79662e-27
5960 2.41417e-17 4.31074e-19 2.79521e-27
5970 2.42031e-17 4.41575e-19 2.79381e-27
5980 2.42645e-17 4.52391e-19 2.79243e-27
5990 2.43261e-17 4.63525e-19 2.79107e-27
6000 2.43879e-17 4.74982e-19 2.78973e-27
6010 2.44497e-17 4.86766e-19 2.78839e-27
6020 2.45118e-17 4.98883e-19 2.78708e-27
6030 2.45739e-17 5.11337e-19 2.78578e-27
6040 2.46362e-17 5.24132e-19 2.78449e-27
6050 2.46986e-17 5.37273e-19 2.78323e-27
6060 2.47611e-17 5.50765e-19 2.78197e-27
6070 2.48238e-17 5.64612e-19 2.78073e-27
6080 2.48866e-17 5.7882e-19 2.77951e-27
6090 2.49496e-17 5.93392e-19 2.7783e-27
6100 2.50127e-17 6.08333e-19 2.77711e-27
6110 2.50759e-17 6.23649e-19 2.77593e-27
6120 2.51393e-17 6.39343e-19 2.77477e-27
6130 2.52028e-17 6.55422e-19 2.77362e-27
6140 2.52665e-17 6.71889e-19 2.77249e-27
6150 2.53303e-17 6.88749e-19 2.77138e-27
6160 2.53942e-17 7.06007e-19 2.77027e-27
6170 2.54583e-17 7.23668e-19 2.76919e-27
6180 2.55225e-17 7.41736e-19 2.76812e-27
6190 2.55869e-17 7.60216e-19 2.76706e-27
6200 2.56514e-17 7.79113e-19 2.76602e-27
6210 2.5716e-17 7.98432e-19 2.76499e-27
6220 2.57808e-17 8.18177e-19 2.76398e-27
6230 2.58457e-17 8.38353e-19 2.76298e-27
6240 2.59108e-17 8.58964e-19 2.762e-27
6250 2.5976e-17 8.80016e-19 2.76103e-27
6260 2.60414e-17 9.01512e-19 2.76008e-27
6270 2.61069e-17 9.23457e-19 2.75914e-27
6280 2.61726e-17 9.45855e-19 2.75822e-27
6290 2.62384e-17 9.68711e-19 2.75731e-27
6300 2.63044e-17 9.92029e-19 2.75642e-27
6310 2.63705e-17 1.01581e-18 2.75554e-27
6320 2.64368e-17 1.04007e-18 2.75468e-27
6330 2.65032e-17 1.0648e-18 2.75383e-27
6340 2.65697e-17 1.09001e-18 2.75299e-27
6350 2.66365e-17 1.1157e-18 2.75217e-27
6360 2.67033e-17 1.14188e-18 2.75136e-27
6370 2.67703e-17 1.16855e-18 2.75057e-27
6380 2.68375e-17 1.19571e-18 2.74979e-27
6390 2.69049e-17 1.22338e-18 2.74903e-27
6400 2.69723e-17 1.25154e-18 2.74828e-27
6410 2.704e-17 1.28021e-18 2.74755e-27
6420 2.71078e-17 1.30939e-18 2.74683e-27
6430 2.71757e-17 1.33908e-18 2.74613e-27
6440 2.72438e-17 1.36928e-18 2.74543e-27
6450 2.73121e-17 1.4e-18 2.74476e-27
6460 2.73805e-17 1.43124e-18 2.7441e-27
6470 2.74491e-17 1.46301e-18 2.74345e-27
6480 2.75178e-17 1.4953e-18 2.74281e-27
6490 2.75867e-17 1.52812e-18 2.7422e-27
6500 2.76558e-17 1.56148e-18 2.74159e-27
