0 0 0
10 1.07242e-09 1.06437e-11
20 1.36481e-08 1.40441e-10
30 6.19925e-08 6.56688e-10
40 1.82016e-07 1.98055e-09
50 0.0630314 4.67877e-09
60 0.00033474 9.45569e-09
70 1.45751e-06 1.71455e-08
80 2.37874e-06 2.87046e-08
90 3.65263e-06 4.52047e-08
100 5.44566e-06 6.78253e-08
110 7.92614e-06 9.78476e-08
120 0.0134656 1.36647e-07
130 1.42971e-05 1.85688e-07
140 0.121774 2.46516e-07
150 2.34927e-05 3.20756e-07
160 2.93031e-05 4.10099e-07
170 0.01495 5.16305e-07
180 4.36279e-05 6.41192e-07
190 5.22429e-05 7.86635e-07
200 0.0247288 9.54556e-07
210 7.25993e-05 1.14692e-06
220 8.44167e-05 1.36575e-06
230 0.00124642 1.61307e-06
240 0.000111487 1.89097e-06
250 0.281802 2.20155e-06
260 0.000143296 2.54695e-06
270 0.000161021 2.9293e-06
280 0.000187511 3.35078e-06
290 0.00020833 3.81357e-06
300 0.00321408 4.31984e-06
310 0.0684247 4.8718e-06
320 0.00743912 5.47165e-06
330 0.000304029 6.12158e-06
340 0.00033101 6.82379e-06
350 0.000359181 7.58047e-06
360 0.000388521 8.3938e-06
370 0.000419005 9.26596e-06
380 0.000450605 1.01991e-05
390 0.00152021 1.11954e-05
400 0.000568922 1.2257e-05
410 0.000605749 1.33859e-05
420 0.0015666 1.45843e-05
430 0.000682203 1.58542e-05
440 0.0741138 1.71977e-05
450 0.0262758 1.86168e-05
460 0.000803225 2.01135e-05
470 0.000845077 2.16898e-05
480 0.0808919 2.33475e-05
490 0.000930765 2.50886e-05
500 0.000974506 2.69149e-05
510 0.00101878 2.88283e-05
520 0.00106355 3.08306e-05
530 0.00110875 3.29236e-05
540 0.00115434 3.51089e-05
550 0.00120028 3.73882e-05
560 0.00323192 3.97632e-05
570 0.117814 4.22356e-05
580 0.0131228 4.48068e-05
590 0.00138657 4.74784e-05
600 0.00143355 5.02519e-05
610 0.00148061 5.31287e-05
620 0.00159053 5.61102e-05
630 0.00555399 5.91978e-05
640 0.00197644 6.23929e-05
650 0.00202416 6.56966e-05
660 0.00259984 6.91102e-05
670 0.0285199 7.26348e-05
680 0.00394605 7.62718e-05
690 0.00221114 8.0022e-05
700 0.00225679 8.38866e-05
710 0.00230197 8.78665e-05
720 0.00234663 9.19629e-05
730 0.00239078 9.61764e-05
740 0.00243439 0.000100508
750 0.00247744 0.000104959
760 0.0156285 0.000109529
770 0.00290272 0.00011422
780 0.00471089 0.000119032
790 0.0029963 0.000123966
800 0.00304222 0.000129022
810 0.00308754 0.000134202
820 0.00887748 0.000139505
830 0.00317634 0.000144931
840 0.00605231 0.000150483
850 0.00377046 0.000156159
860 0.00381867 0.00016196
870 0.00386628 0.000167887
880 0.0142826 0.00017394
890 0.00395964 0.000180118
900 0.00400538 0.000186423
910 0.00405048 0.000192854
920 0.00734507 0.000199412
930 0.00413869 0.000206096
940 0.00440039 0.000212907
950 0.00619547 0.000219844
960 0.00620948 0.000226908
970 0.00622304 0.000234099
980 0.00759217 0.000241415
990 0.00624877 0.000248858
1000 0.00626096 0.000256427
1010 0.00627271 0.000264121
1020 0.006284 0.000271941
1030 0.00629485 0.000279887
1040 0.00737755 0.000287957
1050 0.00631519 0.000296152
1060 0.00632468 0.000304471
1070 0.00793234 0.000312914
1080 0.0079063 0.00032148
1090 0.0078804 0.000330169
1100 0.00785464 0.00033898
1110 0.007829 0.000347913
1120 0.00780349 0.000356968
1130 0.0107656 0.000366143
1140 0.00775276 0.000375438
1150 0.00772754 0.000384853
1160 0.00770238 0.000394386
1170 0.0120177 0.000404038
1180 0.00765225 0.000413807
1190 0.00762724 0.000423692
1200 0.00760226 0.000433694
1210 0.0101963 0.00044381
1220 0.0101038 0.000454041
1230 0.010013 0.000464385
1240 0.0124524 0.000474842
1250 0.00983623 0.000485411
1260 0.00975021 0.00049609
1270 0.0152794 0.000506879
1280 0.0150409 0.000517778
1290 0.0148081 0.000528785
1300 0.0145809 0.000539898
1310 0.0143593 0.000551118
1320 0.0141623 0.000562444
1330 0.0148444 0.000573873
1340 0.0146391 0.000585406
1350 0.0144388 0.00059704
1360 0.0142434 0.000608776
1370 0.0140527 0.000620612
1380 0.0140144 0.000632547
1390 0.0138305 0.00064458
1400 0.013651 0.00065671
1410 0.0165545 0.000668936
1420 0.0159087 0.000681256
1430 0.0131373 0.000693669
1440 0.012974 0.000706175
1450 0.0128145 0.000718773
1460 0.0126587 0.00073146
1470 0.0125064 0.000744236
1480 0.0123576 0.0007571
1490 0.0122121 0.000770051
1500 0.0139395 0.000783087
1510 0.0119308 0.000796208
1520 0.0118056 0.000809411
1530 0.0116723 0.000822697
1540 0.0115419 0.000836063
1550 0.0114143 0.000849508
1560 0.0112895 0.000863032
1570 0.0111673 0.000876633
1580 0.0110477 0.00089031
1590 0.0109306 0.000904061
1600 0.010816 0.000917886
1610 0.0107037 0.000931783
1620 0.0105937 0.000945751
1630 0.010486 0.000959789
1640 0.0103804 0.000973896
1650 0.0102769 0.00098807
1660 0.0101754 0.00100231
1670 0.0100759 0.00101661
1680 0.00997837 0.00103098
1690 0.00988265 0.00104541
1700 0.00978874 0.00105991
1710 0.00969658 0.00107446
1720 0.00960612 0.00108907
1730 0.0095173 0.00110374
1740 0.00943009 0.00111846
1750 0.00934443 0.00113324
1760 0.00926028 0.00114808
1770 0.00917759 0.00116296
1780 0.00909633 0.0011779
1790 0.00901645 0.00119289
1800 0.00893792 0.00120793
1810 0.00886069 0.00122301
1820 0.00878473 0.00123814
1830 0.00871001 0.00125332
1840 0.0086365 0.00126854
1850 0.00856415 0.0012838
1860 0.00849294 0.00129911
1870 0.00842284 0.00131446
1880 0.00835383 0.00132984
1890 0.00828587 0.00134527
1900 0.00821894 0.00136073
1910 0.00815302 0.00137622
1920 0.00808808 0.00139176
1930 0.00802409 0.00140732
1940 0.00796105 0.00142292
1950 0.00789892 0.00143855
1960 0.00783769 0.00145421
1970 0.00777734 0.00146989
1980 0.00771785 0.00148561
1990 0.0076592 0.00150135
2000 0.00760139 0.00151711
2010 0.00754438 0.0015329
2020 0.00748818 0.00154872
2030 0.00743275 0.00156455
2040 0.0073781 0.00158041
2050 0.00732421 0.00159628
2060 0.00727106 0.00161217
2070 0.00721865 0.00162808
2080 0.00716695 0.00164401
2090 0.00711598 0.00165995
2100 0.0070657 0.0016759
2110 0.00701612 0.00169187
2120 0.00696721 0.00170785
2130 0.00691899 0.00172383
2140 0.00687142 0.00173983
2150 0.00682452 0.00175583
2160 0.00677826 0.00177185
2170 0.00673264 0.00178786
2180 0.00668766 0.00180388
2190 0.0066433 0.00181991
2200 0.00659955 0.00183593
2210 0.00655642 0.00185196
2220 0.00651389 0.00186798
2230 0.00647196 0.00188401
2240 0.00643062 0.00190003
2250 0.00638986 0.00191605
2260 0.00634968 0.00193206
2270 0.00631007 0.00194807
2280 0.00627103 0.00196406
2290 0.00623254 0.00198005
2300 0.0061946 0.00199604
2310 0.00615721 0.002012
2320 0.00612036 0.00202796
2330 0.00608405 0.00204391
2340 0.00604826 0.00205984
2350 0.00601299 0.00207575
2360 0.00597824 0.00209165
2370 0.00594399 0.00210752
2380 0.00591025 0.00212338
2390 0.00587701 0.00213922
2400 0.00584426 0.00215504
2410 0.005812 0.00217083
2420 0.00578021 0.0021866
2430 0.00574891 0.00220234
2440 0.00571807 0.00221806
2450 0.00568769 0.00223375
2460 0.00565777 0.00224941
2470 0.0056283 0.00226504
2480 0.00559928 0.00228063
2490 0.00557069 0.0022962
2500 0.00554254 0.00231173
2510 0.00551482 0.00232722
2520 0.00548752 0.00234268
2530 0.00546064 0.0023581
2540 0.00543418 0.00237347
2550 0.00540811 0.00238881
2560 0.00538245 0.00240411
2570 0.00535718 0.00241936
2580 0.00533231 0.00243457
2590 0.00530781 0.00244973
2600 0.0052837 0.00246485
2610 0.00525996 0.00247991
2620 0.00523659 0.00249493
2630 0.00521357 0.00250989
2640 0.00519092 0.0025248
2650 0.00516862 0.00253966
2660 0.00514667 0.00255446
2670 0.00512505 0.00256921
2680 0.00510378 0.0025839
2690 0.00508283 0.00259852
2700 0.00506222 0.00261309
2710 0.00504192 0.00262759
2720 0.00502194 0.00264203
2730 0.00500227 0.00265641
2740 0.00498291 0.00267072
2750 0.00496385 0.00268496
2760 0.00494509 0.00269913
2770 0.00492662 0.00271323
2780 0.00490844 0.00272726
2790 0.00489054 0.00274122
2800 0.00487291 0.0027551
2810 0.00485556 0.0027689
2820 0.00483849 0.00278263
2830 0.00482167 0.00279628
2840 0.00480512 0.00280984
2850 0.00478882 0.00282333
2860 0.00477277 0.00283673
2870 0.00475697 0.00285005
2880 0.00474141 0.00286328
2890 0.00472609 0.00287642
2900 0.00471101 0.00288947
2910 0.00469615 0.00290244
2920 0.00468152 0.00291531
2930 0.00466711 0.00292809
2940 0.00465292 0.00294077
2950 0.00463895 0.00295336
2960 0.00462518 0.00296585
2970 0.00461162 0.00297824
2980 0.00459826 0.00299053
2990 0.0045851 0.00300271
3000 0.00457213 0.0030148
3010 0.00455936 0.00302678
3020 0.00454677 0.00303865
3030 0.00453436 0.00305042
3040 0.00452213 0.00306208
3050 0.00451008 0.00307363
3060 0.0044982 0.00308506
3070 0.00448649 0.00309639
3080 0.00447494 0.00310759
3090 0.00446355 0.00311869
3100 0.00445232 0.00312966
3110 0.00444125 0.00314052
3120 0.00443032 0.00315126
3130 0.00441955 0.00316188
3140 0.00440891 0.00317237
3150 0.00439842 0.00318274
3160 0.00438806 0.00319299
3170 0.00437784 0.0032031
3180 0.00436775 0.00321309
3190 0.00435778 0.00322296
3200 0.00434794 0.00323269
3210 0.00433822 0.00324229
3220 0.00432861 0.00325175
3230 0.00431912 0.00326109
3240 0.00430974 0.00327028
3250 0.00430047 0.00327934
3260 0.0042913 0.00328827
3270 0.00428223 0.00329705
3280 0.00427326 0.00330569
3290 0.00426439 0.00331419
3300 0.00425561 0.00332255
3310 0.00424692 0.00333076
3320 0.00423831 0.00333883
3330 0.00422979 0.00334675
3340 0.00422134 0.00335452
3350 0.00421297 0.00336214
3360 0.00420468 0.00336962
3370 0.00419645 0.00337694
3380 0.0041883 0.00338411
3390 0.0041802 0.00339112
3400 0.00417217 0.00339798
3410 0.0041642 0.00340468
3420 0.00415629 0.00341123
3430 0.00414842 0.00341762
3440 0.00414061 0.00342384
3450 0.00413284 0.00342991
3460 0.00412512 0.00343581
3470 0.00411743 0.00344155
3480 0.00410979 0.00344713
3490 0.00410217 0.00345254
3500 0.0040946 0.00345778
3510 0.00408704 0.00346286
3520 0.00407952 0.00346776
3530 0.00407202 0.0034725
3540 0.00406454 0.00347706
3550 0.00405707 0.00348145
3560 0.00404962 0.00348567
3570 0.00404218 0.00348971
3580 0.00403475 0.00349357
3590 0.00402732 0.00349726
3600 0.00401989 0.00350077
3610 0.00401247 0.0035041
3620 0.00400504 0.00350724
3630 0.0039976 0.00351021
3640 0.00399015 0.00351299
3650 0.00398269 0.00351558
3660 0.00397521 0.00351799
3670 0.00396771 0.00352021
3680 0.00396019 0.00352224
3690 0.00395264 0.00352408
3700 0.00394506 0.00352572
3710 0.00393746 0.00352718
3720 0.00392981 0.00352844
3730 0.00392213 0.0035295
3740 0.0039144 0.00353037
3750 0.00390663 0.00353103
3760 0.00389881 0.0035315
3770 0.00389094 0.00353176
3780 0.00388302 0.00353182
3790 0.00387503 0.00353167
3800 0.00386699 0.00353132
3810 0.00385887 0.00353075
3820 0.00385069 0.00352998
3830 0.00384244 0.003529
3840 0.00383411 0.0035278
3850 0.0038257 0.00352638
3860 0.00381721 0.00352475
3870 0.00380863 0.0035229
3880 0.00379996 0.00352082
3890 0.0037912 0.00351853
3900 0.00378234 0.003516
3910 0.00377337 0.00351325
3920 0.00376431 0.00351028
3930 0.00375513 0.00350707
3940 0.00374584 0.00350362
3950 0.00373644 0.00349994
3960 0.00372691 0.00349603
3970 0.00371726 0.00349187
3980 0.00370748 0.00348747
3990 0.00369757 0.00348283
4000 0.00368752 0.00347794
4010 0.00367733 0.0034728
4020 0.003667 0.00346741
4030 0.00365652 0.00346177
4040 0.00364588 0.00345587
4050 0.00363509 0.00344971
4060 0.00362414 0.00344329
4070 0.00361303 0.00343661
4080 0.00360174 0.00342966
4090 0.00359028 0.00342244
4100 0.00357865 0.00341495
4110 0.00356683 0.00340719
4120 0.00355483 0.00339915
4130 0.00354264 0.00339083
4140 0.00353025 0.00338223
4150 0.00351767 0.00337334
4160 0.00350488 0.00336417
4170 0.00349189 0.00335471
4180 0.00347868 0.00334496
4190 0.00346526 0.00333491
4200 0.00345163 0.00332457
4210 0.00343777 0.00331392
4220 0.00342368 0.00330298
4230 0.00340937 0.00329173
4240 0.00339482 0.00328017
4250 0.00338003 0.0032683
4260 0.003365 0.00325613
4270 0.00334973 0.00324364
4280 0.00333421 0.00323083
4290 0.00331843 0.00321771
4300 0.0033024 0.00320426
4310 0.00328612 0.0031905
4320 0.00326957 0.00317641
4330 0.00325275 0.003162
4340 0.00323567 0.00314726
4350 0.00321832 0.0031322
4360 0.0032007 0.0031168
4370 0.00318281 0.00310108
4380 0.00316463 0.00308502
4390 0.00314618 0.00306864
4400 0.00312745 0.00305192
4410 0.00310844 0.00303487
4420 0.00308914 0.00301749
4430 0.00306956 0.00299978
4440 0.0030497 0.00298173
4450 0.00302955 0.00296336
4460 0.00300912 0.00294465
4470 0.00298839 0.00292562
4480 0.00296739 0.00290625
4490 0.0029461 0.00288656
4500 0.00292452 0.00286655
4510 0.00290266 0.00284621
4520 0.00288053 0.00282555
4530 0.00285811 0.00280458
4540 0.00283541 0.00278329
4550 0.00281244 0.00276169
4560 0.00278919 0.00273979
4570 0.00276568 0.00271758
4580 0.0027419 0.00269507
4590 0.00271786 0.00267227
4600 0.00269356 0.00264917
4610 0.00266901 0.0026258
4620 0.00264421 0.00260215
4630 0.00261917 0.00257822
4640 0.00259389 0.00255404
4650 0.00256838 0.00252959
4660 0.00254264 0.00250489
4670 0.00251669 0.00247995
4680 0.00249052 0.00245477
4690 0.00246416 0.00242936
4700 0.00243759 0.00240374
4710 0.00241084 0.0023779
4720 0.00238391 0.00235186
4730 0.00235681 0.00232564
4740 0.00232956 0.00229923
4750 0.00230214 0.00227264
4760 0.00227459 0.0022459
4770 0.00224691 0.00221901
4780 0.00221911 0.00219197
4790 0.00219119 0.00216481
4800 0.00216318 0.00213753
4810 0.00213507 0.00211014
4820 0.00210689 0.00208266
4830 0.00207865 0.00205509
4840 0.00205035 0.00202746
4850 0.00202201 0.00199977
4860 0.00199363 0.00197203
4870 0.00196524 0.00194426
4880 0.00193685 0.00191647
4890 0.00190845 0.00188866
4900 0.00188008 0.00186087
4910 0.00185174 0.00183309
4920 0.00182344 0.00180534
4930 0.00179519 0.00177763
4940 0.00176701 0.00174997
4950 0.00173891 0.00172238
4960 0.0017109 0.00169487
4970 0.00168299 0.00166745
4980 0.0016552 0.00164014
4990 0.00162754 0.00161293
5000 0.00160001 0.00158586
5010 0.00157263 0.00155892
5020 0.00154541 0.00153214
5030 0.00151837 0.00150551
5040 0.0014915 0.00147906
5050 0.00146483 0.00145278
5060 0.00143836 0.0014267
5070 0.0014121 0.00140082
5080 0.00138606 0.00137516
5090 1.05438e-05 0
5100 0.00567495 0.00566476
5110 9.84911e-06 0
5120 9.51532e-06 0
5130 9.19032e-06 0
5140 8.87396e-06 0
5150 8.56608e-06 0
5160 8.26652e-06 0
5170 7.97512e-06 0
5180 9.88292e-05 9.11375e-05
5190 0.00612219 0.00611478
5200 7.14844e-06 0
5210 6.88821e-06 0
5220 6.63541e-06 0
5230 6.38989e-06 0
5240 6.15151e-06 0
5250 5.92012e-06 0
5260 5.69559e-06 0
5270 5.47778e-06 0
5280 5.26655e-06 0
5290 5.06177e-06 0
5300 4.8633e-06 0
5310 4.671e-06 0
5320 4.48475e-06 0
5330 4.30442e-06 0
5340 4.12987e-06 0
5350 3.96098e-06 0
5360 3.79762e-06 0
5370 3.63967e-06 0
5380 3.48699e-06 0
5390 3.33948e-06 0
5400 3.197e-06 0
5410 3.05943e-06 0
5420 2.92666e-06 0
5430 2.79857e-06 0
5440 2.67504e-06 0
5450 2.55596e-06 0
5460 2.4412e-06 0
5470 0.0077075 0.00770517
5480 2.22424e-06 0
5490 2.1218e-06 0
5500 2.02325e-06 0
5510 1.92848e-06 0
5520 1.83738e-06 0
5530 1.74985e-06 0
5540 1.66578e-06 0
5550 1.58507e-06 0
5560 1.50762e-06 0
5570 1.43332e-06 0
5580 1.36209e-06 0
5590 1.29382e-06 0
5600 1.22841e-06 0
5610 1.16578e-06 0
5620 1.10584e-06 0
5630 1.04848e-06 0
5640 9.93623e-07 0
5650 9.41181e-07 0
5660 8.91066e-07 0
5670 8.43194e-07 0
5680 7.97483e-07 0
5690 7.53852e-07 0
5700 7.12222e-07 0
5710 6.72515e-07 0
5720 0.00939907 0.00939844
5730 5.98574e-07 0
5740 5.64194e-07 0
5750 5.31449e-07 0
5760 5.00271e-07 0
5770 4.70594e-07 0
5780 4.42356e-07 0
5790 4.15495e-07 0
5800 3.89954e-07 0
5810 3.65675e-07 0
5820 3.42606e-07 0
5830 3.20694e-07 0
5840 0.000187043 0.000186743
5850 2.80148e-07 0
5860 2.61424e-07 0
5870 2.43675e-07 0
5880 2.2686e-07 0
5890 2.10939e-07 0
5900 1.95876e-07 0
5910 1.81633e-07 0
5920 1.68177e-07 0
5930 0.000185273 0.000185117
5940 1.43498e-07 0
5950 1.32216e-07 0
5960 1.216e-07 0
5970 1.11624e-07 0
5980 1.0226e-07 0
5990 9.3483e-08 0
6000 8.52684e-08 0
6010 7.75919e-08 0
6020 4.88036e-05 4.87332e-05
6030 0.0119158 0.0119157
6040 5.75649e-08 0
6050 5.18182e-08 0
6060 4.65012e-08 0
6070 4.15935e-08 0
6080 3.70749e-08 0
6090 3.29257e-08 0
6100 2.91265e-08 0
6110 2.56584e-08 0
6120 2.25027e-08 0
6130 1.96412e-08 0
6140 1.70561e-08 0
6150 1.47301e-08 0
6160 1.2646e-08 0
6170 1.07876e-08 0
6180 9.13857e-09 0
6190 7.68345e-09 0
6200 6.40704e-09 0
6210 5.29469e-09 0
6220 4.33224e-09 0
6230 3.50605e-09 0
6240 2.80301e-09 0
6250 2.21057e-09 0
6260 1.71677e-09 0
6270 1.31024e-09 0
6280 9.80236e-10 0
6290 7.16642e-10 0
6300 5.10025e-10 0
6310 3.51622e-10 0
6320 2.33348e-10 0
6330 1.47814e-10 0
6340 8.83517e-11 0
6350 0.0150831 0.0150831
6360 2.47179e-11 0
6370 1.10013e-11 0
6380 4.23702e-12 0
6390 1.52867e-12 0
6400 7.53407e-13 0
6410 6.5755e-05 6.5755e-05
6420 4.77251e-13 0
6430 3.87831e-13 0
6440 3.11362e-13 0
6450 2.46395e-13 0
6460 1.91669e-13 0
6470 1.46129e-13 0
6480 1.08839e-13 0
6490 7.88757e-14 0
6500 5.53326e-14 0
6510 3.73214e-14 0
6520 2.39832e-14 0
6530 1.44975e-14 0
6540 8.09187e-15 0
6550 4.05281e-15 0
6560 1.73698e-15 0
6570 5.83448e-16 0
6580 1.26576e-16 0
6590 9.77187e-18 0
6600 2.06381e-05 2.06381e-05
