0 0 0
10 1.07588e-09 1.09194e-11
20 1.37672e-08 1.4408e-10
30 6.25638e-08 6.73708e-10
40 1.83726e-07 2.03189e-09
50 0.0638064 4.80008e-09
60 0.000314732 9.70091e-09
70 1.47173e-06 1.75902e-08
80 2.4022e-06 2.94494e-08
90 3.68904e-06 4.63778e-08
100 5.50143e-06 6.95859e-08
110 8.00514e-06 1.00388e-07
120 0.0132989 1.40196e-07
130 1.44424e-05 1.90511e-07
140 0.122116 2.52921e-07
150 2.3736e-05 3.29091e-07
160 2.96093e-05 4.20758e-07
170 0.0147542 5.29728e-07
180 4.40915e-05 6.57866e-07
190 5.28024e-05 8.07096e-07
200 0.0243815 9.7939e-07
210 7.33885e-05 1.17677e-06
220 8.53408e-05 1.40129e-06
230 0.00125196 1.65506e-06
240 0.000112723 1.94021e-06
250 0.279898 2.2589e-06
260 0.000144904 2.6133e-06
270 0.000162837 3.00564e-06
280 0.000189526 3.43812e-06
290 0.00021058 3.91299e-06
300 0.00322279 4.43249e-06
310 0.0676836 4.99888e-06
320 0.00744874 5.61441e-06
330 0.00030737 6.28133e-06
340 0.00033466 7.00191e-06
350 0.000363154 7.77839e-06
360 0.000392831 8.61301e-06
370 0.000423664 9.50801e-06
380 0.000455627 1.04656e-05
390 0.0015359 1.1488e-05
400 0.000574583 1.25774e-05
410 0.000611787 1.37359e-05
420 0.00157494 1.49657e-05
430 0.000689018 1.6269e-05
440 0.074826 1.76477e-05
450 0.0259343 1.91041e-05
460 0.000811258 2.06401e-05
470 0.000853525 2.22577e-05
480 0.0821053 2.3959e-05
490 0.000940053 2.57459e-05
500 0.000984217 2.76203e-05
510 0.00102892 2.9584e-05
520 0.0010741 3.1639e-05
530 0.00111973 3.3787e-05
540 0.00116574 3.60299e-05
550 0.0012121 3.83692e-05
560 0.00324968 4.08069e-05
570 0.117596 4.33444e-05
580 0.013256 4.59834e-05
590 0.00139999 4.87255e-05
600 0.00144735 5.15722e-05
610 0.00149479 5.45249e-05
620 0.00160447 5.75852e-05
630 0.00557642 6.07544e-05
640 0.00199073 6.40338e-05
650 0.00203869 6.74249e-05
660 0.00259925 7.09288e-05
670 0.0289323 7.45467e-05
680 0.00396814 7.82799e-05
690 0.00222648 8.21294e-05
700 0.0022723 8.60964e-05
710 0.00231763 9.01818e-05
720 0.00236243 9.43867e-05
730 0.00240669 9.8712e-05
740 0.0024504 0.000103159
750 0.00249354 0.000107727
760 0.0158182 0.000112419
770 0.00292493 0.000117235
780 0.00468217 0.000122175
790 0.00301892 0.00012724
800 0.00306502 0.00013243
810 0.0031105 0.000137748
820 0.00892295 0.000143192
830 0.00319959 0.000148763
840 0.00612439 0.000154462
850 0.00380364 0.00016029
860 0.00385216 0.000166246
870 0.00390006 0.00017233
880 0.0143402 0.000178545
890 0.00399398 0.000184888
900 0.00403997 0.000191361
910 0.00408529 0.000197964
920 0.00741988 0.000204697
930 0.00417391 0.00021156
940 0.00443777 0.000218553
950 0.00622954 0.000225676
960 0.0062434 0.000232929
970 0.00625679 0.000240312
980 0.00758638 0.000247825
990 0.0062822 0.000255467
1000 0.00629422 0.000263239
1010 0.0063058 0.00027114
1020 0.00631692 0.00027917
1030 0.00632758 0.000287328
1040 0.00743114 0.000295616
1050 0.00634755 0.000304031
1060 0.00635684 0.000312573
1070 0.00795892 0.000321243
1080 0.00793237 0.00033004
1090 0.00790597 0.000338963
1100 0.00787972 0.000348012
1110 0.0078536 0.000357186
1120 0.0078276 0.000366485
1130 0.0108009 0.000375907
1140 0.00777592 0.000385454
1150 0.00775021 0.000395123
1160 0.00772459 0.000404914
1170 0.0120463 0.000414826
1180 0.0076735 0.000424859
1190 0.00764802 0.000435012
1200 0.00762256 0.000445284
1210 0.0102073 0.000455675
1220 0.0101139 0.000466183
1230 0.0100222 0.000476808
1240 0.0124984 0.000487548
1250 0.00984368 0.000498404
1260 0.00975683 0.000509373
1270 0.015274 0.000520456
1280 0.0150335 0.000531651
1290 0.0147989 0.000542957
1300 0.01457 0.000554373
1310 0.0143466 0.000565899
1320 0.0141472 0.000577532
1330 0.0148357 0.000589273
1340 0.0146292 0.000601121
1350 0.0144278 0.000613073
1360 0.0142313 0.000625129
1370 0.0140395 0.000637289
1380 0.013995 0.00064955
1390 0.0138102 0.000661912
1400 0.0136298 0.000674374
1410 0.0165855 0.000686934
1420 0.0158903 0.000699592
1430 0.013114 0.000712346
1440 0.0129501 0.000725195
1450 0.0127899 0.000738138
1460 0.0126335 0.000751173
1470 0.0124807 0.000764301
1480 0.0123314 0.000777518
1490 0.0121854 0.000790825
1500 0.0139491 0.00080422
1510 0.0119034 0.000817702
1520 0.0117777 0.000831269
1530 0.0116441 0.000844921
1540 0.0115133 0.000858656
1550 0.0113854 0.000872473
1560 0.0112603 0.00088637
1570 0.0111378 0.000900347
1580 0.011018 0.000914402
1590 0.0109007 0.000928534
1600 0.0107858 0.000942742
1610 0.0106733 0.000957024
1620 0.0105631 0.000971379
1630 0.0104552 0.000985807
1640 0.0103494 0.0010003
1650 0.0102458 0.00101487
1660 0.0101441 0.00102951
1670 0.0100445 0.00104421
1680 0.00994678 0.00105898
1690 0.00985093 0.00107381
1700 0.00975689 0.00108871
1710 0.00966461 0.00110367
1720 0.00957403 0.00111868
1730 0.0094851 0.00113376
1740 0.00939778 0.0011489
1750 0.00931202 0.00116409
1760 0.00922776 0.00117934
1770 0.00914498 0.00119464
1780 0.00906362 0.00121
1790 0.00898364 0.00122541
1800 0.00890502 0.00124087
1810 0.0088277 0.00125638
1820 0.00875165 0.00127193
1830 0.00867684 0.00128754
1840 0.00860323 0.00130319
1850 0.00853079 0.00131888
1860 0.0084595 0.00133462
1870 0.00838931 0.0013504
1880 0.00832021 0.00136622
1890 0.00825217 0.00138207
1900 0.00818515 0.00139797
1910 0.00811914 0.00141391
1920 0.00805412 0.00142988
1930 0.00799005 0.00144588
1940 0.00792692 0.00146192
1950 0.00786471 0.00147799
1960 0.0078034 0.0014941
1970 0.00774297 0.00151023
1980 0.0076834 0.00152639
1990 0.00762468 0.00154258
2000 0.00756678 0.00155879
2010 0.0075097 0.00157503
2020 0.00745342 0.00159129
2030 0.00739793 0.00160758
2040 0.00734321 0.00162389
2050 0.00728925 0.00164021
2060 0.00723604 0.00165656
2070 0.00718357 0.00167293
2080 0.00713182 0.00168931
2090 0.00708079 0.0017057
2100 0.00703046 0.00172211
2110 0.00698083 0.00173854
2120 0.00693189 0.00175497
2130 0.00688363 0.00177142
2140 0.00683603 0.00178787
2150 0.0067891 0.00180434
2160 0.00674282 0.00182081
2170 0.00669719 0.00183729
2180 0.0066522 0.00185377
2190 0.00660783 0.00187025
2200 0.0065641 0.00188674
2210 0.00652098 0.00190323
2220 0.00647847 0.00191972
2230 0.00643656 0.00193621
2240 0.00639525 0.00195269
2250 0.00635453 0.00196917
2260 0.0063144 0.00198565
2270 0.00627485 0.00200212
2280 0.00623587 0.00201858
2290 0.00619745 0.00203503
2300 0.0061596 0.00205148
2310 0.0061223 0.00206791
2320 0.00608555 0.00208433
2330 0.00604934 0.00210074
2340 0.00601367 0.00211713
2350 0.00597853 0.00213351
2360 0.00594392 0.00214986
2370 0.00590983 0.0021662
2380 0.00587625 0.00218253
2390 0.00584317 0.00219883
2400 0.0058106 0.0022151
2410 0.00577853 0.00223136
2420 0.00574695 0.00224759
2430 0.00571585 0.00226379
2440 0.00568524 0.00227996
2450 0.00565509 0.00229611
2460 0.00562542 0.00231223
2470 0.00559621 0.00232831
2480 0.00556745 0.00234437
2490 0.00553915 0.00236038
2500 0.00551129 0.00237637
2510 0.00548387 0.00239231
2520 0.00545689 0.00240822
2530 0.00543033 0.00242409
2540 0.0054042 0.00243992
2550 0.00537849 0.00245571
2560 0.00535318 0.00247145
2570 0.00532829 0.00248715
2580 0.0053038 0.0025028
2590 0.0052797 0.00251841
2600 0.00525599 0.00253397
2610 0.00523267 0.00254947
2620 0.00520973 0.00256493
2630 0.00518716 0.00258033
2640 0.00516496 0.00259568
2650 0.00514312 0.00261097
2660 0.00512164 0.0026262
2670 0.00510052 0.00264138
2680 0.00507974 0.00265649
2690 0.0050593 0.00267155
2700 0.00503921 0.00268654
2710 0.00501944 0.00270146
2720 0.005 0.00271632
2730 0.00498089 0.00273112
2740 0.00496209 0.00274584
2750 0.0049436 0.00276049
2760 0.00492542 0.00277508
2770 0.00490755 0.00278958
2780 0.00488997 0.00280402
2790 0.00487268 0.00281837
2800 0.00485568 0.00283265
2810 0.00483897 0.00284685
2820 0.00482253 0.00286097
2830 0.00480637 0.00287501
2840 0.00479047 0.00288897
2850 0.00477484 0.00290283
2860 0.00475948 0.00291662
2870 0.00474436 0.00293031
2880 0.0047295 0.00294391
2890 0.00471488 0.00295742
2900 0.00470051 0.00297084
2910 0.00468637 0.00298417
2920 0.00467247 0.0029974
2930 0.00465879 0.00301053
2940 0.00464534 0.00302356
2950 0.00463211 0.00303649
2960 0.00461909 0.00304932
2970 0.00460629 0.00306205
2980 0.0045937 0.00307467
2990 0.00458131 0.00308719
3000 0.00456911 0.00309959
3010 0.00455712 0.00311189
3020 0.00454531 0.00312408
3030 0.00453369 0.00313615
3040 0.00452226 0.00314811
3050 0.004511 0.00315995
3060 0.00449992 0.00317168
3070 0.00448901 0.00318329
3080 0.00447827 0.00319478
3090 0.00446769 0.00320614
3100 0.00445727 0.00321738
3110 0.00444701 0.0032285
3120 0.00443689 0.00323949
3130 0.00442693 0.00325036
3140 0.00441711 0.00326109
3150 0.00440743 0.00327169
3160 0.00439789 0.00328216
3170 0.00438848 0.0032925
3180 0.0043792 0.0033027
3190 0.00437005 0.00331277
3200 0.00436102 0.00332269
3210 0.00435211 0.00333248
3220 0.00434331 0.00334213
3230 0.00433462 0.00335163
3240 0.00432604 0.00336099
3250 0.00431757 0.0033702
3260 0.00430919 0.00337927
3270 0.00430091 0.00338818
3280 0.00429273 0.00339695
3290 0.00428463 0.00340557
3300 0.00427662 0.00341403
3310 0.0042687 0.00342234
3320 0.00426085 0.00343049
3330 0.00425308 0.00343849
3340 0.00424538 0.00344632
3350 0.00423775 0.003454
3360 0.00423018 0.00346151
3370 0.00422268 0.00346886
3380 0.00421523 0.00347605
3390 0.00420784 0.00348307
3400 0.0042005 0.00348992
3410 0.00419321 0.0034966
3420 0.00418596 0.00350312
3430 0.00417875 0.00350946
3440 0.00417158 0.00351562
3450 0.00416444 0.00352162
3460 0.00415733 0.00352743
3470 0.00415025 0.00353307
3480 0.00414319 0.00353853
3490 0.00413615 0.0035438
3500 0.00412913 0.0035489
3510 0.00412212 0.00355381
3520 0.00411512 0.00355853
3530 0.00410813 0.00356307
3540 0.00410113 0.00356741
3550 0.00409414 0.00357157
3560 0.00408714 0.00357554
3570 0.00408013 0.00357931
3580 0.00407311 0.00358289
3590 0.00406607 0.00358626
3600 0.00405902 0.00358945
3610 0.00405194 0.00359243
3620 0.00404483 0.0035952
3630 0.00403769 0.00359778
3640 0.00403052 0.00360015
3650 0.00402331 0.00360231
3660 0.00401606 0.00360427
3670 0.00400877 0.00360601
3680 0.00400142 0.00360754
3690 0.00399402 0.00360885
3700 0.00398657 0.00360995
3710 0.00397905 0.00361083
3720 0.00397147 0.00361149
3730 0.00396382 0.00361193
3740 0.0039561 0.00361215
3750 0.0039483 0.00361213
3760 0.00394042 0.00361189
3770 0.00393246 0.00361142
3780 0.00392441 0.00361072
3790 0.00391626 0.00360978
3800 0.00390802 0.00360861
3810 0.00389968 0.00360719
3820 0.00389123 0.00360554
3830 0.00388268 0.00360364
3840 0.00387401 0.00360149
3850 0.00386522 0.0035991
3860 0.00385632 0.00359645
3870 0.00384728 0.00359356
3880 0.00383812 0.0035904
3890 0.00382882 0.00358699
3900 0.00381939 0.00358332
3910 0.00380981 0.00357938
3920 0.00380008 0.00357518
3930 0.0037902 0.00357071
3940 0.00378016 0.00356597
3950 0.00376996 0.00356096
3960 0.0037596 0.00355567
3970 0.00374907 0.0035501
3980 0.00373836 0.00354424
3990 0.00372747 0.00353811
4000 0.0037164 0.00353168
4010 0.00370514 0.00352497
4020 0.00369369 0.00351796
4030 0.00368204 0.00351066
4040 0.00367019 0.00350306
4050 0.00365814 0.00349515
4060 0.00364587 0.00348694
4070 0.00363339 0.00347843
4080 0.00362069 0.00346961
4090 0.00360776 0.00346047
4100 0.00359461 0.00345101
4110 0.00358122 0.00344124
4120 0.0035676 0.00343115
4130 0.00355374 0.00342074
4140 0.00353963 0.00340999
4150 0.00352527 0.00339892
4160 0.00351066 0.00338752
4170 0.00349579 0.00337579
4180 0.00348065 0.00336372
4190 0.00346526 0.00335131
4200 0.00344959 0.00333856
4210 0.00343365 0.00332546
4220 0.00341744 0.00331203
4230 0.00340095 0.00329824
4240 0.00338417 0.00328411
4250 0.00336711 0.00326963
4260 0.00334976 0.00325479
4270 0.00333212 0.00323961
4280 0.00331419 0.00322407
4290 0.00329596 0.00320817
4300 0.00327743 0.00319192
4310 0.0032586 0.00317531
4320 0.00323947 0.00315835
4330 0.00322004 0.00314102
4340 0.0032003 0.00312334
4350 0.00318026 0.00310531
4360 0.00315991 0.00308692
4370 0.00313926 0.00306817
4380 0.00311829 0.00304906
4390 0.00309703 0.00302961
4400 0.00307545 0.0030098
4410 0.00305357 0.00298964
4420 0.00303138 0.00296913
4430 0.00300889 0.00294828
4440 0.0029861 0.00292708
4450 0.00296301 0.00290555
4460 0.00293962 0.00288367
4470 0.00291594 0.00286147
4480 0.00289196 0.00283894
4490 0.0028677 0.00281608
4500 0.00284315 0.0027929
4510 0.00281833 0.00276941
4520 0.00279323 0.00274561
4530 0.00276785 0.0027215
4540 0.00274222 0.0026971
4550 0.00271632 0.00267241
4560 0.00269017 0.00264744
4570 0.00266378 0.00262219
4580 0.00263714 0.00259667
4590 0.00261027 0.0025709
4600 0.00258318 0.00254487
4610 0.00255587 0.0025186
4620 0.00252836 0.00249209
4630 0.00250064 0.00246537
4640 0.00247274 0.00243842
4650 0.00244465 0.00241128
4660 0.0024164 0.00238394
4670 0.00238798 0.00235641
4680 0.00235941 0.00232872
4690 0.0023307 0.00230086
4700 0.00230187 0.00227285
4710 0.00227291 0.00224471
4720 0.00224385 0.00221644
4730 0.0022147 0.00218806
4740 0.00218547 0.00215958
4750 0.00215616 0.00213101
4760 0.0021268 0.00210236
4770 0.00209739 0.00207365
4780 0.00206794 0.0020449
4790 0.00203848 0.0020161
4800 0.00200901 0.00198728
4810 0.00197954 0.00195845
4820 0.0019501 0.00192963
4830 0.00192068 0.00190082
4840 0.00189131 0.00187204
4850 0.00186199 0.0018433
4860 0.00183274 0.00181461
4870 0.00180357 0.001786
4880 0.0017745 0.00175746
4890 0.00174554 0.00172902
4900 0.00171669 0.00170068
4910 0.00168797 0.00167247
4920 0.0016594 0.00164438
4930 0.00163098 0.00161644
4940 0.00160273 0.00158865
4950 0.00157465 0.00156102
4960 0.00154676 0.00153357
4970 0.00151907 0.00150631
4980 0.0014916 0.00147925
4990 0.00146434 0.0014524
5000 1.15367e-05 0
5010 0.00591927 0.00590812
5020 1.07729e-05 0
5030 1.0406e-05 0
5040 1.00489e-05 0
5050 9.70127e-06 0
5060 9.36308e-06 0
5070 9.0341e-06 0
5080 8.71416e-06 0
5090 0.000120355 0.000111952
5100 0.00639267 0.00638457
5110 7.80686e-06 0
5120 7.52139e-06 0
5130 7.24411e-06 0
5140 6.97488e-06 0
5150 6.71354e-06 0
5160 6.45991e-06 0
5170 6.21386e-06 0
5180 5.97521e-06 0
5190 5.74383e-06 0
5200 5.51955e-06 0
5210 5.30223e-06 0
5220 5.09171e-06 0
5230 4.88786e-06 0
5240 4.69052e-06 0
5250 4.49955e-06 0
5260 4.31481e-06 0
5270 4.13615e-06 0
5280 3.96344e-06 0
5290 3.79654e-06 0
5300 3.63531e-06 0
5310 3.47961e-06 0
5320 3.32931e-06 0
5330 3.18428e-06 0
5340 3.04439e-06 0
5350 2.90951e-06 0
5360 2.7795e-06 0
5370 2.65425e-06 0
5380 0.00807335 0.00807082
5390 2.4175e-06 0
5400 2.30576e-06 0
5410 2.19828e-06 0
5420 2.09494e-06 0
5430 1.99562e-06 0
5440 1.90021e-06 0
5450 1.80859e-06 0
5460 1.72065e-06 0
5470 1.63627e-06 0
5480 1.55536e-06 0
5490 1.47779e-06 0
5500 1.40346e-06 0
5510 1.33227e-06 0
5520 1.26411e-06 0
5530 1.19888e-06 0
5540 1.13649e-06 0
5550 1.07682e-06 0
5560 1.0198e-06 0
5570 9.65314e-07 0
5580 9.13281e-07 0
5590 8.63606e-07 0
5600 8.16202e-07 0
5610 7.70982e-07 0
5620 7.27861e-07 0
5630 0.00987009 0.00986941
5640 6.47588e-07 0
5650 6.10277e-07 0
5660 5.74748e-07 0
5670 5.40928e-07 0
5680 5.08743e-07 0
5690 4.78127e-07 0
5700 4.49011e-07 0
5710 4.21332e-07 0
5720 3.95028e-07 0
5730 3.7004e-07 0
5740 3.46311e-07 0
5750 0.000175278 0.000174954
5760 3.02422e-07 0
5770 2.82161e-07 0
5780 2.6296e-07 0
5790 2.44774e-07 0
5800 2.27559e-07 0
5810 2.11276e-07 0
5820 1.95883e-07 0
5830 1.81344e-07 0
5840 0.000163007 0.00016284
5850 1.54689e-07 0
5860 1.42508e-07 0
5870 1.31048e-07 0
5880 1.20281e-07 0
5890 1.10178e-07 0
5900 1.0071e-07 0
5910 9.18506e-08 0
5920 8.3573e-08 0
5930 5.12434e-05 5.11676e-05
5940 0.0125478 0.0125477
5950 6.1986e-08 0
5960 5.5794e-08 0
5970 5.00658e-08 0
5980 4.47794e-08 0
5990 3.99128e-08 0
6000 3.54447e-08 0
6010 3.1354e-08 0
6020 2.76202e-08 0
6030 2.42231e-08 0
6040 2.1143e-08 0
6050 1.83606e-08 0
6060 1.58571e-08 0
6070 1.36142e-08 0
6080 1.16141e-08 0
6090 9.83949e-09 0
6100 8.27344e-09 0
6110 6.89968e-09 0
6120 5.70241e-09 0
6130 4.66638e-09 0
6140 3.77693e-09 0
6150 3.01996e-09 0
6160 2.38198e-09 0
6170 1.85012e-09 0
6180 1.41218e-09 0
6190 1.05659e-09 0
6200 7.7251e-10 0
6210 5.49783e-10 0
6220 3.78992e-10 0
6230 2.51443e-10 0
6240 1.59189e-10 0
6250 9.50549e-11 0
6260 0.0159232 0.0159232
6270 2.64494e-11 0
6280 1.16791e-11 0
6290 4.40875e-12 0
6300 1.51219e-12 0
6310 6.98433e-13 0
6320 6.92308e-05 6.92308e-05
6330 4.37354e-13 0
6340 3.55559e-13 0
6350 2.85588e-13 0
6360 2.26115e-13 0
6370 1.75991e-13 0
6380 1.34253e-13 0
6390 1.00053e-13 0
6400 7.25546e-14 0
6410 5.09315e-14 0
6420 3.43763e-14 0
6430 2.21063e-14 0
6440 1.33729e-14 0
6450 7.47004e-15 0
6460 3.7445e-15 0
6470 1.60631e-15 0
6480 5.40114e-16 0
6490 1.17326e-16 0
6500 9.07609e-18 0
6510 2.18257e-05 2.18257e-05
