0 0 0
10 1.07634e-09 1.09512e-11
20 1.37808e-08 1.445e-10
30 6.26289e-08 6.75674e-10
40 1.83921e-07 2.03782e-09
50 0.0638932 4.8141e-09
60 0.000312565 9.72925e-09
70 1.47334e-06 1.76416e-08
80 2.40486e-06 2.95354e-08
90 3.69318e-06 4.65133e-08
100 5.50777e-06 6.97893e-08
110 8.01411e-06 1.00682e-07
120 0.0132801 1.40606e-07
130 1.44589e-05 1.91068e-07
140 0.122155 2.53661e-07
150 2.37636e-05 3.30054e-07
160 2.9644e-05 4.2199e-07
170 0.0147321 5.31279e-07
180 4.4144e-05 6.59793e-07
190 5.28659e-05 8.0946e-07
200 0.0243423 9.82259e-07
210 7.3478e-05 1.18022e-06
220 8.54455e-05 1.4054e-06
230 0.00125262 1.65992e-06
240 0.000112863 1.9459e-06
250 0.279684 2.26552e-06
260 0.000145086 2.62097e-06
270 0.000163043 3.01446e-06
280 0.000189754 3.44821e-06
290 0.000210835 3.92448e-06
300 0.00322382 4.44551e-06
310 0.0676002 5.01356e-06
320 0.00744983 5.6309e-06
330 0.000307747 6.29979e-06
340 0.000335072 7.02249e-06
350 0.000363602 7.80126e-06
360 0.000393317 8.63834e-06
370 0.000424189 9.53598e-06
380 0.000456192 1.04964e-05
390 0.00153765 1.15218e-05
400 0.000575219 1.26144e-05
410 0.000612465 1.37763e-05
420 0.0015759 1.50098e-05
430 0.000689783 1.63169e-05
440 0.0749053 1.76997e-05
450 0.0258958 1.91604e-05
460 0.000812158 2.07009e-05
470 0.000854471 2.23234e-05
480 0.0822406 2.40297e-05
490 0.000941093 2.58218e-05
500 0.000985304 2.77018e-05
510 0.00103005 2.96713e-05
520 0.00107528 3.17324e-05
530 0.00112095 3.38868e-05
540 0.00116701 3.61363e-05
550 0.00121341 3.84826e-05
560 0.00325171 4.09275e-05
570 0.117572 4.34725e-05
580 0.0132708 4.61194e-05
590 0.00140148 4.88696e-05
600 0.00144889 5.17247e-05
610 0.00149636 5.46863e-05
620 0.00160602 5.77556e-05
630 0.00557899 6.09343e-05
640 0.00199231 6.42235e-05
650 0.00204029 6.76246e-05
660 0.00259916 7.11389e-05
670 0.0289783 7.47676e-05
680 0.00397064 7.85119e-05
690 0.00222817 8.23729e-05
700 0.00227401 8.63517e-05
710 0.00231935 9.04494e-05
720 0.00236416 9.46668e-05
730 0.00240844 9.9005e-05
740 0.00245216 0.000103465
750 0.0024953 0.000108047
760 0.0158393 0.000112753
770 0.00292739 0.000117583
780 0.00467892 0.000122538
790 0.00302142 0.000127618
800 0.00306754 0.000132824
810 0.00311304 0.000138157
820 0.00892818 0.000143618
830 0.00320214 0.000149206
840 0.00613254 0.000154922
850 0.00380732 0.000160767
860 0.00385588 0.000166741
870 0.00390381 0.000172844
880 0.0143468 0.000179077
890 0.00399779 0.000185439
900 0.0040438 0.000191932
910 0.00408915 0.000198555
920 0.00742833 0.000205308
930 0.00417781 0.000212192
940 0.00444191 0.000219206
950 0.00623328 0.00022635
960 0.00624712 0.000233625
970 0.00626049 0.00024103
980 0.00758565 0.000248565
990 0.00628586 0.000256231
1000 0.00629786 0.000264026
1010 0.00630942 0.000271951
1020 0.00632051 0.000280005
1030 0.00633116 0.000288189
1040 0.0074371 0.000296501
1050 0.00635108 0.000304941
1060 0.00636035 0.00031351
1070 0.00796177 0.000322206
1080 0.00793516 0.00033103
1090 0.00790871 0.00033998
1100 0.0078824 0.000349056
1110 0.00785622 0.000358258
1120 0.00783017 0.000367585
1130 0.0108048 0.000377036
1140 0.00777838 0.000386611
1150 0.00775263 0.000396309
1160 0.00772694 0.00040613
1170 0.0120493 0.000416073
1180 0.00767575 0.000426136
1190 0.00765022 0.00043632
1200 0.0076247 0.000446624
1210 0.0102084 0.000457046
1220 0.0101148 0.000467586
1230 0.010023 0.000478243
1240 0.0125034 0.000489017
1250 0.00984434 0.000499905
1260 0.00975739 0.000510908
1270 0.0152731 0.000522025
1280 0.0150324 0.000533254
1290 0.0147975 0.000544595
1300 0.0145685 0.000556046
1310 0.0143449 0.000567607
1320 0.0141453 0.000579276
1330 0.0148345 0.000591053
1340 0.0146279 0.000602937
1350 0.0144263 0.000614926
1360 0.0142297 0.000627019
1370 0.0140379 0.000639216
1380 0.0139926 0.000651515
1390 0.0138077 0.000663915
1400 0.0136273 0.000676415
1410 0.016589 0.000689014
1420 0.015888 0.000701711
1430 0.0131112 0.000714504
1440 0.0129472 0.000727393
1450 0.012787 0.000740376
1460 0.0126306 0.000753452
1470 0.0124777 0.00076662
1480 0.0123283 0.000779878
1490 0.0121823 0.000793226
1500 0.0139502 0.000806663
1510 0.0119002 0.000820186
1520 0.0117745 0.000833796
1530 0.0116408 0.00084749
1540 0.01151 0.000861267
1550 0.0113821 0.000875127
1560 0.0112569 0.000889068
1570 0.0111344 0.000903088
1580 0.0110146 0.000917187
1590 0.0108972 0.000931363
1600 0.0107823 0.000945615
1610 0.0106698 0.000959941
1620 0.0105596 0.000974342
1630 0.0104517 0.000988814
1640 0.0103459 0.00100336
1650 0.0102422 0.00101797
1660 0.0101406 0.00103265
1670 0.0100409 0.0010474
1680 0.00994318 0.00106222
1690 0.00984732 0.00107709
1700 0.00975327 0.00109204
1710 0.00966097 0.00110704
1720 0.00957038 0.00112211
1730 0.00948144 0.00113723
1740 0.00939411 0.00115242
1750 0.00930833 0.00116766
1760 0.00922407 0.00118295
1770 0.00914128 0.00119831
1780 0.00905991 0.00121371
1790 0.00897992 0.00122917
1800 0.00890129 0.00124468
1810 0.00882396 0.00126023
1820 0.0087479 0.00127584
1830 0.00867308 0.00129149
1840 0.00859946 0.00130719
1850 0.00852702 0.00132293
1860 0.00845572 0.00133872
1870 0.00838552 0.00135455
1880 0.00831641 0.00137042
1890 0.00824836 0.00138633
1900 0.00818134 0.00140228
1910 0.00811532 0.00141826
1920 0.00805029 0.00143428
1930 0.00798621 0.00145034
1940 0.00792307 0.00146643
1950 0.00786086 0.00148255
1960 0.00779954 0.00149871
1970 0.0077391 0.00151489
1980 0.00767952 0.0015311
1990 0.00762079 0.00154734
2000 0.00756289 0.00156361
2010 0.0075058 0.0015799
2020 0.00744952 0.00159622
2030 0.00739402 0.00161255
2040 0.00733929 0.00162891
2050 0.00728532 0.00164529
2060 0.00723211 0.00166169
2070 0.00717963 0.00167811
2080 0.00712788 0.00169454
2090 0.00707684 0.00171099
2100 0.00702651 0.00172745
2110 0.00697688 0.00174393
2120 0.00692794 0.00176042
2130 0.00687967 0.00177692
2140 0.00683207 0.00179343
2150 0.00678514 0.00180994
2160 0.00673886 0.00182647
2170 0.00669323 0.001843
2180 0.00664824 0.00185953
2190 0.00660388 0.00187607
2200 0.00656014 0.00189261
2210 0.00651703 0.00190916
2220 0.00647452 0.0019257
2230 0.00643262 0.00194224
2240 0.00639132 0.00195878
2250 0.00635061 0.00197531
2260 0.00631048 0.00199184
2270 0.00627094 0.00200836
2280 0.00623197 0.00202488
2290 0.00619356 0.00204139
2300 0.00615572 0.00205788
2310 0.00611844 0.00207437
2320 0.0060817 0.00209084
2330 0.00604551 0.0021073
2340 0.00600986 0.00212375
2350 0.00597474 0.00214018
2360 0.00594014 0.00215659
2370 0.00590607 0.00217299
2380 0.00587251 0.00218936
2390 0.00583946 0.00220571
2400 0.00580691 0.00222204
2410 0.00577487 0.00223835
2420 0.00574331 0.00225463
2430 0.00571224 0.00227089
2440 0.00568165 0.00228712
2450 0.00565154 0.00230332
2460 0.0056219 0.00231948
2470 0.00559272 0.00233562
2480 0.005564 0.00235173
2490 0.00553573 0.0023678
2500 0.00550791 0.00238383
2510 0.00548053 0.00239983
2520 0.00545359 0.0024158
2530 0.00542707 0.00243172
2540 0.00540098 0.0024476
2550 0.00537531 0.00246344
2560 0.00535006 0.00247923
2570 0.00532521 0.00249498
2580 0.00530076 0.00251069
2590 0.00527671 0.00252634
2600 0.00525306 0.00254195
2610 0.00522979 0.00255751
2620 0.0052069 0.00257301
2630 0.00518438 0.00258846
2640 0.00516224 0.00260386
2650 0.00514046 0.0026192
2660 0.00511904 0.00263449
2670 0.00509797 0.00264971
2680 0.00507726 0.00266487
2690 0.00505688 0.00267998
2700 0.00503685 0.00269502
2710 0.00501715 0.00270999
2720 0.00499778 0.0027249
2730 0.00497873 0.00273974
2740 0.00496 0.00275451
2750 0.00494158 0.00276921
2760 0.00492347 0.00278384
2770 0.00490567 0.0027984
2780 0.00488816 0.00281288
2790 0.00487095 0.00282728
2800 0.00485403 0.0028416
2810 0.00483739 0.00285585
2820 0.00482103 0.00287001
2830 0.00480495 0.0028841
2840 0.00478913 0.00289809
2850 0.00477358 0.002912
2860 0.00475829 0.00292583
2870 0.00474326 0.00293957
2880 0.00472848 0.00295321
2890 0.00471395 0.00296677
2900 0.00469966 0.00298023
2910 0.0046856 0.00299359
2920 0.00467179 0.00300686
2930 0.0046582 0.00302003
2940 0.00464483 0.0030331
2950 0.00463169 0.00304608
2960 0.00461877 0.00305894
2970 0.00460605 0.00307171
2980 0.00459355 0.00308437
2990 0.00458125 0.00309692
3000 0.00456915 0.00310936
3010 0.00455724 0.0031217
3020 0.00454553 0.00313392
3030 0.004534 0.00314602
3040 0.00452266 0.00315802
3050 0.00451149 0.00316989
3060 0.00450051 0.00318165
3070 0.00448969 0.00319329
3080 0.00447904 0.00320481
3090 0.00446856 0.0032162
3100 0.00445823 0.00322747
3110 0.00444806 0.00323862
3120 0.00443804 0.00324964
3130 0.00442817 0.00326053
3140 0.00441845 0.00327129
3150 0.00440886 0.00328192
3160 0.00439941 0.00329241
3170 0.0043901 0.00330277
3180 0.00438091 0.003313
3190 0.00437185 0.00332308
3200 0.00436291 0.00333303
3210 0.00435409 0.00334283
3220 0.00434539 0.0033525
3230 0.00433679 0.00336202
3240 0.0043283 0.00337139
3250 0.00431992 0.00338062
3260 0.00431163 0.0033897
3270 0.00430344 0.00339863
3280 0.00429534 0.00340741
3290 0.00428734 0.00341604
3300 0.00427941 0.00342451
3310 0.00427157 0.00343282
3320 0.00426381 0.00344098
3330 0.00425612 0.00344898
3340 0.0042485 0.00345682
3350 0.00424095 0.0034645
3360 0.00423347 0.00347201
3370 0.00422604 0.00347936
3380 0.00421867 0.00348655
3390 0.00421136 0.00349356
3400 0.00420409 0.00350041
3410 0.00419687 0.00350709
3420 0.00418969 0.00351359
3430 0.00418255 0.00351992
3440 0.00417545 0.00352608
3450 0.00416838 0.00353205
3460 0.00416134 0.00353785
3470 0.00415432 0.00354347
3480 0.00414732 0.00354891
3490 0.00414034 0.00355417
3500 0.00413338 0.00355924
3510 0.00412642 0.00356412
3520 0.00411947 0.00356882
3530 0.00411253 0.00357333
3540 0.00410558 0.00357764
3550 0.00409864 0.00358177
3560 0.00409168 0.0035857
3570 0.00408471 0.00358943
3580 0.00407773 0.00359297
3590 0.00407073 0.0035963
3600 0.0040637 0.00359944
3610 0.00405665 0.00360237
3620 0.00404957 0.0036051
3630 0.00404246 0.00360762
3640 0.00403531 0.00360993
3650 0.00402812 0.00361204
3660 0.00402088 0.00361393
3670 0.0040136 0.00361561
3680 0.00400626 0.00361707
3690 0.00399886 0.00361831
3700 0.00399141 0.00361934
3710 0.00398389 0.00362014
3720 0.0039763 0.00362072
3730 0.00396864 0.00362108
3740 0.00396091 0.00362121
3750 0.00395309 0.0036211
3760 0.00394519 0.00362077
3770 0.0039372 0.0036202
3780 0.00392912 0.0036194
3790 0.00392094 0.00361836
3800 0.00391266 0.00361708
3810 0.00390428 0.00361555
3820 0.00389578 0.00361378
3830 0.00388718 0.00361176
3840 0.00387845 0.00360949
3850 0.00386961 0.00360697
3860 0.00386063 0.0036042
3870 0.00385153 0.00360116
3880 0.00384229 0.00359787
3890 0.00383291 0.00359432
3900 0.00382339 0.00359049
3910 0.00381372 0.00358641
3920 0.00380389 0.00358205
3930 0.00379391 0.00357742
3940 0.00378377 0.00357251
3950 0.00377346 0.00356733
3960 0.00376298 0.00356186
3970 0.00375232 0.00355611
3980 0.00374148 0.00355007
3990 0.00373046 0.00354374
4000 0.00371925 0.00353713
4010 0.00370785 0.00353021
4020 0.00369625 0.003523
4030 0.00368444 0.00351549
4040 0.00367243 0.00350767
4050 0.00366021 0.00349955
4060 0.00364776 0.00349111
4070 0.0036351 0.00348237
4080 0.00362222 0.00347331
4090 0.0036091 0.00346393
4100 0.00359575 0.00345423
4110 0.00358216 0.00344421
4120 0.00356832 0.00343386
4130 0.00355424 0.00342319
4140 0.00353991 0.00341218
4150 0.00352533 0.00340084
4160 0.00351048 0.00338916
4170 0.00349537 0.00337715
4180 0.00348 0.00336479
4190 0.00346435 0.00335209
4200 0.00344843 0.00333904
4210 0.00343223 0.00332565
4220 0.00341575 0.00331191
4230 0.00339899 0.00329782
4240 0.00338194 0.00328337
4250 0.00336459 0.00326857
4260 0.00334696 0.00325342
4270 0.00332903 0.0032379
4280 0.0033108 0.00322203
4290 0.00329227 0.00320581
4300 0.00327344 0.00318922
4310 0.0032543 0.00317227
4320 0.00323486 0.00315496
4330 0.00321511 0.0031373
4340 0.00319505 0.00311927
4350 0.00317469 0.00310088
4360 0.00315401 0.00308213
4370 0.00313303 0.00306303
4380 0.00311174 0.00304357
4390 0.00309014 0.00302376
4400 0.00306823 0.00300359
4410 0.00304601 0.00298307
4420 0.00302349 0.0029622
4430 0.00300066 0.00294099
4440 0.00297753 0.00291943
4450 0.0029541 0.00289753
4460 0.00293037 0.0028753
4470 0.00290635 0.00285274
4480 0.00288204 0.00282985
4490 0.00285744 0.00280663
4500 0.00283256 0.0027831
4510 0.0028074 0.00275926
4520 0.00278197 0.00273511
4530 0.00275627 0.00271066
4540 0.00273031 0.00268592
4550 0.0027041 0.0026609
4560 0.00267763 0.00263559
4570 0.00265093 0.00261002
4580 0.00262399 0.00258418
4590 0.00259682 0.00255808
4600 0.00256943 0.00253175
4610 0.00254183 0.00250517
4620 0.00251403 0.00247837
4630 0.00248604 0.00245135
4640 0.00245787 0.00242413
4650 0.00242952 0.00239671
4660 0.00240101 0.0023691
4670 0.00237234 0.00234132
4680 0.00234354 0.00231337
4690 0.0023146 0.00228528
4700 0.00228555 0.00225704
4710 0.00225638 0.00222868
4720 0.00222712 0.0022002
4730 0.00219778 0.00217162
4740 0.00216836 0.00214294
4750 0.00213889 0.00211419
4760 0.00210936 0.00208538
4770 0.00207981 0.00205651
4780 0.00205023 0.00202761
4790 0.00202064 0.00199868
4800 0.00199105 0.00196974
4810 0.00196148 0.00194079
4820 0.00193194 0.00191187
4830 0.00190244 0.00188297
4840 0.001873 0.00185411
4850 0.00184362 0.0018253
4860 0.00181433 0.00179657
4870 0.00178513 0.00176791
4880 0.00175603 0.00173934
4890 0.00172705 0.00171088
4900 0.0016982 0.00168253
4910 0.00166949 0.00165432
4920 0.00164094 0.00162625
4930 0.00161255 0.00159833
4940 0.00158434 0.00157057
4950 0.00155632 0.00154299
4960 0.00152849 0.0015156
4970 0.00150088 0.00148841
4980 0.00147348 0.00146142
4990 1.16549e-05 0
5000 0.00594705 0.00593579
5010 1.08829e-05 0
5020 1.0512e-05 0
5030 1.0151e-05 0
5040 9.79973e-06 0
5050 9.45793e-06 0
5060 9.12544e-06 0
5070 8.8021e-06 0
5080 0.000123075 0.000114587
5090 0.00642346 0.00641528
5100 7.8852e-06 0
5110 7.59672e-06 0
5120 7.31653e-06 0
5130 7.04448e-06 0
5140 6.78039e-06 0
5150 6.52412e-06 0
5160 6.2755e-06 0
5170 6.03438e-06 0
5180 5.80059e-06 0
5190 5.57399e-06 0
5200 5.35443e-06 0
5210 5.14174e-06 0
5220 4.93579e-06 0
5230 4.73643e-06 0
5240 4.54351e-06 0
5250 4.35688e-06 0
5260 4.1764e-06 0
5270 4.00193e-06 0
5280 3.83334e-06 0
5290 3.67047e-06 0
5300 3.5132e-06 0
5310 3.36139e-06 0
5320 3.2149e-06 0
5330 3.07361e-06 0
5340 2.93737e-06 0
5350 2.80607e-06 0
5360 2.67957e-06 0
5370 0.00811513 0.00811257
5380 2.44047e-06 0
5390 2.32762e-06 0
5400 2.21908e-06 0
5410 2.11472e-06 0
5420 2.01442e-06 0
5430 1.91807e-06 0
5440 1.82556e-06 0
5450 1.73676e-06 0
5460 1.65156e-06 0
5470 1.56985e-06 0
5480 1.49153e-06 0
5490 1.41648e-06 0
5500 1.3446e-06 0
5510 1.27579e-06 0
5520 1.20993e-06 0
5530 1.14694e-06 0
5540 1.0867e-06 0
5550 1.02913e-06 0
5560 9.7413e-07 0
5570 9.21602e-07 0
5580 8.71457e-07 0
5590 8.23604e-07 0
5600 7.77957e-07 0
5610 7.3443e-07 0
5620 0.00992402 0.00992332
5630 6.53405e-07 0
5640 6.15746e-07 0
5650 5.79886e-07 0
5660 5.45752e-07 0
5670 5.1327e-07 0
5680 4.8237e-07 0
5690 4.52987e-07 0
5700 4.25054e-07 0
5710 3.98509e-07 0
5720 3.73293e-07 0
5730 3.49349e-07 0
5740 0.000174374 0.000174047
5750 3.05062e-07 0
5760 2.84619e-07 0
5770 2.65245e-07 0
5780 2.46896e-07 0
5790 2.29528e-07 0
5800 2.131e-07 0
5810 1.97571e-07 0
5820 1.82904e-07 0
5830 0.000160947 0.000160778
5840 1.56014e-07 0
5850 1.43726e-07 0
5860 1.32167e-07 0
5870 1.21306e-07 0
5880 1.11115e-07 0
5890 1.01565e-07 0
5900 9.26292e-08 0
5910 8.42804e-08 0
5920 5.15232e-05 5.14467e-05
5930 0.0126203 0.0126203
5940 6.25085e-08 0
5950 5.62638e-08 0
5960 5.0487e-08 0
5970 4.51557e-08 0
5980 4.0248e-08 0
5990 3.57421e-08 0
6000 3.1617e-08 0
6010 2.78518e-08 0
6020 2.44262e-08 0
6030 2.13202e-08 0
6040 1.85145e-08 0
6050 1.599e-08 0
6060 1.37284e-08 0
6070 1.17116e-08 0
6080 9.92207e-09 0
6090 8.34293e-09 0
6100 6.95769e-09 0
6110 5.7504e-09 0
6120 4.70571e-09 0
6130 3.8088e-09 0
6140 3.04548e-09 0
6150 2.40213e-09 0
6160 1.8658e-09 0
6170 1.42416e-09 0
6180 1.06557e-09 0
6190 7.79074e-10 0
6200 5.54453e-10 0
6210 3.82207e-10 0
6220 2.53569e-10 0
6230 1.60526e-10 0
6240 9.5843e-11 0
6250 0.0160199 0.0160199
6260 2.66538e-11 0
6270 1.17596e-11 0
6280 4.42978e-12 0
6290 1.51099e-12 0
6300 6.92582e-13 0
6310 6.96304e-05 6.96304e-05
6320 4.33062e-13 0
6330 3.52081e-13 0
6340 2.82805e-13 0
6350 2.23922e-13 0
6360 1.74292e-13 0
6370 1.32965e-13 0
6380 9.90984e-14 0
6390 7.18663e-14 0
6400 5.04515e-14 0
6410 3.40545e-14 0
6420 2.19009e-14 0
6430 1.32496e-14 0
6440 7.40176e-15 0
6450 3.71059e-15 0
6460 1.59192e-15 0
6470 5.35334e-16 0
6480 1.16305e-16 0
6490 8.99914e-18 0
6500 2.19625e-05 2.19625e-05
