0 0 0
10 2.21478e-09 1.50339e-11
20 2.59005e-08 1.9823e-10
30 1.15412e-07 9.26244e-10
40 3.33458e-07 2.79152e-09
50 7.55688e-07 6.58986e-09
60 2.05692e-06 1.33084e-08
70 2.55815e-06 2.41141e-08
80 0.0112448 4.03424e-08
90 1.08585e-05 6.34865e-08
100 1.14066e-05 9.51873e-08
110 0.0001866 1.37222e-07
120 0.000463362 1.91498e-07
130 3.28335e-05 2.60037e-07
140 4.16497e-05 3.44974e-07
150 0.389995 4.48542e-07
160 6.34012e-05 5.73068e-07
170 7.64364e-05 7.20963e-07
180 9.09623e-05 8.94713e-07
190 0.00582077 1.09688e-06
200 0.00012486 1.33007e-06
210 0.000143713 1.59697e-06
220 0.00407271 1.90029e-06
230 0.000191832 2.24281e-06
240 0.000215665 2.62732e-06
250 0.000576224 3.05666e-06
260 0.000276647 3.53368e-06
270 0.000306286 4.06126e-06
280 0.00185631 4.64228e-06
290 0.00268839 5.27966e-06
300 0.000404089 5.97629e-06
310 0.000441123 6.73508e-06
320 0.000476304 7.55894e-06
330 0.0110129 8.45076e-06
340 0.000625411 9.41342e-06
350 0.000672324 1.04498e-05
360 0.000715202 1.15627e-05
370 0.000771223 1.2755e-05
380 0.000819211 1.40295e-05
390 0.00430743 1.5389e-05
400 0.00270566 1.68361e-05
410 0.00778772 1.83737e-05
420 0.0988983 2.00044e-05
430 0.00107323 2.17307e-05
440 0.00112643 2.35554e-05
450 0.0011803 2.5481e-05
460 0.0393265 2.75099e-05
470 0.118508 2.96446e-05
480 0.00360507 3.18875e-05
490 0.140562 3.42411e-05
500 0.0369874 3.67075e-05
510 0.00285065 3.92891e-05
520 0.00332309 4.1988e-05
530 0.00396671 4.48064e-05
540 0.00343942 4.77464e-05
550 0.00349665 5.081e-05
560 0.0125566 5.39992e-05
570 0.00360916 5.73159e-05
580 0.00366441 6.07619e-05
590 0.00371897 6.4339e-05
600 0.00377283 6.80489e-05
610 0.0110896 7.18934e-05
620 0.0101603 7.5874e-05
630 0.00421152 7.99923e-05
640 0.00726877 8.42497e-05
650 0.00725715 8.86477e-05
660 0.00724598 9.31876e-05
670 0.00723521 9.78706e-05
680 0.0103614 0.000102698
690 0.00725937 0.000107671
700 0.00720486 0.000112791
710 0.00765013 0.000118058
720 0.0076387 0.000123474
730 0.00762762 0.00012904
740 0.00761686 0.000134756
750 0.00760637 0.000140624
760 0.00779507 0.000146643
770 0.00758609 0.000152815
780 0.00757624 0.00015914
790 0.00756654 0.000165619
800 0.0598012 0.000172252
810 0.00754748 0.00017904
820 0.00753807 0.000185982
830 0.00752871 0.00019308
840 0.00751938 0.000200334
850 0.00751005 0.000207743
860 0.0301271 0.000215308
870 0.00749133 0.000223029
880 0.0478735 0.000230906
890 0.00757124 0.000238939
900 0.00746284 0.000247128
910 0.00752893 0.000255472
920 0.00751643 0.000263972
930 0.00750393 0.000272627
940 0.00749142 0.000281437
950 0.00747887 0.000290402
960 0.00746627 0.000299521
970 0.00745361 0.000308794
980 0.0156799 0.00031822
990 0.0154414 0.000327798
1000 0.0152094 0.000337529
1010 0.0149836 0.000347412
1020 0.0147638 0.000357445
1030 0.0145499 0.000367628
1040 0.0143416 0.000377961
1050 0.0141387 0.000388443
1060 0.013941 0.000399072
1070 0.0137485 0.000409848
1080 0.0135609 0.000420771
1090 0.013378 0.000431838
1100 0.0131997 0.000443049
1110 0.0130259 0.000454404
1120 0.0128564 0.0004659
1130 0.012691 0.000477538
1140 0.0125297 0.000489315
1150 0.0123724 0.000501231
1160 0.0122188 0.000513285
1170 0.012069 0.000525475
1180 0.0119227 0.0005378
1190 0.0117799 0.000550258
1200 0.0116404 0.00056285
1210 0.0115042 0.000575572
1220 0.0113712 0.000588424
1230 0.0112413 0.000601405
1240 0.0111144 0.000614513
1250 0.0109904 0.000627747
1260 0.0108692 0.000641105
1270 0.0107507 0.000654586
1280 0.010635 0.000668188
1290 0.0105218 0.00068191
1300 0.0104112 0.000695751
1310 0.010303 0.000709708
1320 0.0101973 0.000723781
1330 0.0100938 0.000737967
1340 0.00999268 0.000752266
1350 0.00989373 0.000766675
1360 0.00979693 0.000781193
1370 0.00970222 0.000795819
1380 0.00960956 0.00081055
1390 0.00951888 0.000825386
1400 0.00943015 0.000840324
1410 0.0093433 0.000855363
1420 0.0092583 0.000870501
1430 0.00917509 0.000885736
1440 0.00909363 0.000901068
1450 0.00901388 0.000916493
1460 0.00893579 0.000932011
1470 0.00885933 0.00094762
1480 0.00878445 0.000963318
1490 0.00871111 0.000979103
1500 0.00863927 0.000994974
1510 0.0085689 0.00101093
1520 0.00849997 0.00102696
1530 0.00843243 0.00104308
1540 0.00836626 0.00105928
1550 0.00830142 0.00107555
1560 0.00823787 0.0010919
1570 0.00817559 0.00110832
1580 0.00811454 0.00112482
1590 0.0080547 0.00114138
1600 0.00799604 0.00115801
1610 0.00793852 0.00117471
1620 0.00788213 0.00119147
1630 0.00782682 0.0012083
1640 0.00777258 0.00122519
1650 0.00771938 0.00124214
1660 0.0076672 0.00125915
1670 0.00761601 0.00127621
1680 0.00756578 0.00129333
1690 0.00751649 0.0013105
1700 0.00746813 0.00132772
1710 0.00742066 0.00134499
1720 0.00737407 0.00136231
1730 0.00732833 0.00137968
1740 0.00728342 0.00139709
1750 0.00723933 0.00141454
1760 0.00719603 0.00143203
1770 0.0071535 0.00144957
1780 0.00711173 0.00146714
1790 0.00707069 0.00148475
1800 0.00703038 0.00150239
1810 0.00699076 0.00152007
1820 0.00695183 0.00153777
1830 0.00691357 0.00155551
1840 0.00687595 0.00157327
1850 0.00683897 0.00159106
1860 0.00680261 0.00160888
1870 0.00676686 0.00162672
1880 0.0067317 0.00164458
1890 0.00669711 0.00166246
1900 0.00666308 0.00168036
1910 0.0066296 0.00169828
1920 0.00659665 0.00171621
1930 0.00656423 0.00173415
1940 0.00653232 0.00175211
1950 0.0065009 0.00177008
1960 0.00646997 0.00178806
1970 0.00643952 0.00180604
1980 0.00640952 0.00182403
1990 0.00637998 0.00184203
2000 0.00635088 0.00186003
2010 0.00632221 0.00187803
2020 0.00629396 0.00189603
2030 0.00626613 0.00191403
2040 0.00623869 0.00193202
2050 0.00621165 0.00195002
2060 0.00618499 0.001968
2070 0.00615871 0.00198598
2080 0.00613279 0.00200395
2090 0.00610723 0.00202191
2100 0.00608202 0.00203985
2110 0.00605716 0.00205778
2120 0.00603263 0.0020757
2130 0.00600842 0.0020936
2140 0.00598454 0.00211149
2150 0.00596098 0.00212935
2160 0.00593772 0.0021472
2170 0.00591476 0.00216502
2180 0.0058921 0.00218281
2190 0.00586972 0.00220059
2200 0.00584763 0.00221833
2210 0.00582582 0.00223605
2220 0.00580428 0.00225374
2230 0.005783 0.0022714
2240 0.00576199 0.00228902
2250 0.00574123 0.00230661
2260 0.00572072 0.00232417
2270 0.00570046 0.00234169
2280 0.00568045 0.00235917
2290 0.00566067 0.00237661
2300 0.00564112 0.00239401
2310 0.0056218 0.00241137
2320 0.00560271 0.00242868
2330 0.00558383 0.00244595
2340 0.00556518 0.00246317
2350 0.00554674 0.00248034
2360 0.0055285 0.00249747
2370 0.00551047 0.00251454
2380 0.00549265 0.00253156
2390 0.00547502 0.00254852
2400 0.00545759 0.00256543
2410 0.00544035 0.00258228
2420 0.0054233 0.00259907
2430 0.00540644 0.0026158
2440 0.00538976 0.00263247
2450 0.00537326 0.00264908
2460 0.00535694 0.00266562
2470 0.00534079 0.00268209
2480 0.00532482 0.0026985
2490 0.00530901 0.00271484
2500 0.00529337 0.0027311
2510 0.0052779 0.0027473
2520 0.00526258 0.00276341
2530 0.00524743 0.00277946
2540 0.00523243 0.00279542
2550 0.00521759 0.00281131
2560 0.00520289 0.00282712
2570 0.00518835 0.00284284
2580 0.00517395 0.00285849
2590 0.0051597 0.00287404
2600 0.00514559 0.00288951
2610 0.00513163 0.00290489
2620 0.0051178 0.00292018
2630 0.0051041 0.00293538
2640 0.00509054 0.00295048
2650 0.00507711 0.00296549
2660 0.00506381 0.00298041
2670 0.00505064 0.00299522
2680 0.00503759 0.00300994
2690 0.00502467 0.00302455
2700 0.00501187 0.00303906
2710 0.00499918 0.00305346
2720 0.00498662 0.00306776
2730 0.00497417 0.00308195
2740 0.00496183 0.00309602
2750 0.0049496 0.00310999
2760 0.00493748 0.00312384
2770 0.00492547 0.00313757
2780 0.00491356 0.00315119
2790 0.00490175 0.00316469
2800 0.00489004 0.00317807
2810 0.00487844 0.00319132
2820 0.00486692 0.00320445
2830 0.0048555 0.00321745
2840 0.00484418 0.00323032
2850 0.00483294 0.00324307
2860 0.00482179 0.00325568
2870 0.00481072 0.00326815
2880 0.00479974 0.00328049
2890 0.00478884 0.00329269
2900 0.00477802 0.00330475
2910 0.00476727 0.00331667
2920 0.00475659 0.00332845
2930 0.00474599 0.00334008
2940 0.00473546 0.00335156
2950 0.00472499 0.00336289
2960 0.00471459 0.00337407
2970 0.00470425 0.0033851
2980 0.00469397 0.00339597
2990 0.00468375 0.00340668
3000 0.00467358 0.00341723
3010 0.00466347 0.00342762
3020 0.0046534 0.00343784
3030 0.00464338 0.0034479
3040 0.0046334 0.00345779
3050 0.00462347 0.00346751
3060 0.00461358 0.00347706
3070 0.00460372 0.00348643
3080 0.0045939 0.00349562
3090 0.0045841 0.00350463
3100 0.00457434 0.00351347
3110 0.0045646 0.00352211
3120 0.00455488 0.00353058
3130 0.00454519 0.00353885
3140 0.00453551 0.00354693
3150 0.00452584 0.00355482
3160 0.00451618 0.00356251
3170 0.00450653 0.00357001
3180 0.00449689 0.0035773
3190 0.00448725 0.0035844
3200 0.0044776 0.00359128
3210 0.00446795 0.00359796
3220 0.0044583 0.00360443
3230 0.00444863 0.00361069
3240 0.00443894 0.00361673
3250 0.00442924 0.00362255
3260 0.00441952 0.00362815
3270 0.00440977 0.00363353
3280 0.00439999 0.00363869
3290 0.00439018 0.00364361
3300 0.00438033 0.00364831
3310 0.00437045 0.00365277
3320 0.00436052 0.00365699
3330 0.00435055 0.00366098
3340 0.00434052 0.00366472
3350 0.00433044 0.00366822
3360 0.0043203 0.00367147
3370 0.0043101 0.00367447
3380 0.00429984 0.00367722
3390 0.0042895 0.00367971
3400 0.00427909 0.00368194
3410 0.0042686 0.00368391
3420 0.00425803 0.00368561
3430 0.00424737 0.00368704
3440 0.00423662 0.00368821
3450 0.00422578 0.00368909
3460 0.00421484 0.00368971
3470 0.00420379 0.00369003
3480 0.00419264 0.00369008
3490 0.00418137 0.00368984
3500 0.00416998 0.00368931
3510 0.00415848 0.00368848
3520 0.00414684 0.00368736
3530 0.00413508 0.00368593
3540 0.00412318 0.0036842
3550 0.00411115 0.00368217
3560 0.00409896 0.00367982
3570 0.00408663 0.00367716
3580 0.00407414 0.00367419
3590 0.0040615 0.00367089
3600 0.00404869 0.00366727
3610 0.00403571 0.00366332
3620 0.00402256 0.00365904
3630 0.00400923 0.00365443
3640 0.00399572 0.00364948
3650 0.00398202 0.00364419
3660 0.00396813 0.00363855
3670 0.00395404 0.00363257
3680 0.00393975 0.00362624
3690 0.00392526 0.00361955
3700 0.00391055 0.0036125
3710 0.00389562 0.00360509
3720 0.00388048 0.00359732
3730 0.0038651 0.00358919
3740 0.0038495 0.00358068
3750 0.00383366 0.0035718
3760 0.00381759 0.00356254
3770 0.00380127 0.0035529
3780 0.0037847 0.00354288
3790 0.00376788 0.00353248
3800 0.0037508 0.00352169
3810 0.00373347 0.00351051
3820 0.00371586 0.00349894
3830 0.00369799 0.00348697
3840 0.00367985 0.00347461
3850 0.00366143 0.00346185
3860 0.00364274 0.00344868
3870 0.00362376 0.00343512
3880 0.00360449 0.00342115
3890 0.00358494 0.00340678
3900 0.00356509 0.003392
3910 0.00354495 0.00337681
3920 0.00352452 0.00336122
3930 0.00350378 0.00334521
3940 0.00348275 0.0033288
3950 0.00346141 0.00331198
3960 0.00343977 0.00329475
3970 0.00341783 0.00327711
3980 0.00339558 0.00325907
3990 0.00337303 0.00324062
4000 0.00335017 0.00322176
4010 0.003327 0.0032025
4020 0.00330353 0.00318284
4030 0.00327975 0.00316278
4040 0.00325567 0.00314232
4050 0.00323128 0.00312146
4060 0.0032066 0.00310022
4070 0.00318161 0.00307859
4080 0.00315633 0.00305657
4090 0.00313075 0.00303418
4100 0.00310488 0.00301141
4110 0.00307873 0.00298828
4120 0.00305229 0.00296477
4130 0.00302557 0.00294092
4140 0.00299858 0.0029167
4150 0.00297132 0.00289215
4160 0.0029438 0.00286725
4170 0.00291601 0.00284203
4180 0.00288798 0.00281648
4190 0.0028597 0.00279062
4200 0.00283118 0.00276445
4210 0.00280244 0.00273798
4220 0.00277347 0.00271122
4230 0.00274428 0.00268419
4240 0.00271489 0.00265689
4250 0.00268531 0.00262932
4260 0.00265553 0.00260152
4270 0.00262558 0.00257347
4280 0.00259546 0.0025452
4290 0.00256518 0.00251672
4300 0.00253476 0.00248803
4310 0.0025042 0.00245915
4320 0.00247352 0.0024301
4330 0.00244272 0.00240088
4340 0.00241182 0.00237152
4350 0.00238083 0.00234201
4360 0.00234976 0.00231238
4370 0.00231863 0.00228263
4380 0.00228744 0.00225279
4390 0.00225622 0.00222287
4400 0.00222496 0.00219287
4410 0.00219369 0.00216282
4420 0.00216242 0.00213272
4430 0.00213116 0.0021026
4440 0.00209992 0.00207246
4450 0.00206872 0.00204232
4460 0.00203756 0.00201219
4470 0.00200647 0.00198209
4480 0.00197545 0.00195203
4490 0.00194452 0.00192202
4500 0.00191369 0.00189209
4510 0.00188298 0.00186223
4520 0.00185238 0.00183247
4530 0.00182192 0.00180281
4540 0.00179162 0.00177328
4550 0.00176147 0.00174388
4560 0.00173149 0.00171462
4570 0.0017017 0.00168552
4580 0.0016721 0.00165659
4590 0.0016427 0.00162784
4600 0.00161352 0.00159928
4610 0.00158456 0.00157092
4620 0.00155584 0.00154278
4630 0.00152736 0.00151485
4640 0.00149913 0.00148716
4650 0.00147117 0.00145972
4660 0.00144347 0.00143252
4670 0.00141605 0.00140558
4680 0.00138892 0.00137891
4690 0.00136208 0.00135251
4700 0.00133554 0.0013264
4710 0.0013093 0.00130058
4720 0.00128338 0.00127505
4730 0.00125777 0.00124983
4740 0.00123249 0.00122491
4750 0.00120753 0.00120031
4760 0.00118291 0.00117602
4770 0.00115862 0.00115206
4780 0.00113467 0.00112842
4790 0.00111107 0.00110512
4800 0.00108781 0.00108215
4810 0.0010649 0.00105952
4820 0.00104234 0.00103723
4830 0.00102013 0.00101528
4840 0.000998282 0.000993676
4850 0.000976787 0.000972417
4860 0.000955648 0.000951505
4870 0.000934867 0.000930942
4880 0.000914444 0.000910727
4890 0.000894378 0.000890862
4900 0.00087467 0.000871346
4910 0.00085532 0.000852179
4920 0.000836325 0.00083336
4930 0.000817686 0.000814888
4940 0.000799401 0.000796764
4950 0.000781469 0.000778985
4960 2.33821e-06 0
4970 5.13637e-05 4.91649e-05
4980 2.0659e-06 0
4990 1.93933e-06 0
5000 1.81885e-06 0
5010 1.70426e-06 0
5020 1.59536e-06 0
5030 0.013133 0.0131315
5040 0.000233295 0.000231902
5050 1.30079e-06 0
5060 0.0134773 0.0134761
5070 1.12927e-06 0
5080 1.05042e-06 0
5090 9.75937e-07 0
5100 9.05643e-07 0
5110 8.3937e-07 0
5120 7.7695e-07 0
5130 7.18221e-07 0
5140 6.63023e-07 0
5150 6.11201e-07 0
5160 5.62605e-07 0
5170 5.92253e-05 5.87082e-05
5180 4.74506e-07 0
5190 4.34726e-07 0
5200 6.06621e-05 6.02645e-05
5210 3.63036e-07 0
5220 3.30873e-07 0
5230 3.01e-07 0
5240 2.733e-07 0
5250 2.47657e-07 0
5260 2.23962e-07 0
5270 2.02107e-07 0
5280 0.000260657 0.000260475
5290 1.63513e-07 0
5300 1.46579e-07 0
5310 1.31098e-07 0
5320 1.16978e-07 0
5330 1.04132e-07 0
5340 9.24758e-08 0
5350 8.19266e-08 0
5360 7.24053e-08 0
5370 6.38353e-08 0
5380 5.61433e-08 0
5390 4.92589e-08 0
5400 4.31149e-08 0
5410 3.76477e-08 0
5420 3.27967e-08 0
5430 2.85051e-08 0
5440 2.47195e-08 0
5450 0.0186674 0.0186674
5460 1.84727e-08 0
5470 0.000278574 0.000278558
5480 1.37071e-08 0
5490 1.17875e-08 0
5500 1.01327e-08 0
5510 8.71215e-09 0
5520 7.49743e-09 0
5530 6.46203e-09 0
5540 5.58156e-09 0
5550 4.83378e-09 0
5560 4.19872e-09 0
5570 3.65868e-09 0
5580 8.31828e-05 8.31796e-05
5590 2.80473e-09 0
5600 2.46695e-09 0
5610 2.17529e-09 0
5620 1.92131e-09 0
5630 1.69782e-09 0
5640 1.49891e-09 0
5650 1.32001e-09 0
5660 8.8842e-05 8.88409e-05
5670 1.01076e-09 0
5680 8.77567e-10 0
5690 7.57466e-10 0
5700 6.49619e-10 0
5710 5.53221e-10 0
5720 4.67497e-10 0
5730 3.91697e-10 0
5740 3.25095e-10 0
5750 2.66991e-10 0
5760 2.16702e-10 0
5770 1.73568e-10 0
5780 1.36948e-10 0
5790 1.06218e-10 0
5800 8.07749e-11 0
5810 6.00356e-11 0
5820 4.34361e-11 0
5830 3.04346e-11 0
5840 2.05129e-11 0
5850 1.31789e-11 0
5860 7.96902e-12 0
5870 4.45222e-12 0
5880 2.23378e-12 0
5890 9.6008e-13 0
5900 3.23958e-13 0
5910 7.08404e-14 0
5920 5.56405e-15 0
5930 0.0272088 0.0272088
5940 3.46588e-139 0
5950 2.59239e-139 0
5960 1.89393e-139 0
5970 1.34595e-139 0
5980 9.25583e-140 0
5990 6.11681e-140 0
6000 3.84861e-140 0
6010 2.27549e-140 0
6020 1.24037e-140 0
6030 6.05223e-141 0
6040 2.51649e-141 0
6050 8.13521e-142 0
6060 1.66782e-142 0
6070 1.14711e-143 0
6080 0 0
