0 nan 0
10 nan 2.78027e-11
20 nan 3.62439e-10
30 nan 1.68162e-09
40 0.0303877 5.03975e-09
50 0.0270187 1.18386e-08
60 0.0244437 2.3799e-08
70 0.0224288 4.29347e-08
80 0.0210807 7.15261e-08
90 0.0206469 1.12097e-07
100 0.020681 1.67389e-07
110 0.0205669 2.40344e-07
120 0.0202531 3.34078e-07
130 0.0198652 4.51866e-07
140 0.0194512 5.9712e-07
150 0.019002 7.73371e-07
160 0.0185013 9.84256e-07
170 0.0179464 1.2335e-06
180 0.0173498 1.52488e-06
190 0.0167333 1.86227e-06
200 0.0161203 2.24956e-06
210 0.0155316 2.69066e-06
220 0.0149823 3.18953e-06
230 0.0144819 3.75012e-06
240 0.0140347 4.37638e-06
250 0.013641 5.07224e-06
260 0.0132988 5.84162e-06
270 0.013004 6.68839e-06
280 0.0127521 7.61641e-06
290 0.0125383 8.62946e-06
300 0.0123579 9.73128e-06
310 0.0122064 1.09255e-05
320 0.0120799 1.22159e-05
330 0.0119748 1.36058e-05
340 0.0118877 1.50988e-05
350 0.011816 1.66982e-05
360 0.0117568 1.84074e-05
370 0.0117078 2.02294e-05
380 0.011667 2.21675e-05
390 0.0116323 2.42246e-05
400 0.0116021 2.64036e-05
410 0.0115748 2.87074e-05
420 0.011549 3.11385e-05
430 0.0115235 3.36996e-05
440 0.0114974 3.63932e-05
450 0.0114697 3.92216e-05
460 0.0114398 4.2187e-05
470 0.0114072 4.52917e-05
480 0.0113712 4.85375e-05
490 0.0113318 5.19264e-05
500 0.0112886 5.54602e-05
510 0.0112416 5.91405e-05
520 0.0111908 6.2969e-05
530 0.0111361 6.6947e-05
540 0.0110778 7.10758e-05
550 0.011016 7.53567e-05
560 0.0109508 7.97907e-05
570 0.0108825 8.43789e-05
580 0.0108114 8.91221e-05
590 0.0107377 9.4021e-05
600 0.0106617 9.90762e-05
610 0.0105837 0.000104288
620 0.0105039 0.000109658
630 0.0104226 0.000115185
640 0.0103402 0.00012087
650 0.0102568 0.000126713
660 0.0101726 0.000132714
670 0.010088 0.000138873
680 0.0100032 0.00014519
690 0.00991828 0.000151664
700 0.00983353 0.000158295
710 0.00974911 0.000165083
720 0.00966518 0.000172027
730 0.0095819 0.000179126
740 0.00949941 0.00018638
750 0.00941783 0.000193788
760 0.00933728 0.000201348
770 0.00925787 0.000209061
780 0.00917967 0.000216924
790 0.00910279 0.000224938
800 0.00902728 0.000233099
810 0.00895322 0.000241409
820 0.00888065 0.000249864
830 0.00880963 0.000258463
840 0.0087402 0.000267206
850 0.00867239 0.00027609
860 0.00860622 0.000285115
870 0.00854172 0.000294277
880 0.0084789 0.000303576
890 0.00841778 0.00031301
900 0.00835836 0.000322577
910 0.00830065 0.000332275
920 0.00824464 0.000342103
930 0.00819032 0.000352057
940 0.0081377 0.000362137
950 0.00808675 0.000372341
960 0.00803748 0.000382665
970 0.00798985 0.000393109
980 0.00794386 0.000403669
990 0.00789948 0.000414345
1000 0.0078567 0.000425132
1010 0.00781549 0.000436031
1020 0.00777582 0.000447037
1030 0.00773767 0.000458149
1040 0.00770102 0.000469365
1050 0.00766584 0.000480681
1060 0.00763209 0.000492097
1070 0.00759976 0.000503609
1080 0.00756881 0.000515215
1090 0.0075392 0.000526912
1100 0.00751092 0.000538699
1110 0.00748392 0.000550572
1120 0.00745819 0.00056253
1130 0.00743367 0.000574569
1140 0.00741036 0.000586688
1150 0.0073882 0.000598884
1160 0.00736717 0.000611154
1170 0.00734724 0.000623497
1180 0.00732837 0.000635909
1190 0.00731053 0.000648387
1200 0.0072937 0.000660931
1210 0.00727783 0.000673536
1220 0.0072629 0.000686201
1230 0.00724887 0.000698923
1240 0.00723571 0.0007117
1250 0.0072234 0.000724528
1260 0.0072119 0.000737407
1270 0.00720118 0.000750332
1280 0.00719121 0.000763303
1290 0.00718197 0.000776315
1300 0.00717342 0.000789368
1310 0.00716554 0.000802458
1320 0.00715829 0.000815583
1330 0.00715167 0.00082874
1340 0.00714562 0.000841928
1350 0.00714014 0.000855144
1360 0.0071352 0.000868385
1370 0.00713077 0.000881649
1380 0.00712683 0.000894934
1390 0.00712336 0.000908237
1400 0.00712034 0.000921557
1410 0.00711773 0.00093489
1420 0.00711553 0.000948235
1430 0.00711371 0.000961589
1440 0.00711226 0.000974951
1450 0.00711115 0.000988317
1460 0.00711061 0.00100169
1470 0.00711077 0.00101505
1480 0.00711155 0.00102842
1490 0.00711288 0.00104178
1500 0.0071147 0.00105514
1510 0.00711696 0.00106849
1520 0.00711959 0.00108183
1530 0.00712257 0.00109515
1540 0.00712584 0.00110847
1550 0.00712936 0.00112176
1560 0.00713309 0.00113504
1570 0.00713701 0.00114829
1580 0.00714109 0.00116152
1590 0.00714528 0.00117473
1600 0.00714957 0.00118791
1610 0.00715392 0.00120107
1620 0.00715833 0.00121419
1630 0.00716275 0.00122728
1640 0.00716718 0.00124033
1650 0.0071716 0.00125335
1660 0.00717598 0.00126634
1670 0.00718031 0.00127928
1680 0.00718457 0.00129218
1690 0.00718875 0.00130503
1700 0.00719284 0.00131784
1710 0.00719682 0.00133061
1720 0.00720069 0.00134332
1730 0.00720442 0.00135599
1740 0.00720801 0.0013686
1750 0.00721145 0.00138116
1760 0.00721473 0.00139366
1770 0.00721784 0.0014061
1780 0.00722078 0.00141849
1790 0.00722353 0.00143081
1800 0.00722609 0.00144308
1810 0.00722845 0.00145528
1820 0.00723061 0.00146741
1830 0.00723256 0.00147948
1840 0.0072343 0.00149147
1850 0.00723581 0.0015034
1860 0.00723711 0.00151526
1870 0.00723817 0.00152704
1880 0.007239 0.00153875
1890 0.0072396 0.00155038
1900 0.00723995 0.00156194
1910 0.00724006 0.00157342
1920 0.00723993 0.00158481
1930 0.00723955 0.00159613
1940 0.00723891 0.00160736
1950 0.00723802 0.0016185
1960 0.00723688 0.00162956
1970 0.00723548 0.00164054
1980 0.00723381 0.00165142
1990 0.00723189 0.00166222
2000 0.0072297 0.00167292
2010 0.00722724 0.00168353
2020 0.00722452 0.00169405
2030 0.00722152 0.00170447
2040 0.00721826 0.0017148
2050 0.00721473 0.00172502
2060 0.00721092 0.00173515
2070 0.00720684 0.00174518
2080 0.00720249 0.00175511
2090 0.00719785 0.00176494
2100 0.00719295 0.00177466
2110 0.00718776 0.00178428
2120 0.00718229 0.00179379
2130 0.00717655 0.0018032
2140 0.00717052 0.00181249
2150 0.00716422 0.00182168
2160 0.00715763 0.00183076
2170 0.00715076 0.00183973
2180 0.0071436 0.00184858
2190 0.00713616 0.00185732
2200 0.00712844 0.00186595
2210 0.00712043 0.00187446
2220 0.00711213 0.00188286
2230 0.00710355 0.00189114
2240 0.00709468 0.0018993
2250 0.00708552 0.00190734
2260 0.00707607 0.00191527
2270 0.00706634 0.00192307
2280 0.00705631 0.00193075
2290 0.007046 0.00193831
2300 0.00703539 0.00194574
2310 0.0070245 0.00195306
2320 0.00701331 0.00196024
2330 0.00700183 0.0019673
2340 0.00699006 0.00197424
2350 0.006978 0.00198105
2360 0.00696565 0.00198773
2370 0.00695301 0.00199428
2380 0.00694007 0.0020007
2390 0.00692684 0.002007
2400 0.00691332 0.00201316
2410 0.00689951 0.00201919
2420 0.0068854 0.0020251
2430 0.00687101 0.00203087
2440 0.00685632 0.0020365
2450 0.00684134 0.00204201
2460 0.00682607 0.00204738
2470 0.00681051 0.00205262
2480 0.00679466 0.00205772
2490 0.00677852 0.00206269
2500 0.00676209 0.00206752
2510 0.00674537 0.00207222
2520 0.00672836 0.00207678
2530 0.00671107 0.00208121
2540 0.00669349 0.0020855
2550 0.00667562 0.00208965
2560 0.00665747 0.00209367
2570 0.00663904 0.00209755
2580 0.00662033 0.00210129
2590 0.00660133 0.0021049
2600 0.00658206 0.00210837
2610 0.0065625 0.0021117
2620 0.00654267 0.00211489
2630 0.00652257 0.00211795
2640 0.00650219 0.00212087
2650 0.00648154 0.00212365
2660 0.00646061 0.00212629
2670 0.00643942 0.0021288
2680 0.00641796 0.00213117
2690 0.00639624 0.0021334
2700 0.00637426 0.00213549
2710 0.00635201 0.00213745
2720 0.0063295 0.00213927
2730 0.00630674 0.00214096
2740 0.00628373 0.00214251
2750 0.00626046 0.00214392
2760 0.00623695 0.0021452
2770 0.00621318 0.00214634
2780 0.00618918 0.00214735
2790 0.00616493 0.00214822
2800 0.00614044 0.00214896
2810 0.00611572 0.00214957
2820 0.00609076 0.00215004
2830 0.00606558 0.00215038
2840 0.00604017 0.00215059
2850 0.00601453 0.00215067
2860 0.00598867 0.00215062
2870 0.0059626 0.00215044
2880 0.00593631 0.00215012
2890 0.00590981 0.00214968
2900 0.0058831 0.00214912
2910 0.00585619 0.00214842
2920 0.00582908 0.0021476
2930 0.00580178 0.00214666
2940 0.00577428 0.00214559
2950 0.00574659 0.00214439
2960 0.00571871 0.00214307
2970 0.00569066 0.00214163
2980 0.00566242 0.00214007
2990 0.00563401 0.00213839
3000 0.00560543 0.00213659
3010 0.00557669 0.00213468
3020 0.00554778 0.00213264
3030 0.00551872 0.00213049
3040 0.0054895 0.00212823
3050 0.00546014 0.00212585
3060 0.00543063 0.00212335
3070 0.00540098 0.00212075
3080 0.00537119 0.00211804
3090 0.00534127 0.00211521
3100 0.00531122 0.00211228
3110 0.00528106 0.00210924
3120 0.00525077 0.0021061
3130 0.00522037 0.00210285
3140 0.00518986 0.0020995
3150 0.00515924 0.00209605
3160 0.00512853 0.0020925
3170 0.00509772 0.00208884
3180 0.00506682 0.00208509
3190 0.00503583 0.00208125
3200 0.00500476 0.00207731
3210 0.00497362 0.00207327
3220 0.0049424 0.00206914
3230 0.00491112 0.00206493
3240 0.00487978 0.00206062
3250 0.00484838 0.00205622
3260 0.00481692 0.00205174
3270 0.00478542 0.00204717
3280 0.00475388 0.00204252
3290 0.0047223 0.00203779
3300 0.00469068 0.00203297
3310 0.00465904 0.00202808
3320 0.00462738 0.00202311
3330 0.00459569 0.00201806
3340 0.004564 0.00201294
3350 0.00453229 0.00200775
3360 0.00450058 0.00200248
3370 0.00446887 0.00199715
3380 0.00443717 0.00199174
3390 0.00440548 0.00198627
3400 0.0043738 0.00198073
3410 0.00434215 0.00197513
3420 0.00431052 0.00196947
3430 0.00427891 0.00196374
3440 0.00424735 0.00195796
3450 0.00421582 0.00195212
3460 0.00418433 0.00194622
3470 0.0041529 0.00194026
3480 0.00412151 0.00193426
3490 0.00409019 0.0019282
3500 0.00405892 0.00192209
3510 0.00402772 0.00191594
3520 0.00399659 0.00190973
3530 0.00396554 0.00190348
3540 0.00393457 0.00189719
3550 0.00390368 0.00189085
3560 0.00387288 0.00188448
3570 0.00384217 0.00187806
3580 0.00381155 0.00187161
3590 0.00378104 0.00186512
3600 0.00375063 0.00185859
3610 0.00372033 0.00185203
3620 0.00369014 0.00184544
3630 0.00366007 0.00183882
3640 0.00363012 0.00183216
3650 0.00360029 0.00182548
3660 0.00357059 0.00181878
3670 0.00354102 0.00181205
3680 0.00351158 0.00180529
3690 0.00348229 0.00179852
3700 0.00345313 0.00179172
3710 0.00342412 0.0017849
3720 0.00339526 0.00177807
3730 0.00336655 0.00177121
3740 0.003338 0.00176435
3750 0.0033096 0.00175747
3760 0.00328136 0.00175057
3770 0.00325329 0.00174367
3780 0.00322538 0.00173675
3790 0.00319765 0.00172982
3800 0.00317008 0.00172289
3810 0.0031427 0.00171595
3820 0.00311548 0.00170901
3830 0.00308845 0.00170206
3840 0.00306161 0.00169511
3850 0.00303494 0.00168816
3860 0.00300847 0.0016812
3870 0.00298218 0.00167425
3880 0.00295608 0.0016673
3890 0.00293018 0.00166036
3900 0.00290448 0.00165341
3910 0.00287897 0.00164647
3920 0.00285366 0.00163954
3930 0.00282855 0.00163262
3940 0.00280365 0.0016257
3950 0.00277895 0.0016188
3960 0.00275445 0.0016119
3970 0.00273017 0.00160502
3980 0.00270609 0.00159815
3990 0.00268222 0.00159129
4000 0.00265857 0.00158445
4010 0.00263513 0.00157763
4020 0.0026119 0.00157082
4030 0.00258888 0.00156402
4040 0.00256608 0.00155725
4050 0.0025435 0.00155049
4060 0.00252114 0.00154376
4070 0.00249899 0.00153705
4080 0.00247707 0.00153036
4090 0.00245536 0.00152369
4100 0.00243387 0.00151704
4110 0.00241261 0.00151043
4120 0.00239156 0.00150383
4130 0.00237074 0.00149726
4140 0.00235013 0.00149072
4150 0.00232975 0.00148421
4160 0.0023096 0.00147773
4170 0.00228966 0.00147127
4180 0.00226995 0.00146485
4190 0.00225045 0.00145846
4200 0.00223119 0.0014521
4210 0.00221214 0.00144577
4220 0.00219331 0.00143947
4230 0.00217471 0.00143321
4240 0.00215633 0.00142698
4250 0.00213816 0.00142079
4260 0.00212022 0.00141464
4270 0.0021025 0.00140852
4280 0.002085 0.00140244
4290 0.00206772 0.0013964
4300 0.00205065 0.00139039
4310 0.00203381 0.00138443
4320 0.00201718 0.00137851
4330 0.00200077 0.00137262
4340 0.00198457 0.00136678
4350 0.00196859 0.00136098
4360 0.00195282 0.00135522
4370 0.00193727 0.00134951
4380 0.00192193 0.00134384
4390 0.0019068 0.00133821
4400 0.00189188 0.00133263
4410 0.00187717 0.0013271
4420 0.00186266 0.00132161
4430 0.00184837 0.00131617
4440 0.00183428 0.00131077
4450 0.0018204 0.00130542
4460 0.00180672 0.00130013
4470 0.00179324 0.00129488
4480 0.00177997 0.00128968
4490 0.0017669 0.00128453
4500 0.00175402 0.00127943
4510 0.00174134 0.00127438
4520 0.00172886 0.00126938
4530 0.00171658 0.00126444
4540 0.00170449 0.00125955
4550 0.00169259 0.00125471
4560 0.00168088 0.00124992
4570 0.00166937 0.00124519
4580 0.00165804 0.00124052
4590 0.0016469 0.0012359
4600 0.00163594 0.00123133
4610 0.00162517 0.00122682
4620 0.00161459 0.00122237
4630 0.00160418 0.00121798
4640 0.00159396 0.00121364
4650 0.00158391 0.00120936
4660 0.00157404 0.00120514
4670 0.00156434 0.00120098
4680 0.00155482 0.00119688
4690 0.00154548 0.00119283
4700 0.0015363 0.00118885
4710 0.00152729 0.00118493
4720 0.00151846 0.00118107
4730 0.00150978 0.00117727
4740 0.00150128 0.00117353
4750 0.00149294 0.00116986
4760 0.00148475 0.00116624
4770 0.00147673 0.00116269
4780 0.00146887 0.0011592
4790 0.00146117 0.00115578
4800 0.00145362 0.00115242
4810 0.00144623 0.00114912
4820 0.00143899 0.00114589
4830 0.0014319 0.00114272
4840 0.00142496 0.00113962
4850 0.00141816 0.00113658
4860 0.00141152 0.0011336
4870 0.00140502 0.0011307
4880 0.00139866 0.00112785
4890 0.00139244 0.00112508
4900 0.00138637 0.00112236
4910 0.00138043 0.00111972
4920 0.00137463 0.00111714
4930 0.00136896 0.00111462
4940 0.00136343 0.00111217
4950 0.00135803 0.00110979
4960 0.00135275 0.00110747
4970 0.00134761 0.00110522
4980 0.00134259 0.00110303
4990 0.0013377 0.00110091
5000 0.00133293 0.00109885
5010 0.00132828 0.00109686
5020 0.00132375 0.00109493
5030 0.00131934 0.00109306
5040 0.00131504 0.00109126
5050 0.00131086 0.00108953
5060 0.00130679 0.00108785
5070 0.00130283 0.00108624
5080 0.00129898 0.00108469
5090 0.00129523 0.0010832
5100 0.00129159 0.00108178
5110 0.00128805 0.00108041
5120 0.00128461 0.0010791
5130 0.00128127 0.00107785
5140 0.00127802 0.00107666
5150 0.00127487 0.00107552
5160 0.00127181 0.00107445
5170 0.00126884 0.00107342
5180 0.00126595 0.00107245
5190 0.00126315 0.00107154
5200 0.00126044 0.00107067
5210 0.0012578 0.00106986
5220 0.00125524 0.00106909
5230 0.00125276 0.00106837
5240 0.00125035 0.0010677
5250 0.00124802 0.00106708
5260 0.00124575 0.0010665
5270 0.00124355 0.00106596
5280 0.00124141 0.00106546
5290 0.00123933 0.00106501
5300 0.00123731 0.00106459
5310 0.00123535 0.0010642
5320 0.00123344 0.00106386
5330 0.00123158 0.00106354
5340 0.00122977 0.00106325
5350 0.001228 0.001063
5360 0.00122628 0.00106277
5370 0.0012246 0.00106256
5380 0.00122295 0.00106238
5390 0.00122134 0.00106222
5400 0.00121977 0.00106208
5410 0.00121822 0.00106196
5420 0.0012167 0.00106185
5430 0.0012152 0.00106176
5440 0.00121373 0.00106168
5450 0.00121227 0.0010616
5460 0.00121083 0.00106154
5470 0.00120941 0.00106148
5480 0.00120799 0.00106142
5490 0.00120659 0.00106136
5500 0.00120519 0.0010613
5510 0.00120379 0.00106124
5520 0.00120239 0.00106117
5530 0.001201 0.0010611
5540 0.00119959 0.00106102
5550 0.00119819 0.00106092
5560 0.00119677 0.00106081
5570 0.00119535 0.00106069
5580 0.00119391 0.00106055
5590 0.00119245 0.00106039
5600 0.00119098 0.00106021
5610 0.00118949 0.00106001
5620 0.00118798 0.00105978
5630 0.00118645 0.00105953
5640 0.00118489 0.00105926
5650 0.0011833 0.00105895
5660 0.00118169 0.00105861
5670 0.00118005 0.00105825
5680 0.00117838 0.00105785
5690 0.00117668 0.00105741
5700 0.00117494 0.00105695
5710 0.00117317 0.00105644
5720 0.00117137 0.0010559
5730 0.00116953 0.00105532
5740 0.00116765 0.00105471
5750 0.00116573 0.00105405
5760 0.00116378 0.00105336
5770 0.00116179 0.00105263
5780 0.00115975 0.00105185
5790 0.00115768 0.00105104
5800 0.00115557 0.00105018
5810 0.00115342 0.00104928
5820 0.00115123 0.00104834
5830 0.001149 0.00104736
5840 0.00114673 0.00104634
5850 0.00114443 0.00104528
5860 0.00114208 0.00104418
5870 0.00113969 0.00104303
5880 0.00113727 0.00104185
5890 0.00113481 0.00104063
5900 0.00113232 0.00103937
5910 0.00112978 0.00103807
5920 0.00112722 0.00103674
5930 0.00112462 0.00103537
5940 0.00112199 0.00103396
5950 0.00111933 0.00103252
5960 0.00111663 0.00103105
5970 0.00111391 0.00102955
5980 0.00111117 0.00102801
5990 0.00110839 0.00102645
6000 0.0011056 0.00102486
6010 0.00110278 0.00102324
6020 0.00109994 0.0010216
6030 0.00109708 0.00101993
6040 0.0010942 0.00101824
6050 0.00109131 0.00101654
6060 0.00108841 0.00101481
6070 0.0010855 0.00101307
6080 0.00108258 0.00101132
6090 0.00107965 0.00100955
6100 0.00107671 0.00100777
6110 0.00107378 0.00100599
6120 0.00107085 0.00100419
6130 0.00106791 0.0010024
6140 0.00106499 0.0010006
6150 0.00106207 0.000998808
6160 0.00105916 0.000997015
6170 0.00105627 0.000995229
6180 0.00105339 0.000993451
6190 0.00105053 0.000991684
6200 0.00104769 0.000989931
6210 0.00104488 0.000988195
6220 0.0010421 0.000986479
6230 0.00103934 0.000984784
6240 0.00103662 0.000983116
6250 0.00103394 0.000981477
6260 0.0010313 0.000979869
6270 0.00102871 0.000978298
6280 0.00102616 0.000976765
6290 0.00102367 0.000975276
6300 0.00102123 0.000973833
6310 0.00101886 0.000972442
6320 0.00101655 0.000971105
6330 0.00101431 0.000969829
6340 0.00101214 0.000968617
6350 0.00101005 0.000967474
6360 0.00100805 0.000966407
6370 0.00100615 0.000965419
6380 0.00100433 0.000964518
6390 0.00100263 0.000963709
6400 0.00100103 0.000962999
6410 0.000999548 0.000962396
6420 0.000998194 0.000961907
6430 0.000996973 0.00096154
6440 0.000995896 0.000961305
6450 0.000994971 0.000961212
6460 0.00099421 0.00096127
6470 0.000993624 0.000961491
6480 0.000993225 0.000961889
6490 0.000993029 0.000962476
6500 0.00099305 0.00096327
6510 0.000993306 0.000964285
6520 0.000993815 0.000965542
6530 0.000994598 0.000967062
6540 0.00099568 0.000968868
6550 0.000997087 0.000970987
6560 0.000998703 0.000973303
6570 0.00100033 0.000975618
6580 0.00100197 0.000977931
6590 0.00100361 0.000980241
6600 0.00100527 0.000982548
6610 0.00100693 0.000984853
6620 0.00100861 0.000987154
6630 0.00101029 0.000989452
6640 0.00101198 0.000991747
6650 0.00101367 0.000994037
6660 0.00101538 0.000996324
6670 0.00101709 0.000998605
6680 0.00101881 0.00100088
6690 0.00102054 0.00100315
6700 0.00102227 0.00100542
6710 0.001024 0.00100767
6720 0.00102574 0.00100992
6730 0.00102748 0.00101217
6740 0.00102922 0.0010144
6750 0.00103097 0.00101662
6760 0.00103271 0.00101884
6770 0.00103446 0.00102104
6780 0.0010362 0.00102322
6790 0.00103794 0.0010254
6800 0.00103968 0.00102756
6810 0.00104141 0.0010297
6820 0.00104313 0.00103183
6830 0.00104484 0.00103394
6840 0.00104655 0.00103603
6850 0.00104824 0.00103809
6860 0.00104992 0.00104014
6870 0.00105158 0.00104216
6880 0.00105323 0.00104415
6890 0.00105486 0.00104612
6900 0.00105647 0.00104805
6910 0.00105806 0.00104996
6920 0.00105963 0.00105183
6930 0.00106116 0.00105367
6940 0.00106267 0.00105547
6950 0.00106415 0.00105723
6960 0.00106559 0.00105894
6970 0.001067 0.00106062
6980 0.00106838 0.00106225
6990 0.00106971 0.00106383
7000 0.001071 0.00106536
7010 0.00107224 0.00106684
7020 0.00107344 0.00106827
7030 0.00107459 0.00106963
7040 0.00107568 0.00107094
7050 0.00107672 0.00107219
7060 0.0010777 0.00107337
7070 0.00107863 0.00107448
7080 0.00107949 0.00107553
7090 0.00108029 0.00107651
7100 0.00108102 0.00107741
7110 0.00108168 0.00107824
7120 0.00108228 0.001079
7130 0.0010828 0.00107967
7140 0.00108324 0.00108027
7150 0.00108362 0.00108078
7160 0.00108391 0.00108122
7170 0.00108413 0.00108157
7180 0.00108428 0.00108184
7190 0.00108434 0.00108203
7200 0.00108433 0.00108214
7210 0.00108425 0.00108217
7220 0.00108409 0.00108212
7230 0.00108385 0.00108199
7240 0.00108355 0.00108178
7250 0.00108318 0.00108151
7260 0.00108275 0.00108117
7270 0.00108226 0.00108077
7280 0.00108171 0.00108031
7290 0.00108112 0.0010798
7300 0.00108049 0.00107924
7310 0.00107984 0.00107866
7320 0.00107916 0.00107805
7330 0.00107847 0.00107743
7340 0.00107778 0.0010768
7350 0.00107711 0.00107619
7360 0.00107646 0.0010756
7370 0.00107586 0.00107506
7380 0.00107533 0.00107457
7390 0.00107487 0.00107416
7400 0.00107451 0.00107385
7410 0.00107427 0.00107365
7420 0.00107416 0.00107359
7430 0.00107422 0.00107369
7440 0.00107447 0.00107398
7450 0.00107492 0.00107446
7460 0.00107561 0.00107518
7470 0.00107654 0.00107615
7480 0.00107776 0.0010774
7490 0.00107928 0.00107895
7500 0.00108112 0.00108081
7510 0.0010833 0.00108302
7520 0.00108585 0.00108558
7530 0.00108876 0.00108852
7540 0.00109207 0.00109185
7550 0.00109577 0.00109557
7560 0.00109987 0.00109969
7570 0.00110437 0.0011042
7580 0.00110925 0.0011091
7590 0.00111451 0.00111438
7600 0.00112013 0.00112001
7610 0.00112608 0.00112597
7620 0.00113231 0.00113221
7630 0.00113878 0.00113869
7640 0.00114544 0.00114536
7650 0.00115222 0.00115215
7660 0.00115905 0.00115898
7670 0.00116582 0.00116577
7680 0.00117245 0.0011724
7690 0.00117883 0.00117879
7700 0.00118484 0.0011848
7710 0.00119034 0.00119031
7720 0.00119521 0.00119518
7730 0.0011993 0.00119927
7740 0.00120247 0.00120245
7750 0.00120459 0.00120457
7760 0.00120553 0.00120551
7770 0.00120518 0.00120517
7780 0.00120348 0.00120347
7790 0.00120038 0.00120038
7800 0.00119591 0.0011959
7810 0.00119013 0.00119013
7820 0.00118319 0.00118318
7830 0.00117527 0.00117526
7840 0.0011666 0.0011666
7850 0.00115742 0.00115742
7860 0.00114796 0.00114796
7870 0.00113838 0.00113838
7880 0.0011288 0.0011288
7890 0.00111926 0.00111926
7900 0.0011098 0.0011098
7910 0.00110042 0.00110042
7920 0.00109111 0.00109111
7930 0.00108188 0.00108188
7940 0.00107272 0.00107272
7950 0.00106364 0.00106364
7960 0.00105463 0.00105463
7970 0.00104569 0.00104569
7980 0.00103683 0.00103683
7990 0.00102804 0.00102804
8000 0.0460275 0.0460275
