0 nan 0
10 nan 2.3006e-11
20 nan 3.0138e-10
30 nan 1.40163e-09
40 0.0311943 4.20701e-09
50 0.0278088 9.89356e-09
60 0.0252221 1.99072e-08
70 0.0232053 3.5942e-08
80 0.0218967 5.99191e-08
90 0.0215465 9.3967e-08
100 0.0216323 1.40402e-07
110 0.0215316 2.01712e-07
120 0.0212271 2.80536e-07
130 0.0208476 3.79651e-07
140 0.0204319 5.01955e-07
150 0.019965 6.50449e-07
160 0.0194295 8.28231e-07
170 0.0188257 1.03847e-06
180 0.0181703 1.28442e-06
190 0.017489 1.56936e-06
200 0.0168088 1.89663e-06
210 0.0161524 2.2696e-06
220 0.0155368 2.69166e-06
230 0.0149724 3.16621e-06
240 0.0144641 3.69665e-06
250 0.0140127 4.28639e-06
260 0.0136162 4.93881e-06
270 0.0132709 5.65727e-06
280 0.0129722 6.4451e-06
290 0.0127152 7.30562e-06
300 0.0124951 8.24207e-06
310 0.0123073 9.25767e-06
320 0.0121474 1.03556e-05
330 0.0120117 1.15389e-05
340 0.0118964 1.28107e-05
350 0.0117985 1.41739e-05
360 0.0117151 1.56314e-05
370 0.0116435 1.71861e-05
380 0.0115815 1.88407e-05
390 0.011527 2.05979e-05
400 0.0114781 2.24602e-05
410 0.0114332 2.44303e-05
420 0.0113909 2.65104e-05
430 0.01135 2.8703e-05
440 0.0113096 3.10102e-05
450 0.0112686 3.34342e-05
460 0.0112264 3.5977e-05
470 0.0111825 3.86407e-05
480 0.0111364 4.1427e-05
490 0.0110879 4.43377e-05
500 0.0110367 4.73745e-05
510 0.0109826 5.05389e-05
520 0.0109258 5.38324e-05
530 0.0108661 5.72564e-05
540 0.0108037 6.08122e-05
550 0.0107386 6.45008e-05
560 0.0106711 6.83234e-05
570 0.0106013 7.2281e-05
580 0.0105294 7.63744e-05
590 0.0104557 8.06044e-05
600 0.0103803 8.49717e-05
610 0.0103034 8.94769e-05
620 0.0102253 9.41205e-05
630 0.0101463 9.89029e-05
640 0.0100664 0.000103824
650 0.009986 0.000108885
660 0.00990523 0.000114086
670 0.00982428 0.000119426
680 0.00974333 0.000124905
690 0.00966256 0.000130524
700 0.00958211 0.000136281
710 0.00950215 0.000142178
720 0.0094228 0.000148213
730 0.00934419 0.000154387
740 0.00926644 0.000160697
750 0.00918965 0.000167145
760 0.00911392 0.000173729
770 0.00903933 0.000180449
780 0.00896596 0.000187303
790 0.00889387 0.000194291
800 0.00882314 0.000201411
810 0.00875381 0.000208664
820 0.00868592 0.000216047
830 0.00861953 0.00022356
840 0.00855465 0.000231202
850 0.00849132 0.00023897
860 0.00842956 0.000246864
870 0.0083694 0.000254883
880 0.00831083 0.000263025
890 0.00825387 0.000271288
900 0.00819853 0.000279671
910 0.0081448 0.000288173
920 0.00809268 0.000296791
930 0.00804217 0.000305525
940 0.00799326 0.000314372
950 0.00794594 0.000323331
960 0.00790019 0.0003324
970 0.007856 0.000341577
980 0.00781336 0.00035086
990 0.00777223 0.000360247
1000 0.00773261 0.000369737
1010 0.00769447 0.000379327
1020 0.00765779 0.000389016
1030 0.00762253 0.000398802
1040 0.00758868 0.000408681
1050 0.00755621 0.000418654
1060 0.0075251 0.000428716
1070 0.0074953 0.000438867
1080 0.0074668 0.000449103
1090 0.00743956 0.000459424
1100 0.00741356 0.000469827
1110 0.00738876 0.000480309
1120 0.00736513 0.000490868
1130 0.00734264 0.000501503
1140 0.00732126 0.000512211
1150 0.00730096 0.000522989
1160 0.0072817 0.000533836
1170 0.00726346 0.00054475
1180 0.00724619 0.000555727
1190 0.00722988 0.000566766
1200 0.00721449 0.000577865
1210 0.00719998 0.000589021
1220 0.00718632 0.000600232
1230 0.00717349 0.000611495
1240 0.00716145 0.00062281
1250 0.00715017 0.000634172
1260 0.00713962 0.00064558
1270 0.00712978 0.000657032
1280 0.0071206 0.000668526
1290 0.00711206 0.000680058
1300 0.00710414 0.000691628
1310 0.0070968 0.000703232
1320 0.00709002 0.000714869
1330 0.00708377 0.000726535
1340 0.00707802 0.00073823
1350 0.00707276 0.000749951
1360 0.00706794 0.000761695
1370 0.00706356 0.00077346
1380 0.00705958 0.000785245
1390 0.00705598 0.000797047
1400 0.00705274 0.000808863
1410 0.00704984 0.000820693
1420 0.00704726 0.000832533
1430 0.00704496 0.000844381
1440 0.00704294 0.000856236
1450 0.00704118 0.000868095
1460 0.00703976 0.000879956
1470 0.00703893 0.000891817
1480 0.00703864 0.000903677
1490 0.00703882 0.000915532
1500 0.0070394 0.000927382
1510 0.00704033 0.000939224
1520 0.00704156 0.000951056
1530 0.00704304 0.000962875
1540 0.00704473 0.000974682
1550 0.00704659 0.000986472
1560 0.00704859 0.000998245
1570 0.00705069 0.00101
1580 0.00705285 0.00102173
1590 0.00705506 0.00103344
1600 0.00705727 0.00104512
1610 0.00705948 0.00105678
1620 0.00706164 0.00106841
1630 0.00706375 0.00108
1640 0.00706578 0.00109157
1650 0.00706771 0.0011031
1660 0.00706952 0.0011146
1670 0.0070712 0.00112606
1680 0.00707273 0.00113748
1690 0.0070741 0.00114886
1700 0.00707529 0.00116019
1710 0.00707629 0.00117149
1720 0.00707709 0.00118273
1730 0.00707768 0.00119393
1740 0.00707804 0.00120509
1750 0.00707818 0.00121619
1760 0.00707806 0.00122724
1770 0.0070777 0.00123824
1780 0.00707709 0.00124918
1790 0.0070762 0.00126007
1800 0.00707505 0.0012709
1810 0.00707362 0.00128167
1820 0.0070719 0.00129238
1830 0.0070699 0.00130303
1840 0.0070676 0.00131362
1850 0.00706501 0.00132414
1860 0.00706212 0.0013346
1870 0.00705892 0.00134499
1880 0.00705541 0.00135531
1890 0.0070516 0.00136556
1900 0.00704747 0.00137574
1910 0.00704302 0.00138586
1920 0.00703826 0.00139589
1930 0.00703318 0.00140586
1940 0.00702778 0.00141575
1950 0.00702205 0.00142556
1960 0.00701601 0.0014353
1970 0.00700964 0.00144496
1980 0.00700295 0.00145453
1990 0.00699593 0.00146403
2000 0.00698859 0.00147345
2010 0.00698092 0.00148278
2020 0.00697293 0.00149203
2030 0.00696462 0.0015012
2040 0.00695598 0.00151028
2050 0.00694702 0.00151928
2060 0.00693774 0.00152818
2070 0.00692814 0.001537
2080 0.00691822 0.00154573
2090 0.00690797 0.00155437
2100 0.00689741 0.00156292
2110 0.00688654 0.00157138
2120 0.00687535 0.00157975
2130 0.00686384 0.00158802
2140 0.00685202 0.0015962
2150 0.00683989 0.00160429
2160 0.00682745 0.00161228
2170 0.00681471 0.00162017
2180 0.00680165 0.00162797
2190 0.0067883 0.00163567
2200 0.00677464 0.00164328
2210 0.00676068 0.00165078
2220 0.00674643 0.00165819
2230 0.00673187 0.0016655
2240 0.00671703 0.0016727
2250 0.00670189 0.00167981
2260 0.00668646 0.00168681
2270 0.00667075 0.00169371
2280 0.00665475 0.00170051
2290 0.00663847 0.00170721
2300 0.00662191 0.00171381
2310 0.00660507 0.0017203
2320 0.00658795 0.00172668
2330 0.00657056 0.00173297
2340 0.00655291 0.00173914
2350 0.00653498 0.00174522
2360 0.00651679 0.00175118
2370 0.00649833 0.00175704
2380 0.00647962 0.0017628
2390 0.00646065 0.00176845
2400 0.00644143 0.00177399
2410 0.00642195 0.00177942
2420 0.00640222 0.00178475
2430 0.00638225 0.00178997
2440 0.00636204 0.00179508
2450 0.00634159 0.00180009
2460 0.00632089 0.00180498
2470 0.00629997 0.00180977
2480 0.00627881 0.00181445
2490 0.00625743 0.00181902
2500 0.00623582 0.00182349
2510 0.00621399 0.00182784
2520 0.00619194 0.00183209
2530 0.00616967 0.00183622
2540 0.00614719 0.00184025
2550 0.0061245 0.00184417
2560 0.00610161 0.00184798
2570 0.00607851 0.00185168
2580 0.00605521 0.00185527
2590 0.00603172 0.00185876
2600 0.00600804 0.00186214
2610 0.00598416 0.0018654
2620 0.0059601 0.00186856
2630 0.00593585 0.00187161
2640 0.00591143 0.00187456
2650 0.00588683 0.00187739
2660 0.00586206 0.00188012
2670 0.00583712 0.00188274
2680 0.00581201 0.00188525
2690 0.00578674 0.00188766
2700 0.00576131 0.00188996
2710 0.00573573 0.00189215
2720 0.00571 0.00189424
2730 0.00568411 0.00189622
2740 0.00565809 0.00189809
2750 0.00563192 0.00189986
2760 0.00560561 0.00190153
2770 0.00557918 0.00190309
2780 0.00555261 0.00190455
2790 0.00552591 0.0019059
2800 0.00549909 0.00190715
2810 0.00547215 0.0019083
2820 0.0054451 0.00190934
2830 0.00541793 0.00191028
2840 0.00539065 0.00191113
2850 0.00536327 0.00191187
2860 0.00533579 0.00191251
2870 0.00530821 0.00191305
2880 0.00528053 0.00191349
2890 0.00525277 0.00191383
2900 0.00522492 0.00191408
2910 0.00519698 0.00191422
2920 0.00516897 0.00191427
2930 0.00514087 0.00191423
2940 0.00511271 0.00191408
2950 0.00508448 0.00191385
2960 0.00505618 0.00191351
2970 0.00502782 0.00191309
2980 0.0049994 0.00191257
2990 0.00497093 0.00191196
3000 0.0049424 0.00191126
3010 0.00491383 0.00191047
3020 0.00488522 0.00190958
3030 0.00485656 0.00190861
3040 0.00482787 0.00190755
3050 0.00479914 0.0019064
3060 0.00477039 0.00190517
3070 0.00474161 0.00190385
3080 0.0047128 0.00190244
3090 0.00468398 0.00190095
3100 0.00465515 0.00189937
3110 0.0046263 0.00189771
3120 0.00459744 0.00189597
3130 0.00456858 0.00189415
3140 0.00453971 0.00189225
3150 0.00451085 0.00189027
3160 0.004482 0.00188821
3170 0.00445315 0.00188607
3180 0.00442432 0.00188386
3190 0.0043955 0.00188157
3200 0.0043667 0.00187921
3210 0.00433793 0.00187677
3220 0.00430918 0.00187426
3230 0.00428046 0.00187167
3240 0.00425177 0.00186902
3250 0.00422312 0.0018663
3260 0.00419451 0.0018635
3270 0.00416594 0.00186064
3280 0.00413742 0.00185771
3290 0.00410895 0.00185472
3300 0.00408053 0.00185165
3310 0.00405216 0.00184853
3320 0.00402386 0.00184534
3330 0.00399562 0.00184209
3340 0.00396744 0.00183878
3350 0.00393933 0.00183541
3360 0.0039113 0.00183198
3370 0.00388333 0.00182849
3380 0.00385545 0.00182494
3390 0.00382765 0.00182133
3400 0.00379993 0.00181768
3410 0.00377229 0.00181396
3420 0.00374475 0.0018102
3430 0.0037173 0.00180638
3440 0.00368995 0.00180251
3450 0.00366269 0.00179859
3460 0.00363553 0.00179462
3470 0.00360848 0.0017906
3480 0.00358154 0.00178654
3490 0.0035547 0.00178243
3500 0.00352798 0.00177828
3510 0.00350137 0.00177408
3520 0.00347488 0.00176983
3530 0.00344851 0.00176555
3540 0.00342226 0.00176123
3550 0.00339613 0.00175686
3560 0.00337013 0.00175246
3570 0.00334427 0.00174801
3580 0.00331853 0.00174353
3590 0.00329293 0.00173902
3600 0.00326746 0.00173447
3610 0.00324213 0.00172989
3620 0.00321695 0.00172527
3630 0.0031919 0.00172062
3640 0.00316701 0.00171594
3650 0.00314225 0.00171123
3660 0.00311765 0.00170649
3670 0.0030932 0.00170173
3680 0.0030689 0.00169693
3690 0.00304476 0.00169211
3700 0.00302077 0.00168727
3710 0.00299694 0.0016824
3720 0.00297327 0.00167751
3730 0.00294977 0.00167259
3740 0.00292642 0.00166766
3750 0.00290324 0.0016627
3760 0.00288023 0.00165772
3770 0.00285739 0.00165273
3780 0.00283471 0.00164772
3790 0.0028122 0.00164269
3800 0.00278987 0.00163765
3810 0.00276771 0.00163259
3820 0.00274572 0.00162752
3830 0.00272391 0.00162243
3840 0.00270228 0.00161733
3850 0.00268082 0.00161222
3860 0.00265954 0.0016071
3870 0.00263844 0.00160197
3880 0.00261752 0.00159684
3890 0.00259679 0.00159169
3900 0.00257623 0.00158654
3910 0.00255586 0.00158138
3920 0.00253567 0.00157622
3930 0.00251566 0.00157105
3940 0.00249584 0.00156588
3950 0.00247621 0.00156071
3960 0.00245676 0.00155553
3970 0.00243749 0.00155035
3980 0.00241842 0.00154518
3990 0.00239953 0.00154
4000 0.00238082 0.00153483
4010 0.00236231 0.00152966
4020 0.00234398 0.00152449
4030 0.00232584 0.00151932
4040 0.00230789 0.00151416
4050 0.00229013 0.00150901
4060 0.00227255 0.00150386
4070 0.00225516 0.00149872
4080 0.00223796 0.00149358
4090 0.00222095 0.00148846
4100 0.00220413 0.00148334
4110 0.00218749 0.00147824
4120 0.00217105 0.00147314
4130 0.00215479 0.00146806
4140 0.00213871 0.00146299
4150 0.00212282 0.00145793
4160 0.00210712 0.00145288
4170 0.00209161 0.00144785
4180 0.00207628 0.00144284
4190 0.00206113 0.00143784
4200 0.00204617 0.00143286
4210 0.0020314 0.0014279
4220 0.00201681 0.00142295
4230 0.0020024 0.00141802
4240 0.00198817 0.00141311
4250 0.00197412 0.00140823
4260 0.00196026 0.00140336
4270 0.00194657 0.00139852
4280 0.00193307 0.00139369
4290 0.00191974 0.00138889
4300 0.00190659 0.00138412
4310 0.00189362 0.00137937
4320 0.00188082 0.00137464
4330 0.0018682 0.00136994
4340 0.00185575 0.00136527
4350 0.00184348 0.00136062
4360 0.00183138 0.001356
4370 0.00181945 0.00135141
4380 0.00180769 0.00134685
4390 0.0017961 0.00134232
4400 0.00178468 0.00133782
4410 0.00177343 0.00133335
4420 0.00176235 0.00132891
4430 0.00175143 0.00132451
4440 0.00174067 0.00132014
4450 0.00173008 0.0013158
4460 0.00171965 0.0013115
4470 0.00170938 0.00130723
4480 0.00169928 0.001303
4490 0.00168933 0.0012988
4500 0.00167954 0.00129465
4510 0.0016699 0.00129053
4520 0.00166043 0.00128644
4530 0.00165111 0.0012824
4540 0.00164194 0.0012784
4550 0.00163292 0.00127444
4560 0.00162405 0.00127052
4570 0.00161534 0.00126664
4580 0.00160677 0.0012628
4590 0.00159835 0.001259
4600 0.00159008 0.00125525
4610 0.00158196 0.00125155
4620 0.00157397 0.00124789
4630 0.00156613 0.00124427
4640 0.00155844 0.0012407
4650 0.00155088 0.00123718
4660 0.00154346 0.0012337
4670 0.00153619 0.00123027
4680 0.00152904 0.00122689
4690 0.00152204 0.00122356
4700 0.00151517 0.00122028
4710 0.00150843 0.00121705
4720 0.00150183 0.00121387
4730 0.00149535 0.00121074
4740 0.00148901 0.00120766
4750 0.00148279 0.00120464
4760 0.00147671 0.00120166
4770 0.00147075 0.00119874
4780 0.00146491 0.00119588
4790 0.0014592 0.00119307
4800 0.00145361 0.00119031
4810 0.00144815 0.00118761
4820 0.0014428 0.00118497
4830 0.00143757 0.00118238
4840 0.00143247 0.00117985
4850 0.00142747 0.00117737
4860 0.0014226 0.00117495
4870 0.00141784 0.00117259
4880 0.00141319 0.00117029
4890 0.00140865 0.00116805
4900 0.00140423 0.00116586
4910 0.00139991 0.00116373
4920 0.0013957 0.00116167
4930 0.0013916 0.00115966
4940 0.00138761 0.00115771
4950 0.00138372 0.00115582
4960 0.00137993 0.00115399
4970 0.00137625 0.00115222
4980 0.00137266 0.00115051
4990 0.00136918 0.00114887
5000 0.00136579 0.00114728
5010 0.0013625 0.00114575
5020 0.0013593 0.00114428
5030 0.0013562 0.00114287
5040 0.00135319 0.00114152
5050 0.00135027 0.00114023
5060 0.00134744 0.001139
5070 0.0013447 0.00113783
5080 0.00134205 0.00113672
5090 0.00133948 0.00113567
5100 0.00133699 0.00113467
5110 0.00133459 0.00113374
5120 0.00133226 0.00113286
5130 0.00133002 0.00113203
5140 0.00132785 0.00113126
5150 0.00132575 0.00113055
5160 0.00132373 0.00112989
5170 0.00132179 0.00112929
5180 0.00131991 0.00112874
5190 0.0013181 0.00112824
5200 0.00131635 0.0011278
5210 0.00131467 0.0011274
5220 0.00131306 0.00112705
5230 0.0013115 0.00112675
5240 0.00131 0.0011265
5250 0.00130856 0.0011263
5260 0.00130717 0.00112614
5270 0.00130584 0.00112602
5280 0.00130456 0.00112595
5290 0.00130332 0.00112591
5300 0.00130213 0.00112592
5310 0.00130099 0.00112596
5320 0.00129988 0.00112604
5330 0.00129882 0.00112616
5340 0.00129779 0.00112631
5350 0.0012968 0.00112648
5360 0.00129584 0.00112669
5370 0.00129491 0.00112693
5380 0.00129401 0.00112719
5390 0.00129313 0.00112748
5400 0.00129228 0.00112779
5410 0.00129144 0.00112812
5420 0.00129063 0.00112847
5430 0.00128983 0.00112883
5440 0.00128905 0.00112921
5450 0.00128827 0.0011296
5460 0.00128751 0.00113
5470 0.00128675 0.00113041
5480 0.001286 0.00113083
5490 0.00128524 0.00113125
5500 0.00128449 0.00113167
5510 0.00128373 0.0011321
5520 0.00128297 0.00113252
5530 0.0012822 0.00113293
5540 0.00128142 0.00113334
5550 0.00128062 0.00113375
5560 0.00127981 0.00113414
5570 0.00127899 0.00113452
5580 0.00127815 0.00113488
5590 0.00127728 0.00113523
5600 0.0012764 0.00113556
5610 0.00127549 0.00113587
5620 0.00127455 0.00113616
5630 0.00127359 0.00113643
5640 0.00127259 0.00113667
5650 0.00127156 0.00113688
5660 0.0012705 0.00113707
5670 0.00126941 0.00113723
5680 0.00126828 0.00113735
5690 0.00126711 0.00113744
5700 0.0012659 0.0011375
5710 0.00126466 0.00113752
5720 0.00126337 0.00113751
5730 0.00126204 0.00113746
5740 0.00126067 0.00113737
5750 0.00125926 0.00113724
5760 0.0012578 0.00113708
5770 0.0012563 0.00113687
5780 0.00125475 0.00113662
5790 0.00125315 0.00113632
5800 0.00125152 0.00113599
5810 0.00124983 0.00113561
5820 0.0012481 0.00113519
5830 0.00124633 0.00113473
5840 0.00124451 0.00113422
5850 0.00124264 0.00113367
5860 0.00124073 0.00113308
5870 0.00123877 0.00113245
5880 0.00123678 0.00113177
5890 0.00123473 0.00113105
5900 0.00123265 0.00113029
5910 0.00123053 0.00112949
5920 0.00122836 0.00112865
5930 0.00122616 0.00112777
5940 0.00122391 0.00112685
5950 0.00122164 0.00112589
5960 0.00121932 0.0011249
5970 0.00121697 0.00112387
5980 0.00121459 0.0011228
5990 0.00121218 0.00112171
6000 0.00120974 0.00112058
6010 0.00120727 0.00111943
6020 0.00120478 0.00111824
6030 0.00120226 0.00111703
6040 0.00119972 0.00111579
6050 0.00119717 0.00111453
6060 0.00119459 0.00111325
6070 0.001192 0.00111195
6080 0.0011894 0.00111063
6090 0.00118679 0.0011093
6100 0.00118417 0.00110795
6110 0.00118154 0.0011066
6120 0.00117892 0.00110523
6130 0.00117629 0.00110386
6140 0.00117367 0.00110249
6150 0.00117105 0.00110111
6160 0.00116844 0.00109974
6170 0.00116585 0.00109837
6180 0.00116327 0.00109701
6190 0.0011607 0.00109566
6200 0.00115816 0.00109432
6210 0.00115565 0.001093
6220 0.00115316 0.0010917
6230 0.00115071 0.00109042
6240 0.00114829 0.00108917
6250 0.00114591 0.00108795
6260 0.00114358 0.00108676
6270 0.0011413 0.00108561
6280 0.00113906 0.00108451
6290 0.00113689 0.00108345
6300 0.00113478 0.00108244
6310 0.00113273 0.00108149
6320 0.00113076 0.0010806
6330 0.00112886 0.00107977
6340 0.00112705 0.00107902
6350 0.00112533 0.00107835
6360 0.0011237 0.00107775
6370 0.00112217 0.00107725
6380 0.00112075 0.00107685
6390 0.00111946 0.00107655
6400 0.00111828 0.00107636
6410 0.00111724 0.00107629
6420 0.00111634 0.00107636
6430 0.00111559 0.00107656
6440 0.00111501 0.00107691
6450 0.00111461 0.00107743
6460 0.00111439 0.00107812
6470 0.00111437 0.001079
6480 0.00111457 0.00108008
6490 0.001115 0.00108139
6500 0.00111569 0.00108293
6510 0.00111665 0.00108473
6520 0.0011179 0.00108681
6530 0.00111947 0.0010892
6540 0.0011214 0.00109193
6550 0.00112369 0.00109501
6560 0.0011261 0.0010982
6570 0.00112852 0.00110138
6580 0.00113096 0.00110457
6590 0.00113341 0.00110776
6600 0.00113588 0.00111094
6610 0.00113836 0.00111413
6620 0.00114085 0.00111731
6630 0.00114335 0.0011205
6640 0.00114587 0.00112369
6650 0.0011484 0.00112687
6660 0.00115094 0.00113005
6670 0.00115349 0.00113323
6680 0.00115605 0.00113641
6690 0.00115862 0.00113958
6700 0.0011612 0.00114275
6710 0.00116379 0.00114592
6720 0.00116639 0.00114908
6730 0.00116899 0.00115224
6740 0.0011716 0.00115539
6750 0.00117422 0.00115853
6760 0.00117684 0.00116166
6770 0.00117946 0.00116478
6780 0.00118208 0.0011679
6790 0.0011847 0.001171
6800 0.00118732 0.00117408
6810 0.00118994 0.00117716
6820 0.00119255 0.00118021
6830 0.00119516 0.00118325
6840 0.00119776 0.00118627
6850 0.00120035 0.00118927
6860 0.00120292 0.00119225
6870 0.00120549 0.0011952
6880 0.00120804 0.00119813
6890 0.00121057 0.00120103
6900 0.00121308 0.0012039
6910 0.00121557 0.00120673
6920 0.00121803 0.00120953
6930 0.00122047 0.0012123
6940 0.00122287 0.00121502
6950 0.00122525 0.00121771
6960 0.00122759 0.00122035
6970 0.00122989 0.00122294
6980 0.00123215 0.00122548
6990 0.00123437 0.00122798
7000 0.00123654 0.00123041
7010 0.00123867 0.00123279
7020 0.00124074 0.00123511
7030 0.00124275 0.00123737
7040 0.00124471 0.00123956
7050 0.00124661 0.00124168
7060 0.00124844 0.00124373
7070 0.00125021 0.0012457
7080 0.0012519 0.0012476
7090 0.00125352 0.00124941
7100 0.00125507 0.00125115
7110 0.00125654 0.0012528
7120 0.00125792 0.00125436
7130 0.00125922 0.00125583
7140 0.00126044 0.00125721
7150 0.00126157 0.0012585
7160 0.00126261 0.00125969
7170 0.00126357 0.00126078
7180 0.00126443 0.00126178
7190 0.00126519 0.00126268
7200 0.00126587 0.00126349
7210 0.00126646 0.0012642
7220 0.00126695 0.00126481
7230 0.00126736 0.00126533
7240 0.00126768 0.00126576
7250 0.00126792 0.0012661
7260 0.00126808 0.00126636
7270 0.00126816 0.00126654
7280 0.00126818 0.00126665
7290 0.00126814 0.0012667
7300 0.00126804 0.00126668
7310 0.0012679 0.00126662
7320 0.00126773 0.00126653
7330 0.00126753 0.0012664
7340 0.00126733 0.00126627
7350 0.00126714 0.00126615
7360 0.00126697 0.00126604
7370 0.00126684 0.00126597
7380 0.00126678 0.00126596
7390 0.00126679 0.00126603
7400 0.00126692 0.0012662
7410 0.00126717 0.0012665
7420 0.00126757 0.00126695
7430 0.00126815 0.00126758
7440 0.00126895 0.00126841
7450 0.00126998 0.00126948
7460 0.00127127 0.00127081
7470 0.00127286 0.00127243
7480 0.00127477 0.00127437
7490 0.00127703 0.00127667
7500 0.00127967 0.00127933
7510 0.00128271 0.00128241
7520 0.00128619 0.0012859
7530 0.00129011 0.00128985
7540 0.00129449 0.00129426
7550 0.00129936 0.00129914
7560 0.0013047 0.00130451
7570 0.00131054 0.00131036
7580 0.00131686 0.00131669
7590 0.00132364 0.00132349
7600 0.00133087 0.00133073
7610 0.00133851 0.00133839
7620 0.00134653 0.00134642
7630 0.00135487 0.00135477
7640 0.00136346 0.00136337
7650 0.00137223 0.00137215
7660 0.00138109 0.00138102
7670 0.00138993 0.00138987
7680 0.00139865 0.00139859
7690 0.0014071 0.00140705
7700 0.00141514 0.0014151
7710 0.00142262 0.00142259
7720 0.00142938 0.00142935
7730 0.00143523 0.00143521
7740 0.00144001 0.00143999
7750 0.00144355 0.00144353
7760 0.00144568 0.00144567
7770 0.00144627 0.00144626
7780 0.00144522 0.00144521
7790 0.00144246 0.00144245
7800 0.00143801 0.001438
7810 0.00143194 0.00143193
7820 0.0014244 0.0014244
7830 0.00141562 0.00141562
7840 0.00140587 0.00140587
7850 0.00139545 0.00139545
7860 0.00138463 0.00138463
7870 0.00137364 0.00137364
7880 0.00136262 0.00136262
7890 0.00135165 0.00135165
7900 0.00134075 0.00134075
7910 0.00132994 0.00132994
7920 0.0013192 0.0013192
7930 0.00130856 0.00130856
7940 0.00129799 0.00129799
7950 0.0012875 0.0012875
7960 0.0012771 0.0012771
7970 0.00126677 0.00126677
7980 0.00125653 0.00125653
7990 0.00124636 0.00124636
8000 0.056965 0.056965
