0 0 0
10 0.111708 1.2537e-11
20 0.0393065 1.64676e-10
30 0.0326026 7.67276e-10
40 0.0284755 2.3066e-09
50 0.0255283 5.43222e-09
60 0.0232709 1.09454e-08
70 0.0215369 1.9788e-08
80 0.0205605 3.30318e-08
90 0.0205016 5.18681e-08
100 0.020678 7.75984e-08
110 0.0206136 1.11624e-07
120 0.0203852 1.5544e-07
130 0.0200939 2.10621e-07
140 0.0197468 2.78818e-07
150 0.0193203 3.61751e-07
160 0.0188032 4.61196e-07
170 0.0182056 5.78984e-07
180 0.0175524 7.16991e-07
190 0.0168739 8.7713e-07
200 0.0161983 1.06135e-06
210 0.0155478 1.27162e-06
220 0.0149377 1.50995e-06
230 0.0143771 1.77834e-06
240 0.0138698 2.07882e-06
250 0.0134161 2.41341e-06
260 0.013014 2.78415e-06
270 0.01266 3.19307e-06
280 0.0123498 3.64218e-06
290 0.0120791 4.13351e-06
300 0.0118433 4.66905e-06
310 0.0116383 5.25077e-06
320 0.0114599 5.88065e-06
330 0.0113046 6.56061e-06
340 0.0111688 7.29257e-06
350 0.0110495 8.07841e-06
360 0.010944 8.91997e-06
370 0.0108497 9.81908e-06
380 0.0107644 1.07775e-05
390 0.0106862 1.1797e-05
400 0.0106133 1.28793e-05
410 0.0105443 1.40259e-05
420 0.0104779 1.52387e-05
430 0.010413 1.6519e-05
440 0.0103489 1.78685e-05
450 0.0102848 1.92886e-05
460 0.0102201 2.07807e-05
470 0.0101544 2.23463e-05
480 0.0100874 2.39867e-05
490 0.0100189 2.57031e-05
500 0.0099488 2.74968e-05
510 0.00987697 2.93689e-05
520 0.00980343 3.13207e-05
530 0.00972825 3.3353e-05
540 0.0096515 3.54671e-05
550 0.00957331 3.76638e-05
560 0.00949381 3.99441e-05
570 0.00941315 4.23088e-05
580 0.00933151 4.47587e-05
590 0.00924905 4.72946e-05
600 0.00916595 4.99172e-05
610 0.00908238 5.2627e-05
620 0.00899851 5.54249e-05
630 0.00891451 5.83111e-05
640 0.00883055 6.12863e-05
650 0.00874676 6.43509e-05
660 0.00866331 6.75052e-05
670 0.00858032 7.07497e-05
680 0.00849791 7.40845e-05
690 0.00841622 7.75099e-05
700 0.00833535 8.10261e-05
710 0.00825539 8.46332e-05
720 0.00817645 8.83314e-05
730 0.0080986 9.21205e-05
740 0.00802192 9.60007e-05
750 0.00794647 9.99719e-05
760 0.00787232 0.000104034
770 0.00779952 0.000108187
780 0.00772811 0.00011243
790 0.00765813 0.000116763
800 0.00758963 0.000121187
810 0.00752261 0.0001257
820 0.00745712 0.000130303
830 0.00739317 0.000134994
840 0.00733076 0.000139774
850 0.00726992 0.000144642
860 0.00721065 0.000149598
870 0.00715294 0.00015464
880 0.0070968 0.000159769
890 0.00704223 0.000164983
900 0.00698921 0.000170283
910 0.00693774 0.000175667
920 0.0068878 0.000181134
930 0.00683939 0.000186684
940 0.00679248 0.000192317
950 0.00674705 0.00019803
960 0.0067031 0.000203824
970 0.0066606 0.000209698
980 0.00661952 0.00021565
990 0.00657984 0.00022168
1000 0.00654154 0.000227787
1010 0.00650459 0.000233969
1020 0.00646896 0.000240226
1030 0.00643464 0.000246557
1040 0.00640158 0.000252961
1050 0.00636977 0.000259436
1060 0.00633918 0.000265982
1070 0.00630977 0.000272597
1080 0.00628151 0.000279281
1090 0.00625438 0.000286032
1100 0.00622834 0.000292848
1110 0.00620337 0.00029973
1120 0.00617944 0.000306675
1130 0.0061565 0.000313683
1140 0.00613455 0.000320751
1150 0.00611353 0.00032788
1160 0.00609343 0.000335068
1170 0.00607421 0.000342312
1180 0.00605585 0.000349613
1190 0.00603831 0.000356969
1200 0.00602156 0.000364379
1210 0.00600558 0.000371841
1220 0.00599033 0.000379354
1230 0.00597579 0.000386916
1240 0.00596192 0.000394527
1250 0.00594871 0.000402185
1260 0.00593613 0.000409889
1270 0.00592414 0.000417637
1280 0.00591273 0.000425428
1290 0.00590186 0.000433261
1300 0.00589151 0.000441134
1310 0.00588167 0.000449046
1320 0.0058723 0.000456995
1330 0.00586338 0.000464981
1340 0.00585489 0.000473002
1350 0.00584681 0.000481056
1360 0.00583912 0.000489143
1370 0.00583179 0.00049726
1380 0.00582481 0.000505407
1390 0.00581815 0.000513581
1400 0.00581181 0.000521783
1410 0.00580588 0.00053001
1420 0.00580065 0.000538261
1430 0.00579604 0.000546534
1440 0.00579199 0.000554829
1450 0.00578843 0.000563144
1460 0.0057853 0.000571477
1470 0.00578256 0.000579828
1480 0.00578016 0.000588195
1490 0.00577804 0.000596576
1500 0.00577618 0.000604971
1510 0.00577454 0.000613378
1520 0.00577308 0.000621795
1530 0.00577176 0.000630222
1540 0.00577057 0.000638657
1550 0.00576946 0.000647099
1560 0.00576843 0.000655547
1570 0.00576743 0.000663998
1580 0.00576646 0.000672453
1590 0.00576548 0.000680909
1600 0.00576448 0.000689366
1610 0.00576345 0.000697822
1620 0.00576236 0.000706276
1630 0.0057612 0.000714727
1640 0.00575995 0.000723174
1650 0.0057586 0.000731615
1660 0.00575713 0.000740049
1670 0.00575555 0.000748475
1680 0.00575382 0.000756891
1690 0.00575194 0.000765298
1700 0.00574991 0.000773693
1710 0.00574771 0.000782075
1720 0.00574534 0.000790443
1730 0.00574277 0.000798797
1740 0.00574002 0.000807134
1750 0.00573707 0.000815454
1760 0.00573392 0.000823756
1770 0.00573055 0.000832039
1780 0.00572696 0.000840301
1790 0.00572316 0.000848542
1800 0.00571912 0.00085676
1810 0.00571486 0.000864954
1820 0.00571036 0.000873124
1830 0.00570563 0.000881268
1840 0.00570065 0.000889386
1850 0.00569542 0.000897476
1860 0.00568995 0.000905537
1870 0.00568423 0.000913568
1880 0.00567826 0.000921569
1890 0.00567204 0.000929539
1900 0.00566556 0.000937476
1910 0.00565883 0.000945379
1920 0.00565184 0.000953248
1930 0.00564459 0.000961082
1940 0.00563709 0.00096888
1950 0.00562933 0.000976641
1960 0.00562131 0.000984364
1970 0.00561303 0.000992048
1980 0.00560449 0.000999692
1990 0.0055957 0.0010073
2000 0.00558665 0.00101486
2010 0.00557734 0.00102238
2020 0.00556778 0.00102986
2030 0.00555797 0.00103729
2040 0.0055479 0.00104468
2050 0.00553758 0.00105203
2060 0.00552701 0.00105932
2070 0.00551619 0.00106658
2080 0.00550512 0.00107378
2090 0.00549381 0.00108094
2100 0.00548225 0.00108804
2110 0.00547046 0.0010951
2120 0.00545842 0.00110211
2130 0.00544615 0.00110906
2140 0.00543364 0.00111597
2150 0.00542089 0.00112282
2160 0.00540792 0.00112962
2170 0.00539472 0.00113637
2180 0.00538129 0.00114306
2190 0.00536764 0.00114969
2200 0.00535377 0.00115628
2210 0.00533967 0.0011628
2220 0.00532537 0.00116927
2230 0.00531085 0.00117568
2240 0.00529612 0.00118204
2250 0.00528118 0.00118834
2260 0.00526604 0.00119457
2270 0.0052507 0.00120075
2280 0.00523516 0.00120687
2290 0.00521942 0.00121293
2300 0.00520349 0.00121893
2310 0.00518738 0.00122487
2320 0.00517107 0.00123074
2330 0.00515458 0.00123656
2340 0.00513791 0.00124231
2350 0.00512107 0.001248
2360 0.00510405 0.00125362
2370 0.00508686 0.00125918
2380 0.0050695 0.00126468
2390 0.00505198 0.00127012
2400 0.0050343 0.00127549
2410 0.00501645 0.00128079
2420 0.00499846 0.00128603
2430 0.00498031 0.0012912
2440 0.00496202 0.00129631
2450 0.00494358 0.00130135
2460 0.00492499 0.00130632
2470 0.00490627 0.00131123
2480 0.00488742 0.00131607
2490 0.00486843 0.00132084
2500 0.00484932 0.00132555
2510 0.00483008 0.00133019
2520 0.00481071 0.00133476
2530 0.00479123 0.00133926
2540 0.00477163 0.00134369
2550 0.00475192 0.00134805
2560 0.00473211 0.00135235
2570 0.00471218 0.00135658
2580 0.00469216 0.00136073
2590 0.00467203 0.00136482
2600 0.00465181 0.00136884
2610 0.00463149 0.00137279
2620 0.00461108 0.00137667
2630 0.00459059 0.00138048
2640 0.00457001 0.00138422
2650 0.00454936 0.00138789
2660 0.00452862 0.00139149
2670 0.00450781 0.00139502
2680 0.00448693 0.00139848
2690 0.00446597 0.00140187
2700 0.00444496 0.00140519
2710 0.00442388 0.00140844
2720 0.00440274 0.00141162
2730 0.00438154 0.00141473
2740 0.00436028 0.00141778
2750 0.00433898 0.00142075
2760 0.00431763 0.00142365
2770 0.00429623 0.00142648
2780 0.00427478 0.00142924
2790 0.0042533 0.00143194
2800 0.00423178 0.00143456
2810 0.00421022 0.00143711
2820 0.00418863 0.0014396
2830 0.00416701 0.00144201
2840 0.00414536 0.00144436
2850 0.00412369 0.00144664
2860 0.00410199 0.00144885
2870 0.00408028 0.00145099
2880 0.00405855 0.00145306
2890 0.0040368 0.00145506
2900 0.00401504 0.001457
2910 0.00399327 0.00145887
2920 0.00397149 0.00146067
2930 0.0039497 0.00146241
2940 0.00392792 0.00146408
2950 0.00390613 0.00146568
2960 0.00388434 0.00146721
2970 0.00386256 0.00146868
2980 0.00384078 0.00147008
2990 0.00381901 0.00147142
3000 0.00379725 0.00147269
3010 0.00377551 0.0014739
3020 0.00375378 0.00147504
3030 0.00373206 0.00147612
3040 0.00371037 0.00147713
3050 0.00368869 0.00147809
3060 0.00366704 0.00147897
3070 0.00364542 0.0014798
3080 0.00362382 0.00148056
3090 0.00360226 0.00148126
3100 0.00358072 0.0014819
3110 0.00355922 0.00148248
3120 0.00353775 0.00148299
3130 0.00351632 0.00148345
3140 0.00349494 0.00148385
3150 0.00347359 0.00148418
3160 0.00345229 0.00148446
3170 0.00343103 0.00148468
3180 0.00340982 0.00148484
3190 0.00338866 0.00148494
3200 0.00336755 0.00148498
3210 0.0033465 0.00148497
3220 0.0033255 0.0014849
3230 0.00330455 0.00148478
3240 0.00328367 0.0014846
3250 0.00326285 0.00148437
3260 0.00324209 0.00148408
3270 0.00322139 0.00148373
3280 0.00320076 0.00148334
3290 0.0031802 0.00148289
3300 0.00315971 0.00148239
3310 0.00313929 0.00148183
3320 0.00311894 0.00148123
3330 0.00309867 0.00148057
3340 0.00307847 0.00147986
3350 0.00305836 0.00147911
3360 0.00303832 0.0014783
3370 0.00301837 0.00147745
3380 0.00299849 0.00147655
3390 0.00297871 0.0014756
3400 0.00295901 0.00147461
3410 0.0029394 0.00147356
3420 0.00291987 0.00147248
3430 0.00290044 0.00147134
3440 0.00288111 0.00147017
3450 0.00286186 0.00146894
3460 0.00284272 0.00146768
3470 0.00282367 0.00146637
3480 0.00280472 0.00146502
3490 0.00278587 0.00146363
3500 0.00276712 0.0014622
3510 0.00274847 0.00146073
3520 0.00272993 0.00145921
3530 0.0027115 0.00145766
3540 0.00269317 0.00145607
3550 0.00267495 0.00145444
3560 0.00265684 0.00145278
3570 0.00263885 0.00145108
3580 0.00262096 0.00144934
3590 0.00260319 0.00144757
3600 0.00258553 0.00144576
3610 0.00256799 0.00144391
3620 0.00255056 0.00144204
3630 0.00253326 0.00144013
3640 0.00251607 0.00143819
3650 0.00249901 0.00143622
3660 0.00248206 0.00143421
3670 0.00246524 0.00143218
3680 0.00244854 0.00143011
3690 0.00243196 0.00142802
3700 0.00241551 0.0014259
3710 0.00239919 0.00142375
3720 0.00238299 0.00142157
3730 0.00236693 0.00141937
3740 0.00235099 0.00141714
3750 0.00233518 0.00141488
3760 0.00231949 0.0014126
3770 0.00230395 0.0014103
3780 0.00228853 0.00140797
3790 0.00227324 0.00140562
3800 0.00225809 0.00140325
3810 0.00224307 0.00140086
3820 0.00222819 0.00139844
3830 0.00221344 0.00139601
3840 0.00219882 0.00139356
3850 0.00218434 0.00139108
3860 0.00217 0.00138859
3870 0.00215579 0.00138608
3880 0.00214172 0.00138356
3890 0.00212779 0.00138101
3900 0.00211399 0.00137846
3910 0.00210033 0.00137588
3920 0.00208681 0.0013733
3930 0.00207343 0.00137069
3940 0.00206019 0.00136808
3950 0.00204708 0.00136545
3960 0.00203412 0.00136281
3970 0.00202129 0.00136016
3980 0.0020086 0.0013575
3990 0.00199605 0.00135483
4000 0.00198364 0.00135215
4010 0.00197137 0.00134946
4020 0.00195924 0.00134677
4030 0.00194725 0.00134406
4040 0.00193539 0.00134135
4050 0.00192368 0.00133863
4060 0.0019121 0.00133591
4070 0.00190066 0.00133318
4080 0.00188936 0.00133045
4090 0.0018782 0.00132772
4100 0.00186717 0.00132498
4110 0.00185629 0.00132224
4120 0.00184553 0.0013195
4130 0.00183492 0.00131676
4140 0.00182444 0.00131401
4150 0.0018141 0.00131127
4160 0.00180389 0.00130853
4170 0.00179382 0.00130579
4180 0.00178388 0.00130305
4190 0.00177408 0.00130032
4200 0.00176441 0.00129759
4210 0.00175488 0.00129486
4220 0.00174547 0.00129214
4230 0.0017362 0.00128942
4240 0.00172706 0.00128671
4250 0.00171805 0.00128401
4260 0.00170917 0.00128132
4270 0.00170042 0.00127863
4280 0.0016918 0.00127595
4290 0.00168331 0.00127328
4300 0.00167495 0.00127062
4310 0.00166671 0.00126798
4320 0.0016586 0.00126534
4330 0.00165061 0.00126272
4340 0.00164275 0.00126011
4350 0.00163501 0.00125751
4360 0.0016274 0.00125493
4370 0.00161991 0.00125236
4380 0.00161254 0.00124981
4390 0.00160529 0.00124727
4400 0.00159816 0.00124475
4410 0.00159115 0.00124225
4420 0.00158426 0.00123977
4430 0.00157749 0.00123731
4440 0.00157084 0.00123487
4450 0.0015643 0.00123244
4460 0.00155787 0.00123004
4470 0.00155157 0.00122766
4480 0.00154537 0.0012253
4490 0.00153929 0.00122297
4500 0.00153332 0.00122066
4510 0.00152746 0.00121837
4520 0.00152171 0.00121611
4530 0.00151607 0.00121388
4540 0.00151054 0.00121167
4550 0.00150512 0.00120949
4560 0.0014998 0.00120734
4570 0.00149459 0.00120522
4580 0.00148949 0.00120313
4590 0.00148449 0.00120107
4600 0.00147959 0.00119903
4610 0.0014748 0.00119703
4620 0.00147011 0.00119507
4630 0.00146552 0.00119313
4640 0.00146103 0.00119123
4650 0.00145664 0.00118937
4660 0.00145235 0.00118754
4670 0.00144815 0.00118575
4680 0.00144406 0.00118399
4690 0.00144006 0.00118227
4700 0.00143615 0.00118059
4710 0.00143234 0.00117894
4720 0.00142863 0.00117734
4730 0.00142501 0.00117578
4740 0.00142148 0.00117425
4750 0.00141804 0.00117277
4760 0.0014147 0.00117133
4770 0.00141144 0.00116994
4780 0.00140827 0.00116859
4790 0.00140519 0.00116728
4800 0.0014022 0.00116601
4810 0.0013993 0.0011648
4820 0.00139648 0.00116362
4830 0.00139375 0.0011625
4840 0.00139111 0.00116142
4850 0.00138854 0.00116039
4860 0.00138607 0.00115941
4870 0.00138367 0.00115847
4880 0.00138136 0.00115759
4890 0.00137912 0.00115675
4900 0.00137697 0.00115597
4910 0.0013749 0.00115524
4920 0.00137291 0.00115456
4930 0.00137099 0.00115393
4940 0.00136915 0.00115335
4950 0.00136739 0.00115282
4960 0.00136571 0.00115235
4970 0.0013641 0.00115193
4980 0.00136256 0.00115157
4990 0.0013611 0.00115126
5000 0.00135971 0.001151
5010 0.00135839 0.0011508
5020 0.00135715 0.00115065
5030 0.00135597 0.00115055
5040 0.00135486 0.00115051
5050 0.00135382 0.00115053
5060 0.00135285 0.0011506
5070 0.00135195 0.00115073
5080 0.00135111 0.00115091
5090 0.00135034 0.00115115
5100 0.00134963 0.00115144
5110 0.00134898 0.00115178
5120 0.00134839 0.00115218
5130 0.00134787 0.00115264
5140 0.0013474 0.00115315
5150 0.00134699 0.00115371
5160 0.00134664 0.00115432
5170 0.00134635 0.00115499
5180 0.00134611 0.00115571
5190 0.00134592 0.00115648
5200 0.00134579 0.00115731
5210 0.00134571 0.00115818
5220 0.00134568 0.0011591
5230 0.00134569 0.00116007
5240 0.00134575 0.00116109
5250 0.00134586 0.00116216
5260 0.00134601 0.00116327
5270 0.00134621 0.00116443
5280 0.00134644 0.00116563
5290 0.00134672 0.00116688
5300 0.00134703 0.00116817
5310 0.00134737 0.00116949
5320 0.00134775 0.00117086
5330 0.00134817 0.00117226
5340 0.00134861 0.0011737
5350 0.00134908 0.00117518
5360 0.00134958 0.00117669
5370 0.00135011 0.00117823
5380 0.00135066 0.0011798
5390 0.00135122 0.0011814
5400 0.00135181 0.00118303
5410 0.00135242 0.00118468
5420 0.00135304 0.00118635
5430 0.00135367 0.00118805
5440 0.00135431 0.00118976
5450 0.00135496 0.0011915
5460 0.00135562 0.00119325
5470 0.00135628 0.00119501
5480 0.00135695 0.00119678
5490 0.00135762 0.00119856
5500 0.00135828 0.00120035
5510 0.00135894 0.00120215
5520 0.00135959 0.00120394
5530 0.00136024 0.00120574
5540 0.00136087 0.00120754
5550 0.00136149 0.00120933
5560 0.0013621 0.00121112
5570 0.00136269 0.0012129
5580 0.00136326 0.00121467
5590 0.00136381 0.00121643
5600 0.00136434 0.00121818
5610 0.00136484 0.00121991
5620 0.00136532 0.00122162
5630 0.00136577 0.00122332
5640 0.00136619 0.00122499
5650 0.00136657 0.00122663
5660 0.00136693 0.00122825
5670 0.00136724 0.00122985
5680 0.00136752 0.00123141
5690 0.00136777 0.00123295
5700 0.00136797 0.00123445
5710 0.00136813 0.00123592
5720 0.00136825 0.00123735
5730 0.00136833 0.00123875
5740 0.00136836 0.0012401
5750 0.00136835 0.00124142
5760 0.00136829 0.0012427
5770 0.00136818 0.00124394
5780 0.00136802 0.00124513
5790 0.00136782 0.00124628
5800 0.00136757 0.00124738
5810 0.00136727 0.00124845
5820 0.00136692 0.00124946
5830 0.00136652 0.00125043
5840 0.00136607 0.00125135
5850 0.00136557 0.00125223
5860 0.00136502 0.00125305
5870 0.00136442 0.00125383
5880 0.00136377 0.00125457
5890 0.00136307 0.00125525
5900 0.00136233 0.00125589
5910 0.00136153 0.00125648
5920 0.00136069 0.00125703
5930 0.00135981 0.00125753
5940 0.00135888 0.00125798
5950 0.0013579 0.00125839
5960 0.00135688 0.00125876
5970 0.00135582 0.00125908
5980 0.00135472 0.00125936
5990 0.00135358 0.0012596
6000 0.00135241 0.0012598
6010 0.0013512 0.00125996
6020 0.00134995 0.00126008
6030 0.00134867 0.00126017
6040 0.00134736 0.00126022
6050 0.00134603 0.00126025
6060 0.00134466 0.00126024
6070 0.00134328 0.0012602
6080 0.00134187 0.00126013
6090 0.00134044 0.00126004
6100 0.001339 0.00125993
6110 0.00133754 0.00125979
6120 0.00133607 0.00125964
6130 0.00133459 0.00125947
6140 0.0013331 0.00125929
6150 0.00133161 0.00125909
6160 0.00133012 0.00125889
6170 0.00132864 0.00125868
6180 0.00132715 0.00125847
6190 0.00132568 0.00125826
6200 0.00132422 0.00125805
6210 0.00132277 0.00125785
6220 0.00132135 0.00125765
6230 0.00131995 0.00125747
6240 0.00131857 0.00125731
6250 0.00131723 0.00125717
6260 0.00131591 0.00125705
6270 0.00131464 0.00125696
6280 0.00131341 0.0012569
6290 0.00131223 0.00125688
6300 0.00131111 0.0012569
6310 0.00131004 0.00125696
6320 0.00130903 0.00125708
6330 0.00130809 0.00125725
6340 0.00130722 0.00125748
6350 0.00130643 0.00125778
6360 0.00130573 0.00125815
6370 0.00130512 0.00125859
6380 0.0013046 0.00125913
6390 0.0013042 0.00125976
6400 0.0013039 0.00126048
6410 0.00130373 0.00126132
6420 0.00130368 0.00126227
6430 0.00130378 0.00126334
6440 0.00130402 0.00126455
6450 0.00130442 0.00126591
6460 0.00130499 0.00126742
6470 0.00130575 0.0012691
6480 0.0013067 0.00127096
6490 0.00130785 0.00127302
6500 0.00130924 0.00127528
6510 0.00131086 0.00127778
6520 0.00131274 0.00128052
6530 0.00131491 0.00128353
6540 0.00131737 0.00128682
6550 0.00132017 0.00129043
6560 0.00132332 0.00129438
6570 0.00132686 0.0012987
6580 0.00133081 0.00130343
6590 0.00133523 0.00130861
6600 0.00134014 0.00131426
6610 0.00134523 0.00132008
6620 0.00135036 0.00132593
6630 0.00135552 0.00133179
6640 0.00136071 0.00133767
6650 0.00136594 0.00134358
6660 0.0013712 0.0013495
6670 0.00137649 0.00135544
6680 0.00138182 0.0013614
6690 0.00138717 0.00136738
6700 0.00139256 0.00137337
6710 0.00139798 0.00137938
6720 0.00140343 0.00138541
6730 0.0014089 0.00139146
6740 0.00141441 0.00139752
6750 0.00141994 0.0014036
6760 0.0014255 0.00140968
6770 0.00143108 0.00141578
6780 0.00143668 0.0014219
6790 0.00144231 0.00142802
6800 0.00144796 0.00143415
6810 0.00145363 0.00144028
6820 0.00145931 0.00144643
6830 0.00146501 0.00145257
6840 0.00147072 0.00145872
6850 0.00147644 0.00146487
6860 0.00148218 0.00147102
6870 0.00148792 0.00147716
6880 0.00149366 0.00148329
6890 0.00149941 0.00148942
6900 0.00150515 0.00149554
6910 0.00151089 0.00150164
6920 0.00151663 0.00150772
6930 0.00152235 0.00151379
6940 0.00152807 0.00151983
6950 0.00153376 0.00152584
6960 0.00153944 0.00153183
6970 0.00154509 0.00153779
6980 0.00155071 0.0015437
6990 0.00155631 0.00154958
7000 0.00156187 0.00155541
7010 0.00156739 0.0015612
7020 0.00157286 0.00156693
7030 0.00157829 0.00157261
7040 0.00158366 0.00157823
7050 0.00158898 0.00158378
7060 0.00159424 0.00158926
7070 0.00159943 0.00159467
7080 0.00160454 0.0016
7090 0.00160959 0.00160524
7100 0.00161455 0.0016104
7110 0.00161942 0.00161547
7120 0.00162421 0.00162043
7130 0.0016289 0.0016253
7140 0.00163349 0.00163006
7150 0.00163798 0.00163472
7160 0.00164236 0.00163926
7170 0.00164663 0.00164368
7180 0.00165079 0.00164798
7190 0.00165483 0.00165216
7200 0.00165874 0.00165621
7210 0.00166254 0.00166014
7220 0.00166621 0.00166393
7230 0.00166976 0.0016676
7240 0.00167318 0.00167113
7250 0.00167648 0.00167454
7260 0.00167965 0.00167782
7270 0.00168271 0.00168098
7280 0.00168565 0.00168402
7290 0.00168848 0.00168694
7300 0.00169121 0.00168976
7310 0.00169385 0.00169248
7320 0.0016964 0.00169512
7330 0.00169889 0.00169768
7340 0.00170132 0.00170018
7350 0.0017037 0.00170263
7360 0.00170607 0.00170507
7370 0.00170844 0.0017075
7380 0.00171083 0.00170995
7390 0.00171326 0.00171244
7400 0.00171578 0.00171501
7410 0.00171841 0.00171769
7420 0.00172118 0.00172051
7430 0.00172414 0.00172351
7440 0.00172731 0.00172673
7450 0.00173074 0.0017302
7460 0.00173448 0.00173398
7470 0.00173856 0.0017381
7480 0.00174304 0.00174261
7490 0.00174796 0.00174757
7500 0.00175337 0.00175301
7510 0.00175931 0.00175898
7520 0.00176584 0.00176553
7530 0.00177298 0.0017727
7540 0.00178079 0.00178053
7550 0.0017893 0.00178906
7560 0.00179852 0.00179831
7570 0.0018085 0.0018083
7580 0.00181924 0.00181906
7590 0.00183074 0.00183057
7600 0.00184299 0.00184284
7610 0.00185597 0.00185584
7620 0.00186965 0.00186954
7630 0.00188398 0.00188387
7640 0.00189887 0.00189878
7650 0.00191425 0.00191416
7660 0.00192999 0.00192991
7670 0.00194597 0.0019459
7680 0.00196203 0.00196197
7690 0.00197799 0.00197794
7700 0.00199365 0.0019936
7710 0.00200878 0.00200874
7720 0.00202313 0.00202309
7730 0.00203644 0.00203641
7740 0.00204842 0.00204839
7750 0.00205878 0.00205876
7760 0.00206725 0.00206723
7770 0.00207356 0.00207354
7780 0.00207747 0.00207745
7790 0.00207881 0.00207879
7800 0.00207748 0.00207747
7810 0.00207351 0.00207351
7820 0.00206704 0.00206703
7830 0.00205831 0.00205831
7840 0.00204773 0.00204773
7850 0.00203575 0.00203575
7860 0.00202284 0.00202284
7870 0.00200942 0.00200942
7880 0.00199581 0.00199581
7890 0.00198217 0.00198217
7900 0.0019686 0.00196859
7910 0.0019551 0.0019551
7920 0.00194169 0.00194169
7930 0.00192837 0.00192837
7940 0.00191513 0.00191513
7950 0.00190198 0.00190198
7960 0.00188891 0.00188891
7970 0.00187593 0.00187593
7980 0.00186303 0.00186303
7990 0.00185021 0.00185021
8000 0.102979 0.102979
