0 0 0
10 0.137607 9.98133e-12
20 0.0502803 1.31295e-10
30 0.0414863 6.12305e-10
40 0.0360026 1.8421e-09
50 0.0320816 4.34118e-09
60 0.0291133 8.75253e-09
70 0.0270914 1.5833e-08
80 0.0265586 2.64452e-08
90 0.0268764 4.15494e-08
100 0.0268548 6.21959e-08
110 0.0264522 8.9518e-08
120 0.0258732 1.24725e-07
130 0.0251592 1.69095e-07
140 0.0242995 2.23969e-07
150 0.0233075 2.90745e-07
160 0.0222266 3.70872e-07
170 0.0211125 4.65843e-07
180 0.0200164 5.77192e-07
190 0.0189772 7.06487e-07
200 0.0180193 8.55327e-07
210 0.0171548 1.02533e-06
220 0.0163867 1.21815e-06
230 0.0157122 1.43544e-06
240 0.0151247 1.67887e-06
250 0.0146159 1.95013e-06
260 0.0141771 2.2509e-06
270 0.0137994 2.58287e-06
280 0.0134745 2.94773e-06
290 0.0131945 3.34715e-06
300 0.0129526 3.78281e-06
310 0.0127424 4.25637e-06
320 0.0125583 4.76948e-06
330 0.0123954 5.32378e-06
340 0.0122494 5.92088e-06
350 0.0121166 6.56237e-06
360 0.011994 7.24982e-06
370 0.0118787 7.98479e-06
380 0.0117688 8.7688e-06
390 0.0116622 9.60333e-06
400 0.0115576 1.04899e-05
410 0.0114539 1.14298e-05
420 0.0113501 1.24246e-05
430 0.0112456 1.34756e-05
440 0.01114 1.45841e-05
450 0.011033 1.57514e-05
460 0.0109244 1.69789e-05
470 0.0108141 1.82676e-05
480 0.0107023 1.96188e-05
490 0.0105889 2.10337e-05
500 0.0104742 2.25133e-05
510 0.0103584 2.40587e-05
520 0.0102416 2.56709e-05
530 0.0101241 2.7351e-05
540 0.0100062 2.90998e-05
550 0.00988796 3.09182e-05
560 0.00976975 3.28072e-05
570 0.00965176 3.47675e-05
580 0.00953422 3.67998e-05
590 0.00941733 3.8905e-05
600 0.00930129 4.10837e-05
610 0.00918628 4.33365e-05
620 0.00907246 4.56641e-05
630 0.00895999 4.8067e-05
640 0.008849 5.05457e-05
650 0.00873964 5.31007e-05
660 0.008632 5.57324e-05
670 0.00852619 5.84412e-05
680 0.0084223 6.12275e-05
690 0.0083204 6.40915e-05
700 0.00822056 6.70335e-05
710 0.00812283 7.00538e-05
720 0.00802727 7.31525e-05
730 0.00793391 7.63298e-05
740 0.00784279 7.95858e-05
750 0.00775391 8.29205e-05
760 0.00766731 8.63339e-05
770 0.00758298 8.98262e-05
780 0.00750093 9.33971e-05
790 0.00742117 9.70467e-05
800 0.00734368 0.000100775
810 0.00726845 0.000104581
820 0.00719547 0.000108466
830 0.00712472 0.000112428
840 0.00705617 0.000116469
850 0.00698981 0.000120586
860 0.0069256 0.000124781
870 0.00686351 0.000129052
880 0.00680351 0.0001334
890 0.00674557 0.000137824
900 0.00668965 0.000142323
910 0.00663572 0.000146897
920 0.00658373 0.000151545
930 0.00653365 0.000156268
940 0.00648543 0.000161064
950 0.00643904 0.000165932
960 0.00639442 0.000170873
970 0.00635155 0.000175886
980 0.00631037 0.000180969
990 0.00627085 0.000186122
1000 0.00623294 0.000191345
1010 0.00619659 0.000196637
1020 0.00616176 0.000201996
1030 0.00612841 0.000207423
1040 0.0060965 0.000212916
1050 0.00606598 0.000218475
1060 0.00603681 0.000224099
1070 0.00600895 0.000229786
1080 0.00598235 0.000235537
1090 0.00595697 0.00024135
1100 0.00593278 0.000247224
1110 0.00590974 0.000253158
1120 0.0058878 0.000259152
1130 0.00586692 0.000265204
1140 0.00584708 0.000271313
1150 0.00582822 0.000277479
1160 0.00581033 0.000283701
1170 0.00579335 0.000289977
1180 0.00577727 0.000296307
1190 0.00576203 0.000302689
1200 0.00574762 0.000309122
1210 0.005734 0.000315606
1220 0.00572113 0.000322139
1230 0.005709 0.00032872
1240 0.00569756 0.000335349
1250 0.00568687 0.000342024
1260 0.00567729 0.000348743
1270 0.00566879 0.000355507
1280 0.00566126 0.000362313
1290 0.00565461 0.000369161
1300 0.00564875 0.00037605
1310 0.00564361 0.000382978
1320 0.00563912 0.000389944
1330 0.00563521 0.000396948
1340 0.00563184 0.000403988
1350 0.00562894 0.000411063
1360 0.00562647 0.000418171
1370 0.00562437 0.000425312
1380 0.00562262 0.000432485
1390 0.00562116 0.000439688
1400 0.00561996 0.000446921
1410 0.00561899 0.000454182
1420 0.0056182 0.000461469
1430 0.00561759 0.000468783
1440 0.0056171 0.000476121
1450 0.00561672 0.000483482
1460 0.00561643 0.000490867
1470 0.00561619 0.000498272
1480 0.00561598 0.000505698
1490 0.00561579 0.000513142
1500 0.00561559 0.000520605
1510 0.00561536 0.000528084
1520 0.00561509 0.000535579
1530 0.00561476 0.000543088
1540 0.00561435 0.000550611
1550 0.00561385 0.000558146
1560 0.00561324 0.000565693
1570 0.00561251 0.000573249
1580 0.00561165 0.000580815
1590 0.00561064 0.000588388
1600 0.00560947 0.000595968
1610 0.00560814 0.000603554
1620 0.00560663 0.000611145
1630 0.00560493 0.000618739
1640 0.00560303 0.000626335
1650 0.00560093 0.000633934
1660 0.00559861 0.000641532
1670 0.00559608 0.00064913
1680 0.00559332 0.000656726
1690 0.00559032 0.00066432
1700 0.00558709 0.000671909
1710 0.00558361 0.000679494
1720 0.00557988 0.000687074
1730 0.00557589 0.000694646
1740 0.00557165 0.000702211
1750 0.00556714 0.000709767
1760 0.00556236 0.000717313
1770 0.00555732 0.000724849
1780 0.005552 0.000732373
1790 0.00554641 0.000739885
1800 0.00554053 0.000747383
1810 0.00553438 0.000754866
1820 0.00552795 0.000762334
1830 0.00552124 0.000769786
1840 0.00551424 0.00077722
1850 0.00550695 0.000784637
1860 0.00549938 0.000792034
1870 0.00549153 0.000799412
1880 0.00548339 0.000806768
1890 0.00547496 0.000814104
1900 0.00546625 0.000821416
1910 0.00545726 0.000828706
1920 0.00544798 0.000835971
1930 0.00543842 0.000843211
1940 0.00542857 0.000850426
1950 0.00541845 0.000857613
1960 0.00540805 0.000864774
1970 0.00539737 0.000871906
1980 0.00538641 0.00087901
1990 0.00537518 0.000886083
2000 0.00536368 0.000893126
2010 0.00535191 0.000900138
2020 0.00533987 0.000907118
2030 0.00532757 0.000914066
2040 0.00531501 0.000920979
2050 0.00530219 0.000927859
2060 0.00528912 0.000934704
2070 0.00527579 0.000941514
2080 0.00526221 0.000948287
2090 0.00524838 0.000955024
2100 0.00523431 0.000961723
2110 0.00522 0.000968383
2120 0.00520545 0.000975006
2130 0.00519068 0.000981588
2140 0.00517567 0.000988131
2150 0.00516043 0.000994633
2160 0.00514497 0.00100109
2170 0.0051293 0.00100751
2180 0.00511341 0.00101389
2190 0.0050973 0.00102022
2200 0.00508099 0.00102651
2210 0.00506448 0.00103276
2220 0.00504777 0.00103896
2230 0.00503086 0.00104512
2240 0.00501377 0.00105123
2250 0.00499648 0.00105729
2260 0.00497902 0.00106331
2270 0.00496137 0.00106928
2280 0.00494355 0.00107521
2290 0.00492556 0.00108108
2300 0.0049074 0.00108691
2310 0.00488908 0.00109269
2320 0.00487061 0.00109842
2330 0.00485198 0.0011041
2340 0.0048332 0.00110972
2350 0.00481428 0.0011153
2360 0.00479521 0.00112083
2370 0.00477601 0.00112631
2380 0.00475668 0.00113173
2390 0.00473721 0.0011371
2400 0.00471763 0.00114242
2410 0.00469792 0.00114769
2420 0.0046781 0.0011529
2430 0.00465817 0.00115806
2440 0.00463813 0.00116317
2450 0.00461798 0.00116822
2460 0.00459774 0.00117322
2470 0.0045774 0.00117816
2480 0.00455697 0.00118305
2490 0.00453646 0.00118788
2500 0.00451586 0.00119266
2510 0.00449518 0.00119738
2520 0.00447443 0.00120205
2530 0.0044536 0.00120666
2540 0.0044327 0.00121121
2550 0.00441175 0.00121571
2560 0.00439073 0.00122015
2570 0.00436965 0.00122453
2580 0.00434852 0.00122885
2590 0.00432735 0.00123312
2600 0.00430612 0.00123733
2610 0.00428485 0.00124149
2620 0.00426355 0.00124558
2630 0.00424221 0.00124962
2640 0.00422083 0.0012536
2650 0.00419943 0.00125752
2660 0.004178 0.00126139
2670 0.00415654 0.00126519
2680 0.00413507 0.00126894
2690 0.00411358 0.00127263
2700 0.00409208 0.00127626
2710 0.00407057 0.00127983
2720 0.00404905 0.00128334
2730 0.00402752 0.0012868
2740 0.00400599 0.00129019
2750 0.00398446 0.00129353
2760 0.00396294 0.00129681
2770 0.00394142 0.00130002
2780 0.00391991 0.00130319
2790 0.00389841 0.00130629
2800 0.00387693 0.00130933
2810 0.00385546 0.00131232
2820 0.00383401 0.00131524
2830 0.00381258 0.00131811
2840 0.00379118 0.00132092
2850 0.0037698 0.00132367
2860 0.00374845 0.00132636
2870 0.00372713 0.001329
2880 0.00370584 0.00133157
2890 0.00368459 0.00133409
2900 0.00366337 0.00133655
2910 0.00364219 0.00133895
2920 0.00362105 0.0013413
2930 0.00359995 0.00134359
2940 0.0035789 0.00134582
2950 0.0035579 0.00134799
2960 0.00353694 0.00135011
2970 0.00351604 0.00135217
2980 0.00349518 0.00135417
2990 0.00347438 0.00135611
3000 0.00345364 0.001358
3010 0.00343295 0.00135984
3020 0.00341232 0.00136162
3030 0.00339175 0.00136334
3040 0.00337124 0.001365
3050 0.0033508 0.00136662
3060 0.00333043 0.00136817
3070 0.00331012 0.00136967
3080 0.00328987 0.00137112
3090 0.0032697 0.00137251
3100 0.0032496 0.00137385
3110 0.00322958 0.00137514
3120 0.00320963 0.00137637
3130 0.00318975 0.00137755
3140 0.00316995 0.00137867
3150 0.00315023 0.00137975
3160 0.00313059 0.00138077
3170 0.00311103 0.00138174
3180 0.00309155 0.00138265
3190 0.00307216 0.00138352
3200 0.00305285 0.00138433
3210 0.00303363 0.0013851
3220 0.0030145 0.00138581
3230 0.00299546 0.00138648
3240 0.0029765 0.00138709
3250 0.00295764 0.00138766
3260 0.00293887 0.00138817
3270 0.00292019 0.00138864
3280 0.00290161 0.00138906
3290 0.00288313 0.00138943
3300 0.00286474 0.00138976
3310 0.00284645 0.00139003
3320 0.00282826 0.00139027
3330 0.00281017 0.00139045
3340 0.00279218 0.00139059
3350 0.00277429 0.00139068
3360 0.00275651 0.00139073
3370 0.00273883 0.00139073
3380 0.00272125 0.00139069
3390 0.00270379 0.00139061
3400 0.00268642 0.00139048
3410 0.00266917 0.00139031
3420 0.00265203 0.0013901
3430 0.00263499 0.00138984
3440 0.00261807 0.00138955
3450 0.00260126 0.00138921
3460 0.00258456 0.00138883
3470 0.00256797 0.00138841
3480 0.0025515 0.00138796
3490 0.00253514 0.00138746
3500 0.0025189 0.00138692
3510 0.00250278 0.00138635
3520 0.00248677 0.00138574
3530 0.00247087 0.00138509
3540 0.0024551 0.0013844
3550 0.00243945 0.00138368
3560 0.00242391 0.00138292
3570 0.0024085 0.00138212
3580 0.0023932 0.00138129
3590 0.00237803 0.00138043
3600 0.00236298 0.00137953
3610 0.00234805 0.0013786
3620 0.00233324 0.00137763
3630 0.00231856 0.00137663
3640 0.002304 0.0013756
3650 0.00228956 0.00137454
3660 0.00227525 0.00137345
3670 0.00226106 0.00137233
3680 0.002247 0.00137118
3690 0.00223306 0.00136999
3700 0.00221925 0.00136878
3710 0.00220557 0.00136754
3720 0.00219201 0.00136628
3730 0.00217858 0.00136498
3740 0.00216527 0.00136366
3750 0.00215209 0.00136231
3760 0.00213904 0.00136094
3770 0.00212612 0.00135954
3780 0.00211332 0.00135812
3790 0.00210065 0.00135667
3800 0.00208811 0.0013552
3810 0.0020757 0.00135371
3820 0.00206341 0.00135219
3830 0.00205125 0.00135065
3840 0.00203922 0.00134909
3850 0.00202732 0.00134751
3860 0.00201554 0.00134591
3870 0.0020039 0.00134429
3880 0.00199238 0.00134265
3890 0.00198098 0.00134099
3900 0.00196972 0.00133931
3910 0.00195858 0.00133761
3920 0.00194756 0.0013359
3930 0.00193668 0.00133417
3940 0.00192592 0.00133243
3950 0.00191528 0.00133067
3960 0.00190477 0.00132889
3970 0.00189439 0.00132711
3980 0.00188413 0.0013253
3990 0.001874 0.00132349
4000 0.00186399 0.00132166
4010 0.00185411 0.00131982
4020 0.00184435 0.00131797
4030 0.00183471 0.00131611
4040 0.0018252 0.00131424
4050 0.0018158 0.00131236
4060 0.00180653 0.00131047
4070 0.00179738 0.00130857
4080 0.00178836 0.00130667
4090 0.00177945 0.00130475
4100 0.00177066 0.00130283
4110 0.00176199 0.00130091
4120 0.00175345 0.00129898
4130 0.00174502 0.00129704
4140 0.0017367 0.0012951
4150 0.00172851 0.00129316
4160 0.00172043 0.00129121
4170 0.00171247 0.00128927
4180 0.00170462 0.00128732
4190 0.00169689 0.00128537
4200 0.00168927 0.00128342
4210 0.00168176 0.00128147
4220 0.00167437 0.00127952
4230 0.00166709 0.00127757
4240 0.00165992 0.00127562
4250 0.00165286 0.00127368
4260 0.00164592 0.00127174
4270 0.00163908 0.00126981
4280 0.00163235 0.00126788
4290 0.00162573 0.00126595
4300 0.00161921 0.00126403
4310 0.0016128 0.00126212
4320 0.0016065 0.00126022
4330 0.0016003 0.00125832
4340 0.00159421 0.00125643
4350 0.00158822 0.00125455
4360 0.00158234 0.00125269
4370 0.00157655 0.00125083
4380 0.00157087 0.00124898
4390 0.00156529 0.00124715
4400 0.00155981 0.00124533
4410 0.00155443 0.00124352
4420 0.00154914 0.00124173
4430 0.00154396 0.00123995
4440 0.00153887 0.00123819
4450 0.00153388 0.00123645
4460 0.00152898 0.00123472
4470 0.00152418 0.00123301
4480 0.00151947 0.00123132
4490 0.00151486 0.00122964
4500 0.00151034 0.00122799
4510 0.00150591 0.00122636
4520 0.00150157 0.00122475
4530 0.00149732 0.00122316
4540 0.00149317 0.00122159
4550 0.0014891 0.00122005
4560 0.00148512 0.00121853
4570 0.00148123 0.00121704
4580 0.00147743 0.00121558
4590 0.00147371 0.00121414
4600 0.00147008 0.00121272
4610 0.00146653 0.00121134
4620 0.00146307 0.00120998
4630 0.00145969 0.00120866
4640 0.0014564 0.00120736
4650 0.00145319 0.0012061
4660 0.00145006 0.00120487
4670 0.00144701 0.00120367
4680 0.00144404 0.0012025
4690 0.00144115 0.00120137
4700 0.00143835 0.00120027
4710 0.00143562 0.00119921
4720 0.00143297 0.00119818
4730 0.0014304 0.00119719
4740 0.0014279 0.00119624
4750 0.00142549 0.00119532
4760 0.00142315 0.00119445
4770 0.00142088 0.00119362
4780 0.00141869 0.00119282
4790 0.00141658 0.00119207
4800 0.00141453 0.00119136
4810 0.00141257 0.00119069
4820 0.00141067 0.00119007
4830 0.00140885 0.00118949
4840 0.0014071 0.00118895
4850 0.00140542 0.00118846
4860 0.00140382 0.00118801
4870 0.00140228 0.00118762
4880 0.00140081 0.00118726
4890 0.00139941 0.00118696
4900 0.00139809 0.00118671
4910 0.00139683 0.0011865
4920 0.00139563 0.00118634
4930 0.00139451 0.00118623
4940 0.00139345 0.00118618
4950 0.00139246 0.00118617
4960 0.00139153 0.00118621
4970 0.00139067 0.00118631
4980 0.00138988 0.00118646
4990 0.00138915 0.00118666
5000 0.00138848 0.00118691
5010 0.00138787 0.00118722
5020 0.00138733 0.00118758
5030 0.00138685 0.00118799
5040 0.00138643 0.00118846
5050 0.00138607 0.00118898
5060 0.00138577 0.00118956
5070 0.00138553 0.00119018
5080 0.00138535 0.00119087
5090 0.00138522 0.00119161
5100 0.00138516 0.0011924
5110 0.00138514 0.00119324
5120 0.00138519 0.00119414
5130 0.00138528 0.0011951
5140 0.00138544 0.0011961
5150 0.00138564 0.00119716
5160 0.0013859 0.00119828
5170 0.0013862 0.00119944
5180 0.00138656 0.00120066
5190 0.00138696 0.00120193
5200 0.00138741 0.00120326
5210 0.00138791 0.00120463
5220 0.00138846 0.00120605
5230 0.00138905 0.00120752
5240 0.00138968 0.00120904
5250 0.00139035 0.00121061
5260 0.00139106 0.00121222
5270 0.00139182 0.00121388
5280 0.00139261 0.00121559
5290 0.00139343 0.00121734
5300 0.00139429 0.00121913
5310 0.00139519 0.00122096
5320 0.00139611 0.00122283
5330 0.00139707 0.00122474
5340 0.00139805 0.00122669
5350 0.00139906 0.00122868
5360 0.0014001 0.0012307
5370 0.00140116 0.00123275
5380 0.00140223 0.00123483
5390 0.00140333 0.00123694
5400 0.00140445 0.00123908
5410 0.00140558 0.00124125
5420 0.00140673 0.00124344
5430 0.00140789 0.00124565
5440 0.00140905 0.00124788
5450 0.00141023 0.00125013
5460 0.00141141 0.0012524
5470 0.00141259 0.00125468
5480 0.00141378 0.00125698
5490 0.00141496 0.00125928
5500 0.00141614 0.00126159
5510 0.00141732 0.00126391
5520 0.00141848 0.00126622
5530 0.00141964 0.00126855
5540 0.00142079 0.00127086
5550 0.00142192 0.00127318
5560 0.00142304 0.00127549
5570 0.00142414 0.00127779
5580 0.00142522 0.00128008
5590 0.00142628 0.00128236
5600 0.00142731 0.00128463
5610 0.00142832 0.00128688
5620 0.00142929 0.0012891
5630 0.00143024 0.00129131
5640 0.00143116 0.0012935
5650 0.00143204 0.00129565
5660 0.00143288 0.00129778
5670 0.00143369 0.00129988
5680 0.00143446 0.00130195
5690 0.00143518 0.00130399
5700 0.00143586 0.00130599
5710 0.0014365 0.00130795
5720 0.0014371 0.00130987
5730 0.00143764 0.00131176
5740 0.00143814 0.0013136
5750 0.00143858 0.00131539
5760 0.00143898 0.00131714
5770 0.00143933 0.00131885
5780 0.00143962 0.0013205
5790 0.00143985 0.00132211
5800 0.00144004 0.00132366
5810 0.00144017 0.00132517
5820 0.00144024 0.00132662
5830 0.00144025 0.00132802
5840 0.00144021 0.00132936
5850 0.00144011 0.00133065
5860 0.00143996 0.00133188
5870 0.00143975 0.00133306
5880 0.00143948 0.00133419
5890 0.00143915 0.00133525
5900 0.00143877 0.00133626
5910 0.00143833 0.00133721
5920 0.00143783 0.00133811
5930 0.00143728 0.00133895
5940 0.00143667 0.00133974
5950 0.00143601 0.00134046
5960 0.0014353 0.00134114
5970 0.00143453 0.00134175
5980 0.00143371 0.00134232
5990 0.00143284 0.00134283
6000 0.00143192 0.00134328
6010 0.00143095 0.00134369
6020 0.00142994 0.00134404
6030 0.00142888 0.00134435
6040 0.00142778 0.0013446
6050 0.00142663 0.00134481
6060 0.00142545 0.00134497
6070 0.00142422 0.00134509
6080 0.00142296 0.00134516
6090 0.00142167 0.00134519
6100 0.00142034 0.00134518
6110 0.00141898 0.00134513
6120 0.00141759 0.00134505
6130 0.00141617 0.00134493
6140 0.00141473 0.00134478
6150 0.00141326 0.0013446
6160 0.00141178 0.00134438
6170 0.00141028 0.00134415
6180 0.00140876 0.00134388
6190 0.00140723 0.0013436
6200 0.00140569 0.00134329
6210 0.00140414 0.00134296
6220 0.00140259 0.00134262
6230 0.00140104 0.00134227
6240 0.00139948 0.00134191
6250 0.00139793 0.00134154
6260 0.00139639 0.00134116
6270 0.00139486 0.00134078
6280 0.00139334 0.00134041
6290 0.00139183 0.00134003
6300 0.00139035 0.00133967
6310 0.00138888 0.00133931
6320 0.00138744 0.00133897
6330 0.00138603 0.00133864
6340 0.00138466 0.00133833
6350 0.00138332 0.00133804
6360 0.00138202 0.00133778
6370 0.00138076 0.00133756
6380 0.00137955 0.00133736
6390 0.00137839 0.0013372
6400 0.00137729 0.00133709
6410 0.00137625 0.00133702
6420 0.00137527 0.00133701
6430 0.00137437 0.00133705
6440 0.00137354 0.00133715
6450 0.00137279 0.00133731
6460 0.00137212 0.00133755
6470 0.00137154 0.00133786
6480 0.00137106 0.00133825
6490 0.00137068 0.00133874
6500 0.00137042 0.00133931
6510 0.00137026 0.00133999
6520 0.00137023 0.00134078
6530 0.00137034 0.00134168
6540 0.00137058 0.00134271
6550 0.00137096 0.00134388
6560 0.00137151 0.00134518
6570 0.00137222 0.00134664
6580 0.00137311 0.00134826
6590 0.00137419 0.00135005
6600 0.00137547 0.00135204
6610 0.00137696 0.00135422
6620 0.00137869 0.00135662
6630 0.00138066 0.00135925
6640 0.00138289 0.00136213
6650 0.00138541 0.00136528
6660 0.00138823 0.00136872
6670 0.00139137 0.00137248
6680 0.00139487 0.00137657
6690 0.00139875 0.00138103
6700 0.00140304 0.00138589
6710 0.00140778 0.00139118
6720 0.00141302 0.00139696
6730 0.00141879 0.00140326
6740 0.00142515 0.00141013
6750 0.00143216 0.00141765
6760 0.00143981 0.0014258
6770 0.00144764 0.0014341
6780 0.00145553 0.00144245
6790 0.00146348 0.00145087
6800 0.00147151 0.00145933
6810 0.0014796 0.00146786
6820 0.00148775 0.00147643
6830 0.00149597 0.00148506
6840 0.00150426 0.00149374
6850 0.0015126 0.00150248
6860 0.00152101 0.00151126
6870 0.00152948 0.00152009
6880 0.001538 0.00152897
6890 0.00154659 0.0015379
6900 0.00155522 0.00154687
6910 0.00156391 0.00155588
6920 0.00157265 0.00156494
6930 0.00158143 0.00157403
6940 0.00159026 0.00158315
6950 0.00159913 0.00159231
6960 0.00160804 0.0016015
6970 0.00161699 0.00161072
6980 0.00162597 0.00161996
6990 0.00163498 0.00162922
7000 0.00164401 0.0016385
7010 0.00165307 0.00164779
7020 0.00166214 0.00165709
7030 0.00167122 0.00166639
7040 0.00168031 0.00167569
7050 0.0016894 0.00168499
7060 0.00169849 0.00169428
7070 0.00170757 0.00170355
7080 0.00171663 0.0017128
7090 0.00172568 0.00172202
7100 0.0017347 0.00173121
7110 0.00174368 0.00174036
7120 0.00175263 0.00174946
7130 0.00176152 0.00175852
7140 0.00177037 0.00176751
7150 0.00177915 0.00177643
7160 0.00178786 0.00178528
7170 0.0017965 0.00179404
7180 0.00180505 0.00180272
7190 0.00181351 0.0018113
7200 0.00182187 0.00181978
7210 0.00183013 0.00182814
7220 0.00183826 0.00183639
7230 0.00184628 0.00184451
7240 0.00185417 0.00185249
7250 0.00186192 0.00186034
7260 0.00186953 0.00186804
7270 0.001877 0.00187559
7280 0.00188431 0.00188298
7290 0.00189147 0.00189021
7300 0.00189847 0.00189728
7310 0.0019053 0.00190419
7320 0.00191198 0.00191094
7330 0.0019185 0.00191752
7340 0.00192486 0.00192394
7350 0.00193107 0.00193021
7360 0.00193714 0.00193633
7370 0.00194307 0.00194232
7380 0.00194889 0.00194818
7390 0.0019546 0.00195394
7400 0.00196022 0.00195961
7410 0.00196579 0.00196522
7420 0.00197132 0.00197079
7430 0.00197685 0.00197635
7440 0.00198241 0.00198195
7450 0.00198805 0.00198762
7460 0.0019938 0.00199341
7470 0.00199973 0.00199937
7480 0.00200588 0.00200555
7490 0.00201232 0.00201201
7500 0.0020191 0.00201882
7510 0.00202631 0.00202605
7520 0.002034 0.00203376
7530 0.00204226 0.00204204
7540 0.00205117 0.00205096
7550 0.00206079 0.00206061
7560 0.00207121 0.00207105
7570 0.00208251 0.00208236
7580 0.00209476 0.00209462
7590 0.00210801 0.00210789
7600 0.00212234 0.00212222
7610 0.00213778 0.00213767
7620 0.00215436 0.00215427
7630 0.00217211 0.00217202
7640 0.002191 0.00219093
7650 0.00221102 0.00221096
7660 0.00223211 0.00223205
7670 0.00225418 0.00225412
7680 0.0022771 0.00227705
7690 0.00230072 0.00230068
7700 0.00232484 0.00232481
7710 0.00234923 0.0023492
7720 0.00237359 0.00237357
7730 0.0023976 0.00239758
7740 0.00242089 0.00242087
7750 0.00244304 0.00244302
7760 0.00246359 0.00246357
7770 0.00248207 0.00248206
7780 0.00249801 0.002498
7790 0.00251091 0.0025109
7800 0.00252037 0.00252036
7810 0.00252604 0.00252604
7820 0.00252774 0.00252774
7830 0.00252546 0.00252546
7840 0.00251943 0.00251942
7850 0.00251011 0.0025101
7860 0.00249817 0.00249817
7870 0.0024844 0.0024844
7880 0.00246955 0.00246955
7890 0.00245421 0.00245421
7900 0.00243876 0.00243876
7910 0.00242334 0.00242334
7920 0.00240801 0.00240801
7930 0.00239276 0.00239276
7940 0.00237761 0.00237761
7950 0.00236254 0.00236254
7960 0.00234756 0.00234756
7970 0.00233267 0.00233267
7980 0.00231786 0.00231786
7990 0.00230314 0.00230314
8000 0.0919968 0.0919968
